1 0.0820281973333333
2 0.0741662973333333
3 0.0515579973333333
4 0.0390713973333333
5 0.0269045973333333
6 0.0213421973333333
7 0.0150387973333333
8 0.0133466973333333
9 0.0063169973333333
10 0.0073732973333333
11 0.0040539973333333
12 0.0034484973333333
13 0.0039115973333333
14 0.0020364973333333
15 0.0006254973333333
16 0.0002514973333333
17 -0.0018712026666667
18 -0.0002479026666667
19 -0.0008372026666667
20 -0.0011076026666667
21 -0.0003928026666667
22 -0.0014599026666667
23 -0.0006016026666667
24 -0.0004470026666667
25 -0.0019938026666667
26 -0.0022864026666667
27 -0.0006251026666667
28 -0.0018303026666667
29 -0.0009659026666667
30 -0.0017126026666667
31 -0.0028282026666667
32 -0.0026134026666667
33 -0.0019069026666667
34 -0.0005178026666667
35 -0.0014910026666667
36 -0.0029447026666667
37 -0.0023142026666667
38 -0.0027037026666667
39 -0.0033264026666667
40 -0.0029994026666667
41 -0.0030004026666667
42 -0.0019228026666667
43 -0.0016533026666667
44 -0.0015290026666667
45 -0.0033378026666667
46 -0.0027782026666667
47 -0.0033535026666667
48 -0.0025240026666667
49 -0.0032654026666667
50 -0.0038473026666667
51 -0.0043727026666667
52 -0.0035925026666667
53 -0.0033694026666667
54 -0.0040316026666667
55 -0.0035206026666667
56 -0.0032181026666667
57 -0.0033140026666667
58 -0.0028168026666667
59 -0.0033351026666667
60 -0.0031855026666667
61 -0.0032497026666667
62 -0.0025336026666667
63 -0.0028839026666667
64 -0.0023751026666667
65 -0.0020783026666667
66 -0.0018168026666667
67 -0.0017375026666667
68 -0.0021979026666667
69 -0.0017581026666667
70 -0.0008961026666667
71 -0.0015170026666667
72 -0.0005994026666667
73 -0.0014715026666667
74 -0.0010304026666667
75 -0.0021260026666667
76 -0.0005246026666667
77 -0.0000715026666667
78 -0.0017235026666667
79 -0.0012073026666667
80 -0.0024723026666667
81 -0.0006919026666667
82 -0.0015120026666667
83 -0.0014918026666667
84 -0.0014894026666667
85 -0.0006463026666667
86 -0.0003211026666667
87 -0.0001449026666667
88 0.0000165973333333
89 0.0003570973333333
90 -0.0008063026666667
91 0.0003396973333333
92 -0.0012543026666667
93 -0.0004513026666667
94 -0.0007599026666667
95 -0.0012461026666667
96 -0.0015696026666667
97 -0.0023899026666667
98 -0.0020953026666667
99 -0.0020169026666667
100 -0.0020896026666667
101 -0.0022329026666667
102 -0.0023538026666667
103 -0.0024989026666667
104 -0.0022295026666667
105 -0.0023009026666667
106 -0.0028340026666667
107 -0.0026946026666667
108 -0.0019051026666667
109 -0.0013946026666667
110 -0.0020556026666667
111 -0.0029338026666667
112 -0.0021140026666667
113 -0.0024854026666667
114 -0.0026725026666667
115 -0.0030064026666667
116 -0.0035649026666667
117 -0.0019738026666667
118 -0.0016783026666667
119 -0.0011799026666667
120 -0.0025694026666667
121 -0.0024284026666667
122 -0.0028996026666667
123 -0.0024325026666667
124 -0.0029040026666667
125 -0.0026474026666667
126 -0.0016018026666667
127 -0.0014655026666667
128 -0.0004898026666667
129 -0.0019424026666667
130 -0.0009553026666667
131 -0.0007655026666667
132 -0.0013150026666667
133 -0.0017101026666667
134 -0.0010067026666667
135 -0.0009988026666667
136 -0.0011948026666667
137 -0.0026213026666667
138 -0.0027706026666667
139 -0.0028342026666667
140 -0.0027980026666667
141 -0.0022572026666667
142 -0.0018407026666667
143 -0.0018966026666667
144 -0.0014640026666667
145 -0.0019765026666667
146 -0.0028814026666667
147 -0.0022209026666667
148 -0.0037094026666667
149 -0.0022014026666667
150 -0.0031305026666667
151 -0.0031628026666667
152 -0.0026473026666667
153 -0.0029675026666667
154 -0.0026902026666667
155 -0.0021030026666667
156 -0.0016665026666667
157 -0.0014609026666667
158 -0.0020196026666667
159 -0.0032372026666667
160 -0.0018817026666667
161 -0.0019802026666667
162 -0.0025695026666667
163 -0.0025192026666667
164 -0.0027754026666667
165 -0.0020578026666667
166 -0.0016484026666667
167 -0.0016648026666667
168 -0.0019697026666667
169 -0.0022601026666667
170 -0.0020728026666667
171 -0.0035591026666667
172 -0.0022409026666667
173 -0.0025142026666667
174 -0.0020467026666667
175 -0.0023213026666667
176 -0.0026739026666667
177 -0.0019107026666667
178 -0.0005903026666667
179 -0.0010713026666667
180 -0.0017356026666667
181 -0.0017518026666667
182 -0.0000641026666667
183 0.0001784973333333
184 0.0007425973333333
185 0.0012358973333333
186 0.0013735973333333
187 0.0028223973333333
188 0.0022118973333333
189 0.0016224973333333
190 0.0010913973333333
191 0.0009421973333333
192 -0.0006440026666667
193 -0.0017236026666667
194 -0.0023277026666667
195 -0.0021804026666667
196 -0.0020205026666667
197 -0.0029333026666667
198 -0.0025538026666667
199 -0.0029725026666667
200 -0.0022233026666667
201 -0.0029812026666667
202 -0.0027826026666667
203 -0.0026151026666667
204 -0.0027279026666667
205 -0.0032736026666667
206 -0.0024234026666667
207 -0.0020481026666667
208 -0.0016082026666667
209 -0.0015453026666667
210 -0.0016739026666667
211 -0.0025072026666667
212 -0.0024837026666667
213 -0.0024584026666667
214 -0.0020573026666667
215 -0.0030666026666667
216 -0.0018412026666667
217 -0.0018298026666667
218 -0.0026623026666667
219 -0.0020377026666667
220 -0.0026560026666667
221 -0.0023652026666667
222 -0.0027116026666667
223 -0.0025322026666667
224 -0.0026036026666667
225 -0.0037653026666667
226 -0.0037274026666667
227 -0.0036017026666667
228 -0.0023960026666667
229 -0.0023810026666667
230 -0.0029321026666667
231 -0.0031562026666667
232 -0.0024421026666667
233 -0.0009715026666667
234 -0.0022572026666667
235 -0.0026975026666667
236 -0.0034094026666667
237 -0.0036879026666667
238 -0.0035080026666667
239 -0.0025346026666667
240 -0.0026243026666667
241 -0.0029691026666667
242 -0.0031342026666667
243 -0.0028427026666667
244 -0.0027939026666667
245 -0.0032207026666667
246 -0.0025053026666667
247 -0.0040240026666667
248 -0.0041234026666667
249 -0.0041217026666667
250 -0.0047064026666667
251 -0.0041193026666667
252 -0.0039113026666667
253 -0.0041542026666667
254 -0.0048508026666667
255 -0.0039520026666667
256 -0.0043629026666667
257 -0.0030280026666667
258 -0.0034256026666667
259 -0.0025525026666667
260 -0.0020955026666667
261 -0.0014933026666667
262 -0.0020409026666667
263 -0.0022340026666667
264 -0.0017876026666667
265 -0.0016316026666667
266 -0.0006392026666667
267 -0.0013687026666667
268 -0.0012001026666667
269 -0.0011697026666667
270 -0.0024328026666667
271 -0.0026384026666667
272 -0.0027264026666667
273 -0.0030095026666667
274 -0.0020428026666667
275 -0.0019642026666667
276 -0.0023537026666667
277 -0.0031907026666667
278 -0.0034524026666667
279 -0.0024253026666667
280 -0.0021176026666667
281 -0.0023127026666667
282 -0.0012511026666667
283 -0.0021839026666667
284 -0.0011483026666667
285 -0.0013964026666667
286 -0.0023422026666667
287 -0.0031556026666667
288 -0.0026948026666667
289 -0.0031377026666667
290 -0.0009453026666667
291 -0.0015321026666667
292 -0.0027949026666667
293 -0.0030390026666667
294 -0.0023475026666667
295 -0.0022614026666667
296 -0.0019535026666667
297 -0.0012968026666667
298 -0.0023224026666667
299 -0.0015630026666667
300 -0.0015753026666667
301 -0.0021040026666667
302 -0.0023184026666667
303 -0.0017048026666667
304 -0.0003113026666667
305 -0.0020076026666667
306 -0.0027250026666667
307 -0.0017433026666667
308 -0.0022702026666667
309 -0.0017497026666667
310 -0.0030375026666667
311 -0.0035134026666667
312 -0.0026756026666667
313 -0.0039169026666667
314 -0.0044463026666667
315 -0.0045341026666667
316 -0.0040854026666667
317 -0.0038498026666667
318 -0.0030491026666667
319 -0.0040318026666667
320 -0.0033915026666667
321 -0.0037845026666667
322 -0.0029037026666667
323 -0.0027488026666667
324 -0.0029600026666667
325 -0.0036472026666667
326 -0.0025456026666667
327 -0.0029529026666667
328 -0.0025978026666667
329 -0.0022927026666667
330 -0.0031100026666667
331 -0.0019389026666667
332 -0.0014678026666667
333 -0.0022495026666667
334 -0.0014104026666667
335 -0.0024420026666667
336 -0.0015854026666667
337 -0.0011763026666667
338 -0.0012114026666667
339 -0.0006579026666667
340 -0.0007833026666667
341 -0.0002352026666667
342 -0.0010104026666667
343 -0.0004773026666667
344 -0.0022594026666667
345 -0.0017638026666667
346 -0.0014823026666667
347 -0.0015074026666667
348 -0.0022753026666667
349 -0.0027757026666667
350 -0.0023221026666667
351 -0.0029024026666667
352 -0.0031342026666667
353 -0.0028556026666667
354 -0.0038009026666667
355 -0.0030584026666667
356 -0.0027254026666667
357 -0.0030655026666667
358 -0.0029858026666667
359 -0.0027648026666667
360 -0.0012649026666667
361 -0.0014238026666667
362 -0.0021616026666667
363 -0.0023024026666667
364 -0.0019672026666667
365 -0.0007944026666667
366 -0.0013210026666667
367 -0.0009803026666667
368 -0.0005454026666667
369 -0.0020311026666667
370 -0.0018493026666667
371 -0.0024264026666667
372 -0.0017169026666667
373 -0.0008670026666667
374 -0.0013902026666667
375 -0.0022792026666667
376 -0.0026198026666667
377 -0.0024634026666667
378 -0.0014430026666667
379 -0.0029285026666667
380 -0.0024055026666667
381 -0.0019469026666667
382 -0.0021889026666667
383 -0.0016425026666667
384 -0.0022939026666667
385 -0.0023848026666667
386 -0.0016813026666667
387 -0.0009831026666667
388 -0.0015501026666667
389 -0.0019716026666667
390 -0.0019181026666667
391 -0.0031466026666667
392 -0.0017561026666667
393 -0.0022444026666667
394 -0.0025433026666667
395 -0.0013882026666667
396 -0.0021599026666667
397 -0.0019379026666667
398 -0.0014537026666667
399 -0.0015842026666667
400 -0.0014778026666667
401 -0.0026293026666667
402 -0.0033615026666667
403 -0.0038661026666667
404 -0.0032995026666667
405 -0.0023828026666667
406 -0.0032263026666667
407 -0.0035460026666667
408 -0.0033215026666667
409 -0.0036155026666667
410 -0.0038778026666667
411 -0.0040413026666667
412 -0.0030688026666667
413 -0.0034921026666667
414 -0.0035673026666667
415 -0.0026694026666667
416 -0.0040972026666667
417 -0.0044369026666667
418 -0.0036150026666667
419 -0.0045573026666667
420 -0.0034886026666667
421 -0.0038134026666667
422 -0.0029396026666667
423 -0.0031076026666667
424 -0.0034552026666667
425 -0.0044249026666667
426 -0.0043714026666667
427 -0.0038171026666667
428 -0.0041463026666667
429 -0.0041278026666667
430 -0.0051731026666667
431 -0.0045511026666667
432 -0.0048638026666667
433 -0.0048690026666667
434 -0.0048940026666667
435 -0.0035500026666667
436 -0.0030971026666667
437 -0.0024788026666667
438 -0.0030937026666667
439 -0.0018731026666667
440 -0.0022555026666667
441 -0.0015256026666667
442 -0.0015118026666667
443 -0.0010662026666667
444 -0.0000896026666667
445 -0.0001983026666667
446 0.0001788973333333
447 0.0003007973333333
448 -0.0001587026666667
449 -0.0007036026666667
450 -0.0013396026666667
451 -0.0015252026666667
452 -0.0023114026666667
453 -0.0022971026666667
454 -0.0029518026666667
455 -0.0028422026666667
456 -0.0029302026666667
457 -0.0022879026666667
458 -0.0030349026666667
459 -0.0023058026666667
460 -0.0030968026666667
461 -0.0019568026666667
462 -0.0020822026666667
463 -0.0026457026666667
464 -0.0032482026666667
465 -0.0027081026666667
466 -0.0034409026666667
467 -0.0031090026666667
468 -0.0027700026666667
469 -0.0032145026666667
470 -0.0032104026666667
471 -0.0026387026666667
472 -0.0033046026666667
473 -0.0028974026666667
474 -0.0023466026666667
475 -0.0035833026666667
476 -0.0032689026666667
477 -0.0027994026666667
478 -0.0033846026666667
479 -0.0035029026666667
480 -0.0034091026666667
481 -0.0030847026666667
482 -0.0035552026666667
483 -0.0024531026666667
484 -0.0013341026666667
485 -0.0005382026666667
486 0.0000573973333333
487 -0.0012279026666667
488 -0.0015399026666667
489 -0.0011282026666667
490 -0.0004403026666667
491 -0.0000180026666667
492 -0.0009014026666667
493 -0.0009293026666667
494 -0.0014622026666667
495 -0.0018141026666667
496 -0.0018423026666667
497 -0.0014926026666667
498 -0.0016563026666667
499 -0.0019505026666667
500 -0.0011431026666667
501 -0.0010794026666667
502 -0.0015662026666667
503 -0.0005891026666667
504 -0.0011292026666667
505 -0.0014406026666667
506 -0.0015976026666667
507 -0.0028455026666667
508 -0.0021648026666667
509 -0.0019605026666667
510 -0.0015162026666667
511 -0.0014979026666667
512 -0.0016446026666667
513 -0.0018966026666667
514 -0.0021089026666667
515 -0.0032021026666667
516 -0.0031755026666667
517 -0.0025679026666667
518 -0.0029145026666667
519 -0.0029957026666667
520 -0.0023946026666667
521 -0.0032421026666667
522 -0.0024795026666667
523 -0.0029111026666667
524 -0.0019599026666667
525 -0.0027476026666667
526 -0.0035033026666667
527 -0.0027429026666667
528 -0.0025654026666667
529 -0.0013094026666667
530 -0.0010347026666667
531 -0.0014369026666667
532 -0.0005968026666667
533 -0.0010156026666667
534 -0.0008226026666667
535 -0.0019547026666667
536 -0.0033658026666667
537 -0.0022266026666667
538 -0.0026871026666667
539 -0.0015614026666667
540 -0.0021043026666667
541 -0.0028382026666667
542 -0.0030094026666667
543 -0.0028778026666667
544 -0.0029371026666667
545 -0.0027267026666667
546 -0.0036778026666667
547 -0.0035641026666667
548 -0.0046537026666667
549 -0.0041629026666667
550 -0.0040488026666667
551 -0.0042667026666667
552 -0.0046304026666667
553 -0.0049397026666667
554 -0.0055365026666667
555 -0.0053163026666667
556 -0.0050297026666667
557 -0.0054768026666667
558 -0.0054644026666667
559 -0.0052412026666667
560 -0.0044045026666667
561 -0.0047346026666667
562 -0.0043793026666667
563 -0.0046267026666667
564 -0.0041395026666667
565 -0.0045261026666667
566 -0.0043937026666667
567 -0.0045165026666667
568 -0.0046133026666667
569 -0.0053430026666667
570 -0.0053226026666667
571 -0.0048640026666667
572 -0.0045484026666667
573 -0.0053081026666667
574 -0.0042409026666667
575 -0.0037639026666667
576 -0.0032945026666667
577 -0.0027285026666667
578 -0.0016609026666667
579 -0.0017922026666667
580 -0.0014275026666667
581 0.0011071973333333
582 -0.0001505026666667
583 0.0004189973333333
584 0.0005051973333333
585 -0.0001241026666667
586 0.0010114973333333
587 0.0002177973333333
588 -0.0000083026666667
589 -0.0002121026666667
590 -0.0004519026666667
591 -0.0015092026666667
592 -0.0004680026666667
593 -0.0008376026666667
594 -0.0011409026666667
595 -0.0006823026666667
596 -0.0009047026666667
597 -0.0002312026666667
598 0.0001665973333333
599 -0.0007803026666667
600 -0.0005934026666667
