1 -0.0021014026666667
2 -0.0024618026666667
3 -0.0017848026666667
4 -0.0031554026666667
5 -0.0026696026666667
6 -0.0028606026666667
7 -0.0028288026666667
8 -0.0027531026666667
9 -0.0040788026666667
10 -0.0028595026666667
11 -0.0036587026666667
12 -0.0031945026666667
13 -0.0033157026666667
14 -0.0032896026666667
15 -0.0025161026666667
16 -0.0040983026666667
17 -0.0035353026666667
18 -0.0043300026666667
19 -0.0044403026666667
20 -0.0046685026666667
21 -0.0048151026666667
22 -0.0042819026666667
23 -0.0053294026666667
24 -0.0046303026666667
25 -0.0049180026666667
26 -0.0044155026666667
27 -0.0042129026666667
28 -0.0050224026666667
29 -0.0043712026666667
30 -0.0042494026666667
31 -0.0048019026666667
32 -0.0058014026666667
33 -0.0044691026666667
34 -0.0049685026666667
35 -0.0045127026666667
36 -0.0045488026666667
37 -0.0046233026666667
38 -0.0038197026666667
39 -0.0040423026666667
40 -0.0032981026666667
41 -0.0030071026666667
42 -0.0023762026666667
43 -0.0016566026666667
44 -0.0020522026666667
45 -0.0029178026666667
46 -0.0016810026666667
47 -0.0024823026666667
48 -0.0017893026666667
49 -0.0024314026666667
50 -0.0018531026666667
51 -0.0033074026666667
52 -0.0033311026666667
53 -0.0036798026666667
54 -0.0033825026666667
55 -0.0041521026666667
56 -0.0047917026666667
57 -0.0047394026666667
58 -0.0050289026666667
59 -0.0053162026666667
60 -0.0047200026666667
61 -0.0040654026666667
62 -0.0049282026666667
63 -0.0043570026666667
64 -0.0036747026666667
65 -0.0038475026666667
66 -0.0045372026666667
67 -0.0046603026666667
68 -0.0034252026666667
69 -0.0036914026666667
70 -0.0036931026666667
71 -0.0039081026666667
72 -0.0032108026666667
73 -0.0031670026666667
74 -0.0033212026666667
75 -0.0038394026666667
76 -0.0028467026666667
77 -0.0031855026666667
78 -0.0022489026666667
79 -0.0033516026666667
80 -0.0031565026666667
81 -0.0030440026666667
82 -0.0037909026666667
83 -0.0034680026666667
84 -0.0036638026666667
85 -0.0030033026666667
86 -0.0029882026666667
87 -0.0035572026666667
88 -0.0036611026666667
89 -0.0026808026666667
90 -0.0024673026666667
91 -0.0020709026666667
92 -0.0026235026666667
93 -0.0030916026666667
94 -0.0036054026666667
95 -0.0032452026666667
96 -0.0024930026666667
97 -0.0025706026666667
98 -0.0024491026666667
99 -0.0034837026666667
100 -0.0034678026666667
101 -0.0026542026666667
102 -0.0016799026666667
103 -0.0030650026666667
104 -0.0034239026666667
105 -0.0035652026666667
106 -0.0037824026666667
107 -0.0038283026666667
108 -0.0040061026666667
109 -0.0034905026666667
110 -0.0041531026666667
111 -0.0050876026666667
112 -0.0050980026666667
113 -0.0045575026666667
114 -0.0049928026666667
115 -0.0046499026666667
116 -0.0047870026666667
117 -0.0040285026666667
118 -0.0050832026666667
119 -0.0036748026666667
120 -0.0041504026666667
121 -0.0037457026666667
122 -0.0030982026666667
123 -0.0032344026666667
124 -0.0035595026666667
125 -0.0034027026666667
126 -0.0032598026666667
127 -0.0036709026666667
128 -0.0035171026666667
129 -0.0035724026666667
130 -0.0040496026666667
131 -0.0034978026666667
132 -0.0024856026666667
133 -0.0033642026666667
134 -0.0028257026666667
135 -0.0032811026666667
136 -0.0028909026666667
137 -0.0030301026666667
138 -0.0030502026666667
139 -0.0032372026666667
140 -0.0026869026666667
141 -0.0027256026666667
142 -0.0033976026666667
143 -0.0028155026666667
144 -0.0027179026666667
145 -0.0033466026666667
146 -0.0022319026666667
147 -0.0023749026666667
148 -0.0029511026666667
149 -0.0029753026666667
150 -0.0033193026666667
151 -0.0042914026666667
152 -0.0037647026666667
153 -0.0040584026666667
154 -0.0030743026666667
155 -0.0043453026666667
156 -0.0039792026666667
157 -0.0048066026666667
158 -0.0049032026666667
159 -0.0049427026666667
160 -0.0050155026666667
161 -0.0050882026666667
162 -0.0046525026666667
163 -0.0044662026666667
164 -0.0028722026666667
165 -0.0034277026666667
166 -0.0029387026666667
167 -0.0033326026666667
168 -0.0029408026666667
169 -0.0031338026666667
170 -0.0025047026666667
171 -0.0017943026666667
172 -0.0021683026666667
173 -0.0022461026666667
174 -0.0026369026666667
175 -0.0036557026666667
176 -0.0032836026666667
177 -0.0034841026666667
178 -0.0039722026666667
179 -0.0041404026666667
180 -0.0042577026666667
181 -0.0046158026666667
182 -0.0040383026666667
183 -0.0042771026666667
184 -0.0044652026666667
185 -0.0049473026666667
186 -0.0041825026666667
187 -0.0039012026666667
188 -0.0039949026666667
189 -0.0040296026666667
190 -0.0041764026666667
191 -0.0045449026666667
192 -0.0043618026666667
193 -0.0040432026666667
194 -0.0043748026666667
195 -0.0048826026666667
196 -0.0045774026666667
197 -0.0034315026666667
198 -0.0038325026666667
199 -0.0032951026666667
200 -0.0041765026666667
201 -0.0035785026666667
202 -0.0037444026666667
203 -0.0042013026666667
204 -0.0045942026666667
205 -0.0046758026666667
206 -0.0033747026666667
207 -0.0045110026666667
208 -0.0045399026666667
209 -0.0047977026666667
210 -0.0046872026666667
211 -0.0042949026666667
212 -0.0036805026666667
213 -0.0040357026666667
214 -0.0038683026666667
215 -0.0038143026666667
216 -0.0037489026666667
217 -0.0035188026666667
218 -0.0027073026666667
219 -0.0025277026666667
220 -0.0025803026666667
221 -0.0040930026666667
222 -0.0043246026666667
223 -0.0035441026666667
224 -0.0026976026666667
225 -0.0035073026666667
226 -0.0033287026666667
227 -0.0028127026666667
228 -0.0030062026666667
229 -0.0030135026666667
230 -0.0045451026666667
231 -0.0043408026666667
232 -0.0037936026666667
233 -0.0041185026666667
234 -0.0034019026666667
235 -0.0028961026666667
236 -0.0033172026666667
237 -0.0023243026666667
238 -0.0021249026666667
239 -0.0025615026666667
240 -0.0032204026666667
241 -0.0022920026666667
242 -0.0023435026666667
243 -0.0029558026666667
244 -0.0033949026666667
245 -0.0036495026666667
246 -0.0027466026666667
247 -0.0036659026666667
248 -0.0033300026666667
249 -0.0035644026666667
250 -0.0040145026666667
251 -0.0036835026666667
252 -0.0035436026666667
253 -0.0029658026666667
254 -0.0033171026666667
255 -0.0026360026666667
256 -0.0027927026666667
257 -0.0027257026666667
258 -0.0024651026666667
259 -0.0035701026666667
260 -0.0029763026666667
261 -0.0036191026666667
262 -0.0028539026666667
263 -0.0031931026666667
264 -0.0025974026666667
265 -0.0026934026666667
266 -0.0030135026666667
267 -0.0030771026666667
268 -0.0020449026666667
269 -0.0031951026666667
270 -0.0037278026666667
271 -0.0030593026666667
272 -0.0033440026666667
273 -0.0036788026666667
274 -0.0028275026666667
275 -0.0033841026666667
276 -0.0038717026666667
277 -0.0036668026666667
278 -0.0034162026666667
279 -0.0036506026666667
280 -0.0036363026666667
281 -0.0028805026666667
282 -0.0033891026666667
283 -0.0036387026666667
284 -0.0034030026666667
285 -0.0035669026666667
286 -0.0034260026666667
287 -0.0041206026666667
288 -0.0035055026666667
289 -0.0043202026666667
290 -0.0043133026666667
291 -0.0030477026666667
292 -0.0032445026666667
293 -0.0025936026666667
294 -0.0029864026666667
295 -0.0026043026666667
296 -0.0025077026666667
297 -0.0018504026666667
298 -0.0016412026666667
299 -0.0029910026666667
300 -0.0025407026666667
301 -0.0026497026666667
302 -0.0027433026666667
303 -0.0038756026666667
304 -0.0036172026666667
305 -0.0035684026666667
306 -0.0040699026666667
307 -0.0043092026666667
308 -0.0039336026666667
309 -0.0048295026666667
310 -0.0043981026666667
311 -0.0039651026666667
312 -0.0043956026666667
313 -0.0049384026666667
314 -0.0042486026666667
315 -0.0042285026666667
316 -0.0042984026666667
317 -0.0041981026666667
318 -0.0038039026666667
319 -0.0038661026666667
320 -0.0043364026666667
321 -0.0039996026666667
322 -0.0042761026666667
323 -0.0046201026666667
324 -0.0039362026666667
325 -0.0044628026666667
326 -0.0049810026666667
327 -0.0053885026666667
328 -0.0044055026666667
329 -0.0048636026666667
330 -0.0040807026666667
331 -0.0038905026666667
332 -0.0031420026666667
333 -0.0031503026666667
334 -0.0035138026666667
335 -0.0033086026666667
336 -0.0033170026666667
337 -0.0022136026666667
338 -0.0024002026666667
339 -0.0018611026666667
340 -0.0033195026666667
341 -0.0026696026666667
342 -0.0026120026666667
343 -0.0012034026666667
344 -0.0024679026666667
345 -0.0036884026666667
346 -0.0030660026666667
347 -0.0034369026666667
348 -0.0029949026666667
349 -0.0025957026666667
350 -0.0021714026666667
351 -0.0029212026666667
352 -0.0027846026666667
353 -0.0016855026666667
354 -0.0022106026666667
355 -0.0033875026666667
356 -0.0031286026666667
357 -0.0032123026666667
358 -0.0031736026666667
359 -0.0023019026666667
360 -0.0022528026666667
361 -0.0020633026666667
362 -0.0023180026666667
363 -0.0031885026666667
364 -0.0019175026666667
365 -0.0031810026666667
366 -0.0030308026666667
367 -0.0042330026666667
368 -0.0035115026666667
369 -0.0039864026666667
370 -0.0032485026666667
371 -0.0044250026666667
372 -0.0040135026666667
373 -0.0043639026666667
374 -0.0042570026666667
375 -0.0045958026666667
376 -0.0036971026666667
377 -0.0044083026666667
378 -0.0037086026666667
379 -0.0034946026666667
380 -0.0038242026666667
381 -0.0034143026666667
382 -0.0028419026666667
383 -0.0025947026666667
384 -0.0029705026666667
385 -0.0028325026666667
386 -0.0028759026666667
387 -0.0039698026666667
388 -0.0024729026666667
389 -0.0035468026666667
390 -0.0040159026666667
391 -0.0043592026666667
392 -0.0030579026666667
393 -0.0035407026666667
394 -0.0035514026666667
395 -0.0030116026666667
396 -0.0032125026666667
397 -0.0030676026666667
398 -0.0026391026666667
399 -0.0023739026666667
400 -0.0031615026666667
401 -0.0028619026666667
402 -0.0029452026666667
403 -0.0028365026666667
404 -0.0023504026666667
405 -0.0012050026666667
406 -0.0025592026666667
407 -0.0014305026666667
408 -0.0020680026666667
409 -0.0024309026666667
410 -0.0034918026666667
411 -0.0033188026666667
412 -0.0037927026666667
413 -0.0036770026666667
414 -0.0040163026666667
415 -0.0045950026666667
416 -0.0043607026666667
417 -0.0034030026666667
418 -0.0026919026666667
419 -0.0033343026666667
420 -0.0031940026666667
421 -0.0037727026666667
422 -0.0025555026666667
423 -0.0024797026666667
424 -0.0017858026666667
425 -0.0024052026666667
426 -0.0015727026666667
427 -0.0014131026666667
428 -0.0026292026666667
429 -0.0017263026666667
430 -0.0014655026666667
431 -0.0016869026666667
432 -0.0024744026666667
433 -0.0012956026666667
434 -0.0009485026666667
435 -0.0001732026666667
436 -0.0006359026666667
437 0.0000825973333333
438 -0.0013228026666667
439 -0.0015351026666667
440 -0.0022351026666667
441 -0.0028874026666667
442 -0.0026481026666667
443 -0.0042610026666667
444 -0.0037319026666667
445 -0.0044282026666667
446 -0.0046947026666667
447 -0.0048654026666667
448 -0.0048075026666667
449 -0.0042326026666667
450 -0.0039237026666667
451 -0.0046738026666667
452 -0.0038193026666667
453 -0.0040781026666667
454 -0.0032284026666667
455 -0.0035457026666667
456 -0.0037979026666667
457 -0.0043762026666667
458 -0.0037690026666667
459 -0.0035741026666667
460 -0.0047046026666667
461 -0.0046390026666667
462 -0.0043235026666667
463 -0.0039649026666667
464 -0.0034829026666667
465 -0.0036277026666667
466 -0.0034849026666667
467 -0.0035647026666667
468 -0.0037204026666667
469 -0.0034856026666667
470 -0.0036268026666667
471 -0.0036488026666667
472 -0.0028849026666667
473 -0.0030673026666667
474 -0.0035479026666667
475 -0.0038388026666667
476 -0.0038289026666667
477 -0.0042071026666667
478 -0.0036842026666667
479 -0.0029791026666667
480 -0.0027020026666667
481 -0.0021415026666667
482 -0.0026790026666667
483 -0.0028545026666667
484 -0.0047078026666667
485 -0.0030557026666667
486 -0.0035334026666667
487 -0.0034931026666667
488 -0.0037760026666667
489 -0.0042623026666667
490 -0.0043089026666667
491 -0.0046375026666667
492 -0.0053477026666667
493 -0.0045544026666667
494 -0.0049169026666667
495 -0.0035671026666667
496 -0.0037948026666667
497 -0.0043501026666667
498 -0.0041762026666667
499 -0.0028413026666667
500 -0.0034566026666667
501 -0.0033508026666667
502 -0.0035435026666667
503 -0.0039664026666667
504 -0.0040883026666667
505 -0.0037925026666667
506 -0.0036066026666667
507 -0.0038443026666667
508 -0.0033465026666667
509 -0.0046216026666667
510 -0.0048304026666667
511 -0.0046477026666667
512 -0.0043208026666667
513 -0.0035509026666667
514 -0.0038211026666667
515 -0.0040364026666667
516 -0.0037408026666667
517 -0.0041102026666667
518 -0.0038402026666667
519 -0.0044399026666667
520 -0.0043187026666667
521 -0.0052246026666667
522 -0.0042580026666667
523 -0.0042310026666667
524 -0.0044717026666667
525 -0.0039879026666667
526 -0.0038823026666667
527 -0.0045885026666667
528 -0.0031673026666667
529 -0.0035952026666667
530 -0.0030166026666667
531 -0.0028018026666667
532 -0.0022137026666667
533 -0.0024277026666667
534 -0.0013745026666667
535 -0.0021502026666667
536 -0.0022213026666667
537 -0.0026481026666667
538 -0.0023564026666667
539 -0.0023476026666667
540 -0.0024263026666667
541 -0.0033290026666667
542 -0.0033824026666667
543 -0.0024959026666667
544 -0.0021735026666667
545 -0.0023847026666667
546 -0.0020218026666667
547 -0.0030859026666667
548 -0.0029311026666667
549 -0.0039618026666667
550 -0.0042752026666667
551 -0.0046152026666667
552 -0.0047527026666667
553 -0.0044769026666667
554 -0.0043885026666667
555 -0.0045105026666667
556 -0.0046216026666667
557 -0.0041514026666667
558 -0.0031758026666667
559 -0.0035158026666667
560 -0.0025192026666667
561 -0.0027130026666667
562 -0.0027636026666667
563 -0.0028006026666667
564 -0.0029562026666667
565 -0.0021098026666667
566 -0.0007871026666667
567 -0.0017040026666667
568 -0.0024482026666667
569 -0.0026490026666667
570 -0.0021276026666667
571 -0.0031703026666667
572 -0.0028814026666667
573 -0.0029070026666667
574 -0.0025746026666667
575 -0.0021681026666667
576 -0.0024472026666667
577 -0.0019725026666667
578 -0.0020193026666667
579 -0.0024591026666667
580 -0.0029034026666667
581 -0.0025850026666667
582 -0.0026457026666667
583 -0.0024794026666667
584 -0.0024949026666667
585 -0.0024876026666667
586 -0.0023445026666667
587 -0.0018042026666667
588 -0.0023707026666667
589 -0.0024817026666667
590 -0.0014518026666667
591 -0.0021462026666667
592 -0.0019994026666667
593 -0.0025714026666667
594 -0.0037946026666667
595 -0.0035502026666667
596 -0.0033357026666667
597 -0.0033085026666667
598 -0.0036357026666667
599 -0.0039167026666667
600 -0.0034347026666667
