1 0.3082500973333333
2 0.2528469973333333
3 0.2174344973333333
4 0.1572816973333333
5 0.1432755973333333
6 0.1025036973333333
7 0.0836635973333333
8 0.0734498973333333
9 0.0643494973333333
10 0.0397354973333333
11 0.0301744973333333
12 0.0290662973333333
13 0.0276758973333333
14 0.0175106973333333
15 0.0105876973333333
16 0.0046552973333333
17 -0.0026894026666667
18 0.0067589973333333
19 0.0083026973333333
20 0.0071291973333333
21 0.0044977973333333
22 0.0035733973333333
23 0.0125443973333333
24 0.0160478973333333
25 0.0062914973333333
26 0.0036512973333333
27 0.0002855973333333
28 -0.0028396026666667
29 0.0007071973333333
30 -0.0015702026666667
31 0.0055908973333333
32 0.0044653973333333
33 -0.0062628026666667
34 -0.0088230026666667
35 -0.0118320026666667
36 -0.0011940026666667
37 -0.0020188026666667
38 -0.0016443026666667
39 -0.0033001026666667
40 0.0019219973333333
41 0.0074350973333333
42 0.0072042973333333
43 0.0018911973333333
44 -0.0033209026666667
45 -0.0086505026666667
46 -0.0092134026666667
47 -0.0064942026666667
48 -0.0026505026666667
49 -0.0051171026666667
50 -0.0064149026666667
51 -0.0054030026666667
52 -0.0126640026666667
53 -0.0108768026666667
54 -0.0074258026666667
55 -0.0047831026666667
56 -0.0067866026666667
57 -0.0068014026666667
58 -0.0046937026666667
59 0.0023850973333333
60 0.0036320973333333
61 -0.0017572026666667
62 0.0028847973333333
63 0.0056020973333333
64 0.0069724973333333
65 0.0038390973333333
66 0.0016259973333333
67 -0.0040656026666667
68 0.0010367973333333
69 0.0091718973333333
70 0.0020379973333333
71 0.0061478973333333
72 0.0008157973333333
73 -0.0031695026666667
74 0.0011940973333333
75 0.0033203973333333
76 -0.0048023026666667
77 -0.0013727026666667
78 0.0044340973333333
79 0.0032529973333333
80 0.0090698973333333
81 0.0083715973333333
82 0.0071155973333333
83 0.0073111973333333
84 0.0036759973333333
85 0.0056456973333333
86 0.0165051973333333
87 0.0162749973333333
88 0.0136992973333333
89 0.0186549973333333
90 0.0123428973333333
91 0.0095538973333333
92 0.0129345973333333
93 0.0069578973333333
94 0.0040283973333333
95 0.0027349973333333
96 -0.0030371026666667
97 -0.0046459026666667
98 -0.0062378026666667
99 -0.0070300026666667
100 -0.0058447026666667
101 -0.0043560026666667
102 -0.0079044026666667
103 0.0020745973333333
104 -0.0071347026666667
105 -0.0110009026666667
106 -0.0080442026666667
107 -0.0019540026666667
108 0.0057910973333333
109 -0.0007640026666667
110 0.0000520973333333
111 -0.0014728026666667
112 -0.0070310026666667
113 -0.0047909026666667
114 0.0017208973333333
115 0.0058808973333333
116 0.0006152973333333
117 -0.0023638026666667
118 -0.0044283026666667
119 -0.0084885026666667
120 0.0004824973333333
121 0.0031441973333333
122 0.0018069973333333
123 -0.0025911026666667
124 0.0038478973333333
125 0.0049210973333333
126 0.0018852973333333
127 -0.0006535026666667
128 0.0004309973333333
129 0.0036840973333333
130 -0.0009808026666667
131 -0.0040574026666667
132 0.0012948973333333
133 -0.0023639026666667
134 -0.0014353026666667
135 -0.0002500026666667
136 -0.0027214026666667
137 0.0046015973333333
138 0.0029046973333333
139 -0.0069554026666667
140 -0.0086067026666667
141 0.0008634973333333
142 0.0025592973333333
143 0.0009048973333333
144 -0.0009797026666667
145 0.0004734973333333
146 0.0042167973333333
147 0.0031410973333333
148 0.0031466973333333
149 -0.0003449026666667
150 -0.0055974026666667
151 -0.0030489026666667
152 -0.0015445026666667
153 -0.0012773026666667
154 0.0036234973333333
155 -0.0015228026666667
156 0.0035914973333333
157 0.0126647973333333
158 0.0057529973333333
159 -0.0042979026666667
160 -0.0036967026666667
161 -0.0027602026666667
162 -0.0078283026666667
163 -0.0084722026666667
164 -0.0062822026666667
165 0.0030113973333333
166 -0.0000088026666667
167 0.0012366973333333
168 0.0000824973333333
169 0.0032675973333333
170 -0.0048220026666667
171 -0.0116295026666667
172 -0.0100384026666667
173 0.0012480973333333
174 -0.0018356026666667
175 -0.0059509026666667
176 -0.0026773026666667
177 -0.0008695026666667
178 0.0027350973333333
179 0.0074832973333333
180 0.0016051973333333
181 0.0059859973333333
182 0.0111786973333333
183 0.0178018973333333
184 0.0175168973333333
185 0.0203560973333333
186 0.0217071973333333
187 0.0210956973333333
188 0.0154707973333333
189 0.0112445973333333
190 0.0065955973333333
191 0.0015103973333333
192 0.0046815973333333
193 0.0019598973333333
194 -0.0004852026666667
195 -0.0027169026666667
196 -0.0032815026666667
197 -0.0069559026666667
198 -0.0080977026666667
199 -0.0073579026666667
200 -0.0123726026666667
201 -0.0148631026666667
202 -0.0075743026666667
203 0.0006970973333333
204 -0.0025981026666667
205 0.0022364973333333
206 0.0145949973333333
207 0.0066680973333333
208 -0.0012677026666667
209 0.0001931973333333
210 -0.0051106026666667
211 -0.0011239026666667
212 0.0039066973333333
213 0.0006042973333333
214 -0.0022577026666667
215 0.0040746973333333
216 0.0015169973333333
217 -0.0048853026666667
218 -0.0037568026666667
219 -0.0008491026666667
220 -0.0002884026666667
221 0.0010588973333333
222 -0.0008209026666667
223 -0.0038529026666667
224 -0.0066863026666667
225 -0.0101257026666667
226 -0.0097039026666667
227 -0.0082881026666667
228 -0.0016215026666667
229 -0.0008252026666667
230 -0.0025497026666667
231 0.0011038973333333
232 0.0021723973333333
233 -0.0070560026666667
234 -0.0113415026666667
235 -0.0119874026666667
236 -0.0089931026666667
237 -0.0073211026666667
238 -0.0070191026666667
239 0.0002403973333333
240 -0.0055993026666667
241 -0.0016449026666667
242 0.0020853973333333
243 0.0028265973333333
244 0.0062677973333333
245 0.0041769973333333
246 -0.0048986026666667
247 -0.0126938026666667
248 -0.0154452026666667
249 -0.0153036026666667
250 -0.0174042026666667
251 -0.0208580026666667
252 -0.0238095026666667
253 -0.0245940026666667
254 -0.0135796026666667
255 -0.0073868026666667
256 -0.0019795026666667
257 0.0022541973333333
258 0.0022911973333333
259 -0.0021416026666667
260 -0.0044340026666667
261 0.0023782973333333
262 0.0091277973333333
263 0.0072517973333333
264 0.0038574973333333
265 0.0079304973333333
266 0.0105496973333333
267 0.0081454973333333
268 0.0088457973333333
269 -0.0074919026666667
270 -0.0062486026666667
271 -0.0055536026666667
272 -0.0038189026666667
273 -0.0035586026666667
274 0.0005281973333333
275 -0.0046571026666667
276 -0.0098994026666667
277 0.0009988973333333
278 0.0001586973333333
279 -0.0014769026666667
280 0.0031291973333333
281 0.0087684973333333
282 0.0109976973333333
283 0.0073874973333333
284 -0.0004385026666667
285 -0.0009550026666667
286 -0.0004267026666667
287 0.0009399973333333
288 0.0004086973333333
289 0.0005104973333333
290 -0.0121341026666667
291 -0.0089191026666667
292 -0.0050141026666667
293 0.0028545973333333
294 0.0026899973333333
295 0.0021142973333333
296 0.0015086973333333
297 -0.0011366026666667
298 0.0029239973333333
299 0.0002212973333333
300 -0.0004545026666667
301 -0.0027704026666667
302 0.0078123973333333
303 0.0085515973333333
304 0.0000097973333333
305 -0.0011987026666667
306 0.0036453973333333
307 0.0036715973333333
308 -0.0040003026666667
309 -0.0116283026666667
310 -0.0124516026666667
311 -0.0083208026666667
312 -0.0179171026666667
313 -0.0216366026666667
314 -0.0172368026666667
315 -0.0193735026666667
316 -0.0173342026666667
317 -0.0134460026666667
318 -0.0070157026666667
319 -0.0033884026666667
320 -0.0074678026666667
321 -0.0101870026666667
322 -0.0100268026666667
323 -0.0068186026666667
324 -0.0039007026666667
325 -0.0087473026666667
326 -0.0032379026666667
327 -0.0010776026666667
328 0.0017171973333333
329 0.0016743973333333
330 -0.0005280026666667
331 0.0048312973333333
332 -0.0013594026666667
333 -0.0002932026666667
334 0.0038645973333333
335 0.0017113973333333
336 0.0035431973333333
337 0.0050464973333333
338 0.0067421973333333
339 0.0026577973333333
340 0.0054396973333333
341 0.0051292973333333
342 0.0034964973333333
343 0.0036870973333333
344 0.0012168973333333
345 0.0039739973333333
346 0.0001618973333333
347 -0.0006020026666667
348 -0.0073260026666667
349 -0.0035224026666667
350 -0.0020147026666667
351 -0.0022270026666667
352 -0.0092004026666667
353 -0.0149806026666667
354 -0.0098029026666667
355 -0.0043126026666667
356 -0.0049912026666667
357 -0.0027833026666667
358 -0.0014596026666667
359 0.0003148973333333
360 -0.0019953026666667
361 -0.0064086026666667
362 -0.0027220026666667
363 0.0006081973333333
364 0.0119714973333333
365 0.0116950973333333
366 0.0142702973333333
367 0.0155655973333333
368 0.0034584973333333
369 0.0036918973333333
370 0.0082731973333333
371 0.0123408973333333
372 0.0085852973333333
373 0.0019946973333333
374 -0.0031917026666667
375 -0.0056595026666667
376 -0.0013506026666667
377 -0.0041668026666667
378 -0.0072690026666667
379 -0.0074987026666667
380 -0.0041871026666667
381 -0.0059195026666667
382 -0.0011670026666667
383 0.0041551973333333
384 0.0038947973333333
385 -0.0012605026666667
386 -0.0006121026666667
387 -0.0002347026666667
388 -0.0038421026666667
389 0.0007638973333333
390 0.0018519973333333
391 0.0009584973333333
392 -0.0044050026666667
393 0.0052417973333333
394 0.0067627973333333
395 -0.0038679026666667
396 -0.0023192026666667
397 -0.0070544026666667
398 -0.0023505026666667
399 -0.0014704026666667
400 0.0010370973333333
401 -0.0046980026666667
402 -0.0075242026666667
403 -0.0054617026666667
404 -0.0019410026666667
405 0.0009921973333333
406 0.0016492973333333
407 0.0012010973333333
408 -0.0000206026666667
409 -0.0030671026666667
410 -0.0019808026666667
411 -0.0085269026666667
412 -0.0090869026666667
413 -0.0097901026666667
414 -0.0095525026666667
415 -0.0071296026666667
416 -0.0062102026666667
417 -0.0107626026666667
418 -0.0096022026666667
419 -0.0037416026666667
420 -0.0057899026666667
421 -0.0048955026666667
422 -0.0060175026666667
423 -0.0119232026666667
424 -0.0165556026666667
425 -0.0058988026666667
426 -0.0103620026666667
427 -0.0136903026666667
428 -0.0159015026666667
429 -0.0171936026666667
430 -0.0168952026666667
431 -0.0166343026666667
432 -0.0134533026666667
433 -0.0179855026666667
434 -0.0151823026666667
435 -0.0113789026666667
436 0.0043944973333333
437 0.0123525973333333
438 0.0048520973333333
439 -0.0003161026666667
440 0.0009508973333333
441 0.0144520973333333
442 0.0193097973333333
443 0.0177982973333333
444 0.0180570973333333
445 0.0218280973333333
446 0.0187245973333333
447 0.0138398973333333
448 0.0109972973333333
449 0.0064477973333333
450 0.0040698973333333
451 -0.0008363026666667
452 -0.0059831026666667
453 -0.0071073026666667
454 0.0047451973333333
455 0.0005234973333333
456 -0.0042000026666667
457 -0.0038822026666667
458 -0.0001606026666667
459 0.0000266973333333
460 0.0076413973333333
461 0.0023374973333333
462 0.0028733973333333
463 0.0035426973333333
464 0.0008664973333333
465 0.0013662973333333
466 -0.0115565026666667
467 -0.0156387026666667
468 -0.0079584026666667
469 -0.0123264026666667
470 -0.0141568026666667
471 -0.0097139026666667
472 -0.0136394026666667
473 -0.0089641026666667
474 -0.0058788026666667
475 -0.0122656026666667
476 -0.0114345026666667
477 -0.0102663026666667
478 -0.0143565026666667
479 -0.0037007026666667
480 -0.0058528026666667
481 0.0017916973333333
482 0.0014853973333333
483 -0.0009098026666667
484 0.0010610973333333
485 0.0090506973333333
486 0.0050113973333333
487 0.0066509973333333
488 0.0138257973333333
489 0.0089264973333333
490 0.0016877973333333
491 0.0086965973333333
492 0.0051575973333333
493 0.0004791973333333
494 0.0028368973333333
495 0.0004172973333333
496 -0.0043927026666667
497 -0.0001575026666667
498 -0.0043830026666667
499 0.0009709973333333
500 0.0011535973333333
501 -0.0002074026666667
502 0.0073144973333333
503 0.0081464973333333
504 0.0084635973333333
505 0.0025231973333333
506 0.0088580973333333
507 0.0006120973333333
508 -0.0057533026666667
509 -0.0004012026666667
510 0.0084364973333333
511 -0.0007926026666667
512 -0.0082933026666667
513 -0.0023157026666667
514 -0.0021199026666667
515 -0.0054960026666667
516 -0.0044555026666667
517 -0.0035878026666667
518 -0.0058083026666667
519 -0.0031960026666667
520 0.0013084973333333
521 0.0035550973333333
522 0.0014089973333333
523 -0.0059045026666667
524 -0.0082669026666667
525 -0.0093056026666667
526 -0.0042606026666667
527 0.0029629973333333
528 0.0064739973333333
529 0.0050825973333333
530 -0.0048999026666667
531 0.0018557973333333
532 0.0136946973333333
533 0.0076348973333333
534 0.0023524973333333
535 0.0057694973333333
536 -0.0007315026666667
537 -0.0046605026666667
538 -0.0011200026666667
539 -0.0038413026666667
540 -0.0111004026666667
541 -0.0077078026666667
542 -0.0065229026666667
543 -0.0069427026666667
544 -0.0077605026666667
545 -0.0061167026666667
546 -0.0115729026666667
547 -0.0112525026666667
548 -0.0064122026666667
549 -0.0081632026666667
550 -0.0130282026666667
551 -0.0128136026666667
552 -0.0172737026666667
553 -0.0160814026666667
554 -0.0096256026666667
555 -0.0109543026666667
556 -0.0198330026666667
557 -0.0118839026666667
558 -0.0141711026666667
559 -0.0164565026666667
560 -0.0147479026666667
561 -0.0157815026666667
562 -0.0141079026666667
563 -0.0094383026666667
564 -0.0144550026666667
565 -0.0203687026666667
566 -0.0141795026666667
567 -0.0175920026666667
568 -0.0181213026666667
569 -0.0219496026666667
570 -0.0195671026666667
571 -0.0151160026666667
572 -0.0188269026666667
573 -0.0091018026666667
574 -0.0098997026666667
575 -0.0073770026666667
576 -0.0030488026666667
577 -0.0017143026666667
578 0.0006527973333333
579 0.0059856973333333
580 0.0052636973333333
581 0.0019800973333333
582 0.0072964973333333
583 0.0124610973333333
584 0.0180127973333333
585 0.0181156973333333
586 0.0171106973333333
587 0.0198517973333333
588 0.0214343973333333
589 0.0119389973333333
590 0.0128778973333333
591 0.0215728973333333
592 0.0228384973333333
593 0.0159203973333333
594 0.0141105973333333
595 0.0075042973333333
596 0.0043295973333333
597 0.0059713973333333
598 0.0043091973333333
599 0.0032703973333333
600 0.0019068973333333
