1 0.0232065973333333
2 0.0200106973333333
3 0.0205236973333333
4 0.0166412973333333
5 0.0097603973333333
6 0.0118602973333333
7 0.0002403973333333
8 -0.0035141026666667
9 0.0011180973333333
10 0.0017108973333333
11 0.0053446973333333
12 0.0028479973333333
13 0.0093396973333333
14 0.0146948973333333
15 0.0114120973333333
16 0.0082889973333333
17 0.0010900973333333
18 -0.0058398026666667
19 0.0021567973333333
20 -0.0060859026666667
21 -0.0078168026666667
22 -0.0098893026666667
23 -0.0117338026666667
24 -0.0112896026666667
25 -0.0033254026666667
26 -0.0046144026666667
27 -0.0043812026666667
28 -0.0097315026666667
29 -0.0108879026666667
30 -0.0048376026666667
31 -0.0010351026666667
32 -0.0080975026666667
33 -0.0142311026666667
34 -0.0046710026666667
35 -0.0068048026666667
36 0.0019423973333333
37 0.0079700973333333
38 0.0085188973333333
39 0.0071372973333333
40 0.0074355973333333
41 0.0159626973333333
42 0.0107879973333333
43 -0.0002774026666667
44 -0.0000047026666667
45 -0.0053563026666667
46 -0.0014906026666667
47 0.0044538973333333
48 -0.0063711026666667
49 -0.0011245026666667
50 -0.0017197026666667
51 -0.0050621026666667
52 0.0020136973333333
53 0.0015532973333333
54 0.0042066973333333
55 0.0007195973333333
56 0.0011516973333333
57 0.0023022973333333
58 0.0014004973333333
59 0.0023243973333333
60 -0.0047281026666667
61 -0.0069092026666667
62 -0.0052369026666667
63 -0.0092261026666667
64 -0.0088506026666667
65 -0.0059339026666667
66 -0.0056623026666667
67 -0.0062162026666667
68 -0.0020769026666667
69 -0.0001964026666667
70 -0.0078725026666667
71 -0.0056735026666667
72 -0.0033136026666667
73 -0.0026468026666667
74 0.0078125973333333
75 0.0072053973333333
76 0.0016725973333333
77 0.0019909973333333
78 -0.0028923026666667
79 -0.0020261026666667
80 -0.0066993026666667
81 -0.0110142026666667
82 -0.0066377026666667
83 -0.0068757026666667
84 -0.0055471026666667
85 -0.0054057026666667
86 -0.0023693026666667
87 -0.0099955026666667
88 -0.0123358026666667
89 -0.0053140026666667
90 -0.0033461026666667
91 0.0020267973333333
92 -0.0020186026666667
93 -0.0039886026666667
94 -0.0017467026666667
95 -0.0034460026666667
96 -0.0053768026666667
97 -0.0068174026666667
98 -0.0039024026666667
99 0.0083822973333333
100 0.0075204973333333
101 0.0007870973333333
102 0.0029830973333333
103 0.0017318973333333
104 -0.0025202026666667
105 0.0037823973333333
106 0.0049739973333333
107 0.0027410973333333
108 -0.0019629026666667
109 -0.0064982026666667
110 -0.0061352026666667
111 -0.0038034026666667
112 -0.0089168026666667
113 -0.0103751026666667
114 -0.0093116026666667
115 -0.0090903026666667
116 -0.0081221026666667
117 -0.0077637026666667
118 -0.0066903026666667
119 -0.0055323026666667
120 -0.0026097026666667
121 -0.0000036026666667
122 -0.0026205026666667
123 0.0030531973333333
124 -0.0016722026666667
125 -0.0002023026666667
126 -0.0030428026666667
127 -0.0063428026666667
128 -0.0114162026666667
129 -0.0098141026666667
130 0.0009445973333333
131 0.0031469973333333
132 -0.0007131026666667
133 0.0011909973333333
134 0.0078174973333333
135 0.0063915973333333
136 -0.0054825026666667
137 -0.0010074026666667
138 -0.0012043026666667
139 0.0026680973333333
140 0.0077145973333333
141 -0.0018456026666667
142 -0.0069736026666667
143 -0.0040959026666667
144 -0.0028413026666667
145 -0.0042213026666667
146 -0.0001660026666667
147 0.0049652973333333
148 0.0033159973333333
149 -0.0023637026666667
150 -0.0056782026666667
151 -0.0078822026666667
152 -0.0075020026666667
153 -0.0071899026666667
154 -0.0043125026666667
155 -0.0082747026666667
156 -0.0154555026666667
157 -0.0181639026666667
158 -0.0108095026666667
159 -0.0011309026666667
160 -0.0013387026666667
161 0.0036425973333333
162 0.0027057973333333
163 0.0017628973333333
164 0.0012238973333333
165 -0.0068381026666667
166 -0.0070533026666667
167 -0.0028472026666667
168 -0.0046374026666667
169 -0.0085347026666667
170 -0.0054944026666667
171 -0.0047311026666667
172 -0.0007183026666667
173 0.0048671973333333
174 -0.0032321026666667
175 -0.0057582026666667
176 -0.0063692026666667
177 -0.0106045026666667
178 -0.0062945026666667
179 -0.0065762026666667
180 -0.0072018026666667
181 -0.0061391026666667
182 -0.0020905026666667
183 0.0013231973333333
184 -0.0006892026666667
185 -0.0008551026666667
186 -0.0031606026666667
187 -0.0022593026666667
188 -0.0028185026666667
189 -0.0089570026666667
190 -0.0056061026666667
191 0.0009426973333333
192 -0.0073859026666667
193 -0.0111281026666667
194 -0.0103724026666667
195 -0.0136293026666667
196 -0.0100190026666667
197 -0.0065993026666667
198 -0.0109239026666667
199 -0.0043344026666667
200 -0.0028494026666667
201 -0.0012744026666667
202 0.0043233973333333
203 0.0050500973333333
204 0.0032249973333333
205 -0.0067750026666667
206 -0.0058675026666667
207 -0.0035255026666667
208 -0.0062035026666667
209 -0.0055478026666667
210 -0.0095855026666667
211 -0.0115171026666667
212 -0.0095896026666667
213 -0.0101211026666667
214 -0.0109252026666667
215 -0.0100123026666667
216 -0.0045192026666667
217 -0.0013511026666667
218 0.0018728973333333
219 -0.0052758026666667
220 -0.0122064026666667
221 -0.0002954026666667
222 0.0005542973333333
223 0.0013974973333333
224 0.0078214973333333
225 0.0052162973333333
226 0.0001907973333333
227 0.0110137973333333
228 0.0138750973333333
229 0.0145394973333333
230 0.0069627973333333
231 0.0007169973333333
232 -0.0029968026666667
233 0.0013053973333333
234 -0.0005510026666667
235 0.0022028973333333
236 0.0067977973333333
237 0.0136817973333333
238 0.0096840973333333
239 0.0103582973333333
240 0.0067282973333333
241 0.0037988973333333
242 0.0011587973333333
243 0.0003856973333333
244 0.0018719973333333
245 0.0043914973333333
246 -0.0050238026666667
247 -0.0117357026666667
248 -0.0057717026666667
249 -0.0079057026666667
250 -0.0175467026666667
251 -0.0135225026666667
252 -0.0098734026666667
253 -0.0030852026666667
254 -0.0050660026666667
255 -0.0112507026666667
256 -0.0134135026666667
257 -0.0078202026666667
258 -0.0013962026666667
259 -0.0004932026666667
260 -0.0005523026666667
261 0.0062073973333333
262 0.0037485973333333
263 -0.0015455026666667
264 0.0019531973333333
265 0.0042914973333333
266 -0.0032210026666667
267 0.0004636973333333
268 -0.0027292026666667
269 0.0013990973333333
270 -0.0044288026666667
271 -0.0104801026666667
272 -0.0090928026666667
273 0.0013280973333333
274 0.0016462973333333
275 -0.0016226026666667
276 0.0093171973333333
277 0.0073450973333333
278 0.0115991973333333
279 0.0036616973333333
280 0.0074962973333333
281 0.0097602973333333
282 0.0149245973333333
283 0.0125485973333333
284 0.0135875973333333
285 0.0135452973333333
286 0.0058248973333333
287 -0.0022796026666667
288 -0.0113430026666667
289 -0.0102169026666667
290 -0.0092670026666667
291 -0.0100249026666667
292 -0.0081734026666667
293 -0.0071716026666667
294 -0.0044033026666667
295 0.0004585973333333
296 -0.0073732026666667
297 -0.0053354026666667
298 -0.0056507026666667
299 -0.0009878026666667
300 -0.0019571026666667
301 -0.0071518026666667
302 -0.0056272026666667
303 0.0027612973333333
304 0.0056655973333333
305 0.0028857973333333
306 0.0093536973333333
307 0.0055097973333333
308 0.0068495973333333
309 0.0045165973333333
310 0.0070151973333333
311 0.0031241973333333
312 -0.0012256026666667
313 -0.0002169026666667
314 0.0001394973333333
315 0.0011167973333333
316 -0.0009953026666667
317 0.0045605973333333
318 0.0047886973333333
319 0.0042169973333333
320 0.0054805973333333
321 0.0075431973333333
322 0.0048182973333333
323 0.0059665973333333
324 0.0081782973333333
325 0.0057818973333333
326 0.0126797973333333
327 0.0062417973333333
328 -0.0033877026666667
329 -0.0021898026666667
330 -0.0025666026666667
331 -0.0019346026666667
332 -0.0040631026666667
333 -0.0079875026666667
334 0.0005453973333333
335 -0.0093663026666667
336 -0.0015589026666667
337 0.0074554973333333
338 0.0099130973333333
339 0.0075684973333333
340 0.0108682973333333
341 0.0056791973333333
342 0.0132665973333333
343 0.0147167973333333
344 0.0134134973333333
345 0.0123587973333333
346 0.0127514973333333
347 0.0190166973333333
348 0.0162624973333333
349 0.0114430973333333
350 0.0129756973333333
351 0.0087865973333333
352 0.0076129973333333
353 0.0123520973333333
354 0.0090300973333333
355 -0.0062162026666667
356 0.0007212973333333
357 -0.0010347026666667
358 -0.0009880026666667
359 0.0001779973333333
360 -0.0011519026666667
361 -0.0044073026666667
362 -0.0072402026666667
363 0.0029293973333333
364 0.0086898973333333
365 0.0016994973333333
366 0.0032008973333333
367 0.0047593973333333
368 -0.0014601026666667
369 -0.0030031026666667
370 0.0030056973333333
371 -0.0007953026666667
372 -0.0065314026666667
373 0.0019961973333333
374 0.0073462973333333
375 0.0054302973333333
376 0.0019026973333333
377 0.0022438973333333
378 0.0084531973333333
379 0.0095378973333333
380 0.0050645973333333
381 0.0049238973333333
382 0.0000403973333333
383 0.0039451973333333
384 -0.0045787026666667
385 0.0009070973333333
386 -0.0011329026666667
387 0.0025961973333333
388 -0.0038084026666667
389 0.0024786973333333
390 0.0040354973333333
391 0.0006117973333333
392 -0.0029770026666667
393 -0.0024698026666667
394 0.0018569973333333
395 -0.0036148026666667
396 -0.0059107026666667
397 -0.0020037026666667
398 0.0030250973333333
399 0.0038754973333333
400 0.0012704973333333
401 -0.0004979026666667
402 0.0025084973333333
403 0.0020008973333333
404 0.0078411973333333
405 0.0073020973333333
406 0.0002629973333333
407 0.0010106973333333
408 0.0038527973333333
409 0.0022194973333333
410 -0.0050423026666667
411 -0.0095083026666667
412 -0.0103898026666667
413 -0.0026867026666667
414 -0.0098620026666667
415 -0.0199282026666667
416 -0.0150764026666667
417 -0.0081368026666667
418 -0.0082132026666667
419 0.0004023973333333
420 0.0037665973333333
421 0.0029228973333333
422 0.0022180973333333
423 0.0057775973333333
424 0.0033690973333333
425 0.0003094973333333
426 -0.0001030026666667
427 -0.0000079026666667
428 -0.0026221026666667
429 -0.0104592026666667
430 -0.0080260026666667
431 -0.0043008026666667
432 -0.0029818026666667
433 0.0020417973333333
434 0.0036225973333333
435 0.0024324973333333
436 -0.0010114026666667
437 -0.0048257026666667
438 -0.0134566026666667
439 -0.0063102026666667
440 -0.0051100026666667
441 -0.0059922026666667
442 -0.0055514026666667
443 -0.0064156026666667
444 -0.0084401026666667
445 -0.0070827026666667
446 -0.0018579026666667
447 -0.0009068026666667
448 0.0035132973333333
449 0.0011375973333333
450 0.0049429973333333
451 0.0046871973333333
452 0.0069508973333333
453 0.0006577973333333
454 0.0011230973333333
455 0.0083566973333333
456 0.0013732973333333
457 -0.0023798026666667
458 -0.0005471026666667
459 -0.0060852026666667
460 -0.0050874026666667
461 -0.0082045026666667
462 -0.0070471026666667
463 -0.0042691026666667
464 0.0050036973333333
465 -0.0002207026666667
466 -0.0041169026666667
467 0.0041321973333333
468 0.0045688973333333
469 0.0008382973333333
470 0.0022080973333333
471 0.0037025973333333
472 -0.0010123026666667
473 0.0001647973333333
474 -0.0040835026666667
475 -0.0054256026666667
476 -0.0049178026666667
477 -0.0053731026666667
478 -0.0024414026666667
479 -0.0063316026666667
480 -0.0099301026666667
481 -0.0090857026666667
482 -0.0049680026666667
483 0.0055212973333333
484 0.0140876973333333
485 0.0078424973333333
486 0.0156710973333333
487 0.0190012973333333
488 0.0155283973333333
489 0.0122309973333333
490 0.0101110973333333
491 0.0084415973333333
492 0.0128418973333333
493 0.0072260973333333
494 -0.0003662026666667
495 0.0033737973333333
496 0.0042202973333333
497 0.0016750973333333
498 0.0058617973333333
499 -0.0006143026666667
500 -0.0013703026666667
501 0.0022076973333333
502 0.0003378973333333
503 0.0002538973333333
504 0.0002391973333333
505 -0.0048770026666667
506 -0.0064892026666667
507 -0.0006029026666667
508 -0.0004910026666667
509 0.0086382973333333
510 0.0038305973333333
511 0.0049921973333333
512 0.0081273973333333
513 0.0089153973333333
514 0.0081176973333333
515 0.0001747973333333
516 -0.0000473026666667
517 0.0014298973333333
518 -0.0021550026666667
519 -0.0046557026666667
520 -0.0033050026666667
521 -0.0032194026666667
522 -0.0016918026666667
523 -0.0004827026666667
524 -0.0057411026666667
525 -0.0067877026666667
526 -0.0117544026666667
527 -0.0022035026666667
528 0.0058640973333333
529 0.0064548973333333
530 0.0039375973333333
531 -0.0029459026666667
532 -0.0077081026666667
533 -0.0074143026666667
534 -0.0021717026666667
535 -0.0015472026666667
536 0.0041046973333333
537 0.0026067973333333
538 -0.0037182026666667
539 0.0042984973333333
540 0.0053812973333333
541 0.0110163973333333
542 0.0057489973333333
543 0.0069797973333333
544 0.0046364973333333
545 0.0004096973333333
546 0.0054374973333333
547 -0.0026870026666667
548 0.0004581973333333
549 -0.0037720026666667
550 -0.0019644026666667
551 -0.0010150026666667
552 -0.0017775026666667
553 0.0042340973333333
554 0.0102554973333333
555 0.0114824973333333
556 0.0083773973333333
557 0.0099638973333333
558 0.0021138973333333
559 0.0014335973333333
560 -0.0065952026666667
561 -0.0064981026666667
562 -0.0035377026666667
563 -0.0031884026666667
564 -0.0022295026666667
565 -0.0008744026666667
566 -0.0013811026666667
567 -0.0033921026666667
568 -0.0010172026666667
569 0.0064484973333333
570 0.0000398973333333
571 -0.0068084026666667
572 0.0037645973333333
573 0.0140832973333333
574 0.0117208973333333
575 0.0075532973333333
576 0.0055681973333333
577 -0.0003983026666667
578 0.0022213973333333
579 0.0027952973333333
580 0.0033853973333333
581 0.0030459973333333
582 -0.0000860026666667
583 0.0060575973333333
584 0.0023823973333333
585 0.0005502973333333
586 0.0094307973333333
587 0.0056234973333333
588 0.0053455973333333
589 0.0048353973333333
590 -0.0038867026666667
591 0.0000333973333333
592 0.0003514973333333
593 0.0019541973333333
594 0.0040651973333333
595 0.0050889973333333
596 0.0086038973333333
597 0.0029924973333333
598 -0.0010576026666667
599 -0.0073620026666667
600 0.0026131973333333
