1 0.2058096863333334
2 0.2277903863333334
3 0.1649942863333334
4 0.1241315863333334
5 0.0840218863333334
6 0.0684590863333334
7 0.0530574863333334
8 0.0399069863333334
9 0.0355577863333334
10 0.0296995863333334
11 0.0201313863333334
12 0.0147984863333334
13 0.0117893863333334
14 0.0095993863333334
15 0.0079019863333334
16 0.0046204863333334
17 0.0008155863333334
18 -0.0014477136666666
19 -0.0004982136666666
20 0.0000789863333334
21 -0.0007329136666666
22 0.0012238863333334
23 -0.0042574136666666
24 -0.0010223136666666
25 -0.0010213136666666
26 -0.0013734136666666
27 -0.0068438136666666
28 -0.0022888136666666
29 -0.0049755136666666
30 -0.0054626136666666
31 -0.0033719136666666
32 -0.0052155136666666
33 -0.0041429136666666
34 -0.0039885136666666
35 -0.0044023136666666
36 -0.0062319136666666
37 -0.0075368136666666
38 -0.0089337136666666
39 -0.0079382136666666
40 -0.0080608136666666
41 -0.0068760136666666
42 -0.0043833136666666
43 -0.0032443136666666
44 -0.0055373136666666
45 -0.0092751136666666
46 -0.0097219136666666
47 -0.0092729136666666
48 -0.0077733136666666
49 -0.0086379136666666
50 -0.0110873136666666
51 -0.0121727136666666
52 -0.0103119136666666
53 -0.0109780136666666
54 -0.0120579136666666
55 -0.0109944136666666
56 -0.0080871136666666
57 -0.0088801136666666
58 -0.0093322136666666
59 -0.0093749136666666
60 -0.0077529136666666
61 -0.0084063136666666
62 -0.0089487136666666
63 -0.0080461136666666
64 -0.0061632136666666
65 -0.0051442136666666
66 -0.0053806136666666
67 -0.0033559136666666
68 0.0004692863333334
69 -0.0017991136666666
70 -0.0014318136666666
71 -0.0011270136666666
72 -0.0013318136666666
73 -0.0034907136666666
74 -0.0072296136666666
75 -0.0021361136666666
76 -0.0009459136666666
77 -0.0034098136666666
78 -0.0046991136666666
79 -0.0020380136666666
80 -0.0018814136666666
81 -0.0055470136666666
82 -0.0050434136666666
83 0.0001564863333334
84 -0.0005931136666666
85 -0.0029050136666666
86 -0.0009549136666666
87 -0.0006556136666666
88 0.0005159863333334
89 -0.0008378136666666
90 0.0000011863333334
91 -0.0010293136666666
92 -0.0010050136666666
93 -0.0016285136666666
94 -0.0037979136666666
95 -0.0044168136666666
96 -0.0051148136666666
97 -0.0059646136666666
98 -0.0070228136666666
99 -0.0049103136666666
100 -0.0059887136666666
101 -0.0055709136666666
102 -0.0062522136666666
103 -0.0082520136666666
104 -0.0064836136666666
105 -0.0066723136666666
106 -0.0077153136666666
107 -0.0077266136666666
108 -0.0063471136666666
109 -0.0054318136666666
110 -0.0074135136666666
111 -0.0069167136666666
112 -0.0070197136666666
113 -0.0086130136666666
114 -0.0055272136666666
115 -0.0056840136666666
116 -0.0067514136666666
117 -0.0035322136666666
118 -0.0032184136666666
119 -0.0038015136666666
120 -0.0074409136666666
121 -0.0078851136666666
122 -0.0085211136666666
123 -0.0079404136666666
124 -0.0078886136666666
125 -0.0050457136666666
126 -0.0046015136666666
127 -0.0038389136666666
128 -0.0054302136666666
129 -0.0034116136666666
130 -0.0000121136666666
131 -0.0019182136666666
132 -0.0039781136666666
133 -0.0046407136666666
134 -0.0009728136666666
135 -0.0002725136666666
136 -0.0043291136666666
137 -0.0037060136666666
138 -0.0074306136666666
139 -0.0072514136666666
140 -0.0058476136666666
141 -0.0050688136666666
142 -0.0024592136666666
143 -0.0041286136666666
144 -0.0057030136666666
145 -0.0060565136666666
146 -0.0072732136666666
147 -0.0083694136666666
148 -0.0072006136666666
149 -0.0060503136666666
150 -0.0050321136666666
151 -0.0079426136666666
152 -0.0072816136666666
153 -0.0077289136666666
154 -0.0089197136666666
155 -0.0083134136666666
156 -0.0058167136666666
157 -0.0056832136666666
158 -0.0048166136666666
159 -0.0054577136666666
160 -0.0082126136666666
161 -0.0074349136666666
162 -0.0066691136666666
163 -0.0055641136666666
164 -0.0055776136666666
165 -0.0040749136666666
166 -0.0026078136666666
167 -0.0021808136666666
168 -0.0054942136666666
169 -0.0049330136666666
170 -0.0039383136666666
171 -0.0043926136666666
172 -0.0080395136666666
173 -0.0069583136666666
174 -0.0076613136666666
175 -0.0067401136666666
176 -0.0075087136666666
177 -0.0067076136666666
178 -0.0024232136666666
179 -0.0033400136666666
180 -0.0020591136666666
181 -0.0026051136666666
182 0.0013850863333334
183 0.0011294863333334
184 0.0039462863333334
185 0.0069177863333334
186 0.0068358863333334
187 0.0092810863333334
188 0.0076928863333334
189 0.0056295863333334
190 0.0054088863333334
191 0.0032432863333334
192 -0.0023204136666666
193 -0.0053576136666666
194 -0.0058548136666666
195 -0.0068615136666666
196 -0.0074301136666666
197 -0.0065343136666666
198 -0.0072880136666666
199 -0.0072205136666666
200 -0.0084777136666666
201 -0.0070774136666666
202 -0.0068099136666666
203 -0.0094876136666666
204 -0.0085445136666666
205 -0.0087782136666666
206 -0.0060430136666666
207 -0.0069789136666666
208 -0.0026268136666666
209 -0.0048882136666666
210 -0.0058728136666666
211 -0.0041370136666666
212 -0.0062879136666666
213 -0.0049347136666666
214 -0.0053853136666666
215 -0.0054166136666666
216 -0.0059525136666666
217 -0.0046881136666666
218 -0.0064156136666666
219 -0.0072816136666666
220 -0.0066574136666666
221 -0.0066761136666666
222 -0.0057696136666666
223 -0.0058400136666666
224 -0.0056097136666666
225 -0.0102703136666666
226 -0.0098100136666666
227 -0.0095472136666666
228 -0.0092993136666666
229 -0.0073235136666666
230 -0.0083982136666666
231 -0.0069198136666666
232 -0.0046959136666666
233 -0.0061857136666666
234 -0.0047027136666666
235 -0.0090560136666666
236 -0.0099588136666666
237 -0.0078240136666666
238 -0.0082755136666666
239 -0.0092092136666666
240 -0.0046207136666666
241 -0.0051265136666666
242 -0.0080428136666666
243 -0.0080751136666666
244 -0.0095462136666666
245 -0.0076212136666666
246 -0.0077666136666666
247 -0.0096688136666666
248 -0.0105102136666666
249 -0.0118273136666666
250 -0.0139889136666666
251 -0.0146283136666666
252 -0.0154823136666666
253 -0.0144646136666666
254 -0.0148521136666666
255 -0.0135851136666666
256 -0.0108260136666666
257 -0.0101076136666666
258 -0.0095560136666666
259 -0.0053697136666666
260 -0.0058515136666666
261 -0.0053412136666666
262 -0.0068971136666666
263 -0.0071023136666666
264 -0.0044230136666666
265 -0.0056036136666666
266 -0.0028577136666666
267 -0.0020915136666666
268 -0.0035591136666666
269 -0.0031100136666666
270 -0.0062210136666666
271 -0.0074466136666666
272 -0.0090743136666666
273 -0.0096704136666666
274 -0.0075745136666666
275 -0.0056096136666666
276 -0.0055048136666666
277 -0.0078435136666666
278 -0.0089223136666666
279 -0.0068155136666666
280 -0.0053747136666666
281 -0.0053913136666666
282 -0.0037136136666666
283 0.0003624863333334
284 -0.0005715136666666
285 -0.0031572136666666
286 -0.0043625136666666
287 -0.0073587136666666
288 -0.0061730136666666
289 -0.0069613136666666
290 -0.0050131136666666
291 -0.0044055136666666
292 -0.0055525136666666
293 -0.0058904136666666
294 -0.0054540136666666
295 -0.0040758136666666
296 -0.0071252136666666
297 -0.0055389136666666
298 -0.0079367136666666
299 -0.0072127136666666
300 -0.0045736136666666
301 -0.0057729136666666
302 -0.0068951136666666
303 -0.0019882136666666
304 -0.0041229136666666
305 -0.0051239136666666
306 -0.0052092136666666
307 -0.0045799136666666
308 -0.0051162136666666
309 -0.0072530136666666
310 -0.0088573136666666
311 -0.0087077136666666
312 -0.0097096136666666
313 -0.0126083136666666
314 -0.0137367136666666
315 -0.0141768136666666
316 -0.0131818136666666
317 -0.0133829136666666
318 -0.0109378136666666
319 -0.0089914136666666
320 -0.0096549136666666
321 -0.0080932136666666
322 -0.0089724136666666
323 -0.0091367136666666
324 -0.0094295136666666
325 -0.0092617136666666
326 -0.0089950136666666
327 -0.0086915136666666
328 -0.0076010136666666
329 -0.0083959136666666
330 -0.0070179136666666
331 -0.0049303136666666
332 -0.0019001136666666
333 -0.0016317136666666
334 -0.0030241136666666
335 -0.0039618136666666
336 -0.0020930136666666
337 -0.0033174136666666
338 -0.0031277136666666
339 -0.0001895136666666
340 0.0031435863333334
341 0.0002021863333334
342 0.0007570863333334
343 -0.0003347136666666
344 -0.0007185136666666
345 -0.0034190136666666
346 -0.0033085136666666
347 -0.0064690136666666
348 -0.0075391136666666
349 -0.0090993136666666
350 -0.0084302136666666
351 -0.0078885136666666
352 -0.0084151136666666
353 -0.0095296136666666
354 -0.0096294136666666
355 -0.0088158136666666
356 -0.0081647136666666
357 -0.0102948136666666
358 -0.0104932136666666
359 -0.0058877136666666
360 -0.0068343136666666
361 -0.0061721136666666
362 -0.0042856136666666
363 -0.0029806136666666
364 -0.0024063136666666
365 -0.0042282136666666
366 -0.0035445136666666
367 -0.0049141136666666
368 -0.0042502136666666
369 -0.0019840136666666
370 -0.0033943136666666
371 -0.0034065136666666
372 -0.0063599136666666
373 -0.0023572136666666
374 -0.0046081136666666
375 -0.0074013136666666
376 -0.0072636136666666
377 -0.0038721136666666
378 -0.0079627136666666
379 -0.0069544136666666
380 -0.0054585136666666
381 -0.0056103136666666
382 -0.0051371136666666
383 -0.0052688136666666
384 -0.0059300136666666
385 -0.0057029136666666
386 -0.0054832136666666
387 -0.0054908136666666
388 -0.0062278136666666
389 -0.0043493136666666
390 -0.0045147136666666
391 -0.0042579136666666
392 -0.0047639136666666
393 -0.0067038136666666
394 -0.0050076136666666
395 -0.0054822136666666
396 -0.0049958136666666
397 -0.0044930136666666
398 -0.0041866136666666
399 -0.0054210136666666
400 -0.0082008136666666
401 -0.0081920136666666
402 -0.0082155136666666
403 -0.0080484136666666
404 -0.0096263136666666
405 -0.0064779136666666
406 -0.0079137136666666
407 -0.0067951136666666
408 -0.0083305136666666
409 -0.0099809136666666
410 -0.0117982136666666
411 -0.0107111136666666
412 -0.0085941136666666
413 -0.0104987136666666
414 -0.0115052136666666
415 -0.0121131136666666
416 -0.0120308136666666
417 -0.0109170136666666
418 -0.0109944136666666
419 -0.0118017136666666
420 -0.0124726136666666
421 -0.0114367136666666
422 -0.0099716136666666
423 -0.0104032136666666
424 -0.0108113136666666
425 -0.0130667136666666
426 -0.0122812136666666
427 -0.0109080136666666
428 -0.0117247136666666
429 -0.0118678136666666
430 -0.0145996136666666
431 -0.0167382136666666
432 -0.0140709136666666
433 -0.0130602136666666
434 -0.0126616136666666
435 -0.0114373136666666
436 -0.0082753136666666
437 -0.0092082136666666
438 -0.0062056136666666
439 -0.0035356136666666
440 -0.0042271136666666
441 -0.0013513136666666
442 0.0012572863333334
443 0.0021083863333334
444 0.0015941863333334
445 0.0001368863333334
446 0.0022602863333334
447 0.0032453863333334
448 0.0021433863333334
449 0.0014270863333334
450 -0.0015320136666666
451 -0.0022018136666666
452 -0.0039701136666666
453 -0.0062053136666666
454 -0.0051853136666666
455 -0.0071691136666666
456 -0.0082131136666666
457 -0.0088455136666666
458 -0.0075604136666666
459 -0.0055860136666666
460 -0.0055963136666666
461 -0.0056849136666666
462 -0.0045341136666666
463 -0.0047063136666666
464 -0.0034904136666666
465 -0.0079711136666666
466 -0.0088624136666666
467 -0.0068683136666666
468 -0.0088408136666666
469 -0.0093124136666666
470 -0.0091682136666666
471 -0.0083435136666666
472 -0.0104820136666666
473 -0.0099890136666666
474 -0.0110481136666666
475 -0.0089498136666666
476 -0.0103743136666666
477 -0.0106282136666666
478 -0.0103349136666666
479 -0.0077209136666666
480 -0.0075831136666666
481 -0.0077674136666666
482 -0.0050454136666666
483 -0.0036215136666666
484 -0.0019721136666666
485 -0.0023234136666666
486 -0.0016500136666666
487 -0.0012415136666666
488 -0.0016365136666666
489 -0.0039805136666666
490 -0.0033807136666666
491 -0.0016437136666666
492 -0.0010325136666666
493 -0.0023893136666666
494 -0.0037043136666666
495 -0.0062649136666666
496 -0.0038764136666666
497 -0.0048472136666666
498 -0.0034153136666666
499 -0.0037712136666666
500 -0.0055643136666666
501 -0.0021318136666666
502 -0.0028041136666666
503 -0.0030594136666666
504 0.0003899863333334
505 -0.0029831136666666
506 -0.0063430136666666
507 -0.0046623136666666
508 -0.0035859136666666
509 -0.0007140136666666
510 -0.0031203136666666
511 -0.0042082136666666
512 -0.0025462136666666
513 -0.0037319136666666
514 -0.0039655136666666
515 -0.0063303136666666
516 -0.0068307136666666
517 -0.0071240136666666
518 -0.0065235136666666
519 -0.0071702136666666
520 -0.0091232136666666
521 -0.0095069136666666
522 -0.0071380136666666
523 -0.0066317136666666
524 -0.0073438136666666
525 -0.0087057136666666
526 -0.0086815136666666
527 -0.0084378136666666
528 -0.0041656136666666
529 -0.0041015136666666
530 -0.0022573136666666
531 -0.0002938136666666
532 -0.0020458136666666
533 -0.0011808136666666
534 -0.0029009136666666
535 -0.0040768136666666
536 -0.0051668136666666
537 -0.0067653136666666
538 -0.0057777136666666
539 -0.0040008136666666
540 -0.0051892136666666
541 -0.0088345136666666
542 -0.0073731136666666
543 -0.0064944136666666
544 -0.0069304136666666
545 -0.0082400136666666
546 -0.0104890136666666
547 -0.0113789136666666
548 -0.0099087136666666
549 -0.0109245136666666
550 -0.0121333136666666
551 -0.0134739136666666
552 -0.0148956136666666
553 -0.0151379136666666
554 -0.0141986136666666
555 -0.0159334136666666
556 -0.0158822136666666
557 -0.0165900136666666
558 -0.0163305136666666
559 -0.0172055136666666
560 -0.0162985136666666
561 -0.0147435136666666
562 -0.0144346136666666
563 -0.0126716136666666
564 -0.0120210136666666
565 -0.0129243136666666
566 -0.0154293136666666
567 -0.0133239136666666
568 -0.0156489136666666
569 -0.0148918136666666
570 -0.0152101136666666
571 -0.0149007136666666
572 -0.0161973136666666
573 -0.0155105136666666
574 -0.0111570136666666
575 -0.0110806136666666
576 -0.0105691136666666
577 -0.0076239136666666
578 -0.0042148136666666
579 -0.0042491136666666
580 -0.0031485136666666
581 -0.0015053136666666
582 0.0020110863333334
583 0.0041403863333334
584 0.0040741863333334
585 0.0036899863333334
586 0.0029560863333334
587 0.0009465863333334
588 0.0003141863333334
589 0.0028877863333334
590 -0.0001692136666666
591 -0.0006722136666666
592 -0.0007083136666666
593 0.0013903863333334
594 -0.0009864136666666
595 -0.0011539136666666
596 -0.0008459136666666
597 0.0011226863333334
598 -0.0005477136666666
599 -0.0032345136666666
600 -0.0041871136666666
