1 -0.0000001853333362
2 -0.0000003853333361
3 0.0000000146666637
4 -0.0000001853333362
5 -0.0000002853333363
6 -0.0000001853333362
7 -0.0000001853333362
8 -0.0000003853333361
9 -0.0000001853333362
10 -0.0000001853333362
11 -0.0000002853333363
12 -0.0000002853333363
13 -0.0000002853333363
14 -0.0000002853333363
15 -0.0000002853333363
16 -0.0000002853333363
17 -0.0000001853333362
18 0.0000000146666637
19 -0.0000002853333363
20 0.0000001146666637
21 -0.0000002853333363
22 -0.0000001853333362
23 -0.0000001853333362
24 -0.0000003853333361
25 -0.0000003853333361
26 -0.0000002853333363
27 -0.0000001853333362
28 -0.0000002853333363
29 -0.0000001853333362
30 -0.0000002853333363
31 -0.0000002853333363
32 -0.0000001853333362
33 -0.0000002853333363
34 -0.0000002853333363
35 -0.0000001853333362
36 -0.0000003853333361
37 -0.0000001853333362
38 -0.0000001853333362
39 -0.0000002853333363
40 -0.0000003853333361
41 -0.0000001853333362
42 -0.0000002853333363
43 -0.0000002853333363
44 0.0000000146666637
45 -0.0000002853333363
46 -0.0000002853333363
47 -0.0000003853333361
48 -0.0000002853333363
49 -0.0000001853333362
50 -0.0000003853333361
51 0.0000000146666637
52 -0.0000001853333362
53 -0.0000002853333363
54 -0.0000001853333362
55 -0.0000003853333361
56 0.0000000146666637
57 -0.0000001853333362
58 -0.0000001853333362
59 -0.0000001853333362
60 -0.0000003853333361
61 -0.0000003853333361
62 -0.0000003853333361
63 -0.0000001853333362
64 -0.0000002853333363
65 -0.0000003853333361
66 0.0000000146666637
67 -0.0000002853333363
68 -0.0000002853333363
69 -0.0000003853333361
70 -0.0000002853333363
71 -0.0000002853333363
72 -0.0000001853333362
73 -0.0000003853333361
74 -0.0000001853333362
75 -0.0000001853333362
76 -0.0000003853333361
77 0.0000000146666637
78 -0.0000001853333362
79 -0.0000001853333362
80 -0.0000002853333363
81 -0.0000001853333362
82 0.0000000146666637
83 -0.0000001853333362
84 0.0000000146666637
85 -0.0000002853333363
86 -0.0000001853333362
87 -0.0000003853333361
88 -0.0000001853333362
89 -0.0000002853333363
90 -0.0000003853333361
91 -0.0000001853333362
92 -0.0000001853333362
93 -0.0000001853333362
94 -0.0000001853333362
95 -0.0000002853333363
96 -0.0000002853333363
97 -0.0000001853333362
98 -0.0000002853333363
99 -0.0000003853333361
100 0.0000000146666637
101 -0.0000002853333363
102 -0.0000002853333363
103 -0.0000001853333362
104 -0.0000001853333362
105 -0.0000001853333362
106 -0.0000003853333361
107 -0.0000003853333361
108 -0.0000002853333363
109 -0.0000002853333363
110 -0.0000002853333363
111 -0.0000001853333362
112 -0.0000003853333361
113 -0.0000002853333363
114 -0.0000002853333363
115 -0.0000002853333363
116 -0.0000003853333361
117 -0.0000001853333362
118 -0.0000002853333363
119 -0.0000001853333362
120 -0.0000003853333361
121 -0.0000003853333361
122 -0.0000002853333363
123 -0.0000001853333362
124 -0.0000002853333363
125 -0.0000001853333362
126 -0.0000002853333363
127 -0.0000001853333362
128 -0.0000001853333362
129 -0.0000003853333361
130 -0.0000001853333362
131 -0.0000002853333363
132 -0.0000001853333362
133 -0.0000002853333363
134 -0.0000001853333362
135 -0.0000003853333361
136 -0.0000003853333361
137 -0.0000003853333361
138 -0.0000001853333362
139 -0.0000001853333362
140 -0.0000002853333363
141 0.0000000146666637
142 -0.0000001853333362
143 -0.0000001853333362
144 -0.0000001853333362
145 -0.0000003853333361
146 -0.0000001853333362
147 -0.0000003853333361
148 -0.0000003853333361
149 -0.0000003853333361
150 -0.0000002853333363
151 -0.0000003853333361
152 -0.0000001853333362
153 -0.0000003853333361
154 -0.0000004853333362
155 -0.0000002853333363
156 0.0000000146666637
157 -0.0000001853333362
158 -0.0000001853333362
159 -0.0000002853333363
160 -0.0000001853333362
161 -0.0000002853333363
162 -0.0000002853333363
163 -0.0000001853333362
164 0.0000000146666637
165 -0.0000003853333361
166 -0.0000001853333362
167 -0.0000003853333361
168 -0.0000001853333362
169 -0.0000001853333362
170 0.0000000146666637
171 -0.0000003853333361
172 -0.0000003853333361
173 0.0000000146666637
174 -0.0000001853333362
175 0.0000000146666637
176 -0.0000001853333362
177 -0.0000001853333362
178 -0.0000002853333363
179 0.0000000146666637
180 -0.0000002853333363
181 -0.0000002853333363
182 -0.0000003853333361
183 -0.0000003853333361
184 -0.0000001853333362
185 -0.0000002853333363
186 -0.0000001853333362
187 -0.0000001853333362
188 -0.0000003853333361
189 -0.0000003853333361
190 -0.0000002853333363
191 -0.0000001853333362
192 -0.0000003853333361
193 -0.0000001853333362
194 -0.0000003853333361
195 -0.0000001853333362
196 -0.0000001853333362
197 -0.0000001853333362
198 0.0000000146666637
199 -0.0000003853333361
200 -0.0000003853333361
201 -0.0000001853333362
202 -0.0000001853333362
203 -0.0000002853333363
204 0.0000000146666637
205 -0.0000002853333363
206 -0.0000002853333363
207 -0.0000001853333362
208 -0.0000001853333362
209 -0.0000003853333361
210 -0.0000002853333363
211 -0.0000002853333363
212 0.0000000146666637
213 0.0000000146666637
214 0.0000000146666637
215 -0.0000001853333362
216 -0.0000001853333362
217 -0.0000001853333362
218 -0.0000003853333361
219 -0.0000001853333362
220 -0.0000003853333361
221 -0.0000001853333362
222 -0.0000001853333362
223 -0.0000003853333361
224 -0.0000001853333362
225 -0.0000002853333363
226 -0.0000002853333363
227 -0.0000003853333361
228 -0.0000001853333362
229 -0.0000001853333362
230 -0.0000001853333362
231 -0.0000001853333362
232 -0.0000002853333363
233 -0.0000001853333362
234 -0.0000001853333362
235 -0.0000001853333362
236 -0.0000001853333362
237 -0.0000001853333362
238 -0.0000002853333363
239 -0.0000001853333362
240 -0.0000001853333362
241 -0.0000001853333362
242 -0.0000002853333363
243 -0.0000001853333362
244 -0.0000003853333361
245 0.0000000146666637
246 -0.0000003853333361
247 -0.0000001853333362
248 -0.0000004853333362
249 -0.0000002853333363
250 -0.0000003853333361
251 -0.0000001853333362
252 -0.0000002853333363
253 -0.0000002853333363
254 -0.0000002853333363
255 -0.0000001853333362
256 -0.0000001853333362
257 -0.0000001853333362
258 -0.0000002853333363
259 -0.0000003853333361
260 -0.0000003853333361
261 -0.0000003853333361
262 -0.0000001853333362
263 -0.0000002853333363
264 -0.0000001853333362
265 -0.0000001853333362
266 -0.0000001853333362
267 -0.0000001853333362
268 -0.0000001853333362
269 -0.0000001853333362
270 -0.0000002853333363
271 -0.0000001853333362
272 -0.0000003853333361
273 -0.0000003853333361
274 -0.0000002853333363
275 -0.0000001853333362
276 -0.0000002853333363
277 -0.0000003853333361
278 -0.0000003853333361
279 -0.0000001853333362
280 -0.0000001853333362
281 -0.0000003853333361
282 -0.0000003853333361
283 -0.0000002853333363
284 -0.0000001853333362
285 -0.0000002853333363
286 -0.0000001853333362
287 -0.0000003853333361
288 0.0000000146666637
289 -0.0000003853333361
290 -0.0000001853333362
291 -0.0000002853333363
292 -0.0000001853333362
293 -0.0000002853333363
294 -0.0000003853333361
295 -0.0000004853333362
296 -0.0000001853333362
297 -0.0000001853333362
298 -0.0000003853333361
299 -0.0000002853333363
300 -0.0000002853333363
301 -0.0000001853333362
302 -0.0000003853333361
303 0.0000000146666637
304 -0.0000002853333363
305 -0.0000001853333362
306 -0.0000001853333362
307 -0.0000001853333362
308 -0.0000002853333363
309 -0.0000002853333363
310 -0.0000003853333361
311 -0.0000001853333362
312 -0.0000003853333361
313 -0.0000003853333361
314 -0.0000001853333362
315 -0.0000001853333362
316 -0.0000002853333363
317 -0.0000003853333361
318 -0.0000001853333362
319 -0.0000002853333363
320 -0.0000002853333363
321 -0.0000002853333363
322 -0.0000004853333362
323 -0.0000002853333363
324 -0.0000001853333362
325 -0.0000001853333362
326 -0.0000003853333361
327 -0.0000002853333363
328 -0.0000001853333362
329 -0.0000001853333362
330 -0.0000001853333362
331 -0.0000002853333363
332 -0.0000001853333362
333 -0.0000001853333362
334 -0.0000002853333363
335 -0.0000002853333363
336 -0.0000002853333363
337 -0.0000001853333362
338 -0.0000003853333361
339 -0.0000001853333362
340 -0.0000002853333363
341 -0.0000001853333362
342 -0.0000001853333362
343 -0.0000001853333362
344 -0.0000001853333362
345 -0.0000001853333362
346 -0.0000001853333362
347 -0.0000002853333363
348 -0.0000002853333363
349 -0.0000001853333362
350 -0.0000001853333362
351 -0.0000001853333362
352 0.0000000146666637
353 -0.0000002853333363
354 -0.0000002853333363
355 -0.0000002853333363
356 -0.0000001853333362
357 -0.0000001853333362
358 -0.0000003853333361
359 -0.0000002853333363
360 -0.0000003853333361
361 -0.0000002853333363
362 0.0000000146666637
363 -0.0000003853333361
364 0.0000000146666637
365 -0.0000003853333361
366 -0.0000001853333362
367 -0.0000001853333362
368 -0.0000001853333362
369 -0.0000002853333363
370 -0.0000001853333362
371 -0.0000002853333363
372 0.0000001146666637
373 -0.0000001853333362
374 0.0000000146666637
375 -0.0000002853333363
376 -0.0000003853333361
377 -0.0000001853333362
378 -0.0000002853333363
379 0.0000000146666637
380 -0.0000001853333362
381 0.0000000146666637
382 -0.0000002853333363
383 0.0000000146666637
384 -0.0000003853333361
385 -0.0000003853333361
386 -0.0000001853333362
387 -0.0000002853333363
388 -0.0000002853333363
389 -0.0000001853333362
390 -0.0000003853333361
391 -0.0000003853333361
392 -0.0000003853333361
393 -0.0000001853333362
394 -0.0000002853333363
395 -0.0000002853333363
396 -0.0000001853333362
397 -0.0000003853333361
398 0.0000000146666637
399 -0.0000001853333362
400 -0.0000001853333362
401 -0.0000002853333363
402 -0.0000003853333361
403 -0.0000001853333362
404 -0.0000003853333361
405 -0.0000002853333363
406 -0.0000002853333363
407 -0.0000002853333363
408 -0.0000003853333361
409 -0.0000003853333361
410 -0.0000001853333362
411 -0.0000002853333363
412 -0.0000001853333362
413 0.0000000146666637
414 -0.0000002853333363
415 -0.0000001853333362
416 -0.0000001853333362
417 -0.0000002853333363
418 -0.0000002853333363
419 -0.0000002853333363
420 -0.0000002853333363
421 -0.0000003853333361
422 -0.0000002853333363
423 -0.0000002853333363
424 -0.0000001853333362
425 -0.0000001853333362
426 -0.0000002853333363
427 -0.0000003853333361
428 -0.0000002853333363
429 -0.0000001853333362
430 -0.0000001853333362
431 -0.0000001853333362
432 -0.0000002853333363
433 -0.0000003853333361
434 -0.0000002853333363
435 -0.0000002853333363
436 -0.0000001853333362
437 -0.0000002853333363
438 -0.0000001853333362
439 -0.0000001853333362
440 -0.0000002853333363
441 -0.0000002853333363
442 -0.0000001853333362
443 -0.0000001853333362
444 -0.0000003853333361
445 -0.0000001853333362
446 0.0000000146666637
447 -0.0000003853333361
448 -0.0000003853333361
449 -0.0000002853333363
450 -0.0000002853333363
451 -0.0000002853333363
452 -0.0000001853333362
453 -0.0000001853333362
454 0.0000000146666637
455 -0.0000003853333361
456 -0.0000003853333361
457 -0.0000001853333362
458 -0.0000001853333362
459 0.0000001146666637
460 -0.0000001853333362
461 0.0000000146666637
462 -0.0000003853333361
463 -0.0000001853333362
464 -0.0000003853333361
465 -0.0000003853333361
466 -0.0000003853333361
467 -0.0000002853333363
468 -0.0000001853333362
469 0.0000000146666637
470 -0.0000001853333362
471 -0.0000001853333362
472 -0.0000003853333361
473 -0.0000003853333361
474 -0.0000001853333362
475 -0.0000001853333362
476 -0.0000003853333361
477 -0.0000002853333363
478 -0.0000002853333363
479 -0.0000002853333363
480 -0.0000001853333362
481 -0.0000002853333363
482 -0.0000001853333362
483 -0.0000002853333363
484 -0.0000001853333362
485 -0.0000001853333362
486 -0.0000001853333362
487 -0.0000002853333363
488 -0.0000001853333362
489 -0.0000001853333362
490 -0.0000001853333362
491 -0.0000002853333363
492 -0.0000002853333363
493 -0.0000002853333363
494 -0.0000001853333362
495 -0.0000002853333363
496 -0.0000002853333363
497 -0.0000001853333362
498 -0.0000001853333362
499 -0.0000002853333363
500 -0.0000001853333362
501 -0.0000001853333362
502 -0.0000001853333362
503 -0.0000001853333362
504 -0.0000002853333363
505 -0.0000001853333362
506 -0.0000001853333362
507 -0.0000002853333363
508 -0.0000002853333363
509 0.0000000146666637
510 0.0000001146666637
511 -0.0000001853333362
512 -0.0000003853333361
513 -0.0000001853333362
514 -0.0000003853333361
515 -0.0000001853333362
516 -0.0000001853333362
517 -0.0000001853333362
518 -0.0000001853333362
519 -0.0000001853333362
520 0.0000000146666637
521 -0.0000003853333361
522 -0.0000001853333362
523 -0.0000001853333362
524 -0.0000003853333361
525 -0.0000003853333361
526 -0.0000003853333361
527 0.0000000146666637
528 -0.0000001853333362
529 -0.0000003853333361
530 -0.0000001853333362
531 -0.0000003853333361
532 -0.0000001853333362
533 -0.0000003853333361
534 -0.0000003853333361
535 -0.0000001853333362
536 -0.0000002853333363
537 -0.0000001853333362
538 -0.0000001853333362
539 -0.0000001853333362
540 -0.0000003853333361
541 -0.0000001853333362
542 -0.0000003853333361
543 0.0000000146666637
544 -0.0000003853333361
545 -0.0000002853333363
546 -0.0000001853333362
547 -0.0000003853333361
548 -0.0000002853333363
549 -0.0000002853333363
550 -0.0000003853333361
551 -0.0000002853333363
552 -0.0000001853333362
553 -0.0000002853333363
554 -0.0000001853333362
555 -0.0000002853333363
556 -0.0000001853333362
557 -0.0000002853333363
558 -0.0000001853333362
559 -0.0000001853333362
560 -0.0000001853333362
561 -0.0000001853333362
562 -0.0000001853333362
563 -0.0000001853333362
564 -0.0000003853333361
565 -0.0000001853333362
566 -0.0000002853333363
567 -0.0000003853333361
568 -0.0000002853333363
569 -0.0000002853333363
570 0.0000000146666637
571 -0.0000001853333362
572 -0.0000002853333363
573 -0.0000001853333362
574 -0.0000001853333362
575 -0.0000003853333361
576 -0.0000001853333362
577 -0.0000003853333361
578 0.0000001146666637
579 -0.0000001853333362
580 -0.0000002853333363
581 -0.0000001853333362
582 -0.0000003853333361
583 -0.0000001853333362
584 -0.0000003853333361
585 -0.0000001853333362
586 -0.0000001853333362
587 -0.0000003853333361
588 -0.0000001853333362
589 -0.0000002853333363
590 -0.0000001853333362
591 -0.0000001853333362
592 -0.0000001853333362
593 -0.0000001853333362
594 -0.0000001853333362
595 -0.0000003853333361
596 -0.0000001853333362
597 -0.0000001853333362
598 -0.0000002853333363
599 -0.0000002853333363
600 -0.0000002853333363
