1 0.0567965973333333
2 0.0270836973333333
3 0.0247323973333333
4 0.0201339973333333
5 0.0159691973333333
6 0.0106139973333333
7 0.0078145973333333
8 0.0045685973333333
9 0.0020293973333333
10 0.0015717973333333
11 0.0020321973333333
12 -0.0015538026666667
13 -0.0023744026666667
14 -0.0026641026666667
15 -0.0024100026666667
16 -0.0029773026666667
17 -0.0037633026666667
18 -0.0038365026666667
19 -0.0041451026666667
20 -0.0055345026666667
21 -0.0049874026666667
22 -0.0057311026666667
23 -0.0048301026666667
24 -0.0053764026666667
25 -0.0057599026666667
26 -0.0055169026666667
27 -0.0050097026666667
28 -0.0051208026666667
29 -0.0044671026666667
30 -0.0052621026666667
31 -0.0057335026666667
32 -0.0066467026666667
33 -0.0067456026666667
34 -0.0064094026666667
35 -0.0069047026666667
36 -0.0062157026666667
37 -0.0060505026666667
38 -0.0059623026666667
39 -0.0058342026666667
40 -0.0054972026666667
41 -0.0054379026666667
42 -0.0047502026666667
43 -0.0040810026666667
44 -0.0041697026666667
45 -0.0046622026666667
46 -0.0042249026666667
47 -0.0042144026666667
48 -0.0037681026666667
49 -0.0031417026666667
50 -0.0035676026666667
51 -0.0036089026666667
52 -0.0042433026666667
53 -0.0043248026666667
54 -0.0045384026666667
55 -0.0042086026666667
56 -0.0032499026666667
57 -0.0044903026666667
58 -0.0049282026666667
59 -0.0048267026666667
60 -0.0050147026666667
61 -0.0043962026666667
62 -0.0049587026666667
63 -0.0047020026666667
64 -0.0042188026666667
65 -0.0050379026666667
66 -0.0046404026666667
67 -0.0043192026666667
68 -0.0041321026666667
69 -0.0049531026666667
70 -0.0058217026666667
71 -0.0053060026666667
72 -0.0044827026666667
73 -0.0055637026666667
74 -0.0052685026666667
75 -0.0052615026666667
76 -0.0046910026666667
77 -0.0045243026666667
78 -0.0043530026666667
79 -0.0053830026666667
80 -0.0048776026666667
81 -0.0050740026666667
82 -0.0045827026666667
83 -0.0045791026666667
84 -0.0043120026666667
85 -0.0035916026666667
86 -0.0043505026666667
87 -0.0054743026666667
88 -0.0051389026666667
89 -0.0052664026666667
90 -0.0045094026666667
91 -0.0051117026666667
92 -0.0057524026666667
93 -0.0054686026666667
94 -0.0049421026666667
95 -0.0054512026666667
96 -0.0055980026666667
97 -0.0054010026666667
98 -0.0054805026666667
99 -0.0049733026666667
100 -0.0051169026666667
101 -0.0050566026666667
102 -0.0046933026666667
103 -0.0035690026666667
104 -0.0048611026666667
105 -0.0042319026666667
106 -0.0037830026666667
107 -0.0049906026666667
108 -0.0045766026666667
109 -0.0046601026666667
110 -0.0047626026666667
111 -0.0049330026666667
112 -0.0048293026666667
113 -0.0045750026666667
114 -0.0040502026666667
115 -0.0038499026666667
116 -0.0040065026666667
117 -0.0046376026666667
118 -0.0045565026666667
119 -0.0046914026666667
120 -0.0045935026666667
121 -0.0052075026666667
122 -0.0055664026666667
123 -0.0063692026666667
124 -0.0055707026666667
125 -0.0056620026666667
126 -0.0054492026666667
127 -0.0054130026666667
128 -0.0058077026666667
129 -0.0051642026666667
130 -0.0058408026666667
131 -0.0052917026666667
132 -0.0050984026666667
133 -0.0045747026666667
134 -0.0054805026666667
135 -0.0052418026666667
136 -0.0044590026666667
137 -0.0046762026666667
138 -0.0054389026666667
139 -0.0048657026666667
140 -0.0045960026666667
141 -0.0047860026666667
142 -0.0046891026666667
143 -0.0046151026666667
144 -0.0043424026666667
145 -0.0048930026666667
146 -0.0034062026666667
147 -0.0036975026666667
148 -0.0031726026666667
149 -0.0035606026666667
150 -0.0035052026666667
151 -0.0037866026666667
152 -0.0037942026666667
153 -0.0042738026666667
154 -0.0036293026666667
155 -0.0050910026666667
156 -0.0052486026666667
157 -0.0051272026666667
158 -0.0054236026666667
159 -0.0049831026666667
160 -0.0048008026666667
161 -0.0062716026666667
162 -0.0056421026666667
163 -0.0057495026666667
164 -0.0056425026666667
165 -0.0055036026666667
166 -0.0050468026666667
167 -0.0045778026666667
168 -0.0045500026666667
169 -0.0051429026666667
170 -0.0047871026666667
171 -0.0051051026666667
172 -0.0048195026666667
173 -0.0050177026666667
174 -0.0041277026666667
175 -0.0051056026666667
176 -0.0042881026666667
177 -0.0056629026666667
178 -0.0050311026666667
179 -0.0051646026666667
180 -0.0047389026666667
181 -0.0042432026666667
182 -0.0050757026666667
183 -0.0048530026666667
184 -0.0049817026666667
185 -0.0046475026666667
186 -0.0048691026666667
187 -0.0053482026666667
188 -0.0051500026666667
189 -0.0050800026666667
190 -0.0058841026666667
191 -0.0057093026666667
192 -0.0054778026666667
193 -0.0044194026666667
194 -0.0042865026666667
195 -0.0038816026666667
196 -0.0038782026666667
197 -0.0042700026666667
198 -0.0048985026666667
199 -0.0048798026666667
200 -0.0048044026666667
201 -0.0048162026666667
202 -0.0049209026666667
203 -0.0042863026666667
204 -0.0041474026666667
205 -0.0034243026666667
206 -0.0049104026666667
207 -0.0040762026666667
208 -0.0036473026666667
209 -0.0035415026666667
210 -0.0038584026666667
211 -0.0040337026666667
212 -0.0041424026666667
213 -0.0038442026666667
214 -0.0037792026666667
215 -0.0037204026666667
216 -0.0042660026666667
217 -0.0039209026666667
218 -0.0040130026666667
219 -0.0039978026666667
220 -0.0035961026666667
221 -0.0041941026666667
222 -0.0041515026666667
223 -0.0055022026666667
224 -0.0045082026666667
225 -0.0055887026666667
226 -0.0043274026666667
227 -0.0040134026666667
228 -0.0046783026666667
229 -0.0039338026666667
230 -0.0043723026666667
231 -0.0038636026666667
232 -0.0045458026666667
233 -0.0050708026666667
234 -0.0039755026666667
235 -0.0043197026666667
236 -0.0040581026666667
237 -0.0036673026666667
238 -0.0034380026666667
239 -0.0033910026666667
240 -0.0032103026666667
241 -0.0045854026666667
242 -0.0046154026666667
243 -0.0048343026666667
244 -0.0056102026666667
245 -0.0051049026666667
246 -0.0056020026666667
247 -0.0049864026666667
248 -0.0052133026666667
249 -0.0045474026666667
250 -0.0051239026666667
251 -0.0045485026666667
252 -0.0060050026666667
253 -0.0059781026666667
254 -0.0052860026666667
255 -0.0060547026666667
256 -0.0057837026666667
257 -0.0060762026666667
258 -0.0050065026666667
259 -0.0056722026666667
260 -0.0050921026666667
261 -0.0052814026666667
262 -0.0059312026666667
263 -0.0060431026666667
264 -0.0052566026666667
265 -0.0056308026666667
266 -0.0050439026666667
267 -0.0049460026666667
268 -0.0046518026666667
269 -0.0049478026666667
270 -0.0046977026666667
271 -0.0045318026666667
272 -0.0038651026666667
273 -0.0052035026666667
274 -0.0045853026666667
275 -0.0040482026666667
276 -0.0044413026666667
277 -0.0044106026666667
278 -0.0039674026666667
279 -0.0044606026666667
280 -0.0033824026666667
281 -0.0041916026666667
282 -0.0041045026666667
283 -0.0048980026666667
284 -0.0045823026666667
285 -0.0046854026666667
286 -0.0048443026666667
287 -0.0049007026666667
288 -0.0054143026666667
289 -0.0052892026666667
290 -0.0058620026666667
291 -0.0052096026666667
292 -0.0055831026666667
293 -0.0052242026666667
294 -0.0054876026666667
295 -0.0052578026666667
296 -0.0053222026666667
297 -0.0047110026666667
298 -0.0046937026666667
299 -0.0040254026666667
300 -0.0041047026666667
301 -0.0044676026666667
302 -0.0049705026666667
303 -0.0040032026666667
304 -0.0038053026666667
305 -0.0048020026666667
306 -0.0042654026666667
307 -0.0048340026666667
308 -0.0042886026666667
309 -0.0043691026666667
310 -0.0048266026666667
311 -0.0048319026666667
312 -0.0052692026666667
313 -0.0058856026666667
314 -0.0047859026666667
315 -0.0048456026666667
316 -0.0047436026666667
317 -0.0054004026666667
318 -0.0046887026666667
319 -0.0050685026666667
320 -0.0053139026666667
321 -0.0050633026666667
322 -0.0053881026666667
323 -0.0051487026666667
324 -0.0055744026666667
325 -0.0056666026666667
326 -0.0045457026666667
327 -0.0056843026666667
328 -0.0053752026666667
329 -0.0051192026666667
330 -0.0052156026666667
331 -0.0052034026666667
332 -0.0049000026666667
333 -0.0051908026666667
334 -0.0046576026666667
335 -0.0055507026666667
336 -0.0047912026666667
337 -0.0045948026666667
338 -0.0046177026666667
339 -0.0051380026666667
340 -0.0047172026666667
341 -0.0043951026666667
342 -0.0050539026666667
343 -0.0055429026666667
344 -0.0055855026666667
345 -0.0050974026666667
346 -0.0055643026666667
347 -0.0052738026666667
348 -0.0050818026666667
349 -0.0051956026666667
350 -0.0049171026666667
351 -0.0046889026666667
352 -0.0047996026666667
353 -0.0055850026666667
354 -0.0060192026666667
355 -0.0055526026666667
356 -0.0057983026666667
357 -0.0057377026666667
358 -0.0056418026666667
359 -0.0055824026666667
360 -0.0052069026666667
361 -0.0043226026666667
362 -0.0049638026666667
363 -0.0049390026666667
364 -0.0050376026666667
365 -0.0039407026666667
366 -0.0038293026666667
367 -0.0042890026666667
368 -0.0036336026666667
369 -0.0030928026666667
370 -0.0036612026666667
371 -0.0042123026666667
372 -0.0046084026666667
373 -0.0045318026666667
374 -0.0038327026666667
375 -0.0032741026666667
376 -0.0043458026666667
377 -0.0037867026666667
378 -0.0034914026666667
379 -0.0038838026666667
380 -0.0035645026666667
381 -0.0035539026666667
382 -0.0046124026666667
383 -0.0046814026666667
384 -0.0046767026666667
385 -0.0052357026666667
386 -0.0051991026666667
387 -0.0051735026666667
388 -0.0054062026666667
389 -0.0052908026666667
390 -0.0057277026666667
391 -0.0056864026666667
392 -0.0050872026666667
393 -0.0043570026666667
394 -0.0038750026666667
395 -0.0035637026666667
396 -0.0040220026666667
397 -0.0047229026666667
398 -0.0049363026666667
399 -0.0050074026666667
400 -0.0050876026666667
401 -0.0045958026666667
402 -0.0049762026666667
403 -0.0051143026666667
404 -0.0049958026666667
405 -0.0049394026666667
406 -0.0044016026666667
407 -0.0040734026666667
408 -0.0038101026666667
409 -0.0026440026666667
410 -0.0037015026666667
411 -0.0038826026666667
412 -0.0050573026666667
413 -0.0050684026666667
414 -0.0052632026666667
415 -0.0047109026666667
416 -0.0047221026666667
417 -0.0048702026666667
418 -0.0033386026666667
419 -0.0038991026666667
420 -0.0039309026666667
421 -0.0038260026666667
422 -0.0041008026666667
423 -0.0035933026666667
424 -0.0039925026666667
425 -0.0037027026666667
426 -0.0034516026666667
427 -0.0037426026666667
428 -0.0035331026666667
429 -0.0027761026666667
430 -0.0025193026666667
431 -0.0032422026666667
432 -0.0030489026666667
433 -0.0034598026666667
434 -0.0031857026666667
435 -0.0032298026666667
436 -0.0031409026666667
437 -0.0027673026666667
438 -0.0034798026666667
439 -0.0034831026666667
440 -0.0033224026666667
441 -0.0033372026666667
442 -0.0036322026666667
443 -0.0038885026666667
444 -0.0042483026666667
445 -0.0039782026666667
446 -0.0047856026666667
447 -0.0045424026666667
448 -0.0044245026666667
449 -0.0058444026666667
450 -0.0051272026666667
451 -0.0049233026666667
452 -0.0056177026666667
453 -0.0060831026666667
454 -0.0057250026666667
455 -0.0059748026666667
456 -0.0053211026666667
457 -0.0044606026666667
458 -0.0045643026666667
459 -0.0050109026666667
460 -0.0046675026666667
461 -0.0053037026666667
462 -0.0047468026666667
463 -0.0046394026666667
464 -0.0050727026666667
465 -0.0052921026666667
466 -0.0049435026666667
467 -0.0050496026666667
468 -0.0049654026666667
469 -0.0048705026666667
470 -0.0044602026666667
471 -0.0039633026666667
472 -0.0052611026666667
473 -0.0055830026666667
474 -0.0050585026666667
475 -0.0049902026666667
476 -0.0051280026666667
477 -0.0046447026666667
478 -0.0056889026666667
479 -0.0051722026666667
480 -0.0052080026666667
481 -0.0052822026666667
482 -0.0050139026666667
483 -0.0045160026666667
484 -0.0035995026666667
485 -0.0028629026666667
486 -0.0039311026666667
487 -0.0034948026666667
488 -0.0039765026666667
489 -0.0044194026666667
490 -0.0046813026666667
491 -0.0047737026666667
492 -0.0051351026666667
493 -0.0049006026666667
494 -0.0046369026666667
495 -0.0044018026666667
496 -0.0037855026666667
497 -0.0042679026666667
498 -0.0039830026666667
499 -0.0044300026666667
500 -0.0044092026666667
501 -0.0043745026666667
502 -0.0046426026666667
503 -0.0039374026666667
504 -0.0039088026666667
505 -0.0050370026666667
506 -0.0048709026666667
507 -0.0047714026666667
508 -0.0051559026666667
509 -0.0056639026666667
510 -0.0052673026666667
511 -0.0055064026666667
512 -0.0054966026666667
513 -0.0053001026666667
514 -0.0052402026666667
515 -0.0044913026666667
516 -0.0056051026666667
517 -0.0055849026666667
518 -0.0051890026666667
519 -0.0058487026666667
520 -0.0057782026666667
521 -0.0058590026666667
522 -0.0049491026666667
523 -0.0045369026666667
524 -0.0052235026666667
525 -0.0060500026666667
526 -0.0059573026666667
527 -0.0061337026666667
528 -0.0048649026666667
529 -0.0053548026666667
530 -0.0057745026666667
531 -0.0060281026666667
532 -0.0057980026666667
533 -0.0056720026666667
534 -0.0048083026666667
535 -0.0046407026666667
536 -0.0047117026666667
537 -0.0036995026666667
538 -0.0030441026666667
539 -0.0032436026666667
540 -0.0035792026666667
541 -0.0034842026666667
542 -0.0035885026666667
543 -0.0042743026666667
544 -0.0033196026666667
545 -0.0031516026666667
546 -0.0038042026666667
547 -0.0038715026666667
548 -0.0038261026666667
549 -0.0040978026666667
550 -0.0042105026666667
551 -0.0040418026666667
552 -0.0042804026666667
553 -0.0046070026666667
554 -0.0056972026666667
555 -0.0055317026666667
556 -0.0057480026666667
557 -0.0055526026666667
558 -0.0063643026666667
559 -0.0061845026666667
560 -0.0056265026666667
561 -0.0059073026666667
562 -0.0060516026666667
563 -0.0056741026666667
564 -0.0044028026666667
565 -0.0048818026666667
566 -0.0050774026666667
567 -0.0043497026666667
568 -0.0048206026666667
569 -0.0053564026666667
570 -0.0041072026666667
571 -0.0040598026666667
572 -0.0029673026666667
573 -0.0033347026666667
574 -0.0041306026666667
575 -0.0043194026666667
576 -0.0040627026666667
577 -0.0042081026666667
578 -0.0041469026666667
579 -0.0051654026666667
580 -0.0044864026666667
581 -0.0050820026666667
582 -0.0050120026666667
583 -0.0053229026666667
584 -0.0052835026666667
585 -0.0061119026666667
586 -0.0057372026666667
587 -0.0053176026666667
588 -0.0055950026666667
589 -0.0055957026666667
590 -0.0053451026666667
591 -0.0051274026666667
592 -0.0058845026666667
593 -0.0053107026666667
594 -0.0052490026666667
595 -0.0056597026666667
596 -0.0058735026666667
597 -0.0053814026666667
598 -0.0056047026666667
599 -0.0060978026666667
600 -0.0059282026666667
