1 0.5423000146666666
2 0.3931067146666666
3 0.2848201146666666
4 0.2297198146666666
5 0.1709630146666666
6 0.1070895146666666
7 0.0759947146666666
8 0.0804409146666666
9 0.0580122146666666
10 0.0397254146666666
11 0.0212556146666666
12 0.0267572146666666
13 0.0314801146666666
14 0.0138909146666666
15 0.0081296146666666
16 0.0055712146666666
17 0.0001069146666666
18 -0.0181945853333334
19 -0.0239752853333334
20 -0.0180060853333334
21 -0.0113513853333334
22 -0.0075970853333334
23 -0.0070121853333334
24 -0.0151912853333334
25 -0.0303131853333334
26 -0.0277597853333334
27 -0.0246014853333334
28 -0.0261403853333334
29 -0.0116869853333334
30 -0.0125241853333334
31 -0.0176081853333334
32 -0.0199572853333334
33 -0.0147101853333334
34 -0.0130438853333334
35 -0.0172815853333334
36 -0.0240367853333334
37 -0.0145355853333334
38 -0.0142216853333334
39 -0.0181073853333334
40 -0.0164023853333334
41 -0.0062247853333334
42 -0.0103602853333334
43 -0.0129733853333334
44 -0.0022725853333334
45 0.0026784146666666
46 -0.0075467853333334
47 -0.0098569853333334
48 -0.0017565853333334
49 -0.0055368853333334
50 -0.0140642853333334
51 -0.0080376853333334
52 -0.0030260853333334
53 -0.0030021853333334
54 0.0047713146666666
55 0.0081088146666666
56 0.0011175146666666
57 -0.0049882853333334
58 0.0005328146666666
59 0.0085569146666666
60 0.0293273146666666
61 0.0216193146666666
62 0.0092473146666666
63 0.0051915146666666
64 0.0139687146666666
65 0.0215355146666666
66 0.0226565146666666
67 0.0241676146666666
68 0.0313093146666666
69 0.0174607146666666
70 0.0131774146666666
71 0.0333577146666666
72 0.0408564146666666
73 0.0288913146666666
74 0.0221271146666666
75 0.0249210146666666
76 0.0196662146666666
77 0.0144939146666666
78 -0.0025029853333334
79 -0.0070235853333334
80 -0.0021545853333334
81 0.0051893146666666
82 -0.0065411853333334
83 -0.0103527853333334
84 -0.0129654853333334
85 -0.0147135853333334
86 -0.0132665853333334
87 -0.0087326853333334
88 -0.0051686853333334
89 -0.0031133853333334
90 0.0098143146666666
91 0.0247379146666666
92 0.0144226146666666
93 -0.0003104853333334
94 0.0055297146666666
95 0.0093505146666666
96 0.0099778146666666
97 0.0053376146666666
98 0.0009768146666666
99 0.0244794146666666
100 0.0181211146666666
101 0.0126939146666666
102 0.0162120146666666
103 0.0165641146666666
104 0.0109393146666666
105 0.0120442146666666
106 0.0101864146666666
107 -0.0052718853333334
108 -0.0070015853333334
109 -0.0092894853333334
110 -0.0117769853333334
111 -0.0225592853333334
112 -0.0309147853333334
113 -0.0239787853333334
114 -0.0155117853333334
115 -0.0103835853333334
116 -0.0218038853333334
117 -0.0271116853333334
118 -0.0259763853333334
119 -0.0154343853333334
120 -0.0123463853333334
121 -0.0056605853333334
122 -0.0025023853333334
123 -0.0122765853333334
124 -0.0120065853333334
125 0.0029705146666666
126 0.0011838146666666
127 -0.0062975853333334
128 -0.0078412853333334
129 -0.0039297853333334
130 -0.0008456853333334
131 0.0023079146666666
132 0.0027885146666666
133 -0.0052242853333334
134 0.0015482146666666
135 0.0132207146666666
136 0.0114652146666666
137 0.0123119146666666
138 0.0225665146666666
139 0.0211599146666666
140 0.0126920146666666
141 0.0251543146666666
142 0.0367903146666666
143 0.0208556146666666
144 0.0059135146666666
145 0.0142719146666666
146 0.0135580146666666
147 0.0104839146666666
148 0.0065607146666666
149 0.0077751146666666
150 -0.0086339853333334
151 -0.0243122853333334
152 -0.0198723853333334
153 -0.0083363853333334
154 -0.0097062853333334
155 -0.0119828853333334
156 -0.0158186853333334
157 -0.0134183853333334
158 -0.0128783853333334
159 -0.0138255853333334
160 -0.0180802853333334
161 -0.0235661853333334
162 -0.0283338853333334
163 -0.0307457853333334
164 -0.0321713853333334
165 -0.0227431853333334
166 -0.0200474853333334
167 -0.0133694853333334
168 -0.0105662853333334
169 -0.0115699853333334
170 -0.0114085853333334
171 -0.0126565853333334
172 -0.0172511853333334
173 -0.0222393853333334
174 -0.0234048853333334
175 -0.0106378853333334
176 0.0006779146666666
177 -0.0042435853333334
178 -0.0080951853333334
179 0.0080693146666666
180 0.0215039146666666
181 0.0111650146666666
182 -0.0028711853333334
183 -0.0056801853333334
184 -0.0065726853333334
185 0.0000956146666666
186 0.0042363146666666
187 0.0012309146666666
188 -0.0147043853333334
189 -0.0197123853333334
190 -0.0110636853333334
191 -0.0158072853333334
192 -0.0123611853333334
193 -0.0104531853333334
194 -0.0191139853333334
195 -0.0312211853333334
196 -0.0301313853333334
197 -0.0229924853333334
198 -0.0185936853333334
199 -0.0171228853333334
200 -0.0189926853333334
201 -0.0224850853333334
202 -0.0177439853333334
203 -0.0174528853333334
204 -0.0249056853333334
205 -0.0273778853333334
206 -0.0250763853333334
207 -0.0205752853333334
208 -0.0196562853333334
209 -0.0191590853333334
210 -0.0119495853333334
211 0.0009499146666666
212 -0.0070047853333334
213 -0.0089126853333334
214 0.0030900146666666
215 0.0030010146666666
216 -0.0096451853333334
217 -0.0165881853333334
218 -0.0072300853333334
219 -0.0065596853333334
220 -0.0102909853333334
221 -0.0095530853333334
222 -0.0093129853333334
223 0.0058815146666666
224 0.0072851146666666
225 0.0143980146666666
226 0.0138491146666666
227 0.0129998146666666
228 0.0161735146666666
229 0.0122224146666666
230 0.0092027146666666
231 0.0012407146666666
232 0.0053302146666666
233 0.0122636146666666
234 0.0017266146666666
235 0.0006690146666666
236 0.0061445146666666
237 0.0057120146666666
238 -0.0010564853333334
239 -0.0159001853333334
240 -0.0100839853333334
241 -0.0019857853333334
242 0.0011061146666666
243 -0.0034818853333334
244 -0.0075863853333334
245 -0.0000366853333334
246 0.0110832146666666
247 0.0077309146666666
248 -0.0065947853333334
249 -0.0081125853333334
250 -0.0121851853333334
251 -0.0113233853333334
252 -0.0048700853333334
253 0.0036326146666666
254 0.0126148146666666
255 0.0206140146666666
256 0.0218110146666666
257 0.0145669146666666
258 0.0015851146666666
259 0.0063790146666666
260 0.0217772146666666
261 0.0125173146666666
262 0.0100204146666666
263 0.0098669146666666
264 0.0121958146666666
265 0.0130528146666666
266 0.0282536146666666
267 0.0306748146666666
268 0.0173415146666666
269 0.0098242146666666
270 0.0105192146666666
271 0.0047720146666666
272 -0.0005271853333334
273 0.0095358146666666
274 0.0180604146666666
275 0.0056717146666666
276 -0.0074926853333334
277 -0.0077155853333334
278 0.0008397146666666
279 -0.0015064853333334
280 -0.0090010853333334
281 -0.0056129853333334
282 -0.0057381853333334
283 -0.0040107853333334
284 -0.0046527853333334
285 0.0009663146666666
286 0.0035576146666666
287 0.0004023146666666
288 -0.0006168853333334
289 -0.0128163853333334
290 -0.0150424853333334
291 -0.0100663853333334
292 -0.0073762853333334
293 -0.0050006853333334
294 -0.0145733853333334
295 -0.0132209853333334
296 -0.0111820853333334
297 -0.0119838853333334
298 -0.0152840853333334
299 -0.0245747853333334
300 -0.0274604853333334
301 -0.0156923853333334
302 -0.0060252853333334
303 -0.0081972853333334
304 -0.0136873853333334
305 -0.0077371853333334
306 -0.0027657853333334
307 -0.0065464853333334
308 -0.0105188853333334
309 -0.0096049853333334
310 -0.0009515853333334
311 0.0025976146666666
312 0.0006085146666666
313 -0.0014997853333334
314 0.0001662146666666
315 0.0092201146666666
316 0.0049292146666666
317 -0.0059492853333334
318 -0.0174177853333334
319 -0.0289593853333334
320 -0.0263697853333334
321 -0.0282647853333334
322 -0.0222423853333334
323 -0.0179682853333334
324 -0.0154850853333334
325 -0.0016972853333334
326 -0.0028641853333334
327 -0.0069654853333334
328 -0.0061274853333334
329 -0.0045276853333334
330 -0.0067559853333334
331 -0.0084937853333334
332 -0.0012792853333334
333 0.0021927146666666
334 0.0049851146666666
335 0.0162849146666666
336 0.0015804146666666
337 -0.0096524853333334
338 -0.0216194853333334
339 -0.0280856853333334
340 -0.0289138853333334
341 -0.0243862853333334
342 -0.0246473853333334
343 -0.0260653853333334
344 -0.0153734853333334
345 -0.0051878853333334
346 -0.0139098853333334
347 -0.0242532853333334
348 -0.0161892853333334
349 -0.0127019853333334
350 -0.0114632853333334
351 -0.0042303853333334
352 -0.0051644853333334
353 -0.0003319853333334
354 0.0022390146666666
355 0.0062603146666666
356 0.0118082146666666
357 0.0056630146666666
358 -0.0044848853333334
359 -0.0103502853333334
360 -0.0138203853333334
361 -0.0172024853333334
362 -0.0128118853333334
363 -0.0020625853333334
364 -0.0019229853333334
365 0.0003771146666666
366 0.0033742146666666
367 0.0015333146666666
368 0.0026133146666666
369 -0.0119823853333334
370 -0.0181293853333334
371 -0.0172033853333334
372 -0.0191654853333334
373 -0.0137099853333334
374 -0.0014577853333334
375 -0.0009163853333334
376 -0.0050098853333334
377 -0.0134121853333334
378 -0.0076675853333334
379 -0.0042848853333334
380 -0.0072515853333334
381 -0.0038947853333334
382 -0.0037654853333334
383 0.0013189146666666
384 0.0061519146666666
385 0.0057868146666666
386 -0.0009758853333334
387 -0.0105908853333334
388 -0.0119150853333334
389 -0.0035160853333334
390 0.0008912146666666
391 -0.0120266853333334
392 -0.0096510853333334
393 0.0073780146666666
394 0.0182812146666666
395 0.0077561146666666
396 -0.0057290853333334
397 -0.0103810853333334
398 -0.0152665853333334
399 -0.0008582853333334
400 0.0032995146666666
401 0.0105313146666666
402 0.0191060146666666
403 0.0086089146666666
404 0.0023343146666666
405 0.0120970146666666
406 0.0181665146666666
407 0.0218813146666666
408 0.0092636146666666
409 0.0014771146666666
410 0.0012747146666666
411 -0.0040211853333334
412 -0.0022962853333334
413 -0.0012522853333334
414 -0.0047785853333334
415 -0.0073756853333334
416 0.0031185146666666
417 0.0007166146666666
418 -0.0029663853333334
419 -0.0014017853333334
420 0.0068144146666666
421 0.0012349146666666
422 0.0041196146666666
423 -0.0069291853333334
424 -0.0112215853333334
425 -0.0036576853333334
426 -0.0024568853333334
427 0.0026066146666666
428 0.0009635146666666
429 -0.0048313853333334
430 -0.0059908853333334
431 0.0062847146666666
432 0.0102483146666666
433 0.0033179146666666
434 -0.0007022853333334
435 0.0022897146666666
436 0.0001529146666666
437 -0.0104940853333334
438 -0.0085563853333334
439 -0.0077491853333334
440 -0.0107187853333334
441 -0.0133147853333334
442 -0.0133425853333334
443 -0.0054770853333334
444 -0.0052177853333334
445 -0.0072560853333334
446 -0.0095667853333334
447 -0.0059735853333334
448 -0.0079586853333334
449 -0.0123684853333334
450 -0.0122324853333334
451 -0.0020180853333334
452 -0.0025260853333334
453 -0.0125241853333334
454 -0.0213995853333334
455 -0.0182123853333334
456 -0.0091675853333334
457 -0.0059939853333334
458 -0.0122299853333334
459 -0.0139615853333334
460 -0.0103809853333334
461 -0.0035978853333334
462 -0.0021211853333334
463 -0.0064227853333334
464 -0.0121713853333334
465 -0.0078789853333334
466 -0.0078324853333334
467 -0.0041370853333334
468 0.0005257146666666
469 -0.0046483853333334
470 -0.0109629853333334
471 -0.0130500853333334
472 -0.0058083853333334
473 -0.0066173853333334
474 -0.0096571853333334
475 -0.0149484853333334
476 -0.0192359853333334
477 -0.0174563853333334
478 -0.0172478853333334
479 -0.0079149853333334
480 0.0056502146666666
481 0.0152057146666666
482 0.0102512146666666
483 0.0114896146666666
484 0.0066553146666666
485 0.0074124146666666
486 0.0094378146666666
487 0.0068744146666666
488 -0.0017423853333334
489 -0.0106028853333334
490 -0.0185885853333334
491 -0.0229736853333334
492 -0.0265438853333334
493 -0.0217369853333334
494 -0.0240268853333334
495 -0.0235220853333334
496 -0.0258819853333334
497 -0.0273118853333334
498 -0.0214124853333334
499 -0.0234815853333334
500 -0.0122709853333334
501 -0.0172805853333334
502 -0.0198273853333334
503 0.0027526146666666
504 0.0123146146666666
505 -0.0025926853333334
506 -0.0034960853333334
507 -0.0017442853333334
508 -0.0153150853333334
509 -0.0188650853333334
510 -0.0176482853333334
511 -0.0126169853333334
512 -0.0191998853333334
513 -0.0271992853333334
514 -0.0289873853333334
515 -0.0266993853333334
516 -0.0138411853333334
517 -0.0054101853333334
518 -0.0062246853333334
519 0.0029660146666666
520 0.0106372146666666
521 0.0100570146666666
522 0.0007815146666666
523 0.0110560146666666
524 0.0232278146666666
525 0.0097257146666666
526 -0.0002001853333334
527 0.0018251146666666
528 -0.0023187853333334
529 -0.0087927853333334
530 -0.0122568853333334
531 -0.0108649853333334
532 -0.0102877853333334
533 -0.0088476853333334
534 0.0008224146666666
535 -0.0075246853333334
536 -0.0153837853333334
537 -0.0048821853333334
538 -0.0004932853333334
539 -0.0112944853333334
540 -0.0243262853333334
541 -0.0316809853333334
542 -0.0271849853333334
543 -0.0224659853333334
544 -0.0244764853333334
545 -0.0099284853333334
546 -0.0129094853333334
547 -0.0227946853333334
548 -0.0208068853333334
549 -0.0148449853333334
550 -0.0126452853333334
551 -0.0138877853333334
552 -0.0155194853333334
553 -0.0159926853333334
554 -0.0134968853333334
555 -0.0060908853333334
556 -0.0057207853333334
557 -0.0153198853333334
558 -0.0144357853333334
559 -0.0188715853333334
560 -0.0251720853333334
561 -0.0212104853333334
562 -0.0226144853333334
563 -0.0189574853333334
564 -0.0098594853333334
565 -0.0003562853333334
566 -0.0006357853333334
567 0.0095031146666666
568 0.0097584146666666
569 0.0064601146666666
570 0.0031227146666666
571 0.0027541146666666
572 0.0084588146666666
573 0.0060844146666666
574 0.0054862146666666
575 0.0000096146666666
576 -0.0023928853333334
577 -0.0096416853333334
578 -0.0158892853333334
579 -0.0075891853333334
580 -0.0055966853333334
581 -0.0060307853333334
582 -0.0103239853333334
583 -0.0076981853333334
584 -0.0130352853333334
585 -0.0085177853333334
586 0.0018395146666666
587 0.0010706146666666
588 -0.0021491853333334
589 -0.0097193853333334
590 -0.0103019853333334
591 -0.0044768853333334
592 -0.0036253853333334
593 -0.0043421853333334
594 -0.0031691853333334
595 -0.0049358853333334
596 -0.0090237853333334
597 -0.0062350853333334
598 -0.0071869853333334
599 -0.0103632853333334
600 -0.0115791853333334
