1 0.0001711863333334
2 -0.0060291136666666
3 -0.0072967136666666
4 -0.0089667136666666
5 -0.0084179136666666
6 -0.0097389136666666
7 -0.0126137136666666
8 -0.0128265136666666
9 -0.0171890136666666
10 -0.0163919136666666
11 -0.0169407136666666
12 -0.0166498136666666
13 -0.0180843136666666
14 -0.0173652136666666
15 -0.0153354136666666
16 -0.0157578136666666
17 -0.0156445136666666
18 -0.0152214136666666
19 -0.0142085136666666
20 -0.0149994136666666
21 -0.0181109136666666
22 -0.0208448136666666
23 -0.0195673136666666
24 -0.0185240136666666
25 -0.0195038136666666
26 -0.0183126136666666
27 -0.0198395136666666
28 -0.0188464136666666
29 -0.0198573136666666
30 -0.0194578136666666
31 -0.0172266136666666
32 -0.0186779136666666
33 -0.0191586136666666
34 -0.0186491136666666
35 -0.0201404136666666
36 -0.0215165136666666
37 -0.0229349136666666
38 -0.0231544136666666
39 -0.0226146136666666
40 -0.0222164136666666
41 -0.0203434136666666
42 -0.0217294136666666
43 -0.0207604136666666
44 -0.0215434136666666
45 -0.0222191136666666
46 -0.0211507136666666
47 -0.0190440136666666
48 -0.0188752136666666
49 -0.0162442136666666
50 -0.0163319136666666
51 -0.0161370136666666
52 -0.0157031136666666
53 -0.0125640136666666
54 -0.0118712136666666
55 -0.0109433136666666
56 -0.0136325136666666
57 -0.0145855136666666
58 -0.0143234136666666
59 -0.0146805136666666
60 -0.0137611136666666
61 -0.0146431136666666
62 -0.0155090136666666
63 -0.0159077136666666
64 -0.0147258136666666
65 -0.0152111136666666
66 -0.0151053136666666
67 -0.0125974136666666
68 -0.0151815136666666
69 -0.0133668136666666
70 -0.0140336136666666
71 -0.0151539136666666
72 -0.0133487136666666
73 -0.0146428136666666
74 -0.0129784136666666
75 -0.0129822136666666
76 -0.0148834136666666
77 -0.0143146136666666
78 -0.0138792136666666
79 -0.0122895136666666
80 -0.0160769136666666
81 -0.0176871136666666
82 -0.0175103136666666
83 -0.0181783136666666
84 -0.0170503136666666
85 -0.0182503136666666
86 -0.0181176136666666
87 -0.0197768136666666
88 -0.0179689136666666
89 -0.0173969136666666
90 -0.0159882136666666
91 -0.0161822136666666
92 -0.0193916136666666
93 -0.0202670136666666
94 -0.0209146136666666
95 -0.0204254136666666
96 -0.0215884136666666
97 -0.0232357136666666
98 -0.0219604136666666
99 -0.0217663136666666
100 -0.0202617136666666
101 -0.0208369136666666
102 -0.0200324136666666
103 -0.0207833136666666
104 -0.0187783136666666
105 -0.0191558136666666
106 -0.0174088136666666
107 -0.0184448136666666
108 -0.0196591136666666
109 -0.0185877136666666
110 -0.0185489136666666
111 -0.0196618136666666
112 -0.0178266136666666
113 -0.0183299136666666
114 -0.0184678136666666
115 -0.0192782136666666
116 -0.0206372136666666
117 -0.0224314136666666
118 -0.0226212136666666
119 -0.0226789136666666
120 -0.0216557136666666
121 -0.0226956136666666
122 -0.0219428136666666
123 -0.0227161136666666
124 -0.0226920136666666
125 -0.0214000136666666
126 -0.0205611136666666
127 -0.0207933136666666
128 -0.0195683136666666
129 -0.0196022136666666
130 -0.0186941136666666
131 -0.0189723136666666
132 -0.0177504136666666
133 -0.0175850136666666
134 -0.0158424136666666
135 -0.0161974136666666
136 -0.0165178136666666
137 -0.0165074136666666
138 -0.0165405136666666
139 -0.0180979136666666
140 -0.0184445136666666
141 -0.0182195136666666
142 -0.0179093136666666
143 -0.0181534136666666
144 -0.0167727136666666
145 -0.0191260136666666
146 -0.0174006136666666
147 -0.0180723136666666
148 -0.0187812136666666
149 -0.0191492136666666
150 -0.0211859136666666
151 -0.0212086136666666
152 -0.0205784136666666
153 -0.0199761136666666
154 -0.0213139136666666
155 -0.0216699136666666
156 -0.0208897136666666
157 -0.0204087136666666
158 -0.0210937136666666
159 -0.0220237136666666
160 -0.0210058136666666
161 -0.0196875136666666
162 -0.0182485136666666
163 -0.0186069136666666
164 -0.0176089136666666
165 -0.0182294136666666
166 -0.0189742136666666
167 -0.0192528136666666
168 -0.0197220136666666
169 -0.0167482136666666
170 -0.0169163136666666
171 -0.0197768136666666
172 -0.0179626136666666
173 -0.0172838136666666
174 -0.0165658136666666
175 -0.0173388136666666
176 -0.0196669136666666
177 -0.0203698136666666
178 -0.0189667136666666
179 -0.0187649136666666
180 -0.0179274136666666
181 -0.0173592136666666
182 -0.0161995136666666
183 -0.0163851136666666
184 -0.0160259136666666
185 -0.0159133136666666
186 -0.0166703136666666
187 -0.0156708136666666
188 -0.0161575136666666
189 -0.0169073136666666
190 -0.0181130136666666
191 -0.0206989136666666
192 -0.0200127136666666
193 -0.0187063136666666
194 -0.0181220136666666
195 -0.0176776136666666
196 -0.0153140136666666
197 -0.0161224136666666
198 -0.0182777136666666
199 -0.0182324136666666
200 -0.0178574136666666
201 -0.0172995136666666
202 -0.0170890136666666
203 -0.0196538136666666
204 -0.0191706136666666
205 -0.0170570136666666
206 -0.0150575136666666
207 -0.0138493136666666
208 -0.0153548136666666
209 -0.0145149136666666
210 -0.0135531136666666
211 -0.0122733136666666
212 -0.0112146136666666
213 -0.0121697136666666
214 -0.0105090136666666
215 -0.0114409136666666
216 -0.0109119136666666
217 -0.0120860136666666
218 -0.0117156136666666
219 -0.0137730136666666
220 -0.0162151136666666
221 -0.0172626136666666
222 -0.0170368136666666
223 -0.0179672136666666
224 -0.0176219136666666
225 -0.0185708136666666
226 -0.0182375136666666
227 -0.0159399136666666
228 -0.0158406136666666
229 -0.0180362136666666
230 -0.0186588136666666
231 -0.0184062136666666
232 -0.0188396136666666
233 -0.0204034136666666
234 -0.0215490136666666
235 -0.0205492136666666
236 -0.0184846136666666
237 -0.0189924136666666
238 -0.0185798136666666
239 -0.0190331136666666
240 -0.0192282136666666
241 -0.0183456136666666
242 -0.0172358136666666
243 -0.0176902136666666
244 -0.0154772136666666
245 -0.0144832136666666
246 -0.0152647136666666
247 -0.0140953136666666
248 -0.0138634136666666
249 -0.0148087136666666
250 -0.0148940136666666
251 -0.0156325136666666
252 -0.0171930136666666
253 -0.0174146136666666
254 -0.0161627136666666
255 -0.0153797136666666
256 -0.0157608136666666
257 -0.0174929136666666
258 -0.0179466136666666
259 -0.0180888136666666
260 -0.0173961136666666
261 -0.0165576136666666
262 -0.0148414136666666
263 -0.0133770136666666
264 -0.0139766136666666
265 -0.0119050136666666
266 -0.0133637136666666
267 -0.0145375136666666
268 -0.0129565136666666
269 -0.0134036136666666
270 -0.0149673136666666
271 -0.0125611136666666
272 -0.0131815136666666
273 -0.0143158136666666
274 -0.0133919136666666
275 -0.0143226136666666
276 -0.0168740136666666
277 -0.0179971136666666
278 -0.0184923136666666
279 -0.0198960136666666
280 -0.0207943136666666
281 -0.0205333136666666
282 -0.0212863136666666
283 -0.0210425136666666
284 -0.0197008136666666
285 -0.0198744136666666
286 -0.0194185136666666
287 -0.0194474136666666
288 -0.0192490136666666
289 -0.0185945136666666
290 -0.0196605136666666
291 -0.0181796136666666
292 -0.0175512136666666
293 -0.0193238136666666
294 -0.0191345136666666
295 -0.0205830136666666
296 -0.0181685136666666
297 -0.0185678136666666
298 -0.0187526136666666
299 -0.0201333136666666
300 -0.0196283136666666
301 -0.0193103136666666
302 -0.0192462136666666
303 -0.0173091136666666
304 -0.0184229136666666
305 -0.0181820136666666
306 -0.0190414136666666
307 -0.0184767136666666
308 -0.0185664136666666
309 -0.0185734136666666
310 -0.0208126136666666
311 -0.0189440136666666
312 -0.0176633136666666
313 -0.0172350136666666
314 -0.0169376136666666
315 -0.0179405136666666
316 -0.0170099136666666
317 -0.0162608136666666
318 -0.0197664136666666
319 -0.0196172136666666
320 -0.0211956136666666
321 -0.0210115136666666
322 -0.0217176136666666
323 -0.0212291136666666
324 -0.0210381136666666
325 -0.0208643136666666
326 -0.0206322136666666
327 -0.0213468136666666
328 -0.0195899136666666
329 -0.0212055136666666
330 -0.0217756136666666
331 -0.0205968136666666
332 -0.0194321136666666
333 -0.0183638136666666
334 -0.0188806136666666
335 -0.0200389136666666
336 -0.0188406136666666
337 -0.0175631136666666
338 -0.0185301136666666
339 -0.0201717136666666
340 -0.0206957136666666
341 -0.0211290136666666
342 -0.0221344136666666
343 -0.0210289136666666
344 -0.0225923136666666
345 -0.0216779136666666
346 -0.0214732136666666
347 -0.0223507136666666
348 -0.0216030136666666
349 -0.0210743136666666
350 -0.0195562136666666
351 -0.0198088136666666
352 -0.0189239136666666
353 -0.0176559136666666
354 -0.0152018136666666
355 -0.0153944136666666
356 -0.0165183136666666
357 -0.0177734136666666
358 -0.0148936136666666
359 -0.0152877136666666
360 -0.0149947136666666
361 -0.0150524136666666
362 -0.0157400136666666
363 -0.0162285136666666
364 -0.0145550136666666
365 -0.0168060136666666
366 -0.0171586136666666
367 -0.0177330136666666
368 -0.0186128136666666
369 -0.0187222136666666
370 -0.0188032136666666
371 -0.0210791136666666
372 -0.0222101136666666
373 -0.0212254136666666
374 -0.0229607136666666
375 -0.0233929136666666
376 -0.0232665136666666
377 -0.0216525136666666
378 -0.0211001136666666
379 -0.0206802136666666
380 -0.0208706136666666
381 -0.0206446136666666
382 -0.0179579136666666
383 -0.0173679136666666
384 -0.0189877136666666
385 -0.0164668136666666
386 -0.0134272136666666
387 -0.0135731136666666
388 -0.0142679136666666
389 -0.0157822136666666
390 -0.0142177136666666
391 -0.0140958136666666
392 -0.0162459136666666
393 -0.0164045136666666
394 -0.0150533136666666
395 -0.0137224136666666
396 -0.0139620136666666
397 -0.0158423136666666
398 -0.0172511136666666
399 -0.0160965136666666
400 -0.0152469136666666
401 -0.0155449136666666
402 -0.0183135136666666
403 -0.0194626136666666
404 -0.0186822136666666
405 -0.0184695136666666
406 -0.0188457136666666
407 -0.0183114136666666
408 -0.0169935136666666
409 -0.0160436136666666
410 -0.0164986136666666
411 -0.0158448136666666
412 -0.0152607136666666
413 -0.0168086136666666
414 -0.0163202136666666
415 -0.0160763136666666
416 -0.0186050136666666
417 -0.0203069136666666
418 -0.0187038136666666
419 -0.0163313136666666
420 -0.0166546136666666
421 -0.0186590136666666
422 -0.0196260136666666
423 -0.0201426136666666
424 -0.0207079136666666
425 -0.0203246136666666
426 -0.0204765136666666
427 -0.0202662136666666
428 -0.0188622136666666
429 -0.0185182136666666
430 -0.0198710136666666
431 -0.0197493136666666
432 -0.0193247136666666
433 -0.0192315136666666
434 -0.0189999136666666
435 -0.0170953136666666
436 -0.0190273136666666
437 -0.0194421136666666
438 -0.0198449136666666
439 -0.0194781136666666
440 -0.0180828136666666
441 -0.0174249136666666
442 -0.0186145136666666
443 -0.0167177136666666
444 -0.0183795136666666
445 -0.0180562136666666
446 -0.0160594136666666
447 -0.0152354136666666
448 -0.0152001136666666
449 -0.0134552136666666
450 -0.0139044136666666
451 -0.0160729136666666
452 -0.0151630136666666
453 -0.0173795136666666
454 -0.0168341136666666
455 -0.0164119136666666
456 -0.0167342136666666
457 -0.0197250136666666
458 -0.0185612136666666
459 -0.0188645136666666
460 -0.0184492136666666
461 -0.0193455136666666
462 -0.0206337136666666
463 -0.0200477136666666
464 -0.0196359136666666
465 -0.0185052136666666
466 -0.0180077136666666
467 -0.0184472136666666
468 -0.0159681136666666
469 -0.0169299136666666
470 -0.0165936136666666
471 -0.0167803136666666
472 -0.0175014136666666
473 -0.0187529136666666
474 -0.0175469136666666
475 -0.0181168136666666
476 -0.0155040136666666
477 -0.0163396136666666
478 -0.0173617136666666
479 -0.0172533136666666
480 -0.0177312136666666
481 -0.0183539136666666
482 -0.0196602136666666
483 -0.0170181136666666
484 -0.0184361136666666
485 -0.0179885136666666
486 -0.0179290136666666
487 -0.0184077136666666
488 -0.0167978136666666
489 -0.0155858136666666
490 -0.0166416136666666
491 -0.0158257136666666
492 -0.0134892136666666
493 -0.0145562136666666
494 -0.0146098136666666
495 -0.0146257136666666
496 -0.0141523136666666
497 -0.0136449136666666
498 -0.0154470136666666
499 -0.0151897136666666
500 -0.0141438136666666
501 -0.0165752136666666
502 -0.0174308136666666
503 -0.0168009136666666
504 -0.0168603136666666
505 -0.0166695136666666
506 -0.0195180136666666
507 -0.0157397136666666
508 -0.0176997136666666
509 -0.0185772136666666
510 -0.0169470136666666
511 -0.0172303136666666
512 -0.0156279136666666
513 -0.0174657136666666
514 -0.0171750136666666
515 -0.0153655136666666
516 -0.0151322136666666
517 -0.0161442136666666
518 -0.0171757136666666
519 -0.0180238136666666
520 -0.0176169136666666
521 -0.0172192136666666
522 -0.0174278136666666
523 -0.0181269136666666
524 -0.0205104136666666
525 -0.0212416136666666
526 -0.0218218136666666
527 -0.0218124136666666
528 -0.0200716136666666
529 -0.0183736136666666
530 -0.0189334136666666
531 -0.0206055136666666
532 -0.0216571136666666
533 -0.0243056136666666
534 -0.0246506136666666
535 -0.0254278136666666
536 -0.0254692136666666
537 -0.0241020136666666
538 -0.0237581136666666
539 -0.0226998136666666
540 -0.0224674136666666
541 -0.0240308136666666
542 -0.0227173136666666
543 -0.0206786136666666
544 -0.0198032136666666
545 -0.0212778136666666
546 -0.0195971136666666
547 -0.0187373136666666
548 -0.0201640136666666
549 -0.0199326136666666
550 -0.0217784136666666
551 -0.0203262136666666
552 -0.0214708136666666
553 -0.0208497136666666
554 -0.0222072136666666
555 -0.0215306136666666
556 -0.0225035136666666
557 -0.0228075136666666
558 -0.0217170136666666
559 -0.0213291136666666
560 -0.0215564136666666
561 -0.0223088136666666
562 -0.0222619136666666
563 -0.0223350136666666
564 -0.0211649136666666
565 -0.0200088136666666
566 -0.0196494136666666
567 -0.0198718136666666
568 -0.0191223136666666
569 -0.0195292136666666
570 -0.0196397136666666
571 -0.0186144136666666
572 -0.0162915136666666
573 -0.0168822136666666
574 -0.0159478136666666
575 -0.0152107136666666
576 -0.0153400136666666
577 -0.0168475136666666
578 -0.0163579136666666
579 -0.0158913136666666
580 -0.0148285136666666
581 -0.0151464136666666
582 -0.0167189136666666
583 -0.0153612136666666
584 -0.0151898136666666
585 -0.0164930136666666
586 -0.0171350136666666
587 -0.0162144136666666
588 -0.0142145136666666
589 -0.0151635136666666
590 -0.0147570136666666
591 -0.0138687136666666
592 -0.0109907136666666
593 -0.0138109136666666
594 -0.0148433136666666
595 -0.0159992136666666
596 -0.0169793136666666
597 -0.0166971136666666
598 -0.0177303136666666
599 -0.0187320136666666
600 -0.0186135136666666
