1 0.8995081928333331
2 0.6875491928333329
3 0.4623794928333330
4 0.2937228928333330
5 0.1740123928333330
6 0.0983649928333330
7 0.0528310928333330
8 0.0072808928333330
9 -0.0249253071666670
10 -0.0357015071666670
11 -0.0292044071666670
12 -0.0215455071666670
13 -0.0288520071666670
14 -0.0348233071666670
15 -0.0346559071666670
16 -0.0249325071666670
17 -0.0019810071666670
18 0.0125196928333330
19 0.0140802928333330
20 0.0202351928333330
21 0.0203056928333330
22 0.0123063928333330
23 0.0180071928333330
24 0.0175940928333330
25 0.0181882928333330
26 0.0124596928333330
27 -0.0068271071666670
28 -0.0140712071666670
29 -0.0190035071666670
30 -0.0179012071666670
31 -0.0049646071666670
32 0.0090558928333330
33 0.0255200928333330
34 0.0357892928333330
35 0.0434727928333330
36 0.0423206928333330
37 0.0439281928333330
38 0.0461137928333330
39 0.0301161928333330
40 0.0225394928333330
41 0.0242938928333330
42 0.0165235928333330
43 0.0124789928333330
44 0.0120209928333330
45 0.0144113928333330
46 0.0183944928333330
47 0.0213003928333330
48 0.0169841928333330
49 0.0092169928333330
50 0.0057478928333330
51 0.0006920928333330
52 0.0033688928333330
53 0.0143655928333330
54 0.0255936928333330
55 0.0379741928333330
56 0.0422051928333330
57 0.0411563928333330
58 0.0354129928333330
59 0.0213086928333330
60 0.0092233928333330
61 0.0033338928333330
62 0.0100909928333330
63 0.0222074928333330
64 0.0307679928333330
65 0.0220131928333330
66 0.0061473928333330
67 0.0009388928333330
68 0.0057900928333330
69 0.0032082928333330
70 0.0064246928333330
71 0.0084325928333330
72 0.0117532928333330
73 0.0209799928333330
74 0.0159660928333330
75 -0.0008278071666670
76 -0.0141164071666670
77 -0.0113442071666670
78 -0.0003363071666670
79 0.0078852928333330
80 0.0062205928333330
81 -0.0022131071666670
82 -0.0117857071666670
83 -0.0053036071666670
84 0.0136068928333330
85 0.0176828928333330
86 0.0019536928333330
87 -0.0083997071666670
88 -0.0190989071666670
89 -0.0369167071666670
90 -0.0493374071666670
91 -0.0561266071666670
92 -0.0584439071666670
93 -0.0538490071666670
94 -0.0424046071666670
95 -0.0211624071666670
96 0.0027972928333330
97 0.0078365928333330
98 -0.0066722071666670
99 -0.0087820071666670
100 -0.0029123071666670
101 0.0065676928333330
102 0.0121643928333330
103 0.0138630928333330
104 0.0090715928333330
105 -0.0070442071666670
106 -0.0171068071666670
107 -0.0154717071666670
108 -0.0220078071666670
109 -0.0280036071666670
110 -0.0251384071666670
111 -0.0241390071666670
112 -0.0261059071666670
113 -0.0229193071666670
114 -0.0230927071666670
115 -0.0399667071666670
116 -0.0439001071666670
117 -0.0330075071666670
118 -0.0367603071666670
119 -0.0400433071666670
120 -0.0316673071666670
121 -0.0330166071666670
122 -0.0336831071666670
123 -0.0269318071666670
124 -0.0175253071666670
125 -0.0016807071666670
126 0.0055201928333330
127 0.0093304928333330
128 0.0130549928333330
129 0.0203578928333330
130 0.0315923928333330
131 0.0486403928333330
132 0.0703408928333330
133 0.0764436928333330
134 0.0565723928333330
135 0.0361096928333330
136 0.0250504928333330
137 0.0181851928333330
138 0.0126369928333330
139 0.0121753928333330
140 0.0198574928333330
141 0.0258642928333330
142 0.0162401928333330
143 -0.0003384071666670
144 -0.0063214071666670
145 -0.0085060071666670
146 -0.0008820071666670
147 0.0142134928333330
148 0.0155381928333330
149 0.0087114928333330
150 0.0053903928333330
151 0.0041210928333330
152 0.0010919928333330
153 -0.0017635071666670
154 -0.0024138071666670
155 0.0077207928333330
156 0.0243842928333330
157 0.0367595928333330
158 0.0503376928333330
159 0.0614778928333330
160 0.0512571928333330
161 0.0242215928333330
162 0.0128531928333330
163 0.0223900928333330
164 0.0228570928333330
165 0.0179171928333330
166 0.0157009928333330
167 0.0001302928333330
168 -0.0181502071666670
169 -0.0179435071666670
170 -0.0115734071666670
171 -0.0040153071666670
172 -0.0078336071666670
173 -0.0172017071666670
174 -0.0159534071666670
175 -0.0048393071666670
176 0.0062819928333330
177 0.0228355928333330
178 0.0313511928333330
179 0.0157649928333330
180 -0.0037335071666670
181 -0.0129838071666670
182 -0.0154907071666670
183 -0.0124872071666670
184 -0.0052007071666670
185 -0.0009882071666670
186 0.0034447928333330
187 0.0155811928333330
188 0.0344123928333330
189 0.0512922928333330
190 0.0462853928333330
191 0.0188693928333330
192 0.0094311928333330
193 0.0223099928333330
194 0.0272701928333330
195 0.0152097928333330
196 -0.0001863071666670
197 -0.0109714071666670
198 -0.0238869071666670
199 -0.0270307071666670
200 -0.0195086071666670
201 -0.0110737071666670
202 -0.0114839071666670
203 -0.0236727071666670
204 -0.0348164071666670
205 -0.0271951071666670
206 -0.0191607071666670
207 -0.0092046071666670
208 0.0092365928333330
209 0.0287552928333330
210 0.0502160928333330
211 0.0584052928333330
212 0.0510329928333330
213 0.0395077928333330
214 0.0392507928333330
215 0.0318200928333330
216 0.0031471928333330
217 -0.0104371071666670
218 -0.0002920071666670
219 0.0235408928333330
220 0.0442415928333330
221 0.0559405928333330
222 0.0596182928333330
223 0.0460380928333330
224 0.0346096928333330
225 0.0272247928333330
226 0.0186162928333330
227 0.0082304928333330
228 0.0097469928333330
229 0.0055320928333330
230 -0.0076460071666670
231 -0.0060350071666670
232 -0.0066329071666670
233 -0.0119408071666670
234 -0.0198880071666670
235 -0.0435740071666670
236 -0.0599197071666670
237 -0.0506392071666670
238 -0.0355018071666670
239 -0.0280706071666670
240 -0.0232554071666670
241 -0.0270347071666670
242 -0.0441121071666670
243 -0.0506179071666670
244 -0.0377782071666670
245 -0.0128268071666670
246 0.0021747928333330
247 0.0080497928333330
248 0.0056632928333330
249 -0.0013426071666670
250 -0.0152410071666670
251 -0.0285691071666670
252 -0.0256795071666670
253 -0.0214110071666670
254 -0.0363536071666670
255 -0.0475748071666670
256 -0.0511597071666670
257 -0.0558948071666670
258 -0.0543506071666670
259 -0.0370819071666670
260 -0.0137362071666670
261 -0.0012719071666670
262 -0.0094130071666670
263 -0.0160010071666670
264 -0.0115850071666670
265 0.0041926928333330
266 0.0184760928333330
267 0.0249025928333330
268 0.0082665928333330
269 -0.0037038071666670
270 0.0086999928333330
271 0.0249697928333330
272 0.0348121928333330
273 0.0322632928333330
274 0.0198829928333330
275 0.0087417928333330
276 0.0147760928333330
277 0.0328871928333330
278 0.0452435928333330
279 0.0555970928333330
280 0.0502142928333330
281 0.0345542928333330
282 0.0209851928333330
283 0.0034653928333330
284 -0.0039354071666670
285 0.0025900928333330
286 0.0055361928333330
287 0.0125644928333330
288 0.0214191928333330
289 0.0227429928333330
290 0.0247683928333330
291 0.0281585928333330
292 0.0344708928333330
293 0.0339787928333330
294 0.0131509928333330
295 -0.0106363071666670
296 -0.0232607071666670
297 -0.0269110071666670
298 -0.0252855071666670
299 -0.0305964071666670
300 -0.0534543071666670
301 -0.0615671071666670
302 -0.0409079071666670
303 -0.0094306071666670
304 0.0090683928333330
305 0.0105721928333330
306 0.0081205928333330
307 0.0030778928333330
308 -0.0008043071666670
309 0.0024091928333330
310 -0.0011115071666670
311 -0.0125536071666670
312 -0.0121816071666670
313 0.0000558928333330
314 0.0078936928333330
315 0.0091664928333330
316 0.0153134928333330
317 0.0190476928333330
318 0.0061660928333330
319 -0.0062727071666670
320 -0.0127079071666670
321 -0.0176658071666670
322 -0.0296623071666670
323 -0.0422933071666670
324 -0.0475466071666670
325 -0.0455464071666670
326 -0.0456579071666670
327 -0.0454879071666670
328 -0.0337501071666670
329 -0.0162249071666670
330 -0.0004875071666670
331 0.0101092928333330
332 0.0161416928333330
333 0.0204407928333330
334 0.0236641928333330
335 0.0220125928333330
336 0.0217431928333330
337 0.0187875928333330
338 0.0203131928333330
339 0.0212837928333330
340 0.0226971928333330
341 0.0293779928333330
342 0.0367321928333330
343 0.0293908928333330
344 0.0170465928333330
345 0.0103035928333330
346 0.0118708928333330
347 0.0298475928333330
348 0.0350354928333330
349 0.0321911928333330
350 0.0272314928333330
351 0.0148368928333330
352 0.0059863928333330
353 0.0029122928333330
354 -0.0029122071666670
355 -0.0174624071666670
356 -0.0211613071666670
357 -0.0197256071666670
358 -0.0207962071666670
359 -0.0173498071666670
360 -0.0108558071666670
361 -0.0110338071666670
362 -0.0166060071666670
363 -0.0248031071666670
364 -0.0348538071666670
365 -0.0511507071666670
366 -0.0588232071666670
367 -0.0473243071666670
368 -0.0280065071666670
369 -0.0145616071666670
370 -0.0071948071666670
371 0.0028907928333330
372 -0.0056835071666670
373 -0.0136639071666670
374 0.0002968928333330
375 0.0161866928333330
376 0.0246940928333330
377 0.0180835928333330
378 0.0101217928333330
379 0.0167717928333330
380 0.0236203928333330
381 0.0078307928333330
382 -0.0154763071666670
383 -0.0238611071666670
384 -0.0146894071666670
385 0.0008632928333330
386 0.0033693928333330
387 0.0016264928333330
388 0.0056205928333330
389 0.0069148928333330
390 0.0050933928333330
391 -0.0000055071666670
392 -0.0068519071666670
393 -0.0054850071666670
394 0.0098486928333330
395 0.0261876928333330
396 0.0346514928333330
397 0.0315927928333330
398 0.0205954928333330
399 0.0150053928333330
400 0.0137657928333330
401 0.0134655928333330
402 0.0058383928333330
403 0.0041577928333330
404 0.0084895928333330
405 0.0068292928333330
406 0.0047591928333330
407 0.0172820928333330
408 0.0349836928333330
409 0.0465316928333330
410 0.0294426928333330
411 -0.0008369071666670
412 -0.0085525071666670
413 -0.0021358071666670
414 -0.0029298071666670
415 -0.0059543071666670
416 -0.0005889071666670
417 -0.0079108071666670
418 -0.0103027071666670
419 -0.0038767071666670
420 0.0000207928333330
421 -0.0118921071666670
422 -0.0215698071666670
423 -0.0124182071666670
424 -0.0019655071666670
425 0.0077987928333330
426 0.0091145928333330
427 0.0113883928333330
428 0.0176208928333330
429 0.0123929928333330
430 -0.0002419071666670
431 0.0004329928333330
432 0.0154226928333330
433 0.0196947928333330
434 0.0202897928333330
435 0.0164478928333330
436 0.0059126928333330
437 -0.0021105071666670
438 -0.0078715071666670
439 -0.0228477071666670
440 -0.0230641071666670
441 -0.0016836071666670
442 0.0154180928333330
443 0.0218530928333330
444 0.0238295928333330
445 0.0243406928333330
446 0.0249476928333330
447 0.0187443928333330
448 0.0206040928333330
449 0.0345405928333330
450 0.0459998928333330
451 0.0495476928333330
452 0.0481388928333330
453 0.0466128928333330
454 0.0456624928333330
455 0.0389817928333330
456 0.0274058928333330
457 0.0024608928333330
458 -0.0100461071666670
459 -0.0137254071666670
460 -0.0209160071666670
461 -0.0190061071666670
462 -0.0131466071666670
463 -0.0212717071666670
464 -0.0363595071666670
465 -0.0523028071666670
466 -0.0578383071666670
467 -0.0524657071666670
468 -0.0449421071666670
469 -0.0359191071666670
470 -0.0341703071666670
471 -0.0388859071666670
472 -0.0437008071666670
473 -0.0412047071666670
474 -0.0266551071666670
475 -0.0045313071666670
476 0.0179596928333330
477 0.0337483928333330
478 0.0256290928333330
479 -0.0014879071666670
480 -0.0172962071666670
481 -0.0159479071666670
482 -0.0039200071666670
483 0.0132890928333330
484 0.0287811928333330
485 0.0243853928333330
486 0.0202857928333330
487 0.0237879928333330
488 0.0129034928333330
489 -0.0025551071666670
490 -0.0043152071666670
491 -0.0055389071666670
492 -0.0155157071666670
493 -0.0232284071666670
494 -0.0192788071666670
495 -0.0090562071666670
496 -0.0047647071666670
497 -0.0193288071666670
498 -0.0300770071666670
499 -0.0292456071666670
500 -0.0278302071666670
501 -0.0052957071666670
502 0.0349994928333330
503 0.0528839928333330
504 0.0484903928333330
505 0.0449979928333330
506 0.0461828928333330
507 0.0473042928333330
508 0.0351978928333330
509 0.0228050928333330
510 0.0114445928333330
511 -0.0012815071666670
512 -0.0053301071666670
513 0.0094560928333330
514 0.0361507928333330
515 0.0547722928333330
516 0.0557578928333330
517 0.0352208928333330
518 0.0207172928333330
519 0.0227735928333330
520 0.0339147928333330
521 0.0362219928333330
522 0.0269184928333330
523 0.0091408928333330
524 0.0012773928333330
525 -0.0062605071666670
526 -0.0099526071666670
527 0.0120565928333330
528 0.0258942928333330
529 0.0181080928333330
530 0.0169579928333330
531 0.0271611928333330
532 0.0376994928333330
533 0.0513164928333330
534 0.0562993928333330
535 0.0422143928333330
536 0.0172789928333330
537 -0.0035097071666670
538 -0.0069976071666670
539 0.0007704928333330
540 0.0116983928333330
541 0.0235624928333330
542 0.0329480928333330
543 0.0223400928333330
544 0.0057663928333330
545 -0.0039675071666670
546 -0.0033067071666670
547 0.0002849928333330
548 0.0086235928333330
549 0.0188810928333330
550 0.0310937928333330
551 0.0404548928333330
552 0.0389532928333330
553 0.0230984928333330
554 0.0093323928333330
555 0.0142899928333330
556 0.0149129928333330
557 -0.0060739071666670
558 -0.0221584071666670
559 -0.0176766071666670
560 -0.0109879071666670
561 -0.0000114071666670
562 0.0101638928333330
563 0.0044542928333330
564 -0.0098624071666670
565 -0.0205041071666670
566 -0.0299293071666670
567 -0.0420916071666670
568 -0.0377511071666670
569 -0.0237418071666670
570 -0.0104314071666670
571 0.0120603928333330
572 0.0282457928333330
573 0.0194544928333330
574 -0.0110552071666670
575 -0.0307738071666670
576 -0.0263902071666670
577 -0.0244505071666670
578 -0.0226222071666670
579 -0.0174456071666670
580 -0.0182948071666670
581 -0.0039722071666670
582 0.0199643928333330
583 0.0277812928333330
584 0.0143884928333330
585 0.0000145928333330
586 -0.0079053071666670
587 -0.0075469071666670
588 0.0029861928333330
589 0.0071752928333330
590 0.0046707928333330
591 0.0048742928333330
592 -0.0015143071666670
593 -0.0100049071666670
594 -0.0171236071666670
595 -0.0160378071666670
596 -0.0102636071666670
597 0.0023202928333330
598 0.0162575928333330
599 0.0220599928333330
600 0.0197432928333330
