1 0.2444558863333334
2 0.1578663863333334
3 0.1310002863333334
4 0.1098857863333334
5 0.0714565863333334
6 0.0561834863333334
7 0.0417142863333334
8 0.0296955863333334
9 0.0158149863333334
10 0.0093407863333334
11 0.0042059863333334
12 -0.0009388136666666
13 -0.0033347136666666
14 -0.0074229136666666
15 -0.0084500136666666
16 -0.0114879136666666
17 -0.0123750136666666
18 -0.0114674136666666
19 -0.0125464136666666
20 -0.0114012136666666
21 -0.0131334136666666
22 -0.0113333136666666
23 -0.0126148136666666
24 -0.0151232136666666
25 -0.0169802136666666
26 -0.0169316136666666
27 -0.0146408136666666
28 -0.0140550136666666
29 -0.0123644136666666
30 -0.0146940136666666
31 -0.0153329136666666
32 -0.0159697136666666
33 -0.0149993136666666
34 -0.0149109136666666
35 -0.0148028136666666
36 -0.0155950136666666
37 -0.0151956136666666
38 -0.0146288136666666
39 -0.0156219136666666
40 -0.0145446136666666
41 -0.0155572136666666
42 -0.0141837136666666
43 -0.0160933136666666
44 -0.0169231136666666
45 -0.0171567136666666
46 -0.0165652136666666
47 -0.0164514136666666
48 -0.0147241136666666
49 -0.0148237136666666
50 -0.0166922136666666
51 -0.0155475136666666
52 -0.0137394136666666
53 -0.0114935136666666
54 -0.0123392136666666
55 -0.0126098136666666
56 -0.0135861136666666
57 -0.0140035136666666
58 -0.0126070136666666
59 -0.0121946136666666
60 -0.0113422136666666
61 -0.0113618136666666
62 -0.0098408136666666
63 -0.0090122136666666
64 -0.0082240136666666
65 -0.0079356136666666
66 -0.0096212136666666
67 -0.0107949136666666
68 -0.0116790136666666
69 -0.0115149136666666
70 -0.0104094136666666
71 -0.0114049136666666
72 -0.0087887136666666
73 -0.0113390136666666
74 -0.0138209136666666
75 -0.0137387136666666
76 -0.0140708136666666
77 -0.0139511136666666
78 -0.0126947136666666
79 -0.0144792136666666
80 -0.0118166136666666
81 -0.0097797136666666
82 -0.0109269136666666
83 -0.0124353136666666
84 -0.0095279136666666
85 -0.0076687136666666
86 -0.0099929136666666
87 -0.0106882136666666
88 -0.0106700136666666
89 -0.0096983136666666
90 -0.0096597136666666
91 -0.0108246136666666
92 -0.0123810136666666
93 -0.0114095136666666
94 -0.0112368136666666
95 -0.0120756136666666
96 -0.0106482136666666
97 -0.0086182136666666
98 -0.0111135136666666
99 -0.0134644136666666
100 -0.0128641136666666
101 -0.0089127136666666
102 -0.0091936136666666
103 -0.0070730136666666
104 -0.0090656136666666
105 -0.0120461136666666
106 -0.0124751136666666
107 -0.0123853136666666
108 -0.0125018136666666
109 -0.0127566136666666
110 -0.0130614136666666
111 -0.0135160136666666
112 -0.0151140136666666
113 -0.0133440136666666
114 -0.0127862136666666
115 -0.0122642136666666
116 -0.0124035136666666
117 -0.0132471136666666
118 -0.0125877136666666
119 -0.0128659136666666
120 -0.0130030136666666
121 -0.0119372136666666
122 -0.0108443136666666
123 -0.0121081136666666
124 -0.0131478136666666
125 -0.0115701136666666
126 -0.0105690136666666
127 -0.0094061136666666
128 -0.0107878136666666
129 -0.0114686136666666
130 -0.0099876136666666
131 -0.0099911136666666
132 -0.0113670136666666
133 -0.0106446136666666
134 -0.0110383136666666
135 -0.0101925136666666
136 -0.0088091136666666
137 -0.0097659136666666
138 -0.0099249136666666
139 -0.0108026136666666
140 -0.0092661136666666
141 -0.0114060136666666
142 -0.0102711136666666
143 -0.0101563136666666
144 -0.0115132136666666
145 -0.0119543136666666
146 -0.0132367136666666
147 -0.0120724136666666
148 -0.0114039136666666
149 -0.0128125136666666
150 -0.0109499136666666
151 -0.0097800136666666
152 -0.0084788136666666
153 -0.0101149136666666
154 -0.0124485136666666
155 -0.0139107136666666
156 -0.0147778136666666
157 -0.0146781136666666
158 -0.0154219136666666
159 -0.0162822136666666
160 -0.0168561136666666
161 -0.0154743136666666
162 -0.0163302136666666
163 -0.0168335136666666
164 -0.0168138136666666
165 -0.0156187136666666
166 -0.0164880136666666
167 -0.0168193136666666
168 -0.0163618136666666
169 -0.0162236136666666
170 -0.0181102136666666
171 -0.0171379136666666
172 -0.0152724136666666
173 -0.0150789136666666
174 -0.0148475136666666
175 -0.0162356136666666
176 -0.0169009136666666
177 -0.0162963136666666
178 -0.0162921136666666
179 -0.0165149136666666
180 -0.0160062136666666
181 -0.0157912136666666
182 -0.0155980136666666
183 -0.0142884136666666
184 -0.0141400136666666
185 -0.0129443136666666
186 -0.0135395136666666
187 -0.0153342136666666
188 -0.0152062136666666
189 -0.0134289136666666
190 -0.0161740136666666
191 -0.0158297136666666
192 -0.0139210136666666
193 -0.0133573136666666
194 -0.0132923136666666
195 -0.0130369136666666
196 -0.0128096136666666
197 -0.0141334136666666
198 -0.0137339136666666
199 -0.0129528136666666
200 -0.0135707136666666
201 -0.0137848136666666
202 -0.0124492136666666
203 -0.0129198136666666
204 -0.0129504136666666
205 -0.0145025136666666
206 -0.0138683136666666
207 -0.0129555136666666
208 -0.0129588136666666
209 -0.0131388136666666
210 -0.0100740136666666
211 -0.0100478136666666
212 -0.0115987136666666
213 -0.0099847136666666
214 -0.0110749136666666
215 -0.0100024136666666
216 -0.0101623136666666
217 -0.0088741136666666
218 -0.0106057136666666
219 -0.0085555136666666
220 -0.0054572136666666
221 -0.0068566136666666
222 -0.0079322136666666
223 -0.0073913136666666
224 -0.0064599136666666
225 -0.0045679136666666
226 -0.0050014136666666
227 -0.0080620136666666
228 -0.0098387136666666
229 -0.0100837136666666
230 -0.0076305136666666
231 -0.0084350136666666
232 -0.0100663136666666
233 -0.0100487136666666
234 -0.0127118136666666
235 -0.0113823136666666
236 -0.0103878136666666
237 -0.0117272136666666
238 -0.0102396136666666
239 -0.0088031136666666
240 -0.0062749136666666
241 -0.0078217136666666
242 -0.0078330136666666
243 -0.0046815136666666
244 -0.0063735136666666
245 -0.0072083136666666
246 -0.0081828136666666
247 -0.0078762136666666
248 -0.0078552136666666
249 -0.0071589136666666
250 -0.0061834136666666
251 -0.0073087136666666
252 -0.0075947136666666
253 -0.0104701136666666
254 -0.0114802136666666
255 -0.0117829136666666
256 -0.0133035136666666
257 -0.0134237136666666
258 -0.0117836136666666
259 -0.0113921136666666
260 -0.0122247136666666
261 -0.0141290136666666
262 -0.0137355136666666
263 -0.0136716136666666
264 -0.0124111136666666
265 -0.0108384136666666
266 -0.0110707136666666
267 -0.0097637136666666
268 -0.0097440136666666
269 -0.0087555136666666
270 -0.0064519136666666
271 -0.0054316136666666
272 -0.0085187136666666
273 -0.0098356136666666
274 -0.0078595136666666
275 -0.0090136136666666
276 -0.0094509136666666
277 -0.0095126136666666
278 -0.0100442136666666
279 -0.0101511136666666
280 -0.0093724136666666
281 -0.0088401136666666
282 -0.0086595136666666
283 -0.0091574136666666
284 -0.0099926136666666
285 -0.0115370136666666
286 -0.0122451136666666
287 -0.0114745136666666
288 -0.0121459136666666
289 -0.0124043136666666
290 -0.0124856136666666
291 -0.0121485136666666
292 -0.0122624136666666
293 -0.0142688136666666
294 -0.0129125136666666
295 -0.0107920136666666
296 -0.0115965136666666
297 -0.0098079136666666
298 -0.0120339136666666
299 -0.0112940136666666
300 -0.0091241136666666
301 -0.0087832136666666
302 -0.0059993136666666
303 -0.0044694136666666
304 -0.0070042136666666
305 -0.0103457136666666
306 -0.0092623136666666
307 -0.0099813136666666
308 -0.0121424136666666
309 -0.0152717136666666
310 -0.0143583136666666
311 -0.0141099136666666
312 -0.0153747136666666
313 -0.0117464136666666
314 -0.0116993136666666
315 -0.0101143136666666
316 -0.0093619136666666
317 -0.0097904136666666
318 -0.0093224136666666
319 -0.0106851136666666
320 -0.0110299136666666
321 -0.0105006136666666
322 -0.0138590136666666
323 -0.0164690136666666
324 -0.0142572136666666
325 -0.0165195136666666
326 -0.0151697136666666
327 -0.0169374136666666
328 -0.0167226136666666
329 -0.0147581136666666
330 -0.0164607136666666
331 -0.0154277136666666
332 -0.0173143136666666
333 -0.0163842136666666
334 -0.0160515136666666
335 -0.0169277136666666
336 -0.0172215136666666
337 -0.0166578136666666
338 -0.0163690136666666
339 -0.0152480136666666
340 -0.0158534136666666
341 -0.0145306136666666
342 -0.0143351136666666
343 -0.0133138136666666
344 -0.0138625136666666
345 -0.0145764136666666
346 -0.0133600136666666
347 -0.0144980136666666
348 -0.0159704136666666
349 -0.0153685136666666
350 -0.0134290136666666
351 -0.0119881136666666
352 -0.0130322136666666
353 -0.0137279136666666
354 -0.0131285136666666
355 -0.0161829136666666
356 -0.0157436136666666
357 -0.0165804136666666
358 -0.0164152136666666
359 -0.0166332136666666
360 -0.0156743136666666
361 -0.0165493136666666
362 -0.0166324136666666
363 -0.0169182136666666
364 -0.0155626136666666
365 -0.0148277136666666
366 -0.0141410136666666
367 -0.0141023136666666
368 -0.0166012136666666
369 -0.0158671136666666
370 -0.0144567136666666
371 -0.0144839136666666
372 -0.0140469136666666
373 -0.0135204136666666
374 -0.0148506136666666
375 -0.0146492136666666
376 -0.0152078136666666
377 -0.0144357136666666
378 -0.0144206136666666
379 -0.0138998136666666
380 -0.0136867136666666
381 -0.0134127136666666
382 -0.0133946136666666
383 -0.0133179136666666
384 -0.0141216136666666
385 -0.0137300136666666
386 -0.0132163136666666
387 -0.0149177136666666
388 -0.0136029136666666
389 -0.0146543136666666
390 -0.0122662136666666
391 -0.0127950136666666
392 -0.0119031136666666
393 -0.0140344136666666
394 -0.0138546136666666
395 -0.0146385136666666
396 -0.0125058136666666
397 -0.0140375136666666
398 -0.0153643136666666
399 -0.0149617136666666
400 -0.0155055136666666
401 -0.0146378136666666
402 -0.0141598136666666
403 -0.0131234136666666
404 -0.0138268136666666
405 -0.0126322136666666
406 -0.0093665136666666
407 -0.0075420136666666
408 -0.0087214136666666
409 -0.0111844136666666
410 -0.0099088136666666
411 -0.0105051136666666
412 -0.0113932136666666
413 -0.0117566136666666
414 -0.0123991136666666
415 -0.0150128136666666
416 -0.0137554136666666
417 -0.0141950136666666
418 -0.0148820136666666
419 -0.0141286136666666
420 -0.0138438136666666
421 -0.0128709136666666
422 -0.0153551136666666
423 -0.0118916136666666
424 -0.0132358136666666
425 -0.0113393136666666
426 -0.0123450136666666
427 -0.0094929136666666
428 -0.0099997136666666
429 -0.0126578136666666
430 -0.0118473136666666
431 -0.0116388136666666
432 -0.0112962136666666
433 -0.0094157136666666
434 -0.0097839136666666
435 -0.0103380136666666
436 -0.0120658136666666
437 -0.0117104136666666
438 -0.0118799136666666
439 -0.0140301136666666
440 -0.0140971136666666
441 -0.0123680136666666
442 -0.0137444136666666
443 -0.0123493136666666
444 -0.0130747136666666
445 -0.0122252136666666
446 -0.0136071136666666
447 -0.0141565136666666
448 -0.0119097136666666
449 -0.0122167136666666
450 -0.0113530136666666
451 -0.0134567136666666
452 -0.0135317136666666
453 -0.0115759136666666
454 -0.0124270136666666
455 -0.0114441136666666
456 -0.0083909136666666
457 -0.0089661136666666
458 -0.0081968136666666
459 -0.0103587136666666
460 -0.0109641136666666
461 -0.0099284136666666
462 -0.0081764136666666
463 -0.0098315136666666
464 -0.0121699136666666
465 -0.0112337136666666
466 -0.0118568136666666
467 -0.0108419136666666
468 -0.0117225136666666
469 -0.0107960136666666
470 -0.0121656136666666
471 -0.0141701136666666
472 -0.0132125136666666
473 -0.0118277136666666
474 -0.0104033136666666
475 -0.0109473136666666
476 -0.0101556136666666
477 -0.0100678136666666
478 -0.0069635136666666
479 -0.0059932136666666
480 -0.0066762136666666
481 -0.0085432136666666
482 -0.0088572136666666
483 -0.0107970136666666
484 -0.0095719136666666
485 -0.0103747136666666
486 -0.0093804136666666
487 -0.0085403136666666
488 -0.0080056136666666
489 -0.0054421136666666
490 -0.0080074136666666
491 -0.0125541136666666
492 -0.0129399136666666
493 -0.0144857136666666
494 -0.0118836136666666
495 -0.0104522136666666
496 -0.0105483136666666
497 -0.0106313136666666
498 -0.0106615136666666
499 -0.0112948136666666
500 -0.0129005136666666
501 -0.0114134136666666
502 -0.0102271136666666
503 -0.0092494136666666
504 -0.0077428136666666
505 -0.0057510136666666
506 -0.0094339136666666
507 -0.0103805136666666
508 -0.0117837136666666
509 -0.0111628136666666
510 -0.0127352136666666
511 -0.0129665136666666
512 -0.0130929136666666
513 -0.0146112136666666
514 -0.0165299136666666
515 -0.0160535136666666
516 -0.0156669136666666
517 -0.0162302136666666
518 -0.0131827136666666
519 -0.0137657136666666
520 -0.0135760136666666
521 -0.0139952136666666
522 -0.0143154136666666
523 -0.0139189136666666
524 -0.0114705136666666
525 -0.0129758136666666
526 -0.0123803136666666
527 -0.0113912136666666
528 -0.0116689136666666
529 -0.0117782136666666
530 -0.0116314136666666
531 -0.0139844136666666
532 -0.0123226136666666
533 -0.0135751136666666
534 -0.0133813136666666
535 -0.0138691136666666
536 -0.0141252136666666
537 -0.0141441136666666
538 -0.0111466136666666
539 -0.0100951136666666
540 -0.0073555136666666
541 -0.0054841136666666
542 -0.0057917136666666
543 -0.0084052136666666
544 -0.0094342136666666
545 -0.0070528136666666
546 -0.0092332136666666
547 -0.0086386136666666
548 -0.0091746136666666
549 -0.0093944136666666
550 -0.0088022136666666
551 -0.0061422136666666
552 -0.0067676136666666
553 -0.0096333136666666
554 -0.0097163136666666
555 -0.0094847136666666
556 -0.0103485136666666
557 -0.0106313136666666
558 -0.0123468136666666
559 -0.0120891136666666
560 -0.0107247136666666
561 -0.0115211136666666
562 -0.0114698136666666
563 -0.0122359136666666
564 -0.0120580136666666
565 -0.0137892136666666
566 -0.0120373136666666
567 -0.0120837136666666
568 -0.0099682136666666
569 -0.0122082136666666
570 -0.0087143136666666
571 -0.0108800136666666
572 -0.0115316136666666
573 -0.0125719136666666
574 -0.0122171136666666
575 -0.0128085136666666
576 -0.0146772136666666
577 -0.0137245136666666
578 -0.0140917136666666
579 -0.0136822136666666
580 -0.0121587136666666
581 -0.0125589136666666
582 -0.0146904136666666
583 -0.0153765136666666
584 -0.0141735136666666
585 -0.0155371136666666
586 -0.0134068136666666
587 -0.0157464136666666
588 -0.0155537136666666
589 -0.0141986136666666
590 -0.0160715136666666
591 -0.0161170136666666
592 -0.0150546136666666
593 -0.0133542136666666
594 -0.0145174136666666
595 -0.0152872136666666
596 -0.0144460136666666
597 -0.0140394136666666
598 -0.0150320136666666
599 -0.0138865136666666
600 -0.0150792136666666
