1 0.1104916863333334
2 0.0954532863333334
3 0.0812172863333334
4 0.0636716863333334
5 0.0435238863333334
6 0.0235847863333334
7 0.0123362863333334
8 0.0065733863333334
9 0.0019294863333334
10 -0.0011240136666666
11 -0.0028583136666666
12 -0.0053739136666666
13 -0.0063557136666666
14 -0.0093093136666666
15 -0.0061496136666666
16 -0.0083388136666666
17 -0.0108156136666666
18 -0.0109572136666666
19 -0.0096439136666666
20 -0.0082811136666666
21 -0.0100748136666666
22 -0.0099069136666666
23 -0.0112739136666666
24 -0.0120017136666666
25 -0.0146901136666666
26 -0.0126320136666666
27 -0.0133265136666666
28 -0.0118868136666666
29 -0.0137735136666666
30 -0.0134956136666666
31 -0.0119661136666666
32 -0.0122208136666666
33 -0.0112309136666666
34 -0.0110572136666666
35 -0.0120127136666666
36 -0.0130163136666666
37 -0.0124158136666666
38 -0.0131963136666666
39 -0.0157332136666666
40 -0.0161053136666666
41 -0.0141282136666666
42 -0.0133421136666666
43 -0.0146190136666666
44 -0.0138661136666666
45 -0.0123893136666666
46 -0.0125704136666666
47 -0.0143059136666666
48 -0.0142898136666666
49 -0.0153770136666666
50 -0.0152048136666666
51 -0.0159536136666666
52 -0.0157867136666666
53 -0.0158785136666666
54 -0.0151777136666666
55 -0.0153926136666666
56 -0.0179488136666666
57 -0.0156051136666666
58 -0.0137206136666666
59 -0.0144708136666666
60 -0.0152099136666666
61 -0.0164257136666666
62 -0.0151929136666666
63 -0.0171868136666666
64 -0.0155962136666666
65 -0.0167902136666666
66 -0.0161109136666666
67 -0.0154424136666666
68 -0.0151326136666666
69 -0.0127214136666666
70 -0.0126025136666666
71 -0.0150264136666666
72 -0.0142747136666666
73 -0.0149474136666666
74 -0.0167182136666666
75 -0.0158030136666666
76 -0.0145379136666666
77 -0.0152832136666666
78 -0.0150781136666666
79 -0.0162762136666666
80 -0.0163047136666666
81 -0.0148218136666666
82 -0.0147876136666666
83 -0.0162685136666666
84 -0.0166018136666666
85 -0.0162132136666666
86 -0.0183570136666666
87 -0.0179852136666666
88 -0.0184164136666666
89 -0.0190756136666666
90 -0.0193909136666666
91 -0.0193928136666666
92 -0.0203515136666666
93 -0.0194682136666666
94 -0.0198549136666666
95 -0.0197282136666666
96 -0.0193534136666666
97 -0.0189618136666666
98 -0.0196576136666666
99 -0.0188464136666666
100 -0.0176582136666666
101 -0.0168628136666666
102 -0.0163030136666666
103 -0.0177731136666666
104 -0.0159745136666666
105 -0.0144030136666666
106 -0.0153796136666666
107 -0.0126745136666666
108 -0.0141386136666666
109 -0.0134330136666666
110 -0.0139846136666666
111 -0.0140611136666666
112 -0.0128129136666666
113 -0.0124384136666666
114 -0.0121761136666666
115 -0.0123396136666666
116 -0.0125783136666666
117 -0.0127775136666666
118 -0.0129492136666666
119 -0.0143734136666666
120 -0.0140702136666666
121 -0.0150813136666666
122 -0.0164135136666666
123 -0.0146038136666666
124 -0.0161018136666666
125 -0.0146329136666666
126 -0.0167492136666666
127 -0.0151468136666666
128 -0.0160273136666666
129 -0.0161939136666666
130 -0.0163271136666666
131 -0.0164874136666666
132 -0.0142560136666666
133 -0.0143428136666666
134 -0.0149901136666666
135 -0.0133212136666666
136 -0.0115260136666666
137 -0.0122405136666666
138 -0.0114782136666666
139 -0.0098344136666666
140 -0.0124484136666666
141 -0.0115802136666666
142 -0.0119284136666666
143 -0.0135957136666666
144 -0.0137684136666666
145 -0.0135750136666666
146 -0.0115370136666666
147 -0.0123412136666666
148 -0.0126274136666666
149 -0.0121000136666666
150 -0.0121568136666666
151 -0.0115577136666666
152 -0.0113420136666666
153 -0.0116474136666666
154 -0.0114479136666666
155 -0.0119196136666666
156 -0.0106115136666666
157 -0.0114001136666666
158 -0.0094067136666666
159 -0.0085713136666666
160 -0.0090159136666666
161 -0.0096775136666666
162 -0.0090448136666666
163 -0.0113093136666666
164 -0.0094423136666666
165 -0.0106678136666666
166 -0.0116156136666666
167 -0.0125728136666666
168 -0.0118376136666666
169 -0.0118063136666666
170 -0.0132366136666666
171 -0.0144628136666666
172 -0.0140807136666666
173 -0.0139472136666666
174 -0.0168753136666666
175 -0.0161361136666666
176 -0.0159612136666666
177 -0.0160079136666666
178 -0.0145435136666666
179 -0.0147940136666666
180 -0.0134745136666666
181 -0.0132591136666666
182 -0.0116739136666666
183 -0.0126598136666666
184 -0.0122679136666666
185 -0.0136180136666666
186 -0.0134638136666666
187 -0.0133403136666666
188 -0.0141843136666666
189 -0.0137810136666666
190 -0.0127040136666666
191 -0.0140975136666666
192 -0.0115984136666666
193 -0.0123591136666666
194 -0.0107910136666666
195 -0.0099520136666666
196 -0.0117177136666666
197 -0.0109469136666666
198 -0.0116147136666666
199 -0.0119471136666666
200 -0.0132565136666666
201 -0.0131779136666666
202 -0.0102756136666666
203 -0.0112411136666666
204 -0.0135240136666666
205 -0.0131696136666666
206 -0.0132160136666666
207 -0.0142563136666666
208 -0.0142588136666666
209 -0.0145908136666666
210 -0.0167173136666666
211 -0.0161404136666666
212 -0.0157035136666666
213 -0.0155085136666666
214 -0.0157677136666666
215 -0.0151847136666666
216 -0.0136048136666666
217 -0.0152482136666666
218 -0.0132672136666666
219 -0.0130878136666666
220 -0.0111783136666666
221 -0.0090381136666666
222 -0.0119548136666666
223 -0.0120936136666666
224 -0.0098109136666666
225 -0.0090143136666666
226 -0.0122099136666666
227 -0.0122761136666666
228 -0.0137550136666666
229 -0.0153779136666666
230 -0.0163553136666666
231 -0.0162962136666666
232 -0.0178096136666666
233 -0.0186898136666666
234 -0.0192312136666666
235 -0.0184804136666666
236 -0.0167642136666666
237 -0.0172585136666666
238 -0.0161808136666666
239 -0.0172067136666666
240 -0.0152875136666666
241 -0.0151812136666666
242 -0.0154008136666666
243 -0.0136715136666666
244 -0.0142974136666666
245 -0.0147558136666666
246 -0.0136624136666666
247 -0.0145415136666666
248 -0.0142087136666666
249 -0.0128674136666666
250 -0.0138874136666666
251 -0.0126120136666666
252 -0.0126470136666666
253 -0.0135878136666666
254 -0.0137730136666666
255 -0.0146078136666666
256 -0.0113332136666666
257 -0.0127918136666666
258 -0.0108840136666666
259 -0.0104455136666666
260 -0.0108352136666666
261 -0.0102250136666666
262 -0.0079076136666666
263 -0.0082670136666666
264 -0.0082011136666666
265 -0.0066710136666666
266 -0.0059299136666666
267 -0.0060109136666666
268 -0.0046916136666666
269 -0.0058898136666666
270 -0.0068171136666666
271 -0.0102117136666666
272 -0.0096890136666666
273 -0.0115966136666666
274 -0.0114391136666666
275 -0.0105490136666666
276 -0.0109124136666666
277 -0.0116898136666666
278 -0.0102421136666666
279 -0.0086608136666666
280 -0.0105165136666666
281 -0.0120837136666666
282 -0.0112441136666666
283 -0.0109771136666666
284 -0.0103153136666666
285 -0.0114598136666666
286 -0.0099401136666666
287 -0.0117357136666666
288 -0.0107335136666666
289 -0.0118414136666666
290 -0.0121369136666666
291 -0.0138033136666666
292 -0.0146364136666666
293 -0.0141954136666666
294 -0.0150864136666666
295 -0.0161488136666666
296 -0.0166093136666666
297 -0.0157790136666666
298 -0.0148469136666666
299 -0.0146135136666666
300 -0.0158031136666666
301 -0.0156525136666666
302 -0.0174702136666666
303 -0.0173113136666666
304 -0.0191692136666666
305 -0.0188279136666666
306 -0.0170259136666666
307 -0.0169801136666666
308 -0.0166520136666666
309 -0.0158390136666666
310 -0.0145407136666666
311 -0.0154940136666666
312 -0.0144211136666666
313 -0.0139422136666666
314 -0.0134080136666666
315 -0.0139556136666666
316 -0.0139995136666666
317 -0.0127637136666666
318 -0.0126832136666666
319 -0.0117268136666666
320 -0.0140170136666666
321 -0.0127580136666666
322 -0.0145095136666666
323 -0.0128799136666666
324 -0.0140198136666666
325 -0.0151793136666666
326 -0.0175157136666666
327 -0.0135877136666666
328 -0.0173555136666666
329 -0.0153982136666666
330 -0.0138694136666666
331 -0.0144803136666666
332 -0.0133629136666666
333 -0.0136967136666666
334 -0.0134714136666666
335 -0.0126716136666666
336 -0.0130598136666666
337 -0.0123973136666666
338 -0.0103793136666666
339 -0.0104244136666666
340 -0.0107118136666666
341 -0.0106100136666666
342 -0.0115851136666666
343 -0.0143023136666666
344 -0.0149935136666666
345 -0.0141942136666666
346 -0.0121751136666666
347 -0.0123361136666666
348 -0.0134942136666666
349 -0.0117132136666666
350 -0.0119529136666666
351 -0.0155147136666666
352 -0.0140956136666666
353 -0.0140696136666666
354 -0.0136921136666666
355 -0.0122526136666666
356 -0.0110752136666666
357 -0.0098144136666666
358 -0.0110820136666666
359 -0.0112555136666666
360 -0.0120546136666666
361 -0.0125795136666666
362 -0.0110952136666666
363 -0.0124170136666666
364 -0.0127088136666666
365 -0.0132863136666666
366 -0.0141662136666666
367 -0.0124733136666666
368 -0.0131493136666666
369 -0.0135071136666666
370 -0.0154313136666666
371 -0.0164396136666666
372 -0.0153966136666666
373 -0.0179146136666666
374 -0.0171930136666666
375 -0.0162399136666666
376 -0.0156313136666666
377 -0.0161605136666666
378 -0.0148547136666666
379 -0.0164693136666666
380 -0.0171080136666666
381 -0.0166560136666666
382 -0.0162810136666666
383 -0.0145776136666666
384 -0.0149562136666666
385 -0.0145021136666666
386 -0.0135515136666666
387 -0.0137370136666666
388 -0.0138588136666666
389 -0.0131775136666666
390 -0.0116232136666666
391 -0.0125100136666666
392 -0.0135774136666666
393 -0.0125800136666666
394 -0.0125346136666666
395 -0.0119376136666666
396 -0.0122661136666666
397 -0.0141763136666666
398 -0.0120291136666666
399 -0.0132819136666666
400 -0.0144927136666666
401 -0.0117806136666666
402 -0.0143966136666666
403 -0.0119741136666666
404 -0.0131101136666666
405 -0.0116139136666666
406 -0.0115762136666666
407 -0.0109713136666666
408 -0.0119924136666666
409 -0.0133475136666666
410 -0.0113516136666666
411 -0.0121159136666666
412 -0.0119162136666666
413 -0.0120497136666666
414 -0.0093604136666666
415 -0.0104495136666666
416 -0.0108351136666666
417 -0.0106191136666666
418 -0.0100156136666666
419 -0.0102903136666666
420 -0.0111641136666666
421 -0.0127616136666666
422 -0.0116038136666666
423 -0.0107615136666666
424 -0.0127531136666666
425 -0.0136799136666666
426 -0.0141199136666666
427 -0.0147534136666666
428 -0.0157351136666666
429 -0.0150816136666666
430 -0.0160345136666666
431 -0.0166610136666666
432 -0.0168601136666666
433 -0.0143675136666666
434 -0.0117701136666666
435 -0.0108322136666666
436 -0.0139889136666666
437 -0.0130164136666666
438 -0.0140167136666666
439 -0.0139389136666666
440 -0.0135968136666666
441 -0.0163475136666666
442 -0.0170825136666666
443 -0.0191684136666666
444 -0.0200129136666666
445 -0.0206720136666666
446 -0.0192420136666666
447 -0.0181773136666666
448 -0.0193854136666666
449 -0.0175337136666666
450 -0.0162676136666666
451 -0.0157456136666666
452 -0.0135600136666666
453 -0.0109366136666666
454 -0.0106677136666666
455 -0.0107151136666666
456 -0.0128411136666666
457 -0.0115973136666666
458 -0.0119818136666666
459 -0.0121919136666666
460 -0.0128448136666666
461 -0.0160917136666666
462 -0.0155226136666666
463 -0.0146743136666666
464 -0.0135374136666666
465 -0.0146213136666666
466 -0.0157990136666666
467 -0.0154627136666666
468 -0.0150256136666666
469 -0.0150712136666666
470 -0.0166956136666666
471 -0.0162069136666666
472 -0.0153900136666666
473 -0.0162343136666666
474 -0.0156324136666666
475 -0.0146650136666666
476 -0.0140627136666666
477 -0.0133921136666666
478 -0.0143862136666666
479 -0.0134586136666666
480 -0.0129610136666666
481 -0.0129611136666666
482 -0.0129149136666666
483 -0.0101979136666666
484 -0.0119212136666666
485 -0.0120632136666666
486 -0.0095452136666666
487 -0.0113387136666666
488 -0.0130123136666666
489 -0.0106842136666666
490 -0.0137967136666666
491 -0.0129405136666666
492 -0.0143020136666666
493 -0.0128750136666666
494 -0.0100045136666666
495 -0.0098660136666666
496 -0.0124507136666666
497 -0.0112583136666666
498 -0.0137225136666666
499 -0.0135784136666666
500 -0.0158832136666666
501 -0.0140103136666666
502 -0.0148983136666666
503 -0.0146031136666666
504 -0.0148307136666666
505 -0.0143850136666666
506 -0.0157684136666666
507 -0.0167468136666666
508 -0.0149764136666666
509 -0.0148163136666666
510 -0.0166898136666666
511 -0.0166580136666666
512 -0.0173940136666666
513 -0.0162996136666666
514 -0.0165233136666666
515 -0.0171922136666666
516 -0.0171358136666666
517 -0.0179017136666666
518 -0.0170883136666666
519 -0.0156601136666666
520 -0.0162507136666666
521 -0.0160298136666666
522 -0.0152764136666666
523 -0.0155077136666666
524 -0.0124096136666666
525 -0.0142514136666666
526 -0.0139147136666666
527 -0.0159334136666666
528 -0.0129682136666666
529 -0.0140555136666666
530 -0.0154936136666666
531 -0.0155676136666666
532 -0.0173800136666666
533 -0.0176100136666666
534 -0.0162090136666666
535 -0.0153748136666666
536 -0.0145409136666666
537 -0.0132914136666666
538 -0.0160048136666666
539 -0.0153895136666666
540 -0.0142458136666666
541 -0.0149201136666666
542 -0.0145818136666666
543 -0.0127831136666666
544 -0.0132229136666666
545 -0.0145080136666666
546 -0.0145728136666666
547 -0.0148717136666666
548 -0.0157218136666666
549 -0.0157390136666666
550 -0.0158681136666666
551 -0.0147309136666666
552 -0.0140222136666666
553 -0.0142923136666666
554 -0.0144187136666666
555 -0.0146060136666666
556 -0.0145320136666666
557 -0.0131012136666666
558 -0.0137081136666666
559 -0.0127607136666666
560 -0.0121669136666666
561 -0.0134072136666666
562 -0.0122388136666666
563 -0.0136491136666666
564 -0.0149460136666666
565 -0.0156051136666666
566 -0.0149108136666666
567 -0.0149049136666666
568 -0.0165107136666666
569 -0.0153072136666666
570 -0.0148892136666666
571 -0.0144633136666666
572 -0.0148823136666666
573 -0.0148529136666666
574 -0.0137379136666666
575 -0.0125500136666666
576 -0.0133494136666666
577 -0.0131673136666666
578 -0.0147550136666666
579 -0.0163119136666666
580 -0.0169471136666666
581 -0.0168021136666666
582 -0.0173503136666666
583 -0.0174509136666666
584 -0.0185228136666666
585 -0.0176121136666666
586 -0.0159312136666666
587 -0.0149503136666666
588 -0.0149938136666666
589 -0.0156571136666666
590 -0.0131383136666666
591 -0.0119134136666666
592 -0.0110274136666666
593 -0.0108581136666666
594 -0.0101690136666666
595 -0.0084637136666666
596 -0.0090746136666666
597 -0.0079814136666666
598 -0.0085695136666666
599 -0.0094456136666666
600 -0.0079558136666666
