1 0.2590259418333334
2 0.1829567418333334
3 0.1581579418333334
4 0.1253885418333334
5 0.0942284418333334
6 0.0889441418333334
7 0.0552498418333334
8 0.0406344418333334
9 0.0295648418333334
10 0.0236781418333334
11 0.0192618418333334
12 0.0062923418333334
13 0.0043093418333334
14 -0.0045188581666666
15 -0.0098775581666666
16 -0.0048427581666666
17 -0.0033084581666666
18 -0.0055357581666666
19 -0.0136094581666666
20 -0.0131884581666666
21 -0.0090169581666666
22 -0.0144927581666666
23 -0.0160708581666666
24 -0.0150236581666666
25 -0.0107056581666666
26 -0.0082647581666666
27 -0.0114646581666666
28 -0.0091891581666666
29 -0.0049247581666666
30 -0.0041948581666666
31 -0.0023816581666666
32 -0.0088474581666666
33 -0.0140779581666666
34 -0.0171582581666666
35 -0.0185717581666666
36 -0.0169697581666666
37 -0.0156644581666666
38 -0.0154838581666666
39 -0.0165634581666666
40 -0.0127088581666666
41 -0.0137905581666666
42 -0.0083185581666666
43 -0.0123946581666666
44 -0.0086416581666666
45 -0.0085835581666666
46 -0.0142501581666666
47 -0.0114474581666666
48 -0.0140731581666666
49 -0.0121123581666666
50 -0.0174576581666666
51 -0.0179746581666666
52 -0.0168313581666666
53 -0.0087478581666666
54 -0.0103172581666666
55 -0.0135149581666666
56 -0.0115359581666666
57 -0.0067188581666666
58 -0.0095594581666666
59 -0.0101218581666666
60 -0.0091389581666666
61 -0.0090785581666666
62 -0.0069473581666666
63 -0.0073970581666666
64 -0.0045195581666666
65 -0.0070031581666666
66 -0.0061359581666666
67 -0.0072869581666666
68 -0.0067502581666666
69 -0.0037769581666666
70 0.0019479418333334
71 -0.0015919581666666
72 0.0021677418333334
73 0.0034530418333334
74 0.0020664418333334
75 -0.0046850581666666
76 -0.0057778581666666
77 -0.0040081581666666
78 -0.0053754581666666
79 -0.0042516581666666
80 -0.0048159581666666
81 -0.0073668581666666
82 -0.0104264581666666
83 -0.0091053581666666
84 -0.0044884581666666
85 -0.0039819581666666
86 -0.0057678581666666
87 -0.0051770581666666
88 -0.0020782581666666
89 -0.0059042581666666
90 -0.0055158581666666
91 -0.0085363581666666
92 -0.0095559581666666
93 -0.0077234581666666
94 -0.0089643581666666
95 -0.0126245581666666
96 -0.0112701581666666
97 -0.0097369581666666
98 -0.0129829581666666
99 -0.0132742581666666
100 -0.0121910581666666
101 -0.0142496581666666
102 -0.0185297581666666
103 -0.0168900581666666
104 -0.0160516581666666
105 -0.0162824581666666
106 -0.0123792581666666
107 -0.0079375581666666
108 -0.0106486581666666
109 -0.0082263581666666
110 -0.0036195581666666
111 -0.0004639581666666
112 -0.0053445581666666
113 -0.0022794581666666
114 -0.0053430581666666
115 -0.0040660581666666
116 -0.0035960581666666
117 -0.0016657581666666
118 -0.0039752581666666
119 -0.0070209581666666
120 -0.0109119581666666
121 -0.0087122581666666
122 -0.0072298581666666
123 -0.0127850581666666
124 -0.0176424581666666
125 -0.0147821581666666
126 -0.0132115581666666
127 -0.0142459581666666
128 -0.0105734581666666
129 -0.0058302581666666
130 -0.0071181581666666
131 -0.0041508581666666
132 -0.0136082581666666
133 -0.0088734581666666
134 -0.0125087581666666
135 -0.0093121581666666
136 -0.0107172581666666
137 -0.0160799581666666
138 -0.0114383581666666
139 -0.0115651581666666
140 -0.0042592581666666
141 -0.0037160581666666
142 -0.0045372581666666
143 -0.0057577581666666
144 -0.0070909581666666
145 -0.0058818581666666
146 -0.0082014581666666
147 -0.0106440581666666
148 -0.0126779581666666
149 -0.0088401581666666
150 -0.0073520581666666
151 -0.0080088581666666
152 -0.0049005581666666
153 -0.0029789581666666
154 -0.0064613581666666
155 -0.0084563581666666
156 -0.0094023581666666
157 -0.0111654581666666
158 -0.0099635581666666
159 -0.0162890581666666
160 -0.0126748581666666
161 -0.0163192581666666
162 -0.0211642581666666
163 -0.0189943581666666
164 -0.0120095581666666
165 -0.0133841581666666
166 -0.0121106581666666
167 -0.0118438581666666
168 -0.0123889581666666
169 -0.0083456581666666
170 -0.0081905581666666
171 -0.0068513581666666
172 -0.0068197581666666
173 -0.0075495581666666
174 -0.0047555581666666
175 -0.0031741581666666
176 -0.0023396581666666
177 -0.0020841581666666
178 0.0002267418333334
179 -0.0078387581666666
180 -0.0075737581666666
181 -0.0089308581666666
182 -0.0129684581666666
183 -0.0144759581666666
184 -0.0165751581666666
185 -0.0157315581666666
186 -0.0178982581666666
187 -0.0135010581666666
188 -0.0156701581666666
189 -0.0147004581666666
190 -0.0124378581666666
191 -0.0095943581666666
192 -0.0058684581666666
193 -0.0084502581666666
194 -0.0089883581666666
195 -0.0072187581666666
196 -0.0028104581666666
197 -0.0059314581666666
198 -0.0131116581666666
199 -0.0107910581666666
200 -0.0082152581666666
201 -0.0093007581666666
202 -0.0063975581666666
203 -0.0064944581666666
204 -0.0096631581666666
205 -0.0017562581666666
206 -0.0008622581666666
207 0.0031079418333334
208 0.0043169418333334
209 0.0012518418333334
210 -0.0024290581666666
211 0.0056560418333334
212 0.0013190418333334
213 0.0011492418333334
214 -0.0020574581666666
215 -0.0054221581666666
216 -0.0066205581666666
217 -0.0120143581666666
218 -0.0057843581666666
219 -0.0061398581666666
220 -0.0103940581666666
221 -0.0090281581666666
222 -0.0114431581666666
223 -0.0142130581666666
224 -0.0107235581666666
225 -0.0034828581666666
226 -0.0035757581666666
227 -0.0056314581666666
228 -0.0060574581666666
229 -0.0037220581666666
230 -0.0052117581666666
231 -0.0010099581666666
232 -0.0020159581666666
233 -0.0019136581666666
234 -0.0056973581666666
235 -0.0017106581666666
236 -0.0055338581666666
237 -0.0089333581666666
238 -0.0115896581666666
239 -0.0127900581666666
240 -0.0084881581666666
241 -0.0052567581666666
242 -0.0077602581666666
243 -0.0126997581666666
244 -0.0183951581666666
245 -0.0167666581666666
246 -0.0164454581666666
247 -0.0169117581666666
248 -0.0136647581666666
249 -0.0104420581666666
250 -0.0096240581666666
251 -0.0117706581666666
252 -0.0114847581666666
253 -0.0096579581666666
254 -0.0089506581666666
255 -0.0072312581666666
256 -0.0107823581666666
257 -0.0162492581666666
258 -0.0079218581666666
259 -0.0112697581666666
260 -0.0083841581666666
261 -0.0067830581666666
262 -0.0071628581666666
263 -0.0050346581666666
264 -0.0096451581666666
265 -0.0073140581666666
266 -0.0100007581666666
267 -0.0047845581666666
268 -0.0038625581666666
269 -0.0005765581666666
270 -0.0006748581666666
271 -0.0022659581666666
272 -0.0012505581666666
273 -0.0015771581666666
274 -0.0010964581666666
275 -0.0016644581666666
276 0.0006933418333334
277 -0.0021810581666666
278 -0.0056837581666666
279 -0.0053220581666666
280 -0.0048490581666666
281 -0.0038448581666666
282 -0.0068617581666666
283 -0.0074423581666666
284 -0.0055997581666666
285 -0.0028041581666666
286 0.0017937418333334
287 0.0035271418333334
288 -0.0057907581666666
289 -0.0065709581666666
290 -0.0075841581666666
291 -0.0047007581666666
292 -0.0057643581666666
293 -0.0038336581666666
294 -0.0021684581666666
295 -0.0043595581666666
296 -0.0115083581666666
297 -0.0087257581666666
298 -0.0049174581666666
299 -0.0095796581666666
300 -0.0141681581666666
301 -0.0123444581666666
302 -0.0157636581666666
303 -0.0164914581666666
304 -0.0077516581666666
305 -0.0039689581666666
306 -0.0047786581666666
307 -0.0017016581666666
308 -0.0038984581666666
309 -0.0036264581666666
310 0.0000282418333334
311 -0.0011158581666666
312 -0.0016171581666666
313 -0.0041056581666666
314 -0.0002607581666666
315 -0.0057859581666666
316 -0.0084161581666666
317 -0.0096913581666666
318 -0.0067738581666666
319 -0.0085493581666666
320 -0.0109218581666666
321 -0.0122606581666666
322 -0.0087144581666666
323 -0.0046774581666666
324 -0.0057945581666666
325 -0.0052798581666666
326 -0.0081326581666666
327 -0.0069724581666666
328 -0.0035916581666666
329 -0.0052250581666666
330 -0.0096717581666666
331 -0.0091953581666666
332 -0.0097929581666666
333 -0.0126798581666666
334 -0.0114381581666666
335 -0.0104313581666666
336 -0.0077931581666666
337 -0.0126384581666666
338 -0.0141010581666666
339 -0.0132817581666666
340 -0.0147638581666666
341 -0.0163948581666666
342 -0.0156022581666666
343 -0.0158767581666666
344 -0.0145932581666666
345 -0.0165257581666666
346 -0.0136879581666666
347 -0.0131738581666666
348 -0.0138100581666666
349 -0.0132666581666666
350 -0.0105136581666666
351 -0.0054695581666666
352 -0.0052247581666666
353 -0.0115287581666666
354 -0.0082755581666666
355 -0.0057713581666666
356 -0.0046360581666666
357 -0.0068872581666666
358 -0.0074245581666666
359 -0.0065091581666666
360 -0.0106877581666666
361 -0.0103995581666666
362 -0.0048652581666666
363 -0.0077229581666666
364 -0.0097431581666666
365 -0.0095477581666666
366 -0.0083794581666666
367 -0.0076561581666666
368 -0.0096911581666666
369 -0.0158363581666666
370 -0.0103905581666666
371 -0.0105607581666666
372 -0.0100150581666666
373 -0.0113005581666666
374 -0.0132331581666666
375 -0.0125297581666666
376 -0.0137166581666666
377 -0.0126612581666666
378 -0.0136667581666666
379 -0.0133631581666666
380 -0.0131542581666666
381 -0.0109224581666666
382 -0.0083372581666666
383 -0.0078755581666666
384 -0.0024109581666666
385 -0.0077814581666666
386 -0.0080128581666666
387 -0.0037517581666666
388 -0.0078808581666666
389 -0.0065401581666666
390 -0.0063098581666666
391 -0.0095860581666666
392 -0.0107938581666666
393 -0.0109251581666666
394 -0.0125084581666666
395 -0.0112732581666666
396 -0.0072611581666666
397 -0.0094754581666666
398 -0.0132032581666666
399 -0.0129989581666666
400 -0.0076733581666666
401 -0.0079465581666666
402 -0.0071834581666666
403 -0.0074195581666666
404 -0.0094133581666666
405 -0.0094706581666666
406 -0.0117781581666666
407 -0.0124176581666666
408 -0.0149333581666666
409 -0.0142449581666666
410 -0.0056576581666666
411 0.0011801418333334
412 -0.0031518581666666
413 -0.0078749581666666
414 -0.0095123581666666
415 -0.0086596581666666
416 -0.0024836581666666
417 -0.0074570581666666
418 -0.0080276581666666
419 -0.0028162581666666
420 -0.0010319581666666
421 -0.0027121581666666
422 -0.0023951581666666
423 -0.0033191581666666
424 -0.0049202581666666
425 -0.0081671581666666
426 -0.0072206581666666
427 -0.0019759581666666
428 -0.0022072581666666
429 -0.0065691581666666
430 -0.0103496581666666
431 -0.0121240581666666
432 -0.0129997581666666
433 -0.0101653581666666
434 -0.0091390581666666
435 -0.0119563581666666
436 -0.0104194581666666
437 -0.0098054581666666
438 -0.0116802581666666
439 -0.0126883581666666
440 -0.0123598581666666
441 -0.0138509581666666
442 -0.0100470581666666
443 -0.0079490581666666
444 -0.0135284581666666
445 -0.0114370581666666
446 -0.0089015581666666
447 -0.0100924581666666
448 -0.0102443581666666
449 -0.0138476581666666
450 -0.0108911581666666
451 -0.0096181581666666
452 -0.0068893581666666
453 -0.0108860581666666
454 -0.0107636581666666
455 -0.0127251581666666
456 -0.0142758581666666
457 -0.0185864581666666
458 -0.0171149581666666
459 -0.0143291581666666
460 -0.0112009581666666
461 -0.0170853581666666
462 -0.0207076581666666
463 -0.0215395581666666
464 -0.0179524581666666
465 -0.0180729581666666
466 -0.0144329581666666
467 -0.0155791581666666
468 -0.0163321581666666
469 -0.0122835581666666
470 -0.0134214581666666
471 -0.0160565581666666
472 -0.0133828581666666
473 -0.0142286581666666
474 -0.0132170581666666
475 -0.0165854581666666
476 -0.0125875581666666
477 -0.0053047581666666
478 -0.0018510581666666
479 0.0006356418333334
480 0.0003841418333334
481 0.0007741418333334
482 -0.0023899581666666
483 -0.0020773581666666
484 0.0046234418333334
485 0.0029666418333334
486 0.0056355418333334
487 0.0024435418333334
488 0.0006463418333334
489 0.0016619418333334
490 -0.0022889581666666
491 -0.0025033581666666
492 -0.0016740581666666
493 -0.0000450581666666
494 0.0039199418333334
495 0.0019404418333334
496 -0.0020441581666666
497 -0.0005779581666666
498 -0.0003720581666666
499 -0.0000630581666666
500 -0.0035723581666666
501 -0.0067604581666666
502 -0.0056651581666666
503 -0.0086153581666666
504 -0.0068529581666666
505 -0.0099393581666666
506 -0.0109808581666666
507 -0.0143117581666666
508 -0.0148331581666666
509 -0.0169014581666666
510 -0.0181250581666666
511 -0.0185106581666666
512 -0.0183812581666666
513 -0.0162679581666666
514 -0.0136249581666666
515 -0.0156206581666666
516 -0.0196155581666666
517 -0.0193701581666666
518 -0.0183113581666666
519 -0.0112035581666666
520 -0.0119976581666666
521 -0.0103287581666666
522 -0.0075814581666666
523 -0.0100277581666666
524 -0.0115126581666666
525 -0.0148840581666666
526 -0.0152329581666666
527 -0.0118832581666666
528 -0.0097349581666666
529 -0.0151716581666666
530 -0.0176611581666666
531 -0.0141025581666666
532 -0.0157048581666666
533 -0.0142432581666666
534 -0.0074989581666666
535 -0.0119779581666666
536 -0.0111143581666666
537 -0.0099944581666666
538 -0.0125815581666666
539 -0.0134201581666666
540 -0.0125349581666666
541 -0.0108173581666666
542 -0.0108491581666666
543 -0.0125402581666666
544 -0.0092303581666666
545 -0.0095232581666666
546 -0.0070510581666666
547 -0.0040612581666666
548 -0.0092532581666666
549 -0.0110376581666666
550 -0.0130969581666666
551 -0.0133781581666666
552 -0.0113382581666666
553 -0.0111787581666666
554 -0.0093066581666666
555 -0.0065119581666666
556 -0.0064327581666666
557 -0.0098577581666666
558 -0.0090021581666666
559 -0.0099884581666666
560 -0.0078373581666666
561 -0.0072050581666666
562 -0.0073798581666666
563 -0.0034775581666666
564 -0.0087942581666666
565 -0.0140819581666666
566 -0.0128302581666666
567 -0.0089310581666666
568 -0.0044460581666666
569 -0.0077519581666666
570 -0.0085099581666666
571 -0.0081688581666666
572 -0.0056327581666666
573 -0.0074718581666666
574 -0.0084064581666666
575 -0.0032596581666666
576 -0.0063281581666666
577 -0.0073971581666666
578 -0.0071529581666666
579 -0.0067037581666666
580 -0.0049749581666666
581 -0.0044533581666666
582 -0.0027183581666666
583 -0.0001425581666666
584 -0.0097080581666666
585 -0.0128523581666666
586 -0.0097766581666666
587 -0.0112969581666666
588 -0.0118869581666666
589 -0.0072070581666666
590 -0.0069742581666666
591 -0.0122940581666666
592 -0.0134469581666666
593 -0.0081055581666666
594 -0.0121811581666666
595 -0.0070675581666666
596 -0.0054176581666666
597 -0.0058967581666666
598 -0.0067500581666666
599 -0.0000470581666666
600 -0.0027972581666666
