1 0.0670684863333334
2 0.0712619863333334
3 0.0605619863333334
4 0.0470969863333334
5 0.0376326863333334
6 0.0312196863333334
7 0.0228120863333334
8 0.0144921863333334
9 0.0089677863333334
10 0.0051646863333334
11 0.0012676863333334
12 -0.0011675136666666
13 -0.0031754136666666
14 -0.0042881136666666
15 -0.0044461136666666
16 -0.0074931136666666
17 -0.0081405136666666
18 -0.0060993136666666
19 -0.0064215136666666
20 -0.0062299136666666
21 -0.0088386136666666
22 -0.0098887136666666
23 -0.0123900136666666
24 -0.0137464136666666
25 -0.0129296136666666
26 -0.0132898136666666
27 -0.0140385136666666
28 -0.0131125136666666
29 -0.0117163136666666
30 -0.0106566136666666
31 -0.0105380136666666
32 -0.0092301136666666
33 -0.0094196136666666
34 -0.0111735136666666
35 -0.0132521136666666
36 -0.0140946136666666
37 -0.0149715136666666
38 -0.0131642136666666
39 -0.0113723136666666
40 -0.0112103136666666
41 -0.0114655136666666
42 -0.0113916136666666
43 -0.0097421136666666
44 -0.0096803136666666
45 -0.0082587136666666
46 -0.0094442136666666
47 -0.0072894136666666
48 -0.0068109136666666
49 -0.0087003136666666
50 -0.0072456136666666
51 -0.0069814136666666
52 -0.0076208136666666
53 -0.0075527136666666
54 -0.0050386136666666
55 -0.0043800136666666
56 -0.0064189136666666
57 -0.0084797136666666
58 -0.0095641136666666
59 -0.0076324136666666
60 -0.0092244136666666
61 -0.0080473136666666
62 -0.0079769136666666
63 -0.0096891136666666
64 -0.0075251136666666
65 -0.0085205136666666
66 -0.0082113136666666
67 -0.0111266136666666
68 -0.0112727136666666
69 -0.0123322136666666
70 -0.0118796136666666
71 -0.0117012136666666
72 -0.0120978136666666
73 -0.0115939136666666
74 -0.0098845136666666
75 -0.0104205136666666
76 -0.0101684136666666
77 -0.0113292136666666
78 -0.0111481136666666
79 -0.0089247136666666
80 -0.0124293136666666
81 -0.0132592136666666
82 -0.0126598136666666
83 -0.0124648136666666
84 -0.0153732136666666
85 -0.0155224136666666
86 -0.0178014136666666
87 -0.0186953136666666
88 -0.0161390136666666
89 -0.0157503136666666
90 -0.0172026136666666
91 -0.0157446136666666
92 -0.0165384136666666
93 -0.0160907136666666
94 -0.0152870136666666
95 -0.0130652136666666
96 -0.0122784136666666
97 -0.0112425136666666
98 -0.0105015136666666
99 -0.0098040136666666
100 -0.0086412136666666
101 -0.0083312136666666
102 -0.0091211136666666
103 -0.0076761136666666
104 -0.0068783136666666
105 -0.0062697136666666
106 -0.0055495136666666
107 -0.0107313136666666
108 -0.0107784136666666
109 -0.0113116136666666
110 -0.0120542136666666
111 -0.0116012136666666
112 -0.0116132136666666
113 -0.0139164136666666
114 -0.0164757136666666
115 -0.0170690136666666
116 -0.0162374136666666
117 -0.0159429136666666
118 -0.0134303136666666
119 -0.0117744136666666
120 -0.0108556136666666
121 -0.0102054136666666
122 -0.0094152136666666
123 -0.0071137136666666
124 -0.0082547136666666
125 -0.0093438136666666
126 -0.0074516136666666
127 -0.0088889136666666
128 -0.0093781136666666
129 -0.0105188136666666
130 -0.0068830136666666
131 -0.0044519136666666
132 -0.0049841136666666
133 -0.0028527136666666
134 -0.0015712136666666
135 -0.0029378136666666
136 -0.0043395136666666
137 -0.0059363136666666
138 -0.0071310136666666
139 -0.0085021136666666
140 -0.0089585136666666
141 -0.0091575136666666
142 -0.0092824136666666
143 -0.0092936136666666
144 -0.0107905136666666
145 -0.0123426136666666
146 -0.0138906136666666
147 -0.0127862136666666
148 -0.0133891136666666
149 -0.0145772136666666
150 -0.0132251136666666
151 -0.0128444136666666
152 -0.0132974136666666
153 -0.0144284136666666
154 -0.0134163136666666
155 -0.0156690136666666
156 -0.0139917136666666
157 -0.0126647136666666
158 -0.0114490136666666
159 -0.0125412136666666
160 -0.0129562136666666
161 -0.0128577136666666
162 -0.0123039136666666
163 -0.0135933136666666
164 -0.0119186136666666
165 -0.0104380136666666
166 -0.0099366136666666
167 -0.0101352136666666
168 -0.0078347136666666
169 -0.0054410136666666
170 -0.0067925136666666
171 -0.0075594136666666
172 -0.0059696136666666
173 -0.0059454136666666
174 -0.0060619136666666
175 -0.0079575136666666
176 -0.0071625136666666
177 -0.0056952136666666
178 -0.0037471136666666
179 -0.0028544136666666
180 -0.0023581136666666
181 -0.0024650136666666
182 -0.0016748136666666
183 -0.0024605136666666
184 -0.0036723136666666
185 -0.0039167136666666
186 -0.0061379136666666
187 -0.0053316136666666
188 -0.0079206136666666
189 -0.0086537136666666
190 -0.0101056136666666
191 -0.0075734136666666
192 -0.0064497136666666
193 -0.0069581136666666
194 -0.0068227136666666
195 -0.0047976136666666
196 -0.0029280136666666
197 -0.0029615136666666
198 -0.0037755136666666
199 -0.0031088136666666
200 -0.0025472136666666
201 -0.0028448136666666
202 -0.0003757136666666
203 -0.0049498136666666
204 -0.0084847136666666
205 -0.0058330136666666
206 -0.0051378136666666
207 -0.0040601136666666
208 -0.0072447136666666
209 -0.0071774136666666
210 -0.0029018136666666
211 -0.0027284136666666
212 -0.0041802136666666
213 -0.0051546136666666
214 -0.0054993136666666
215 -0.0057454136666666
216 -0.0065430136666666
217 -0.0057495136666666
218 -0.0065702136666666
219 -0.0051755136666666
220 -0.0071574136666666
221 -0.0068461136666666
222 -0.0072014136666666
223 -0.0085404136666666
224 -0.0109298136666666
225 -0.0114728136666666
226 -0.0122223136666666
227 -0.0122299136666666
228 -0.0123772136666666
229 -0.0129951136666666
230 -0.0125844136666666
231 -0.0144241136666666
232 -0.0136910136666666
233 -0.0134205136666666
234 -0.0141126136666666
235 -0.0120784136666666
236 -0.0126998136666666
237 -0.0145387136666666
238 -0.0129618136666666
239 -0.0118682136666666
240 -0.0146429136666666
241 -0.0135524136666666
242 -0.0133530136666666
243 -0.0125454136666666
244 -0.0117500136666666
245 -0.0104150136666666
246 -0.0083860136666666
247 -0.0071572136666666
248 -0.0080995136666666
249 -0.0071988136666666
250 -0.0078004136666666
251 -0.0081040136666666
252 -0.0035224136666666
253 -0.0029064136666666
254 -0.0006814136666666
255 -0.0031824136666666
256 -0.0001569136666666
257 -0.0049051136666666
258 -0.0056355136666666
259 -0.0068337136666666
260 -0.0074116136666666
261 -0.0062483136666666
262 -0.0060916136666666
263 -0.0070053136666666
264 -0.0046040136666666
265 -0.0060330136666666
266 -0.0094668136666666
267 -0.0108133136666666
268 -0.0097289136666666
269 -0.0092116136666666
270 -0.0133083136666666
271 -0.0137287136666666
272 -0.0128805136666666
273 -0.0112462136666666
274 -0.0127574136666666
275 -0.0136958136666666
276 -0.0119310136666666
277 -0.0136601136666666
278 -0.0116837136666666
279 -0.0126381136666666
280 -0.0119513136666666
281 -0.0120852136666666
282 -0.0119381136666666
283 -0.0103040136666666
284 -0.0086433136666666
285 -0.0087876136666666
286 -0.0092470136666666
287 -0.0069333136666666
288 -0.0056513136666666
289 -0.0051935136666666
290 -0.0076655136666666
291 -0.0058626136666666
292 -0.0081926136666666
293 -0.0066229136666666
294 -0.0072682136666666
295 -0.0087189136666666
296 -0.0103340136666666
297 -0.0134636136666666
298 -0.0133922136666666
299 -0.0131934136666666
300 -0.0125834136666666
301 -0.0124979136666666
302 -0.0114179136666666
303 -0.0107680136666666
304 -0.0104659136666666
305 -0.0106070136666666
306 -0.0100339136666666
307 -0.0116197136666666
308 -0.0096509136666666
309 -0.0112189136666666
310 -0.0082139136666666
311 -0.0097242136666666
312 -0.0105912136666666
313 -0.0112506136666666
314 -0.0111607136666666
315 -0.0104291136666666
316 -0.0101196136666666
317 -0.0084988136666666
318 -0.0053004136666666
319 -0.0084134136666666
320 -0.0048241136666666
321 -0.0041717136666666
322 -0.0049290136666666
323 -0.0029648136666666
324 -0.0048301136666666
325 -0.0063827136666666
326 -0.0064865136666666
327 -0.0061580136666666
328 -0.0076227136666666
329 -0.0089763136666666
330 -0.0072103136666666
331 -0.0089045136666666
332 -0.0054354136666666
333 -0.0067317136666666
334 -0.0066964136666666
335 -0.0062835136666666
336 -0.0080154136666666
337 -0.0078045136666666
338 -0.0078193136666666
339 -0.0090527136666666
340 -0.0107205136666666
341 -0.0100247136666666
342 -0.0080881136666666
343 -0.0061735136666666
344 -0.0073273136666666
345 -0.0086651136666666
346 -0.0060507136666666
347 -0.0091705136666666
348 -0.0105977136666666
349 -0.0094282136666666
350 -0.0125970136666666
351 -0.0098866136666666
352 -0.0080537136666666
353 -0.0062064136666666
354 -0.0017917136666666
355 -0.0037624136666666
356 -0.0035251136666666
357 -0.0031022136666666
358 -0.0038178136666666
359 -0.0051479136666666
360 -0.0068212136666666
361 -0.0082618136666666
362 -0.0098977136666666
363 -0.0112750136666666
364 -0.0104820136666666
365 -0.0107046136666666
366 -0.0101427136666666
367 -0.0089644136666666
368 -0.0098913136666666
369 -0.0106274136666666
370 -0.0104762136666666
371 -0.0111712136666666
372 -0.0081138136666666
373 -0.0091157136666666
374 -0.0086159136666666
375 -0.0078060136666666
376 -0.0049531136666666
377 -0.0042885136666666
378 -0.0062950136666666
379 -0.0067920136666666
380 -0.0089723136666666
381 -0.0080503136666666
382 -0.0081216136666666
383 -0.0061662136666666
384 -0.0069584136666666
385 -0.0061480136666666
386 -0.0057318136666666
387 -0.0068603136666666
388 -0.0079508136666666
389 -0.0079190136666666
390 -0.0077729136666666
391 -0.0093585136666666
392 -0.0075749136666666
393 -0.0075274136666666
394 -0.0063126136666666
395 -0.0083110136666666
396 -0.0087373136666666
397 -0.0094929136666666
398 -0.0070797136666666
399 -0.0040591136666666
400 -0.0074433136666666
401 -0.0093972136666666
402 -0.0085580136666666
403 -0.0112858136666666
404 -0.0100434136666666
405 -0.0116619136666666
406 -0.0088617136666666
407 -0.0092656136666666
408 -0.0089134136666666
409 -0.0128993136666666
410 -0.0136430136666666
411 -0.0106337136666666
412 -0.0094062136666666
413 -0.0109595136666666
414 -0.0111870136666666
415 -0.0119477136666666
416 -0.0112710136666666
417 -0.0114423136666666
418 -0.0115413136666666
419 -0.0122329136666666
420 -0.0123261136666666
421 -0.0116038136666666
422 -0.0136334136666666
423 -0.0123309136666666
424 -0.0115485136666666
425 -0.0104886136666666
426 -0.0116320136666666
427 -0.0106769136666666
428 -0.0109974136666666
429 -0.0119100136666666
430 -0.0122892136666666
431 -0.0110430136666666
432 -0.0109966136666666
433 -0.0102960136666666
434 -0.0128450136666666
435 -0.0114473136666666
436 -0.0118206136666666
437 -0.0157146136666666
438 -0.0131939136666666
439 -0.0109797136666666
440 -0.0123303136666666
441 -0.0127094136666666
442 -0.0117569136666666
443 -0.0129473136666666
444 -0.0118738136666666
445 -0.0124198136666666
446 -0.0119832136666666
447 -0.0125748136666666
448 -0.0124707136666666
449 -0.0116084136666666
450 -0.0131108136666666
451 -0.0129568136666666
452 -0.0118249136666666
453 -0.0119740136666666
454 -0.0102758136666666
455 -0.0115335136666666
456 -0.0115564136666666
457 -0.0081775136666666
458 -0.0070527136666666
459 -0.0084996136666666
460 -0.0070030136666666
461 -0.0047857136666666
462 -0.0032236136666666
463 -0.0051094136666666
464 -0.0046416136666666
465 -0.0054984136666666
466 -0.0081497136666666
467 -0.0080410136666666
468 -0.0063895136666666
469 -0.0093625136666666
470 -0.0117651136666666
471 -0.0133788136666666
472 -0.0115348136666666
473 -0.0124503136666666
474 -0.0122369136666666
475 -0.0126693136666666
476 -0.0120675136666666
477 -0.0116588136666666
478 -0.0123276136666666
479 -0.0107953136666666
480 -0.0105864136666666
481 -0.0107034136666666
482 -0.0115651136666666
483 -0.0124924136666666
484 -0.0098819136666666
485 -0.0083811136666666
486 -0.0107818136666666
487 -0.0125230136666666
488 -0.0141694136666666
489 -0.0127999136666666
490 -0.0142388136666666
491 -0.0141410136666666
492 -0.0150574136666666
493 -0.0144161136666666
494 -0.0130743136666666
495 -0.0135697136666666
496 -0.0143637136666666
497 -0.0139439136666666
498 -0.0146751136666666
499 -0.0138686136666666
500 -0.0134598136666666
501 -0.0159631136666666
502 -0.0150725136666666
503 -0.0153378136666666
504 -0.0153356136666666
505 -0.0159851136666666
506 -0.0135656136666666
507 -0.0154105136666666
508 -0.0151612136666666
509 -0.0136068136666666
510 -0.0134938136666666
511 -0.0098332136666666
512 -0.0123430136666666
513 -0.0118033136666666
514 -0.0090412136666666
515 -0.0071433136666666
516 -0.0042399136666666
517 -0.0053685136666666
518 -0.0060320136666666
519 -0.0053880136666666
520 -0.0059337136666666
521 -0.0055875136666666
522 -0.0075258136666666
523 -0.0071006136666666
524 -0.0099260136666666
525 -0.0115226136666666
526 -0.0122573136666666
527 -0.0096850136666666
528 -0.0085402136666666
529 -0.0065951136666666
530 -0.0098628136666666
531 -0.0090811136666666
532 -0.0090675136666666
533 -0.0092851136666666
534 -0.0083501136666666
535 -0.0087721136666666
536 -0.0093262136666666
537 -0.0078894136666666
538 -0.0082072136666666
539 -0.0085019136666666
540 -0.0088674136666666
541 -0.0082374136666666
542 -0.0098742136666666
543 -0.0106803136666666
544 -0.0123658136666666
545 -0.0111764136666666
546 -0.0130277136666666
547 -0.0124032136666666
548 -0.0135853136666666
549 -0.0141058136666666
550 -0.0131004136666666
551 -0.0149264136666666
552 -0.0138836136666666
553 -0.0130442136666666
554 -0.0121657136666666
555 -0.0105115136666666
556 -0.0085282136666666
557 -0.0091278136666666
558 -0.0065362136666666
559 -0.0048233136666666
560 -0.0028126136666666
561 -0.0030732136666666
562 -0.0057331136666666
563 -0.0049679136666666
564 -0.0054470136666666
565 -0.0059501136666666
566 -0.0087356136666666
567 -0.0102043136666666
568 -0.0122114136666666
569 -0.0097494136666666
570 -0.0112976136666666
571 -0.0113388136666666
572 -0.0115003136666666
573 -0.0130155136666666
574 -0.0110618136666666
575 -0.0109844136666666
576 -0.0126977136666666
577 -0.0114654136666666
578 -0.0123861136666666
579 -0.0124080136666666
580 -0.0131005136666666
581 -0.0125919136666666
582 -0.0121184136666666
583 -0.0104984136666666
584 -0.0129914136666666
585 -0.0120290136666666
586 -0.0122065136666666
587 -0.0104393136666666
588 -0.0098437136666666
589 -0.0090383136666666
590 -0.0062778136666666
591 -0.0103175136666666
592 -0.0071841136666666
593 -0.0069968136666666
594 -0.0083894136666666
595 -0.0080995136666666
596 -0.0100476136666666
597 -0.0098684136666666
598 -0.0066427136666666
599 -0.0052324136666666
600 -0.0058977136666666
