1 0.8873761668333334
2 0.6466363668333335
3 0.4162662668333335
4 0.2526698668333334
5 0.1700240668333334
6 0.1146480668333334
7 0.0817352668333334
8 0.0734112668333334
9 0.0480285668333334
10 0.0341314668333334
11 0.0288015668333334
12 0.0261710668333334
13 0.0132849668333334
14 0.0066742668333334
15 0.0094342668333334
16 0.0094151668333334
17 -0.0178520331666666
18 -0.0295942331666666
19 -0.0260362331666666
20 -0.0247831331666666
21 -0.0082466331666666
22 0.0090669668333334
23 -0.0016365331666666
24 -0.0099695331666666
25 -0.0096059331666666
26 -0.0011833331666666
27 0.0214076668333334
28 0.0264967668333334
29 0.0047088668333334
30 -0.0097566331666666
31 -0.0040621331666666
32 0.0066248668333334
33 0.0077246668333334
34 0.0153270668333334
35 0.0140787668333334
36 0.0163745668333334
37 0.0160660668333334
38 -0.0000186331666666
39 -0.0002014331666666
40 0.0063149668333334
41 0.0096953668333334
42 0.0170790668333334
43 0.0194716668333334
44 0.0293236668333334
45 0.0347651668333334
46 0.0194888668333334
47 0.0043963668333334
48 0.0024775668333334
49 0.0047465668333334
50 0.0001556668333334
51 0.0062593668333334
52 0.0112624668333334
53 0.0124525668333334
54 0.0080474668333334
55 0.0008988668333334
56 0.0211639668333334
57 0.0206200668333334
58 0.0090003668333334
59 0.0177669668333334
60 0.0359919668333334
61 0.0466526668333334
62 0.0327240668333334
63 0.0108695668333334
64 0.0040704668333334
65 0.0211454668333334
66 0.0283658668333334
67 0.0322969668333334
68 0.0248173668333334
69 0.0180673668333334
70 -0.0007541331666666
71 -0.0001794331666666
72 0.0057764668333334
73 0.0150187668333334
74 0.0246794668333334
75 0.0292821668333334
76 0.0278110668333334
77 0.0212005668333334
78 0.0208772668333334
79 0.0230342668333334
80 0.0328234668333334
81 0.0329769668333334
82 0.0273613668333334
83 0.0311451668333334
84 0.0235366668333334
85 0.0064719668333334
86 -0.0044057331666666
87 -0.0046080331666666
88 0.0047935668333334
89 0.0016429668333334
90 -0.0103169331666666
91 -0.0166977331666666
92 -0.0246654331666666
93 -0.0284458331666666
94 -0.0280428331666666
95 -0.0284142331666666
96 -0.0255967331666666
97 -0.0232683331666666
98 -0.0059374331666666
99 0.0000791668333334
100 -0.0109387331666666
101 -0.0192759331666666
102 -0.0093876331666666
103 -0.0010518331666666
104 -0.0044018331666666
105 -0.0004750331666666
106 0.0048803668333334
107 0.0059131668333334
108 0.0236567668333334
109 0.0223492668333334
110 -0.0000685331666666
111 -0.0128080331666666
112 -0.0176209331666666
113 -0.0176558331666666
114 -0.0134785331666666
115 -0.0117702331666666
116 -0.0266568331666666
117 -0.0321551331666666
118 -0.0079818331666666
119 -0.0025801331666666
120 -0.0087562331666666
121 0.0000348668333334
122 0.0022734668333334
123 -0.0069974331666666
124 -0.0145145331666666
125 -0.0110998331666666
126 0.0059003668333334
127 0.0093378668333334
128 0.0122894668333334
129 0.0166148668333334
130 0.0235864668333334
131 0.0310715668333334
132 0.0495700668333334
133 0.0657492668333334
134 0.0767980668333334
135 0.0736452668333334
136 0.0510254668333334
137 0.0385618668333334
138 0.0403980668333334
139 0.0377448668333334
140 0.0247048668333334
141 0.0103901668333334
142 0.0129429668333334
143 0.0297074668333334
144 0.0323602668333334
145 0.0255455668333334
146 0.0131693668333334
147 0.0030578668333334
148 0.0061708668333334
149 0.0187357668333334
150 0.0264819668333334
151 0.0303753668333334
152 0.0319791668333334
153 0.0325198668333334
154 0.0145435668333334
155 0.0110635668333334
156 0.0250841668333334
157 0.0212176668333334
158 0.0023878668333334
159 -0.0021386331666666
160 0.0025364668333334
161 0.0186042668333334
162 0.0134225668333334
163 -0.0031296331666666
164 -0.0125832331666666
165 -0.0076156331666666
166 -0.0036744331666666
167 0.0032278668333334
168 0.0079477668333334
169 -0.0066256331666666
170 -0.0144623331666666
171 -0.0126777331666666
172 -0.0080721331666666
173 -0.0002736331666666
174 0.0017346668333334
175 0.0071145668333334
176 0.0103050668333334
177 -0.0032352331666666
178 -0.0125140331666666
179 -0.0121574331666666
180 -0.0095586331666666
181 0.0066770668333334
182 0.0186077668333334
183 0.0066591668333334
184 0.0029758668333334
185 0.0100238668333334
186 0.0046413668333334
187 -0.0059427331666666
188 -0.0013572331666666
189 0.0114037668333334
190 0.0303049668333334
191 0.0373831668333334
192 0.0271994668333334
193 0.0166663668333334
194 0.0238993668333334
195 0.0378994668333334
196 0.0336705668333334
197 0.0216455668333334
198 0.0228786668333334
199 0.0169527668333334
200 0.0058040668333334
201 0.0016687668333334
202 0.0131946668333334
203 0.0336562668333334
204 0.0450255668333334
205 0.0436922668333334
206 0.0435496668333334
207 0.0389309668333334
208 0.0368400668333334
209 0.0425822668333334
210 0.0353364668333334
211 0.0294910668333334
212 0.0315971668333334
213 0.0297349668333334
214 0.0299741668333334
215 0.0362132668333334
216 0.0436682668333334
217 0.0367887668333334
218 0.0286192668333334
219 0.0256353668333334
220 0.0213057668333334
221 0.0193758668333334
222 0.0225599668333334
223 0.0283706668333334
224 0.0277952668333334
225 0.0303918668333334
226 0.0381881668333334
227 0.0318284668333334
228 0.0143823668333334
229 0.0252915668333334
230 0.0306934668333334
231 0.0120513668333334
232 -0.0043609331666666
233 -0.0154616331666666
234 -0.0154314331666666
235 0.0021484668333334
236 0.0172440668333334
237 0.0148586668333334
238 0.0054003668333334
239 0.0093675668333334
240 0.0026203668333334
241 -0.0110075331666666
242 -0.0121006331666666
243 -0.0097330331666666
244 -0.0237650331666666
245 -0.0345270331666666
246 -0.0319457331666666
247 -0.0266419331666666
248 -0.0182253331666666
249 -0.0112991331666666
250 -0.0090771331666666
251 0.0025024668333334
252 -0.0036543331666666
253 -0.0094941331666666
254 -0.0132611331666666
255 -0.0147614331666666
256 -0.0117347331666666
257 -0.0065713331666666
258 0.0006558668333334
259 0.0005638668333334
260 -0.0114331331666666
261 -0.0089220331666666
262 0.0245911668333334
263 0.0476473668333334
264 0.0457630668333334
265 0.0332772668333334
266 0.0242366668333334
267 0.0215169668333334
268 0.0403965668333334
269 0.0371809668333334
270 0.0096670668333334
271 0.0032180668333334
272 0.0149317668333334
273 0.0323215668333334
274 0.0264717668333334
275 0.0164533668333334
276 0.0019240668333334
277 -0.0073298331666666
278 -0.0070164331666666
279 -0.0068038331666666
280 0.0042513668333334
281 0.0041265668333334
282 0.0101160668333334
283 0.0184446668333334
284 0.0166262668333334
285 0.0157649668333334
286 0.0060579668333334
287 -0.0174721331666666
288 -0.0211723331666666
289 0.0078067668333334
290 0.0386732668333334
291 0.0427879668333334
292 0.0260661668333334
293 0.0105419668333334
294 0.0049170668333334
295 0.0027506668333334
296 0.0113867668333334
297 0.0105256668333334
298 0.0047988668333334
299 -0.0103008331666666
300 -0.0136196331666666
301 -0.0081805331666666
302 -0.0061289331666666
303 -0.0005911331666666
304 -0.0026053331666666
305 -0.0023011331666666
306 -0.0006477331666666
307 0.0062510668333334
308 0.0075590668333334
309 0.0078982668333334
310 0.0136872668333334
311 0.0147744668333334
312 0.0154654668333334
313 0.0049209668333334
314 0.0002178668333334
315 -0.0039924331666666
316 -0.0089795331666666
317 -0.0085784331666666
318 0.0069447668333334
319 0.0200979668333334
320 0.0160981668333334
321 -0.0012688331666666
322 -0.0199533331666666
323 -0.0185505331666666
324 -0.0215938331666666
325 -0.0212474331666666
326 -0.0110089331666666
327 -0.0079779331666666
328 -0.0146520331666666
329 -0.0210219331666666
330 -0.0206451331666666
331 -0.0170974331666666
332 -0.0144981331666666
333 -0.0121247331666666
334 -0.0064198331666666
335 0.0018728668333334
336 -0.0035629331666666
337 0.0011699668333334
338 0.0140331668333334
339 0.0156598668333334
340 0.0146527668333334
341 0.0069827668333334
342 0.0103887668333334
343 0.0158263668333334
344 0.0150887668333334
345 0.0185066668333334
346 0.0170188668333334
347 0.0149100668333334
348 0.0104610668333334
349 0.0073088668333334
350 0.0007773668333334
351 0.0211522668333334
352 0.0176205668333334
353 0.0084344668333334
354 0.0031372668333334
355 0.0099521668333334
356 0.0228957668333334
357 0.0213143668333334
358 0.0125565668333334
359 0.0017143668333334
360 -0.0162510331666666
361 -0.0033448331666666
362 0.0176327668333334
363 0.0221873668333334
364 0.0043586668333334
365 -0.0107857331666666
366 -0.0171494331666666
367 -0.0168841331666666
368 -0.0216900331666666
369 -0.0222914331666666
370 -0.0181733331666666
371 -0.0184615331666666
372 -0.0156580331666666
373 -0.0017273331666666
374 0.0075651668333334
375 0.0083730668333334
376 0.0120288668333334
377 0.0215234668333334
378 0.0233873668333334
379 0.0018355668333334
380 -0.0100650331666666
381 -0.0010209331666666
382 0.0030163668333334
383 -0.0189340331666666
384 -0.0363461331666666
385 -0.0260300331666666
386 -0.0066651331666666
387 -0.0049152331666666
388 -0.0116911331666666
389 -0.0200099331666666
390 -0.0289104331666666
391 -0.0286619331666666
392 -0.0209677331666666
393 -0.0112699331666666
394 -0.0104102331666666
395 -0.0100096331666666
396 -0.0000056331666666
397 0.0220121668333334
398 0.0296594668333334
399 0.0291064668333334
400 0.0179157668333334
401 -0.0045093331666666
402 -0.0127334331666666
403 -0.0110563331666666
404 -0.0005697331666666
405 0.0097610668333334
406 0.0046661668333334
407 -0.0025900331666666
408 0.0006090668333334
409 0.0179317668333334
410 0.0330397668333334
411 0.0309227668333334
412 0.0215798668333334
413 0.0144583668333334
414 0.0128133668333334
415 0.0165239668333334
416 0.0030576668333334
417 0.0025185668333334
418 0.0058395668333334
419 0.0084678668333334
420 0.0118794668333334
421 0.0276814668333334
422 0.0280058668333334
423 0.0072741668333334
424 0.0109709668333334
425 0.0291097668333334
426 0.0348447668333334
427 0.0336839668333334
428 0.0340139668333334
429 0.0298162668333334
430 0.0281578668333334
431 0.0160220668333334
432 -0.0016637331666666
433 -0.0087071331666666
434 -0.0047120331666666
435 0.0139017668333334
436 0.0260558668333334
437 0.0221465668333334
438 0.0079515668333334
439 0.0026250668333334
440 -0.0025705331666666
441 -0.0058989331666666
442 0.0028463668333334
443 0.0073216668333334
444 0.0047712668333334
445 0.0028553668333334
446 0.0078547668333334
447 0.0170613668333334
448 0.0247746668333334
449 0.0363008668333334
450 0.0446443668333334
451 0.0446575668333334
452 0.0501848668333334
453 0.0455955668333334
454 0.0422241668333334
455 0.0339694668333334
456 0.0301785668333334
457 0.0400503668333334
458 0.0284684668333334
459 0.0156273668333334
460 0.0102662668333334
461 0.0102758668333334
462 0.0066958668333334
463 0.0065659668333334
464 0.0026151668333334
465 0.0087677668333334
466 -0.0016065331666666
467 -0.0233953331666666
468 -0.0406911331666666
469 -0.0388793331666666
470 -0.0281861331666666
471 -0.0169604331666666
472 -0.0133216331666666
473 -0.0139453331666666
474 -0.0147925331666666
475 -0.0181030331666666
476 -0.0217026331666666
477 -0.0257248331666666
478 -0.0003073331666666
479 0.0164814668333334
480 0.0088793668333334
481 0.0013989668333334
482 0.0064716668333334
483 0.0078742668333334
484 0.0033359668333334
485 0.0070269668333334
486 0.0025055668333334
487 -0.0121715331666666
488 -0.0041122331666666
489 -0.0023974331666666
490 -0.0153734331666666
491 -0.0149886331666666
492 -0.0135688331666666
493 -0.0149186331666666
494 -0.0116856331666666
495 -0.0036614331666666
496 -0.0042356331666666
497 -0.0017545331666666
498 -0.0096656331666666
499 -0.0282222331666666
500 -0.0233546331666666
501 -0.0187429331666666
502 -0.0286046331666666
503 -0.0177301331666666
504 -0.0022804331666666
505 0.0052871668333334
506 0.0084440668333334
507 0.0114300668333334
508 0.0115595668333334
509 0.0096893668333334
510 0.0095055668333334
511 0.0063525668333334
512 0.0034417668333334
513 -0.0044027331666666
514 -0.0016733331666666
515 0.0002155668333334
516 0.0025895668333334
517 0.0134737668333334
518 0.0223842668333334
519 0.0261453668333334
520 0.0181257668333334
521 0.0170788668333334
522 0.0148139668333334
523 0.0274158668333334
524 0.0239081668333334
525 0.0276426668333334
526 0.0264081668333334
527 0.0021598668333334
528 -0.0066824331666666
529 -0.0003990331666666
530 -0.0001076331666666
531 -0.0047627331666666
532 0.0083750668333334
533 0.0162948668333334
534 0.0113448668333334
535 0.0119518668333334
536 0.0299980668333334
537 0.0368989668333334
538 0.0227773668333334
539 0.0042098668333334
540 -0.0036677331666666
541 -0.0081804331666666
542 -0.0077419331666666
543 -0.0056256331666666
544 -0.0078901331666666
545 -0.0068280331666666
546 0.0041668668333334
547 0.0034142668333334
548 0.0094414668333334
549 0.0230956668333334
550 0.0113979668333334
551 0.0014940668333334
552 0.0107960668333334
553 0.0261481668333334
554 0.0270219668333334
555 0.0269114668333334
556 0.0230445668333334
557 0.0271137668333334
558 0.0188475668333334
559 -0.0079994331666666
560 -0.0126534331666666
561 -0.0151415331666666
562 -0.0228291331666666
563 -0.0197629331666666
564 -0.0137105331666666
565 -0.0222844331666666
566 -0.0134388331666666
567 0.0075609668333334
568 0.0053305668333334
569 -0.0099253331666666
570 -0.0193654331666666
571 -0.0300487331666666
572 -0.0304072331666666
573 -0.0255680331666666
574 -0.0109449331666666
575 -0.0134160331666666
576 -0.0296886331666666
577 -0.0311615331666666
578 -0.0277428331666666
579 -0.0229355331666666
580 -0.0190230331666666
581 -0.0271054331666666
582 -0.0246737331666666
583 -0.0162185331666666
584 0.0041154668333334
585 0.0151774668333334
586 0.0081078668333334
587 0.0118943668333334
588 0.0104253668333334
589 0.0101250668333334
590 0.0033493668333334
591 -0.0118751331666666
592 -0.0160824331666666
593 -0.0157909331666666
594 -0.0054274331666666
595 -0.0091540331666666
596 -0.0211509331666666
597 -0.0263058331666666
598 -0.0080126331666666
599 0.0153964668333334
600 0.0246618668333334
