       1.0000000        7.0761261
       2.0000000        6.9962386
       3.0000000        6.9607866
       4.0000000        6.9304238
       5.0000000        6.8955044
       6.0000000        6.8896369
       7.0000000        6.8864736
       8.0000000        6.8861282
       9.0000000        6.8807816
      10.0000000        6.8961005
      11.0000000        6.9061568
      12.0000000        6.9065813
      13.0000000        6.9173549
      14.0000000        6.9414273
      15.0000000        6.9601842
      16.0000000        6.9760562
      17.0000000        6.9819010
      18.0000000        6.9786078
      19.0000000        6.9742390
      20.0000000        6.9795178
      21.0000000        6.9972120
      22.0000000        7.0094455
      23.0000000        7.0210469
      24.0000000        7.0306595
      25.0000000        7.0302416
      26.0000000        7.0306495
      27.0000000        7.0210653
      28.0000000        7.0253098
      29.0000000        7.0310642
      30.0000000        7.0342312
      31.0000000        7.0567856
      32.0000000        7.0671556
      33.0000000        7.0514429
      34.0000000        7.0197260
      35.0000000        7.0027622
      36.0000000        6.9912048
      37.0000000        7.0021479
      38.0000000        7.0091319
      39.0000000        7.0099532
      40.0000000        7.0126949
      41.0000000        7.0347580
      42.0000000        7.0614262
      43.0000000        7.0884036
      44.0000000        7.1002133
      45.0000000        7.1019591
      46.0000000        7.0997608
      47.0000000        7.0780716
      48.0000000        7.0582015
      49.0000000        7.0614177
      50.0000000        7.0668183
      51.0000000        7.0668577
      52.0000000        7.0726697
      53.0000000        7.0616395
      54.0000000        7.0465015
      55.0000000        7.0307347
      56.0000000        7.0114873
      57.0000000        6.9964172
      58.0000000        6.9754108
      59.0000000        6.9564154
      60.0000000        6.9398901
      61.0000000        6.9301048
      62.0000000        6.9223073
      63.0000000        6.9141968
      64.0000000        6.9098121
      65.0000000        6.9269740
      66.0000000        6.9488583
      67.0000000        6.9769443
      68.0000000        6.9878788
      69.0000000        7.0093170
      70.0000000        7.0344928
      71.0000000        7.0420626
      72.0000000        7.0439873
      73.0000000        7.0564637
      74.0000000        7.0675074
      75.0000000        7.0751936
      76.0000000        7.0719706
      77.0000000        7.0581302
      78.0000000        7.0464912
      79.0000000        7.0234151
      80.0000000        7.0277909
      81.0000000        7.0292816
      82.0000000        7.0466457
      83.0000000        7.0796650
      84.0000000        7.1020097
      85.0000000        7.1266935
      86.0000000        7.1331142
      87.0000000        7.1176047
      88.0000000        7.0990117
      89.0000000        7.0944939
      90.0000000        7.1002167
      91.0000000        7.1039137
      92.0000000        7.1150944
      93.0000000        7.1226743
      94.0000000        7.1137423
      95.0000000        7.0948611
      96.0000000        7.0807540
      97.0000000        7.0749811
      98.0000000        7.0774951
      99.0000000        7.0883154
     100.0000000        7.0926751
     101.0000000        7.0819654
     102.0000000        7.0589416
     103.0000000        7.0468562
     104.0000000        7.0167285
     105.0000000        6.9769403
     106.0000000        6.9647938
     107.0000000        6.9606524
     108.0000000        6.9629636
     109.0000000        6.9579497
     110.0000000        6.9599103
     111.0000000        6.9662497
     112.0000000        6.9729541
     113.0000000        6.9968854
     114.0000000        6.9859408
     115.0000000        6.9873626
     116.0000000        6.9926173
     117.0000000        6.9901634
     118.0000000        6.9856543
     119.0000000        6.9818074
     120.0000000        6.9576965
     121.0000000        6.9251010
     122.0000000        6.9006473
     123.0000000        6.8831597
     124.0000000        6.8843230
     125.0000000        6.9066381
     126.0000000        6.9195054
     127.0000000        6.9129608
     128.0000000        6.9036435
     129.0000000        6.9016989
     130.0000000        6.9112979
     131.0000000        6.9222728
     132.0000000        6.9448755
     133.0000000        6.9745797
     134.0000000        6.9899367
     135.0000000        6.9894720
     136.0000000        6.9717328
     137.0000000        6.9514597
     138.0000000        6.9345507
     139.0000000        6.9127311
     140.0000000        6.8819069
     141.0000000        6.8414490
     142.0000000        6.8246119
     143.0000000        6.8166015
     144.0000000        6.8086892
     145.0000000        6.8229493
     146.0000000        6.8450358
     147.0000000        6.8775360
     148.0000000        6.9149372
     149.0000000        6.9388938
     150.0000000        6.9554866
     151.0000000        6.9730457
     152.0000000        6.9909006
     153.0000000        7.0100574
     154.0000000        7.0209319
     155.0000000        7.0305292
     156.0000000        7.0417363
     157.0000000        7.0454430
     158.0000000        7.0380649
     159.0000000        7.0472104
     160.0000000        7.0563279
     161.0000000        7.0594188
     162.0000000        7.0571375
     163.0000000        7.0611130
     164.0000000        7.0682300
     165.0000000        7.0492577
     166.0000000        7.0334470
     167.0000000        7.0069911
     168.0000000        7.0150985
     169.0000000        7.0302822
     170.0000000        7.0335204
     171.0000000        7.0356951
     172.0000000        7.0504042
     173.0000000        7.0499979
     174.0000000        7.0435734
     175.0000000        7.0499168
     176.0000000        7.0408542
     177.0000000        7.0303096
     178.0000000        7.0050934
     179.0000000        6.9705489
     180.0000000        6.9360811
     181.0000000        6.9061414
     182.0000000        6.8805978
     183.0000000        6.8691353
     184.0000000        6.8651870
     185.0000000        6.8715978
     186.0000000        6.8796750
     187.0000000        6.8846153
     188.0000000        6.8963497
     189.0000000        6.8951634
     190.0000000        6.8860172
     191.0000000        6.8829957
     192.0000000        6.8944183
     193.0000000        6.9145601
     194.0000000        6.9350292
     195.0000000        6.9420370
     196.0000000        6.9538244
     197.0000000        6.9596632
     198.0000000        6.9535959
     199.0000000        6.9376830
     200.0000000        6.9334834
     201.0000000        6.9429027
     202.0000000        6.9431873
     203.0000000        6.9399722
     204.0000000        6.9379487
     205.0000000        6.9388154
     206.0000000        6.9411875
     207.0000000        6.9418264
     208.0000000        6.9412679
     209.0000000        6.9433454
     210.0000000        6.9489032
     211.0000000        6.9500140
     212.0000000        6.9441744
     213.0000000        6.9417628
     214.0000000        6.9177693
     215.0000000        6.9147628
     216.0000000        6.9375994
     217.0000000        6.9567667
     218.0000000        6.9496206
     219.0000000        6.9546634
     220.0000000        6.9663319
     221.0000000        6.9786565
     222.0000000        7.0004102
     223.0000000        7.0222872
     224.0000000        7.0506690
     225.0000000        7.0637072
     226.0000000        7.0678251
     227.0000000        7.0720215
     228.0000000        7.0802787
     229.0000000        7.0956880
     230.0000000        7.1111936
     231.0000000        7.1267183
     232.0000000        7.1399721
     233.0000000        7.1312252
     234.0000000        7.1265380
     235.0000000        7.1203179
     236.0000000        7.1179498
     237.0000000        7.1192444
     238.0000000        7.1045025
     239.0000000        7.0897833
     240.0000000        7.0954876
     241.0000000        7.0841333
     242.0000000        7.0560112
     243.0000000        7.0338455
     244.0000000        7.0314757
     245.0000000        7.0345319
     246.0000000        7.0309429
     247.0000000        7.0301179
     248.0000000        7.0232826
     249.0000000        7.0034539
     250.0000000        6.9840532
     251.0000000        6.9766113
     252.0000000        6.9856575
     253.0000000        6.9928040
     254.0000000        6.9975950
     255.0000000        6.9823926
     256.0000000        6.9804638
     257.0000000        6.9674683
     258.0000000        6.9546586
     259.0000000        6.9585765
     260.0000000        6.9690199
     261.0000000        6.9854433
     262.0000000        6.9825551
     263.0000000        6.9817564
     264.0000000        6.9829277
     265.0000000        6.9881495
     266.0000000        6.9949613
     267.0000000        7.0097276
     268.0000000        7.0315311
     269.0000000        7.0487904
     270.0000000        7.0658473
     271.0000000        7.0650740
     272.0000000        7.0566565
     273.0000000        7.0307710
     274.0000000        7.0055207
     275.0000000        6.9877759
     276.0000000        6.9811798
     277.0000000        6.9826267
     278.0000000        6.9774702
     279.0000000        6.9604842
     280.0000000        6.9502955
     281.0000000        6.9512302
     282.0000000        6.9607745
     283.0000000        6.9748979
     284.0000000        6.9891654
     285.0000000        7.0190026
     286.0000000        7.0286177
     287.0000000        7.0423436
     288.0000000        7.0399342
     289.0000000        7.0357680
     290.0000000        7.0310613
     291.0000000        7.0047580
     292.0000000        6.9738193
     293.0000000        6.9604616
     294.0000000        6.9466510
     295.0000000        6.9307264
     296.0000000        6.9209755
     297.0000000        6.9157746
     298.0000000        6.9198893
     299.0000000        6.9241829
     300.0000000        6.9275376
     301.0000000        6.9528094
     302.0000000        6.9819491
     303.0000000        7.0091300
     304.0000000        7.0118515
     305.0000000        7.0217911
     306.0000000        7.0295123
     307.0000000        7.0558369
     308.0000000        7.0903520
     309.0000000        7.1301391
     310.0000000        7.1557554
     311.0000000        7.1589254
     312.0000000        7.1516614
     313.0000000        7.1445417
     314.0000000        7.1196872
     315.0000000        7.0987228
     316.0000000        7.0761253
     317.0000000        7.0705919
     318.0000000        7.0702592
     319.0000000        7.0745786
     320.0000000        7.0756693
     321.0000000        7.0665700
     322.0000000        7.0417733
     323.0000000        6.9947040
     324.0000000        6.9620647
     325.0000000        6.9529157
     326.0000000        6.9523201
     327.0000000        6.9686758
     328.0000000        6.9881171
     329.0000000        7.0036556
     330.0000000        6.9998386
     331.0000000        6.9908781
     332.0000000        6.9825186
     333.0000000        6.9643969
     334.0000000        6.9584765
     335.0000000        6.9661240
     336.0000000        6.9785444
     337.0000000        6.9763537
     338.0000000        6.9572621
     339.0000000        6.9580620
     340.0000000        6.9756865
     341.0000000        6.9950768
     342.0000000        7.0267157
     343.0000000        7.0449234
     344.0000000        7.0389988
     345.0000000        7.0344499
     346.0000000        7.0375736
     347.0000000        7.0425058
     348.0000000        7.0302980
     349.0000000        7.0240385
     350.0000000        7.0110939
     351.0000000        7.0107669
     352.0000000        7.0034002
     353.0000000        6.9978504
     354.0000000        7.0058400
     355.0000000        7.0188250
     356.0000000        7.0052527
     357.0000000        6.9777750
     358.0000000        6.9690998
     359.0000000        6.9610385
     360.0000000        6.9879775
     361.0000000        7.0239016
     362.0000000        7.0502742
     363.0000000        7.0441382
     364.0000000        7.0289811
     365.0000000        7.0284589
     366.0000000        7.0408653
     367.0000000        7.0401041
     368.0000000        7.0344246
     369.0000000        7.0249984
     370.0000000        7.0261831
     371.0000000        7.0233963
     372.0000000        7.0312082
     373.0000000        7.0381554
     374.0000000        7.0436891
     375.0000000        7.0608104
     376.0000000        7.0564753
     377.0000000        7.0518861
     378.0000000        7.0540146
     379.0000000        7.0525603
     380.0000000        7.0511662
     381.0000000        7.0463273
     382.0000000        7.0578833
     383.0000000        7.0679331
     384.0000000        7.0719853
     385.0000000        7.0706131
     386.0000000        7.0923409
     387.0000000        7.0898653
     388.0000000        7.0828837
     389.0000000        7.0855697
     390.0000000        7.0767058
     391.0000000        7.0659939
     392.0000000        7.0416239
     393.0000000        7.0115656
     394.0000000        6.9942407
     395.0000000        6.9907707
     396.0000000        6.9804303
     397.0000000        6.9819901
     398.0000000        6.9848039
     399.0000000        6.9912151
     400.0000000        6.9865585
     401.0000000        6.9747436
     402.0000000        6.9803229
     403.0000000        6.9950973
     404.0000000        7.0016769
     405.0000000        7.0101652
     406.0000000        7.0081877
     407.0000000        7.0099635
     408.0000000        6.9872688
     409.0000000        6.9712506
     410.0000000        6.9639686
     411.0000000        6.9634396
     412.0000000        6.9559501
     413.0000000        6.9380482
     414.0000000        6.9187734
     415.0000000        6.9206676
     416.0000000        6.9225594
     417.0000000        6.9142507
     418.0000000        6.9133471
     419.0000000        6.8911169
     420.0000000        6.8742484
     421.0000000        6.8589010
     422.0000000        6.8551738
     423.0000000        6.8651370
     424.0000000        6.8770873
     425.0000000        6.8911235
     426.0000000        6.9206798
     427.0000000        6.9520551
     428.0000000        6.9747770
     429.0000000        6.9964788
     430.0000000        7.0243886
     431.0000000        7.0523512
     432.0000000        7.0659382
     433.0000000        7.0580617
     434.0000000        7.0266902
     435.0000000        7.0069629
     436.0000000        6.9842465
     437.0000000        6.9625910
     438.0000000        6.9507633
     439.0000000        6.9524914
     440.0000000        6.9538459
     441.0000000        6.9580901
     442.0000000        6.9649272
     443.0000000        6.9805043
     444.0000000        7.0177523
     445.0000000        7.0545211
     446.0000000        7.0785827
     447.0000000        7.1058085
     448.0000000        7.1162889
     449.0000000        7.1049158
     450.0000000        7.1060137
     451.0000000        7.1208770
     452.0000000        7.1303464
     453.0000000        7.1195815
     454.0000000        7.0888536
     455.0000000        7.0807546
     456.0000000        7.0841641
     457.0000000        7.1171877
     458.0000000        7.1366595
     459.0000000        7.1328056
     460.0000000        7.1151628
     461.0000000        7.0967968
     462.0000000        7.0759528
     463.0000000        7.0367237
     464.0000000        7.0053604
     465.0000000        6.9689592
     466.0000000        6.9531190
     467.0000000        6.9597697
     468.0000000        6.9611754
     469.0000000        6.9728224
     470.0000000        6.9689553
     471.0000000        6.9497022
     472.0000000        6.9297066
     473.0000000        6.9164267
     474.0000000        6.9219878
     475.0000000        6.9296333
     476.0000000        6.9303469
     477.0000000        6.9284091
     478.0000000        6.9519570
     479.0000000        6.9728349
     480.0000000        6.9615615
     481.0000000        6.9406577
     482.0000000        6.9353361
     483.0000000        6.9288400
     484.0000000        6.9241117
     485.0000000        6.9308372
     486.0000000        6.9404844
     487.0000000        6.9591717
     488.0000000        6.9674143
     489.0000000        6.9691630
     490.0000000        6.9864691
     491.0000000        7.0029301
     492.0000000        7.0046392
     493.0000000        7.0092948
     494.0000000        7.0107578
     495.0000000        7.0203502
     496.0000000        7.0259268
     497.0000000        7.0222655
     498.0000000        7.0111163
     499.0000000        7.0004520
     500.0000000        6.9987925
     501.0000000        6.9879699
     502.0000000        6.9864482
     503.0000000        6.9754156
     504.0000000        6.9666948
     505.0000000        6.9392601
     506.0000000        6.9204957
     507.0000000        6.9102621
     508.0000000        6.9085216
     509.0000000        6.8982018
     510.0000000        6.8781675
     511.0000000        6.8732562
     512.0000000        6.8785988
     513.0000000        6.8966040
     514.0000000        6.9152415
     515.0000000        6.9330446
     516.0000000        6.9484556
     517.0000000        6.9693251
     518.0000000        6.9759909
     519.0000000        6.9587383
     520.0000000        6.9572656
     521.0000000        6.9435402
     522.0000000        6.9234019
     523.0000000        6.9004289
     524.0000000        6.8918693
     525.0000000        6.8881380
     526.0000000        6.8793941
     527.0000000        6.8561506
     528.0000000        6.8398081
     529.0000000        6.8185235
     530.0000000        6.8276460
     531.0000000        6.8397374
     532.0000000        6.8674939
     533.0000000        6.8844233
     534.0000000        6.8895653
     535.0000000        6.8888802
     536.0000000        6.8906758
     537.0000000        6.9002048
     538.0000000        6.9120439
     539.0000000        6.9309324
     540.0000000        6.9627517
     541.0000000        6.9769330
     542.0000000        6.9936683
     543.0000000        6.9855191
     544.0000000        6.9619898
     545.0000000        6.9483391
     546.0000000        6.9385653
     547.0000000        6.9374096
     548.0000000        6.9511539
     549.0000000        6.9666779
     550.0000000        6.9742578
     551.0000000        6.9795159
     552.0000000        6.9731882
     553.0000000        6.9497400
     554.0000000        6.9331222
     555.0000000        6.9209735
     556.0000000        6.9012931
     557.0000000        6.9082115
     558.0000000        6.9219581
     559.0000000        6.9371126
     560.0000000        6.9469956
     561.0000000        6.9580997
     562.0000000        6.9735375
     563.0000000        6.9757475
     564.0000000        6.9794703
     565.0000000        6.9649889
     566.0000000        6.9408269
     567.0000000        6.9350638
     568.0000000        6.9363880
     569.0000000        6.9470857
     570.0000000        6.9670479
     571.0000000        6.9873766
     572.0000000        6.9849389
     573.0000000        6.9736425
     574.0000000        6.9654885
     575.0000000        6.9659882
     576.0000000        6.9580060
     577.0000000        6.9528898
     578.0000000        6.9440803
     579.0000000        6.9300724
     580.0000000        6.9261492
     581.0000000        6.9361907
     582.0000000        6.9599534
     583.0000000        6.9811827
     584.0000000        6.9958555
     585.0000000        7.0165133
     586.0000000        7.0260281
     587.0000000        7.0350084
     588.0000000        7.0614282
     589.0000000        7.0713784
     590.0000000        7.0742225
     591.0000000        7.0652094
     592.0000000        7.0480557
     593.0000000        7.0201304
     594.0000000        6.9929898
     595.0000000        6.9783547
     596.0000000        6.9596186
     597.0000000        6.9491506
     598.0000000        6.9437718
     599.0000000        6.9407940
     600.0000000        6.9485584
