       1.0000000        2.2857585
       2.0000000        2.2929601
       3.0000000        2.3072049
       4.0000000        2.3219859
       5.0000000        2.3298021
       6.0000000        2.3309147
       7.0000000        2.3363572
       8.0000000        2.3369269
       9.0000000        2.3366948
      10.0000000        2.3236634
      11.0000000        2.3035601
      12.0000000        2.2831543
      13.0000000        2.2576189
      14.0000000        2.2265970
      15.0000000        2.1868732
      16.0000000        2.1392418
      17.0000000        2.0833773
      18.0000000        2.0274197
      19.0000000        1.9702523
      20.0000000        1.9086213
      21.0000000        1.8463858
      22.0000000        1.7885455
      23.0000000        1.7370559
      24.0000000        1.6905429
      25.0000000        1.6439255
      26.0000000        1.6038726
      27.0000000        1.5707562
      28.0000000        1.5474053
      29.0000000        1.5300137
      30.0000000        1.5192139
      31.0000000        1.5143568
      32.0000000        1.5144553
      33.0000000        1.5185180
      34.0000000        1.5274207
      35.0000000        1.5402020
      36.0000000        1.5560590
      37.0000000        1.5736221
      38.0000000        1.5932870
      39.0000000        1.6180009
      40.0000000        1.6482135
      41.0000000        1.6784890
      42.0000000        1.7108309
      43.0000000        1.7448263
      44.0000000        1.7786957
      45.0000000        1.8118453
      46.0000000        1.8435997
      47.0000000        1.8740745
      48.0000000        1.9031120
      49.0000000        1.9347068
      50.0000000        1.9655065
      51.0000000        1.9966993
      52.0000000        2.0274596
      53.0000000        2.0516704
      54.0000000        2.0762318
      55.0000000        2.0954906
      56.0000000        2.1116112
      57.0000000        2.1202920
      58.0000000        2.1245548
      59.0000000        2.1299407
      60.0000000        2.1368211
      61.0000000        2.1414927
      62.0000000        2.1427902
      63.0000000        2.1446733
      64.0000000        2.1460140
      65.0000000        2.1459975
      66.0000000        2.1470738
      67.0000000        2.1492944
      68.0000000        2.1517783
      69.0000000        2.1516164
      70.0000000        2.1514353
      71.0000000        2.1491214
      72.0000000        2.1340086
      73.0000000        2.1150539
      74.0000000        2.0899151
      75.0000000        2.0674018
      76.0000000        2.0502033
      77.0000000        2.0400122
      78.0000000        2.0342396
      79.0000000        2.0319671
      80.0000000        2.0315698
      81.0000000        2.0305609
      82.0000000        2.0185769
      83.0000000        1.9966990
      84.0000000        1.9685180
      85.0000000        1.9350931
      86.0000000        1.9042043
      87.0000000        1.8685668
      88.0000000        1.8394282
      89.0000000        1.8088552
      90.0000000        1.7845992
      91.0000000        1.7657156
      92.0000000        1.7535466
      93.0000000        1.7451981
      94.0000000        1.7366259
      95.0000000        1.7299956
      96.0000000        1.7189673
      97.0000000        1.7101492
      98.0000000        1.7042422
      99.0000000        1.6974953
     100.0000000        1.6906035
     101.0000000        1.6797885
     102.0000000        1.6693671
     103.0000000        1.6573646
     104.0000000        1.6401117
     105.0000000        1.6209769
     106.0000000        1.6038670
     107.0000000        1.5912420
     108.0000000        1.5830897
     109.0000000        1.5764752
     110.0000000        1.5735091
     111.0000000        1.5716817
     112.0000000        1.5725508
     113.0000000        1.5746595
     114.0000000        1.5784105
     115.0000000        1.5801041
     116.0000000        1.5795589
     117.0000000        1.5795887
     118.0000000        1.5800539
     119.0000000        1.5770906
     120.0000000        1.5698470
     121.0000000        1.5630961
     122.0000000        1.5582887
     123.0000000        1.5524795
     124.0000000        1.5444207
     125.0000000        1.5395289
     126.0000000        1.5349820
     127.0000000        1.5330277
     128.0000000        1.5327349
     129.0000000        1.5349967
     130.0000000        1.5378510
     131.0000000        1.5436769
     132.0000000        1.5546054
     133.0000000        1.5666781
     134.0000000        1.5795115
     135.0000000        1.5922146
     136.0000000        1.6038788
     137.0000000        1.6114565
     138.0000000        1.6196978
     139.0000000        1.6281297
     140.0000000        1.6341734
     141.0000000        1.6375611
     142.0000000        1.6385676
     143.0000000        1.6387961
     144.0000000        1.6360030
     145.0000000        1.6290645
     146.0000000        1.6186228
     147.0000000        1.6081727
     148.0000000        1.5959943
     149.0000000        1.5830317
     150.0000000        1.5697060
     151.0000000        1.5555665
     152.0000000        1.5411634
     153.0000000        1.5287491
     154.0000000        1.5179281
     155.0000000        1.5095332
     156.0000000        1.5000609
     157.0000000        1.4917297
     158.0000000        1.4822881
     159.0000000        1.4749049
     160.0000000        1.4689286
     161.0000000        1.4613870
     162.0000000        1.4522836
     163.0000000        1.4435352
     164.0000000        1.4345576
     165.0000000        1.4265363
     166.0000000        1.4175161
     167.0000000        1.4082079
     168.0000000        1.4014808
     169.0000000        1.3958598
     170.0000000        1.3896974
     171.0000000        1.3849825
     172.0000000        1.3829052
     173.0000000        1.3821711
     174.0000000        1.3842392
     175.0000000        1.3880917
     176.0000000        1.3918478
     177.0000000        1.3972068
     178.0000000        1.4040400
     179.0000000        1.4121309
     180.0000000        1.4211906
     181.0000000        1.4304593
     182.0000000        1.4386119
     183.0000000        1.4477099
     184.0000000        1.4566411
     185.0000000        1.4665671
     186.0000000        1.4762464
     187.0000000        1.4860308
     188.0000000        1.4933100
     189.0000000        1.4993339
     190.0000000        1.5071768
     191.0000000        1.5147782
     192.0000000        1.5216382
     193.0000000        1.5253658
     194.0000000        1.5233908
     195.0000000        1.5182707
     196.0000000        1.5093908
     197.0000000        1.4977875
     198.0000000        1.4881525
     199.0000000        1.4796342
     200.0000000        1.4700385
     201.0000000        1.4586031
     202.0000000        1.4463706
     203.0000000        1.4352629
     204.0000000        1.4210341
     205.0000000        1.4045165
     206.0000000        1.3912215
     207.0000000        1.3798958
     208.0000000        1.3674912
     209.0000000        1.3536027
     210.0000000        1.3400927
     211.0000000        1.3268208
     212.0000000        1.3173161
     213.0000000        1.3110020
     214.0000000        1.3089564
     215.0000000        1.3090712
     216.0000000        1.3128708
     217.0000000        1.3197338
     218.0000000        1.3304230
     219.0000000        1.3432358
     220.0000000        1.3561610
     221.0000000        1.3690148
     222.0000000        1.3834186
     223.0000000        1.4006948
     224.0000000        1.4195415
     225.0000000        1.4421049
     226.0000000        1.4671226
     227.0000000        1.4937835
     228.0000000        1.5223302
     229.0000000        1.5520278
     230.0000000        1.5822904
     231.0000000        1.6117075
     232.0000000        1.6403349
     233.0000000        1.6706305
     234.0000000        1.7006585
     235.0000000        1.7315174
     236.0000000        1.7609442
     237.0000000        1.7904202
     238.0000000        1.8177057
     239.0000000        1.8440129
     240.0000000        1.8703612
     241.0000000        1.8981546
     242.0000000        1.9284925
     243.0000000        1.9598189
     244.0000000        1.9923426
     245.0000000        2.0225117
     246.0000000        2.0531008
     247.0000000        2.0834396
     248.0000000        2.1162010
     249.0000000        2.1497864
     250.0000000        2.1826089
     251.0000000        2.2134878
     252.0000000        2.2461025
     253.0000000        2.2783716
     254.0000000        2.3053208
     255.0000000        2.3350203
     256.0000000        2.3596934
     257.0000000        2.3737227
     258.0000000        2.3805653
     259.0000000        2.3766875
     260.0000000        2.3743693
     261.0000000        2.3763046
     262.0000000        2.3775647
     263.0000000        2.3817971
     264.0000000        2.3913067
     265.0000000        2.3922262
     266.0000000        2.3912400
     267.0000000        2.3899824
     268.0000000        2.3871833
     269.0000000        2.3739009
     270.0000000        2.3523623
     271.0000000        2.3234353
     272.0000000        2.2905923
     273.0000000        2.2545569
     274.0000000        2.2177162
     275.0000000        2.1816710
     276.0000000        2.1458983
     277.0000000        2.1041245
     278.0000000        2.0539951
     279.0000000        1.9990657
     280.0000000        1.9479026
     281.0000000        1.8988392
     282.0000000        1.8515047
     283.0000000        1.8034399
     284.0000000        1.7545482
     285.0000000        1.7078865
     286.0000000        1.6641804
     287.0000000        1.6249206
     288.0000000        1.5888454
     289.0000000        1.5601089
     290.0000000        1.5340812
     291.0000000        1.5074169
     292.0000000        1.4844963
     293.0000000        1.4646098
     294.0000000        1.4457063
     295.0000000        1.4296670
     296.0000000        1.4152515
     297.0000000        1.3970066
     298.0000000        1.3767716
     299.0000000        1.3534593
     300.0000000        1.3337580
     301.0000000        1.3181317
     302.0000000        1.3054512
     303.0000000        1.2945632
     304.0000000        1.2861441
     305.0000000        1.2808823
     306.0000000        1.2785155
     307.0000000        1.2793831
     308.0000000        1.2818239
     309.0000000        1.2851629
     310.0000000        1.2893690
     311.0000000        1.2938363
     312.0000000        1.2962244
     313.0000000        1.2969824
     314.0000000        1.2986209
     315.0000000        1.3002923
     316.0000000        1.3029797
     317.0000000        1.3062552
     318.0000000        1.3102254
     319.0000000        1.3136981
     320.0000000        1.3184793
     321.0000000        1.3229481
     322.0000000        1.3289004
     323.0000000        1.3365391
     324.0000000        1.3434655
     325.0000000        1.3478161
     326.0000000        1.3516488
     327.0000000        1.3564335
     328.0000000        1.3623618
     329.0000000        1.3688268
     330.0000000        1.3777119
     331.0000000        1.3872839
     332.0000000        1.3982670
     333.0000000        1.4128706
     334.0000000        1.4309732
     335.0000000        1.4509275
     336.0000000        1.4706440
     337.0000000        1.4921268
     338.0000000        1.5159473
     339.0000000        1.5405823
     340.0000000        1.5660960
     341.0000000        1.5933505
     342.0000000        1.6226432
     343.0000000        1.6524747
     344.0000000        1.6824819
     345.0000000        1.7143416
     346.0000000        1.7515350
     347.0000000        1.7901336
     348.0000000        1.8309544
     349.0000000        1.8715379
     350.0000000        1.9111344
     351.0000000        1.9477368
     352.0000000        1.9786335
     353.0000000        2.0100559
     354.0000000        2.0413065
     355.0000000        2.0747307
     356.0000000        2.1061770
     357.0000000        2.1334397
     358.0000000        2.1546241
     359.0000000        2.1690412
     360.0000000        2.1721777
     361.0000000        2.1668946
     362.0000000        2.1538528
     363.0000000        2.1345924
     364.0000000        2.1167047
     365.0000000        2.0981019
     366.0000000        2.0817887
     367.0000000        2.0637375
     368.0000000        2.0418064
     369.0000000        2.0193290
     370.0000000        1.9973360
     371.0000000        1.9767867
     372.0000000        1.9532469
     373.0000000        1.9350394
     374.0000000        1.9194205
     375.0000000        1.9020161
     376.0000000        1.8876137
     377.0000000        1.8726129
     378.0000000        1.8552059
     379.0000000        1.8385508
     380.0000000        1.8244835
     381.0000000        1.8123771
     382.0000000        1.8030828
     383.0000000        1.7951078
     384.0000000        1.7872928
     385.0000000        1.7756356
     386.0000000        1.7575238
     387.0000000        1.7393608
     388.0000000        1.7172993
     389.0000000        1.6969428
     390.0000000        1.6801572
     391.0000000        1.6637803
     392.0000000        1.6464783
     393.0000000        1.6320828
     394.0000000        1.6202280
     395.0000000        1.6073914
     396.0000000        1.5947740
     397.0000000        1.5795136
     398.0000000        1.5640259
     399.0000000        1.5517277
     400.0000000        1.5415111
     401.0000000        1.5364230
     402.0000000        1.5305966
     403.0000000        1.5236588
     404.0000000        1.5211662
     405.0000000        1.5220763
     406.0000000        1.5249292
     407.0000000        1.5321941
     408.0000000        1.5432940
     409.0000000        1.5557324
     410.0000000        1.5689810
     411.0000000        1.5811099
     412.0000000        1.5926344
     413.0000000        1.6043866
     414.0000000        1.6151288
     415.0000000        1.6273343
     416.0000000        1.6389466
     417.0000000        1.6513047
     418.0000000        1.6666519
     419.0000000        1.6851343
     420.0000000        1.7040873
     421.0000000        1.7231180
     422.0000000        1.7405711
     423.0000000        1.7583998
     424.0000000        1.7760451
     425.0000000        1.7906514
     426.0000000        1.8006711
     427.0000000        1.8056802
     428.0000000        1.8052478
     429.0000000        1.8046506
     430.0000000        1.8070173
     431.0000000        1.8081513
     432.0000000        1.8081766
     433.0000000        1.8028499
     434.0000000        1.7921224
     435.0000000        1.7765214
     436.0000000        1.7624686
     437.0000000        1.7459081
     438.0000000        1.7270278
     439.0000000        1.7069606
     440.0000000        1.6868991
     441.0000000        1.6669657
     442.0000000        1.6502491
     443.0000000        1.6377509
     444.0000000        1.6266017
     445.0000000        1.6189972
     446.0000000        1.6139661
     447.0000000        1.6083241
     448.0000000        1.6021819
     449.0000000        1.5951158
     450.0000000        1.5899026
     451.0000000        1.5900898
     452.0000000        1.5916515
     453.0000000        1.5961481
     454.0000000        1.6006526
     455.0000000        1.6065130
     456.0000000        1.6159512
     457.0000000        1.6274051
     458.0000000        1.6412452
     459.0000000        1.6563253
     460.0000000        1.6726380
     461.0000000        1.6908456
     462.0000000        1.7117860
     463.0000000        1.7339778
     464.0000000        1.7554670
     465.0000000        1.7779572
     466.0000000        1.7998859
     467.0000000        1.8212729
     468.0000000        1.8425097
     469.0000000        1.8659851
     470.0000000        1.8883648
     471.0000000        1.9073898
     472.0000000        1.9258751
     473.0000000        1.9445463
     474.0000000        1.9603961
     475.0000000        1.9770716
     476.0000000        2.0016875
     477.0000000        2.0313099
     478.0000000        2.0622102
     479.0000000        2.0892232
     480.0000000        2.1088714
     481.0000000        2.1189694
     482.0000000        2.1193697
     483.0000000        2.1127516
     484.0000000        2.1034602
     485.0000000        2.0877447
     486.0000000        2.0680441
     487.0000000        2.0445792
     488.0000000        2.0251876
     489.0000000        2.0064804
     490.0000000        1.9904979
     491.0000000        1.9743139
     492.0000000        1.9544871
     493.0000000        1.9283946
     494.0000000        1.8986886
     495.0000000        1.8666128
     496.0000000        1.8388005
     497.0000000        1.8123044
     498.0000000        1.7839939
     499.0000000        1.7626380
     500.0000000        1.7481822
     501.0000000        1.7297696
     502.0000000        1.7133681
     503.0000000        1.7003930
     504.0000000        1.6903327
     505.0000000        1.6827742
     506.0000000        1.6790320
     507.0000000        1.6773969
     508.0000000        1.6789671
     509.0000000        1.6847311
     510.0000000        1.6926575
     511.0000000        1.7039299
     512.0000000        1.7154350
     513.0000000        1.7296346
     514.0000000        1.7414111
     515.0000000        1.7533228
     516.0000000        1.7653657
     517.0000000        1.7802356
     518.0000000        1.7944080
     519.0000000        1.8087726
     520.0000000        1.8233789
     521.0000000        1.8391048
     522.0000000        1.8550526
     523.0000000        1.8670658
     524.0000000        1.8766752
     525.0000000        1.8817096
     526.0000000        1.8834096
     527.0000000        1.8823119
     528.0000000        1.8854754
     529.0000000        1.8877071
     530.0000000        1.8873082
     531.0000000        1.8843765
     532.0000000        1.8795479
     533.0000000        1.8703359
     534.0000000        1.8520402
     535.0000000        1.8287516
     536.0000000        1.8120459
     537.0000000        1.7933256
     538.0000000        1.7750838
     539.0000000        1.7561542
     540.0000000        1.7349128
     541.0000000        1.7145968
     542.0000000        1.6944317
     543.0000000        1.6753393
     544.0000000        1.6562783
     545.0000000        1.6385256
     546.0000000        1.6216726
     547.0000000        1.6067225
     548.0000000        1.5925282
     549.0000000        1.5776586
     550.0000000        1.5638831
     551.0000000        1.5531843
     552.0000000        1.5454479
     553.0000000        1.5372620
     554.0000000        1.5301333
     555.0000000        1.5239337
     556.0000000        1.5229884
     557.0000000        1.5212226
     558.0000000        1.5175337
     559.0000000        1.5111543
     560.0000000        1.5034361
     561.0000000        1.4952091
     562.0000000        1.4868390
     563.0000000        1.4770597
     564.0000000        1.4655796
     565.0000000        1.4540508
     566.0000000        1.4452961
     567.0000000        1.4390804
     568.0000000        1.4380817
     569.0000000        1.4416483
     570.0000000        1.4448595
     571.0000000        1.4481606
     572.0000000        1.4528536
     573.0000000        1.4574073
     574.0000000        1.4589623
     575.0000000        1.4575799
     576.0000000        1.4567468
     577.0000000        1.4580793
     578.0000000        1.4588434
     579.0000000        1.4614282
     580.0000000        1.4630666
     581.0000000        1.4638967
     582.0000000        1.4669938
     583.0000000        1.4703119
     584.0000000        1.4738223
     585.0000000        1.4757895
     586.0000000        1.4783794
     587.0000000        1.4795379
     588.0000000        1.4776413
     589.0000000        1.4792389
     590.0000000        1.4834965
     591.0000000        1.4925735
     592.0000000        1.5024396
     593.0000000        1.5139242
     594.0000000        1.5227273
     595.0000000        1.5313063
     596.0000000        1.5374773
     597.0000000        1.5411280
     598.0000000        1.5454223
     599.0000000        1.5490560
     600.0000000        1.5541710
