       1.0000000        3.7778950
       2.0000000        3.6568322
       3.0000000        3.4833148
       4.0000000        3.3044980
       5.0000000        3.1518807
       6.0000000        3.0136425
       7.0000000        2.9017599
       8.0000000        2.8193433
       9.0000000        2.7483649
      10.0000000        2.6909158
      11.0000000        2.6446500
      12.0000000        2.6078982
      13.0000000        2.5772488
      14.0000000        2.5655034
      15.0000000        2.5690579
      16.0000000        2.5825796
      17.0000000        2.5877759
      18.0000000        2.5857389
      19.0000000        2.5801685
      20.0000000        2.5723035
      21.0000000        2.5660098
      22.0000000        2.5539801
      23.0000000        2.5481548
      24.0000000        2.5445058
      25.0000000        2.5389178
      26.0000000        2.5361419
      27.0000000        2.5391028
      28.0000000        2.5393836
      29.0000000        2.5427389
      30.0000000        2.5387845
      31.0000000        2.5324628
      32.0000000        2.5365725
      33.0000000        2.5361569
      34.0000000        2.5363579
      35.0000000        2.5439808
      36.0000000        2.5556653
      37.0000000        2.5610058
      38.0000000        2.5621781
      39.0000000        2.5700488
      40.0000000        2.5747602
      41.0000000        2.5807021
      42.0000000        2.5778875
      43.0000000        2.5721457
      44.0000000        2.5707114
      45.0000000        2.5748758
      46.0000000        2.5772665
      47.0000000        2.5742793
      48.0000000        2.5654976
      49.0000000        2.5598595
      50.0000000        2.5507483
      51.0000000        2.5463076
      52.0000000        2.5432198
      53.0000000        2.5385232
      54.0000000        2.5363190
      55.0000000        2.5312376
      56.0000000        2.5286355
      57.0000000        2.5297718
      58.0000000        2.5408940
      59.0000000        2.5534389
      60.0000000        2.5729232
      61.0000000        2.5885875
      62.0000000        2.5970850
      63.0000000        2.6044486
      64.0000000        2.6124866
      65.0000000        2.6145701
      66.0000000        2.6117532
      67.0000000        2.6100404
      68.0000000        2.6086621
      69.0000000        2.6015875
      70.0000000        2.5921228
      71.0000000        2.5827570
      72.0000000        2.5655794
      73.0000000        2.5480051
      74.0000000        2.5270729
      75.0000000        2.5101349
      76.0000000        2.5013831
      77.0000000        2.4906542
      78.0000000        2.4823670
      79.0000000        2.4853814
      80.0000000        2.5009675
      81.0000000        2.5170608
      82.0000000        2.5342867
      83.0000000        2.5463424
      84.0000000        2.5660348
      85.0000000        2.5884416
      86.0000000        2.6121516
      87.0000000        2.6343062
      88.0000000        2.6566734
      89.0000000        2.6762350
      90.0000000        2.6911237
      91.0000000        2.7037106
      92.0000000        2.7129159
      93.0000000        2.7185183
      94.0000000        2.7209084
      95.0000000        2.7183995
      96.0000000        2.7180581
      97.0000000        2.7164185
      98.0000000        2.7133458
      99.0000000        2.7102408
     100.0000000        2.7000933
     101.0000000        2.6801145
     102.0000000        2.6604831
     103.0000000        2.6432369
     104.0000000        2.6287167
     105.0000000        2.6221328
     106.0000000        2.6128860
     107.0000000        2.5956059
     108.0000000        2.5808668
     109.0000000        2.5692680
     110.0000000        2.5596817
     111.0000000        2.5602846
     112.0000000        2.5616641
     113.0000000        2.5605683
     114.0000000        2.5631714
     115.0000000        2.5677712
     116.0000000        2.5739267
     117.0000000        2.5743558
     118.0000000        2.5754373
     119.0000000        2.5762506
     120.0000000        2.5738909
     121.0000000        2.5671124
     122.0000000        2.5550115
     123.0000000        2.5448427
     124.0000000        2.5317416
     125.0000000        2.5215902
     126.0000000        2.5078578
     127.0000000        2.5042508
     128.0000000        2.5062006
     129.0000000        2.5090494
     130.0000000        2.5210142
     131.0000000        2.5265353
     132.0000000        2.5383332
     133.0000000        2.5542047
     134.0000000        2.5714555
     135.0000000        2.5869365
     136.0000000        2.6039836
     137.0000000        2.6127589
     138.0000000        2.6252434
     139.0000000        2.6311936
     140.0000000        2.6343293
     141.0000000        2.6397934
     142.0000000        2.6433568
     143.0000000        2.6405494
     144.0000000        2.6409719
     145.0000000        2.6273825
     146.0000000        2.6134064
     147.0000000        2.6040156
     148.0000000        2.6093528
     149.0000000        2.6204982
     150.0000000        2.6317968
     151.0000000        2.6323869
     152.0000000        2.6281965
     153.0000000        2.6143653
     154.0000000        2.6059687
     155.0000000        2.5970001
     156.0000000        2.5893576
     157.0000000        2.5845981
     158.0000000        2.5729690
     159.0000000        2.5616548
     160.0000000        2.5550375
     161.0000000        2.5527055
     162.0000000        2.5514128
     163.0000000        2.5548856
     164.0000000        2.5541844
     165.0000000        2.5599489
     166.0000000        2.5654671
     167.0000000        2.5670216
     168.0000000        2.5708733
     169.0000000        2.5773273
     170.0000000        2.5735958
     171.0000000        2.5777519
     172.0000000        2.5828226
     173.0000000        2.5950005
     174.0000000        2.5977528
     175.0000000        2.5994077
     176.0000000        2.5982244
     177.0000000        2.5903487
     178.0000000        2.5874982
     179.0000000        2.5704513
     180.0000000        2.5686617
     181.0000000        2.5652995
     182.0000000        2.5648222
     183.0000000        2.5668437
     184.0000000        2.5736086
     185.0000000        2.5817552
     186.0000000        2.5803490
     187.0000000        2.5772357
     188.0000000        2.5736642
     189.0000000        2.5793548
     190.0000000        2.5880461
     191.0000000        2.5964422
     192.0000000        2.5972650
     193.0000000        2.6015558
     194.0000000        2.5981119
     195.0000000        2.5936332
     196.0000000        2.5920942
     197.0000000        2.5888171
     198.0000000        2.5805213
     199.0000000        2.5667739
     200.0000000        2.5640497
     201.0000000        2.5706015
     202.0000000        2.5832446
     203.0000000        2.5988500
     204.0000000        2.6099446
     205.0000000        2.6211517
     206.0000000        2.6294889
     207.0000000        2.6335042
     208.0000000        2.6248693
     209.0000000        2.6179414
     210.0000000        2.6052604
     211.0000000        2.5909119
     212.0000000        2.5753367
     213.0000000        2.5693514
     214.0000000        2.5653758
     215.0000000        2.5623407
     216.0000000        2.5587704
     217.0000000        2.5407264
     218.0000000        2.5301638
     219.0000000        2.5219343
     220.0000000        2.5175097
     221.0000000        2.5162039
     222.0000000        2.5167766
     223.0000000        2.5159535
     224.0000000        2.5125992
     225.0000000        2.5106335
     226.0000000        2.5144920
     227.0000000        2.5233088
     228.0000000        2.5345595
     229.0000000        2.5437920
     230.0000000        2.5521054
     231.0000000        2.5540957
     232.0000000        2.5585976
     233.0000000        2.5647061
     234.0000000        2.5738375
     235.0000000        2.5789025
     236.0000000        2.5798378
     237.0000000        2.5811031
     238.0000000        2.5741851
     239.0000000        2.5680475
     240.0000000        2.5662761
     241.0000000        2.5583141
     242.0000000        2.5481091
     243.0000000        2.5380821
     244.0000000        2.5325961
     245.0000000        2.5240142
     246.0000000        2.5140893
     247.0000000        2.5065854
     248.0000000        2.4997473
     249.0000000        2.4860251
     250.0000000        2.4851933
     251.0000000        2.4860475
     252.0000000        2.4938102
     253.0000000        2.5044808
     254.0000000        2.5123360
     255.0000000        2.5220156
     256.0000000        2.5356629
     257.0000000        2.5565407
     258.0000000        2.5753067
     259.0000000        2.5869071
     260.0000000        2.5937552
     261.0000000        2.5992782
     262.0000000        2.6060336
     263.0000000        2.6096210
     264.0000000        2.6264887
     265.0000000        2.6430485
     266.0000000        2.6486120
     267.0000000        2.6533313
     268.0000000        2.6503785
     269.0000000        2.6533496
     270.0000000        2.6543145
     271.0000000        2.6543019
     272.0000000        2.6501029
     273.0000000        2.6513169
     274.0000000        2.6472721
     275.0000000        2.6423099
     276.0000000        2.6332729
     277.0000000        2.6213562
     278.0000000        2.6200526
     279.0000000        2.6251252
     280.0000000        2.6307273
     281.0000000        2.6394093
     282.0000000        2.6333251
     283.0000000        2.6283803
     284.0000000        2.6268289
     285.0000000        2.6186635
     286.0000000        2.6118600
     287.0000000        2.6120355
     288.0000000        2.6136837
     289.0000000        2.6180294
     290.0000000        2.6244433
     291.0000000        2.6349876
     292.0000000        2.6436017
     293.0000000        2.6502385
     294.0000000        2.6504650
     295.0000000        2.6518986
     296.0000000        2.6562438
     297.0000000        2.6521046
     298.0000000        2.6441593
     299.0000000        2.6334760
     300.0000000        2.6229172
     301.0000000        2.6140921
     302.0000000        2.6036041
     303.0000000        2.5977635
     304.0000000        2.5924795
     305.0000000        2.5873230
     306.0000000        2.5873368
     307.0000000        2.5774753
     308.0000000        2.5699315
     309.0000000        2.5649157
     310.0000000        2.5628407
     311.0000000        2.5692739
     312.0000000        2.5759110
     313.0000000        2.5871711
     314.0000000        2.6000726
     315.0000000        2.6103661
     316.0000000        2.6206360
     317.0000000        2.6214111
     318.0000000        2.6160009
     319.0000000        2.6040623
     320.0000000        2.5907362
     321.0000000        2.5804725
     322.0000000        2.5702114
     323.0000000        2.5605719
     324.0000000        2.5567322
     325.0000000        2.5508685
     326.0000000        2.5436807
     327.0000000        2.5419838
     328.0000000        2.5364208
     329.0000000        2.5347323
     330.0000000        2.5357230
     331.0000000        2.5354483
     332.0000000        2.5356474
     333.0000000        2.5376217
     334.0000000        2.5419734
     335.0000000        2.5459766
     336.0000000        2.5495055
     337.0000000        2.5627513
     338.0000000        2.5789955
     339.0000000        2.5938900
     340.0000000        2.6027915
     341.0000000        2.6045918
     342.0000000        2.6075718
     343.0000000        2.6087229
     344.0000000        2.6054988
     345.0000000        2.6060174
     346.0000000        2.6101642
     347.0000000        2.6099305
     348.0000000        2.6113539
     349.0000000        2.6104925
     350.0000000        2.6048372
     351.0000000        2.6071672
     352.0000000        2.6125724
     353.0000000        2.6169934
     354.0000000        2.6208036
     355.0000000        2.6257982
     356.0000000        2.6254153
     357.0000000        2.6285243
     358.0000000        2.6285350
     359.0000000        2.6352203
     360.0000000        2.6454165
     361.0000000        2.6597364
     362.0000000        2.6698542
     363.0000000        2.6780162
     364.0000000        2.6813107
     365.0000000        2.6742437
     366.0000000        2.6720960
     367.0000000        2.6647701
     368.0000000        2.6457665
     369.0000000        2.6357768
     370.0000000        2.6263273
     371.0000000        2.6103766
     372.0000000        2.6015003
     373.0000000        2.5962217
     374.0000000        2.5866992
     375.0000000        2.5753000
     376.0000000        2.5599349
     377.0000000        2.5491791
     378.0000000        2.5429697
     379.0000000        2.5350356
     380.0000000        2.5320926
     381.0000000        2.5282178
     382.0000000        2.5311079
     383.0000000        2.5308759
     384.0000000        2.5375309
     385.0000000        2.5467200
     386.0000000        2.5538933
     387.0000000        2.5592384
     388.0000000        2.5656106
     389.0000000        2.5706415
     390.0000000        2.5752969
     391.0000000        2.5783472
     392.0000000        2.5770221
     393.0000000        2.5760844
     394.0000000        2.5763040
     395.0000000        2.5773449
     396.0000000        2.5752532
     397.0000000        2.5717669
     398.0000000        2.5655334
     399.0000000        2.5515232
     400.0000000        2.5383406
     401.0000000        2.5243034
     402.0000000        2.5172150
     403.0000000        2.5161302
     404.0000000        2.5149276
     405.0000000        2.5113156
     406.0000000        2.5153008
     407.0000000        2.5190258
     408.0000000        2.5247891
     409.0000000        2.5362284
     410.0000000        2.5468473
     411.0000000        2.5588708
     412.0000000        2.5745370
     413.0000000        2.5916355
     414.0000000        2.6107588
     415.0000000        2.6202033
     416.0000000        2.6294734
     417.0000000        2.6304772
     418.0000000        2.6321404
     419.0000000        2.6283300
     420.0000000        2.6302619
     421.0000000        2.6294451
     422.0000000        2.6157386
     423.0000000        2.6084785
     424.0000000        2.5959830
     425.0000000        2.5851943
     426.0000000        2.5796545
     427.0000000        2.5794747
     428.0000000        2.5851068
     429.0000000        2.5866215
     430.0000000        2.5898952
     431.0000000        2.5952799
     432.0000000        2.5999238
     433.0000000        2.6042659
     434.0000000        2.6003997
     435.0000000        2.5943224
     436.0000000        2.5879214
     437.0000000        2.5868363
     438.0000000        2.5923097
     439.0000000        2.6009264
     440.0000000        2.6097596
     441.0000000        2.6226358
     442.0000000        2.6349912
     443.0000000        2.6438134
     444.0000000        2.6527796
     445.0000000        2.6538460
     446.0000000        2.6574228
     447.0000000        2.6548131
     448.0000000        2.6501651
     449.0000000        2.6431630
     450.0000000        2.6399288
     451.0000000        2.6392753
     452.0000000        2.6389396
     453.0000000        2.6387148
     454.0000000        2.6440420
     455.0000000        2.6423483
     456.0000000        2.6463716
     457.0000000        2.6467001
     458.0000000        2.6478763
     459.0000000        2.6423488
     460.0000000        2.6316755
     461.0000000        2.6131976
     462.0000000        2.5926547
     463.0000000        2.5760121
     464.0000000        2.5662620
     465.0000000        2.5652370
     466.0000000        2.5648878
     467.0000000        2.5690031
     468.0000000        2.5785413
     469.0000000        2.5932925
     470.0000000        2.6050684
     471.0000000        2.6176443
     472.0000000        2.6342494
     473.0000000        2.6466322
     474.0000000        2.6625907
     475.0000000        2.6697071
     476.0000000        2.6661646
     477.0000000        2.6625986
     478.0000000        2.6513209
     479.0000000        2.6431549
     480.0000000        2.6267354
     481.0000000        2.6058521
     482.0000000        2.5922501
     483.0000000        2.5839021
     484.0000000        2.5778899
     485.0000000        2.5726085
     486.0000000        2.5574732
     487.0000000        2.5494478
     488.0000000        2.5481198
     489.0000000        2.5518603
     490.0000000        2.5619912
     491.0000000        2.5757132
     492.0000000        2.5771701
     493.0000000        2.5721273
     494.0000000        2.5690048
     495.0000000        2.5739093
     496.0000000        2.5861049
     497.0000000        2.5895004
     498.0000000        2.5974066
     499.0000000        2.6112740
     500.0000000        2.6210327
     501.0000000        2.6287954
     502.0000000        2.6358235
     503.0000000        2.6441183
     504.0000000        2.6499465
     505.0000000        2.6474705
     506.0000000        2.6407743
     507.0000000        2.6315694
     508.0000000        2.6235962
     509.0000000        2.6136332
     510.0000000        2.5991125
     511.0000000        2.5861578
     512.0000000        2.5718603
     513.0000000        2.5677838
     514.0000000        2.5761330
     515.0000000        2.5870712
     516.0000000        2.5910692
     517.0000000        2.5955739
     518.0000000        2.6058977
     519.0000000        2.6022298
     520.0000000        2.6136792
     521.0000000        2.6218336
     522.0000000        2.6229293
     523.0000000        2.6260958
     524.0000000        2.6250365
     525.0000000        2.6275516
     526.0000000        2.6277702
     527.0000000        2.6254771
     528.0000000        2.6245077
     529.0000000        2.6266308
     530.0000000        2.6283362
     531.0000000        2.6261415
     532.0000000        2.6217835
     533.0000000        2.6147823
     534.0000000        2.6068830
     535.0000000        2.6038616
     536.0000000        2.5943336
     537.0000000        2.5947180
     538.0000000        2.5919206
     539.0000000        2.5918674
     540.0000000        2.5957580
     541.0000000        2.6014764
     542.0000000        2.6048455
     543.0000000        2.6127353
     544.0000000        2.6225998
     545.0000000        2.6306164
     546.0000000        2.6360636
     547.0000000        2.6420524
     548.0000000        2.6422448
     549.0000000        2.6446326
     550.0000000        2.6300881
     551.0000000        2.6236827
     552.0000000        2.6150262
     553.0000000        2.6090338
     554.0000000        2.6025240
     555.0000000        2.6014278
     556.0000000        2.6006608
     557.0000000        2.6008143
     558.0000000        2.6065264
     559.0000000        2.6230543
     560.0000000        2.6413372
     561.0000000        2.6502988
     562.0000000        2.6527700
     563.0000000        2.6555114
     564.0000000        2.6579695
     565.0000000        2.6559889
     566.0000000        2.6572809
     567.0000000        2.6478086
     568.0000000        2.6372547
     569.0000000        2.6213853
     570.0000000        2.6054952
     571.0000000        2.5947070
     572.0000000        2.5941727
     573.0000000        2.5999243
     574.0000000        2.6149280
     575.0000000        2.6230276
     576.0000000        2.6272473
     577.0000000        2.6302164
     578.0000000        2.6234205
     579.0000000        2.6102548
     580.0000000        2.5884309
     581.0000000        2.5651670
     582.0000000        2.5416126
     583.0000000        2.5287769
     584.0000000        2.5173452
     585.0000000        2.5098224
     586.0000000        2.5019679
     587.0000000        2.4980912
     588.0000000        2.5036118
     589.0000000        2.5134585
     590.0000000        2.5232775
     591.0000000        2.5345283
     592.0000000        2.5382988
     593.0000000        2.5373216
     594.0000000        2.5337596
     595.0000000        2.5307226
     596.0000000        2.5377264
     597.0000000        2.5464118
     598.0000000        2.5504413
     599.0000000        2.5546992
     600.0000000        2.5478241
