       1.0000000        4.2973919
       2.0000000        3.7632945
       3.0000000        3.4398630
       4.0000000        3.2478476
       5.0000000        3.1528707
       6.0000000        3.1206887
       7.0000000        3.1148517
       8.0000000        3.1097808
       9.0000000        3.0881226
      10.0000000        3.0594854
      11.0000000        3.0261593
      12.0000000        2.9805105
      13.0000000        2.9249096
      14.0000000        2.8791037
      15.0000000        2.8323333
      16.0000000        2.8010762
      17.0000000        2.7661457
      18.0000000        2.7357171
      19.0000000        2.7048783
      20.0000000        2.6677620
      21.0000000        2.6333861
      22.0000000        2.6086214
      23.0000000        2.5825632
      24.0000000        2.5605152
      25.0000000        2.5432851
      26.0000000        2.5336220
      27.0000000        2.5296397
      28.0000000        2.5263495
      29.0000000        2.5154150
      30.0000000        2.5099545
      31.0000000        2.5075543
      32.0000000        2.5123935
      33.0000000        2.5199707
      34.0000000        2.5223014
      35.0000000        2.5299635
      36.0000000        2.5319147
      37.0000000        2.5385532
      38.0000000        2.5420947
      39.0000000        2.5381777
      40.0000000        2.5315278
      41.0000000        2.5244427
      42.0000000        2.5154922
      43.0000000        2.5030251
      44.0000000        2.4931040
      45.0000000        2.4793644
      46.0000000        2.4681165
      47.0000000        2.4698136
      48.0000000        2.4651651
      49.0000000        2.4597719
      50.0000000        2.4644613
      51.0000000        2.4845359
      52.0000000        2.4904392
      53.0000000        2.4852400
      54.0000000        2.5005925
      55.0000000        2.5122464
      56.0000000        2.5331600
      57.0000000        2.5648615
      58.0000000        2.5881968
      59.0000000        2.5990226
      60.0000000        2.6150341
      61.0000000        2.6387796
      62.0000000        2.6608329
      63.0000000        2.6768966
      64.0000000        2.6843774
      65.0000000        2.6941385
      66.0000000        2.7156470
      67.0000000        2.7235682
      68.0000000        2.7073922
      69.0000000        2.6990552
      70.0000000        2.6878541
      71.0000000        2.6757689
      72.0000000        2.6685901
      73.0000000        2.6616728
      74.0000000        2.6558878
      75.0000000        2.6465614
      76.0000000        2.6313081
      77.0000000        2.6243124
      78.0000000        2.6288733
      79.0000000        2.6250069
      80.0000000        2.6304922
      81.0000000        2.6274278
      82.0000000        2.6272719
      83.0000000        2.6125195
      84.0000000        2.6050012
      85.0000000        2.6060426
      86.0000000        2.6006572
      87.0000000        2.5852280
      88.0000000        2.5698838
      89.0000000        2.5666604
      90.0000000        2.5754826
      91.0000000        2.5860815
      92.0000000        2.5891421
      93.0000000        2.5873218
      94.0000000        2.5694416
      95.0000000        2.5699778
      96.0000000        2.5787468
      97.0000000        2.5757754
      98.0000000        2.5741327
      99.0000000        2.5718350
     100.0000000        2.5784321
     101.0000000        2.5897934
     102.0000000        2.6018560
     103.0000000        2.6107252
     104.0000000        2.6139290
     105.0000000        2.6156883
     106.0000000        2.6225441
     107.0000000        2.6268122
     108.0000000        2.6243365
     109.0000000        2.6380656
     110.0000000        2.6565492
     111.0000000        2.6636882
     112.0000000        2.6676717
     113.0000000        2.6686494
     114.0000000        2.6543474
     115.0000000        2.6410117
     116.0000000        2.6355972
     117.0000000        2.6432545
     118.0000000        2.6434023
     119.0000000        2.6363158
     120.0000000        2.6252151
     121.0000000        2.6255305
     122.0000000        2.6280251
     123.0000000        2.6313658
     124.0000000        2.6304755
     125.0000000        2.6290531
     126.0000000        2.6266236
     127.0000000        2.6206963
     128.0000000        2.6094182
     129.0000000        2.6013117
     130.0000000        2.5799823
     131.0000000        2.5588861
     132.0000000        2.5365784
     133.0000000        2.5220082
     134.0000000        2.4997568
     135.0000000        2.4792373
     136.0000000        2.4626286
     137.0000000        2.4633167
     138.0000000        2.4609756
     139.0000000        2.4564419
     140.0000000        2.4547896
     141.0000000        2.4543622
     142.0000000        2.4466579
     143.0000000        2.4355834
     144.0000000        2.4373705
     145.0000000        2.4381576
     146.0000000        2.4396598
     147.0000000        2.4417558
     148.0000000        2.4390247
     149.0000000        2.4393010
     150.0000000        2.4329138
     151.0000000        2.4336836
     152.0000000        2.4368804
     153.0000000        2.4457748
     154.0000000        2.4506025
     155.0000000        2.4580076
     156.0000000        2.4794657
     157.0000000        2.5054619
     158.0000000        2.5316429
     159.0000000        2.5443842
     160.0000000        2.5502541
     161.0000000        2.5580821
     162.0000000        2.5707762
     163.0000000        2.5806119
     164.0000000        2.5867519
     165.0000000        2.5877855
     166.0000000        2.5885432
     167.0000000        2.5833311
     168.0000000        2.5673320
     169.0000000        2.5517640
     170.0000000        2.5434239
     171.0000000        2.5370412
     172.0000000        2.5361817
     173.0000000        2.5409262
     174.0000000        2.5434327
     175.0000000        2.5483887
     176.0000000        2.5468502
     177.0000000        2.5416226
     178.0000000        2.5370393
     179.0000000        2.5304604
     180.0000000        2.5205240
     181.0000000        2.5094404
     182.0000000        2.5022862
     183.0000000        2.5014784
     184.0000000        2.5013552
     185.0000000        2.4922514
     186.0000000        2.4865386
     187.0000000        2.4718580
     188.0000000        2.4539640
     189.0000000        2.4344621
     190.0000000        2.4172285
     191.0000000        2.4078581
     192.0000000        2.3962390
     193.0000000        2.3859468
     194.0000000        2.3857934
     195.0000000        2.3895996
     196.0000000        2.3892620
     197.0000000        2.3905423
     198.0000000        2.3894906
     199.0000000        2.3896375
     200.0000000        2.3820820
     201.0000000        2.3750584
     202.0000000        2.3769803
     203.0000000        2.3793645
     204.0000000        2.3768263
     205.0000000        2.3799226
     206.0000000        2.3889420
     207.0000000        2.3932006
     208.0000000        2.3894479
     209.0000000        2.3837984
     210.0000000        2.3789337
     211.0000000        2.3776202
     212.0000000        2.3714266
     213.0000000        2.3723650
     214.0000000        2.3842072
     215.0000000        2.3979585
     216.0000000        2.4144175
     217.0000000        2.4209025
     218.0000000        2.4217839
     219.0000000        2.4279313
     220.0000000        2.4474492
     221.0000000        2.4625573
     222.0000000        2.4699767
     223.0000000        2.4744506
     224.0000000        2.4819357
     225.0000000        2.4939363
     226.0000000        2.4989147
     227.0000000        2.4985726
     228.0000000        2.5046875
     229.0000000        2.5085890
     230.0000000        2.4999831
     231.0000000        2.4960909
     232.0000000        2.4956191
     233.0000000        2.4890890
     234.0000000        2.4794059
     235.0000000        2.4690449
     236.0000000        2.4537530
     237.0000000        2.4374752
     238.0000000        2.4330771
     239.0000000        2.4291043
     240.0000000        2.4237270
     241.0000000        2.4113636
     242.0000000        2.3978291
     243.0000000        2.3825300
     244.0000000        2.3583536
     245.0000000        2.3330693
     246.0000000        2.3045077
     247.0000000        2.2757978
     248.0000000        2.2504568
     249.0000000        2.2242146
     250.0000000        2.1910496
     251.0000000        2.1542392
     252.0000000        2.1234698
     253.0000000        2.1021421
     254.0000000        2.0872054
     255.0000000        2.0855827
     256.0000000        2.0959847
     257.0000000        2.1162524
     258.0000000        2.1351361
     259.0000000        2.1521623
     260.0000000        2.1685483
     261.0000000        2.1810057
     262.0000000        2.1883264
     263.0000000        2.2042077
     264.0000000        2.2161450
     265.0000000        2.2284844
     266.0000000        2.2390778
     267.0000000        2.2549431
     268.0000000        2.2771187
     269.0000000        2.3074660
     270.0000000        2.3309803
     271.0000000        2.3495805
     272.0000000        2.3713579
     273.0000000        2.4021435
     274.0000000        2.4306877
     275.0000000        2.4580865
     276.0000000        2.4827816
     277.0000000        2.5005283
     278.0000000        2.5165124
     279.0000000        2.5294454
     280.0000000        2.5272677
     281.0000000        2.5217993
     282.0000000        2.5106771
     283.0000000        2.4866016
     284.0000000        2.4635460
     285.0000000        2.4405131
     286.0000000        2.4219716
     287.0000000        2.4073987
     288.0000000        2.3838739
     289.0000000        2.3681846
     290.0000000        2.3558879
     291.0000000        2.3472741
     292.0000000        2.3464284
     293.0000000        2.3463271
     294.0000000        2.3407440
     295.0000000        2.3350863
     296.0000000        2.3239446
     297.0000000        2.3165543
     298.0000000        2.3128879
     299.0000000        2.3112409
     300.0000000        2.3092353
     301.0000000        2.3016493
     302.0000000        2.2931371
     303.0000000        2.2766199
     304.0000000        2.2518406
     305.0000000        2.2269318
     306.0000000        2.2197607
     307.0000000        2.2270844
     308.0000000        2.2287555
     309.0000000        2.2301862
     310.0000000        2.2302713
     311.0000000        2.2254233
     312.0000000        2.2168794
     313.0000000        2.2047203
     314.0000000        2.1934526
     315.0000000        2.1831455
     316.0000000        2.1707149
     317.0000000        2.1601875
     318.0000000        2.1472716
     319.0000000        2.1318986
     320.0000000        2.1239412
     321.0000000        2.1181762
     322.0000000        2.1082819
     323.0000000        2.0989954
     324.0000000        2.0907097
     325.0000000        2.0851243
     326.0000000        2.0814879
     327.0000000        2.0811341
     328.0000000        2.0814133
     329.0000000        2.0890641
     330.0000000        2.0979030
     331.0000000        2.1120565
     332.0000000        2.1323338
     333.0000000        2.1583290
     334.0000000        2.1817522
     335.0000000        2.2045870
     336.0000000        2.2240274
     337.0000000        2.2525899
     338.0000000        2.2854836
     339.0000000        2.3113172
     340.0000000        2.3437154
     341.0000000        2.3782036
     342.0000000        2.4122491
     343.0000000        2.4414723
     344.0000000        2.4693494
     345.0000000        2.4901016
     346.0000000        2.5130880
     347.0000000        2.5223296
     348.0000000        2.5254292
     349.0000000        2.5270615
     350.0000000        2.5180211
     351.0000000        2.5047560
     352.0000000        2.4859955
     353.0000000        2.4746218
     354.0000000        2.4664381
     355.0000000        2.4605980
     356.0000000        2.4452348
     357.0000000        2.4255223
     358.0000000        2.4087901
     359.0000000        2.4013734
     360.0000000        2.4047995
     361.0000000        2.3982604
     362.0000000        2.3983467
     363.0000000        2.4014640
     364.0000000        2.4005449
     365.0000000        2.3998084
     366.0000000        2.3940690
     367.0000000        2.3853099
     368.0000000        2.3766980
     369.0000000        2.3733320
     370.0000000        2.3775363
     371.0000000        2.3784280
     372.0000000        2.3848069
     373.0000000        2.3853872
     374.0000000        2.3900588
     375.0000000        2.3899064
     376.0000000        2.3873796
     377.0000000        2.3801596
     378.0000000        2.3774872
     379.0000000        2.3801577
     380.0000000        2.3847532
     381.0000000        2.3945272
     382.0000000        2.4049468
     383.0000000        2.4171388
     384.0000000        2.4418898
     385.0000000        2.4609976
     386.0000000        2.4776495
     387.0000000        2.4972167
     388.0000000        2.5162873
     389.0000000        2.5337286
     390.0000000        2.5517435
     391.0000000        2.5589685
     392.0000000        2.5594385
     393.0000000        2.5663986
     394.0000000        2.5551202
     395.0000000        2.5363269
     396.0000000        2.5226667
     397.0000000        2.5150480
     398.0000000        2.5110550
     399.0000000        2.5039022
     400.0000000        2.5101554
     401.0000000        2.5160718
     402.0000000        2.5231516
     403.0000000        2.5358925
     404.0000000        2.5484593
     405.0000000        2.5555537
     406.0000000        2.5541778
     407.0000000        2.5504005
     408.0000000        2.5412347
     409.0000000        2.5315766
     410.0000000        2.5223742
     411.0000000        2.5027401
     412.0000000        2.4892809
     413.0000000        2.4646165
     414.0000000        2.4402339
     415.0000000        2.4127703
     416.0000000        2.3855684
     417.0000000        2.3667564
     418.0000000        2.3503044
     419.0000000        2.3332794
     420.0000000        2.3176770
     421.0000000        2.2947431
     422.0000000        2.2765853
     423.0000000        2.2568331
     424.0000000        2.2396019
     425.0000000        2.2241583
     426.0000000        2.2036700
     427.0000000        2.1760373
     428.0000000        2.1473241
     429.0000000        2.1263227
     430.0000000        2.1154048
     431.0000000        2.1138141
     432.0000000        2.1045742
     433.0000000        2.0985105
     434.0000000        2.0948305
     435.0000000        2.0856678
     436.0000000        2.0788295
     437.0000000        2.0649498
     438.0000000        2.0579059
     439.0000000        2.0540118
     440.0000000        2.0408990
     441.0000000        2.0261247
     442.0000000        2.0203652
     443.0000000        2.0109012
     444.0000000        1.9952210
     445.0000000        1.9894217
     446.0000000        1.9842050
     447.0000000        1.9796827
     448.0000000        1.9785863
     449.0000000        1.9723377
     450.0000000        1.9657058
     451.0000000        1.9615586
     452.0000000        1.9595927
     453.0000000        1.9609624
     454.0000000        1.9599310
     455.0000000        1.9597151
     456.0000000        1.9607512
     457.0000000        1.9634976
     458.0000000        1.9768561
     459.0000000        1.9896964
     460.0000000        2.0067229
     461.0000000        2.0256281
     462.0000000        2.0419576
     463.0000000        2.0569136
     464.0000000        2.0751667
     465.0000000        2.1012871
     466.0000000        2.1285648
     467.0000000        2.1536350
     468.0000000        2.1749687
     469.0000000        2.1912103
     470.0000000        2.2063265
     471.0000000        2.2272711
     472.0000000        2.2521436
     473.0000000        2.2699032
     474.0000000        2.2838674
     475.0000000        2.2952602
     476.0000000        2.3156462
     477.0000000        2.3302095
     478.0000000        2.3404388
     479.0000000        2.3500543
     480.0000000        2.3599637
     481.0000000        2.3660975
     482.0000000        2.3720505
     483.0000000        2.3660958
     484.0000000        2.3630903
     485.0000000        2.3515885
     486.0000000        2.3403931
     487.0000000        2.3309813
     488.0000000        2.3273339
     489.0000000        2.3309474
     490.0000000        2.3318174
     491.0000000        2.3306463
     492.0000000        2.3323200
     493.0000000        2.3407145
     494.0000000        2.3571768
     495.0000000        2.3646288
     496.0000000        2.3681822
     497.0000000        2.3710372
     498.0000000        2.3817091
     499.0000000        2.3986804
     500.0000000        2.4129148
     501.0000000        2.4269004
     502.0000000        2.4386160
     503.0000000        2.4597793
     504.0000000        2.4780915
     505.0000000        2.4914587
     506.0000000        2.4974351
     507.0000000        2.4963086
     508.0000000        2.4958265
     509.0000000        2.4950271
     510.0000000        2.4912555
     511.0000000        2.4935913
     512.0000000        2.5029087
     513.0000000        2.5247941
     514.0000000        2.5435424
     515.0000000        2.5620379
     516.0000000        2.5677078
     517.0000000        2.5655360
     518.0000000        2.5649695
     519.0000000        2.5676749
     520.0000000        2.5703657
     521.0000000        2.5775974
     522.0000000        2.5797198
     523.0000000        2.5753412
     524.0000000        2.5717597
     525.0000000        2.5651546
     526.0000000        2.5489728
     527.0000000        2.5289996
     528.0000000        2.5126901
     529.0000000        2.4938478
     530.0000000        2.4726536
     531.0000000        2.4585316
     532.0000000        2.4563396
     533.0000000        2.4445891
     534.0000000        2.4309945
     535.0000000        2.4237359
     536.0000000        2.4193478
     537.0000000        2.4101565
     538.0000000        2.3895435
     539.0000000        2.3705926
     540.0000000        2.3557444
     541.0000000        2.3379583
     542.0000000        2.3250661
     543.0000000        2.3194227
     544.0000000        2.3177917
     545.0000000        2.3107381
     546.0000000        2.3027036
     547.0000000        2.3034070
     548.0000000        2.3006887
     549.0000000        2.2962241
     550.0000000        2.2982743
     551.0000000        2.3068380
     552.0000000        2.3069608
     553.0000000        2.3155985
     554.0000000        2.3281159
     555.0000000        2.3365343
     556.0000000        2.3438916
     557.0000000        2.3604789
     558.0000000        2.3776352
     559.0000000        2.3938234
     560.0000000        2.4108782
     561.0000000        2.4204724
     562.0000000        2.4236743
     563.0000000        2.4317048
     564.0000000        2.4375553
     565.0000000        2.4334030
     566.0000000        2.4308774
     567.0000000        2.4236517
     568.0000000        2.4187186
     569.0000000        2.4107451
     570.0000000        2.3970311
     571.0000000        2.3915110
     572.0000000        2.3990867
     573.0000000        2.4137290
     574.0000000        2.4301188
     575.0000000        2.4384913
     576.0000000        2.4487369
     577.0000000        2.4614158
     578.0000000        2.4802582
     579.0000000        2.4940732
     580.0000000        2.5023918
     581.0000000        2.5081179
     582.0000000        2.5134485
     583.0000000        2.5055723
     584.0000000        2.4960089
     585.0000000        2.4869058
     586.0000000        2.4808972
     587.0000000        2.4693973
     588.0000000        2.4531698
     589.0000000        2.4328117
     590.0000000        2.4140954
     591.0000000        2.3949151
     592.0000000        2.3733649
     593.0000000        2.3490016
     594.0000000        2.3267777
     595.0000000        2.3050153
     596.0000000        2.2894306
     597.0000000        2.2765598
     598.0000000        2.2664227
     599.0000000        2.2635961
     600.0000000        2.2582626
