       1.0000000        2.9578853
       2.0000000        2.7640937
       3.0000000        2.5937722
       4.0000000        2.4647732
       5.0000000        2.3727418
       6.0000000        2.3062164
       7.0000000        2.2580766
       8.0000000        2.2241015
       9.0000000        2.1993325
      10.0000000        2.1809338
      11.0000000        2.1676099
      12.0000000        2.1589469
      13.0000000        2.1533096
      14.0000000        2.1486585
      15.0000000        2.1444158
      16.0000000        2.1414251
      17.0000000        2.1397651
      18.0000000        2.1393033
      19.0000000        2.1389852
      20.0000000        2.1382306
      21.0000000        2.1373857
      22.0000000        2.1364477
      23.0000000        2.1356914
      24.0000000        2.1345020
      25.0000000        2.1333911
      26.0000000        2.1335928
      27.0000000        2.1350699
      28.0000000        2.1358671
      29.0000000        2.1366289
      30.0000000        2.1376099
      31.0000000        2.1380921
      32.0000000        2.1386770
      33.0000000        2.1387047
      34.0000000        2.1384516
      35.0000000        2.1381722
      36.0000000        2.1391748
      37.0000000        2.1405007
      38.0000000        2.1409286
      39.0000000        2.1411809
      40.0000000        2.1411291
      41.0000000        2.1404014
      42.0000000        2.1397093
      43.0000000        2.1398330
      44.0000000        2.1394452
      45.0000000        2.1376588
      46.0000000        2.1350531
      47.0000000        2.1327060
      48.0000000        2.1310923
      49.0000000        2.1313252
      50.0000000        2.1325827
      51.0000000        2.1336205
      52.0000000        2.1340857
      53.0000000        2.1348010
      54.0000000        2.1359715
      55.0000000        2.1367178
      56.0000000        2.1375554
      57.0000000        2.1384354
      58.0000000        2.1391352
      59.0000000        2.1399926
      60.0000000        2.1406790
      61.0000000        2.1403826
      62.0000000        2.1394071
      63.0000000        2.1377272
      64.0000000        2.1362809
      65.0000000        2.1358949
      66.0000000        2.1363403
      67.0000000        2.1365001
      68.0000000        2.1360176
      69.0000000        2.1352665
      70.0000000        2.1356027
      71.0000000        2.1372024
      72.0000000        2.1387951
      73.0000000        2.1399832
      74.0000000        2.1404851
      75.0000000        2.1404685
      76.0000000        2.1405488
      77.0000000        2.1403033
      78.0000000        2.1395498
      79.0000000        2.1389094
      80.0000000        2.1389021
      81.0000000        2.1396825
      82.0000000        2.1401609
      83.0000000        2.1398308
      84.0000000        2.1398980
      85.0000000        2.1411566
      86.0000000        2.1424802
      87.0000000        2.1435531
      88.0000000        2.1446388
      89.0000000        2.1460551
      90.0000000        2.1463224
      91.0000000        2.1456566
      92.0000000        2.1452489
      93.0000000        2.1450918
      94.0000000        2.1444158
      95.0000000        2.1437591
      96.0000000        2.1428997
      97.0000000        2.1424290
      98.0000000        2.1423342
      99.0000000        2.1423279
     100.0000000        2.1419199
     101.0000000        2.1410933
     102.0000000        2.1406375
     103.0000000        2.1406569
     104.0000000        2.1406121
     105.0000000        2.1406232
     106.0000000        2.1408590
     107.0000000        2.1403095
     108.0000000        2.1393547
     109.0000000        2.1391786
     110.0000000        2.1404631
     111.0000000        2.1419781
     112.0000000        2.1423135
     113.0000000        2.1418443
     114.0000000        2.1420541
     115.0000000        2.1428441
     116.0000000        2.1437859
     117.0000000        2.1443136
     118.0000000        2.1435383
     119.0000000        2.1413031
     120.0000000        2.1390517
     121.0000000        2.1380979
     122.0000000        2.1373544
     123.0000000        2.1360373
     124.0000000        2.1346827
     125.0000000        2.1341822
     126.0000000        2.1344309
     127.0000000        2.1345244
     128.0000000        2.1342652
     129.0000000        2.1341426
     130.0000000        2.1347826
     131.0000000        2.1363251
     132.0000000        2.1377226
     133.0000000        2.1390359
     134.0000000        2.1395482
     135.0000000        2.1395255
     136.0000000        2.1395900
     137.0000000        2.1393671
     138.0000000        2.1393561
     139.0000000        2.1390467
     140.0000000        2.1380768
     141.0000000        2.1369548
     142.0000000        2.1359157
     143.0000000        2.1353642
     144.0000000        2.1349148
     145.0000000        2.1347282
     146.0000000        2.1349210
     147.0000000        2.1353030
     148.0000000        2.1355389
     149.0000000        2.1366682
     150.0000000        2.1390940
     151.0000000        2.1422184
     152.0000000        2.1449099
     153.0000000        2.1463519
     154.0000000        2.1468424
     155.0000000        2.1465829
     156.0000000        2.1456823
     157.0000000        2.1449294
     158.0000000        2.1450815
     159.0000000        2.1457671
     160.0000000        2.1457766
     161.0000000        2.1448371
     162.0000000        2.1436107
     163.0000000        2.1431349
     164.0000000        2.1438162
     165.0000000        2.1452534
     166.0000000        2.1467111
     167.0000000        2.1480818
     168.0000000        2.1490650
     169.0000000        2.1501242
     170.0000000        2.1510146
     171.0000000        2.1514730
     172.0000000        2.1515571
     173.0000000        2.1510895
     174.0000000        2.1492473
     175.0000000        2.1475101
     176.0000000        2.1462922
     177.0000000        2.1451466
     178.0000000        2.1453188
     179.0000000        2.1463194
     180.0000000        2.1473193
     181.0000000        2.1479505
     182.0000000        2.1485358
     183.0000000        2.1497165
     184.0000000        2.1511688
     185.0000000        2.1527706
     186.0000000        2.1544865
     187.0000000        2.1546814
     188.0000000        2.1536610
     189.0000000        2.1525456
     190.0000000        2.1515884
     191.0000000        2.1504364
     192.0000000        2.1495084
     193.0000000        2.1490285
     194.0000000        2.1488380
     195.0000000        2.1476347
     196.0000000        2.1458065
     197.0000000        2.1448262
     198.0000000        2.1445914
     199.0000000        2.1439404
     200.0000000        2.1432110
     201.0000000        2.1431018
     202.0000000        2.1429328
     203.0000000        2.1426702
     204.0000000        2.1422001
     205.0000000        2.1410358
     206.0000000        2.1400425
     207.0000000        2.1398556
     208.0000000        2.1402607
     209.0000000        2.1410892
     210.0000000        2.1424844
     211.0000000        2.1438400
     212.0000000        2.1447402
     213.0000000        2.1463006
     214.0000000        2.1484182
     215.0000000        2.1499102
     216.0000000        2.1504696
     217.0000000        2.1500572
     218.0000000        2.1491243
     219.0000000        2.1477405
     220.0000000        2.1459528
     221.0000000        2.1438551
     222.0000000        2.1418922
     223.0000000        2.1409522
     224.0000000        2.1404083
     225.0000000        2.1399038
     226.0000000        2.1387898
     227.0000000        2.1377007
     228.0000000        2.1373239
     229.0000000        2.1368895
     230.0000000        2.1356364
     231.0000000        2.1339244
     232.0000000        2.1318730
     233.0000000        2.1306317
     234.0000000        2.1308562
     235.0000000        2.1308330
     236.0000000        2.1304748
     237.0000000        2.1303027
     238.0000000        2.1303960
     239.0000000        2.1314171
     240.0000000        2.1334175
     241.0000000        2.1355926
     242.0000000        2.1375094
     243.0000000        2.1382553
     244.0000000        2.1383298
     245.0000000        2.1392441
     246.0000000        2.1407675
     247.0000000        2.1424023
     248.0000000        2.1428772
     249.0000000        2.1428054
     250.0000000        2.1428539
     251.0000000        2.1434479
     252.0000000        2.1441701
     253.0000000        2.1446964
     254.0000000        2.1448763
     255.0000000        2.1449357
     256.0000000        2.1445471
     257.0000000        2.1442441
     258.0000000        2.1440599
     259.0000000        2.1439881
     260.0000000        2.1445475
     261.0000000        2.1450272
     262.0000000        2.1449766
     263.0000000        2.1453999
     264.0000000        2.1461142
     265.0000000        2.1471898
     266.0000000        2.1479552
     267.0000000        2.1483212
     268.0000000        2.1488940
     269.0000000        2.1499759
     270.0000000        2.1508737
     271.0000000        2.1507686
     272.0000000        2.1502381
     273.0000000        2.1499317
     274.0000000        2.1497424
     275.0000000        2.1496061
     276.0000000        2.1502979
     277.0000000        2.1505253
     278.0000000        2.1500775
     279.0000000        2.1500411
     280.0000000        2.1506205
     281.0000000        2.1507128
     282.0000000        2.1487030
     283.0000000        2.1457494
     284.0000000        2.1425168
     285.0000000        2.1402934
     286.0000000        2.1393110
     287.0000000        2.1396366
     288.0000000        2.1399672
     289.0000000        2.1398390
     290.0000000        2.1395944
     291.0000000        2.1396820
     292.0000000        2.1400406
     293.0000000        2.1402522
     294.0000000        2.1406835
     295.0000000        2.1405525
     296.0000000        2.1407737
     297.0000000        2.1408173
     298.0000000        2.1400380
     299.0000000        2.1393544
     300.0000000        2.1393357
     301.0000000        2.1399398
     302.0000000        2.1408127
     303.0000000        2.1417093
     304.0000000        2.1427853
     305.0000000        2.1437175
     306.0000000        2.1434418
     307.0000000        2.1428805
     308.0000000        2.1426581
     309.0000000        2.1421974
     310.0000000        2.1414507
     311.0000000        2.1411536
     312.0000000        2.1415492
     313.0000000        2.1424320
     314.0000000        2.1429760
     315.0000000        2.1434254
     316.0000000        2.1437879
     317.0000000        2.1441824
     318.0000000        2.1447711
     319.0000000        2.1457526
     320.0000000        2.1472954
     321.0000000        2.1493966
     322.0000000        2.1515607
     323.0000000        2.1525147
     324.0000000        2.1522938
     325.0000000        2.1518009
     326.0000000        2.1514754
     327.0000000        2.1513394
     328.0000000        2.1506685
     329.0000000        2.1497191
     330.0000000        2.1490962
     331.0000000        2.1486282
     332.0000000        2.1475994
     333.0000000        2.1462022
     334.0000000        2.1454088
     335.0000000        2.1449993
     336.0000000        2.1445323
     337.0000000        2.1438469
     338.0000000        2.1429214
     339.0000000        2.1416689
     340.0000000        2.1394765
     341.0000000        2.1367202
     342.0000000        2.1345074
     343.0000000        2.1334655
     344.0000000        2.1337295
     345.0000000        2.1341742
     346.0000000        2.1334824
     347.0000000        2.1328658
     348.0000000        2.1332058
     349.0000000        2.1337854
     350.0000000        2.1342085
     351.0000000        2.1349418
     352.0000000        2.1358071
     353.0000000        2.1371812
     354.0000000        2.1385033
     355.0000000        2.1385243
     356.0000000        2.1379981
     357.0000000        2.1373738
     358.0000000        2.1372075
     359.0000000        2.1378323
     360.0000000        2.1385672
     361.0000000        2.1378285
     362.0000000        2.1365309
     363.0000000        2.1357877
     364.0000000        2.1351372
     365.0000000        2.1338261
     366.0000000        2.1321075
     367.0000000        2.1305923
     368.0000000        2.1300093
     369.0000000        2.1303096
     370.0000000        2.1300806
     371.0000000        2.1291417
     372.0000000        2.1292490
     373.0000000        2.1302246
     374.0000000        2.1310420
     375.0000000        2.1317151
     376.0000000        2.1321630
     377.0000000        2.1329665
     378.0000000        2.1339570
     379.0000000        2.1351711
     380.0000000        2.1360856
     381.0000000        2.1374313
     382.0000000        2.1392575
     383.0000000        2.1414687
     384.0000000        2.1437059
     385.0000000        2.1454837
     386.0000000        2.1468498
     387.0000000        2.1475036
     388.0000000        2.1470896
     389.0000000        2.1464270
     390.0000000        2.1463310
     391.0000000        2.1466516
     392.0000000        2.1474359
     393.0000000        2.1485349
     394.0000000        2.1491407
     395.0000000        2.1481196
     396.0000000        2.1463821
     397.0000000        2.1449093
     398.0000000        2.1436550
     399.0000000        2.1434283
     400.0000000        2.1437535
     401.0000000        2.1434619
     402.0000000        2.1418539
     403.0000000        2.1398379
     404.0000000        2.1388059
     405.0000000        2.1388004
     406.0000000        2.1382952
     407.0000000        2.1370855
     408.0000000        2.1352785
     409.0000000        2.1337006
     410.0000000        2.1329401
     411.0000000        2.1325491
     412.0000000        2.1318165
     413.0000000        2.1306027
     414.0000000        2.1294476
     415.0000000        2.1292888
     416.0000000        2.1309189
     417.0000000        2.1336500
     418.0000000        2.1365329
     419.0000000        2.1384091
     420.0000000        2.1386839
     421.0000000        2.1384005
     422.0000000        2.1381184
     423.0000000        2.1381909
     424.0000000        2.1384828
     425.0000000        2.1382214
     426.0000000        2.1376747
     427.0000000        2.1371082
     428.0000000        2.1370294
     429.0000000        2.1376005
     430.0000000        2.1385355
     431.0000000        2.1392191
     432.0000000        2.1398141
     433.0000000        2.1405130
     434.0000000        2.1405998
     435.0000000        2.1392888
     436.0000000        2.1375585
     437.0000000        2.1366638
     438.0000000        2.1375258
     439.0000000        2.1379476
     440.0000000        2.1381682
     441.0000000        2.1387199
     442.0000000        2.1395513
     443.0000000        2.1404510
     444.0000000        2.1415696
     445.0000000        2.1425418
     446.0000000        2.1432717
     447.0000000        2.1437223
     448.0000000        2.1450515
     449.0000000        2.1466307
     450.0000000        2.1471682
     451.0000000        2.1476268
     452.0000000        2.1484743
     453.0000000        2.1491759
     454.0000000        2.1489693
     455.0000000        2.1479118
     456.0000000        2.1463571
     457.0000000        2.1434840
     458.0000000        2.1401866
     459.0000000        2.1372116
     460.0000000        2.1348533
     461.0000000        2.1333617
     462.0000000        2.1322697
     463.0000000        2.1317624
     464.0000000        2.1325857
     465.0000000        2.1338690
     466.0000000        2.1350307
     467.0000000        2.1359261
     468.0000000        2.1363349
     469.0000000        2.1359682
     470.0000000        2.1352728
     471.0000000        2.1354089
     472.0000000        2.1362642
     473.0000000        2.1375514
     474.0000000        2.1391248
     475.0000000        2.1399222
     476.0000000        2.1400612
     477.0000000        2.1402113
     478.0000000        2.1411986
     479.0000000        2.1419577
     480.0000000        2.1417405
     481.0000000        2.1407186
     482.0000000        2.1401672
     483.0000000        2.1397602
     484.0000000        2.1395973
     485.0000000        2.1397437
     486.0000000        2.1396766
     487.0000000        2.1393906
     488.0000000        2.1394547
     489.0000000        2.1400104
     490.0000000        2.1403747
     491.0000000        2.1404951
     492.0000000        2.1407186
     493.0000000        2.1413165
     494.0000000        2.1430022
     495.0000000        2.1449059
     496.0000000        2.1459739
     497.0000000        2.1459952
     498.0000000        2.1459522
     499.0000000        2.1464129
     500.0000000        2.1477868
     501.0000000        2.1493065
     502.0000000        2.1494320
     503.0000000        2.1482788
     504.0000000        2.1464148
     505.0000000        2.1442484
     506.0000000        2.1423226
     507.0000000        2.1414025
     508.0000000        2.1409084
     509.0000000        2.1401058
     510.0000000        2.1392831
     511.0000000        2.1387621
     512.0000000        2.1378597
     513.0000000        2.1377781
     514.0000000        2.1383385
     515.0000000        2.1395290
     516.0000000        2.1405762
     517.0000000        2.1410494
     518.0000000        2.1413941
     519.0000000        2.1421868
     520.0000000        2.1429394
     521.0000000        2.1429524
     522.0000000        2.1431289
     523.0000000        2.1434347
     524.0000000        2.1434565
     525.0000000        2.1428766
     526.0000000        2.1419586
     527.0000000        2.1417680
     528.0000000        2.1413944
     529.0000000        2.1412353
     530.0000000        2.1416848
     531.0000000        2.1420720
     532.0000000        2.1422994
     533.0000000        2.1423275
     534.0000000        2.1414991
     535.0000000        2.1401771
     536.0000000        2.1395091
     537.0000000        2.1392868
     538.0000000        2.1389237
     539.0000000        2.1386604
     540.0000000        2.1389792
     541.0000000        2.1398432
     542.0000000        2.1407219
     543.0000000        2.1426002
     544.0000000        2.1440664
     545.0000000        2.1438193
     546.0000000        2.1432023
     547.0000000        2.1430249
     548.0000000        2.1441250
     549.0000000        2.1456363
     550.0000000        2.1467078
     551.0000000        2.1471788
     552.0000000        2.1460152
     553.0000000        2.1439311
     554.0000000        2.1425398
     555.0000000        2.1419462
     556.0000000        2.1420617
     557.0000000        2.1423684
     558.0000000        2.1426929
     559.0000000        2.1440905
     560.0000000        2.1463261
     561.0000000        2.1476199
     562.0000000        2.1473554
     563.0000000        2.1450246
     564.0000000        2.1424547
     565.0000000        2.1413639
     566.0000000        2.1412461
     567.0000000        2.1410915
     568.0000000        2.1404871
     569.0000000        2.1403592
     570.0000000        2.1401579
     571.0000000        2.1395627
     572.0000000        2.1390847
     573.0000000        2.1390876
     574.0000000        2.1388057
     575.0000000        2.1385802
     576.0000000        2.1395368
     577.0000000        2.1413096
     578.0000000        2.1428597
     579.0000000        2.1436243
     580.0000000        2.1430588
     581.0000000        2.1417426
     582.0000000        2.1409830
     583.0000000        2.1406383
     584.0000000        2.1394416
     585.0000000        2.1377989
     586.0000000        2.1364981
     587.0000000        2.1362779
     588.0000000        2.1371836
     589.0000000        2.1383277
     590.0000000        2.1386058
     591.0000000        2.1383325
     592.0000000        2.1385359
     593.0000000        2.1392821
     594.0000000        2.1402855
     595.0000000        2.1403128
     596.0000000        2.1391337
     597.0000000        2.1375852
     598.0000000        2.1366281
     599.0000000        2.1365346
     600.0000000        2.1367672
