       1.0000000        2.1905729
       2.0000000        2.1890139
       3.0000000        2.1885099
       4.0000000        2.1884255
       5.0000000        2.1883155
       6.0000000        2.1880435
       7.0000000        2.1877461
       8.0000000        2.1865270
       9.0000000        2.1853809
      10.0000000        2.1842768
      11.0000000        2.1830838
      12.0000000        2.1818051
      13.0000000        2.1806609
      14.0000000        2.1793144
      15.0000000        2.1777208
      16.0000000        2.1753391
      17.0000000        2.1729523
      18.0000000        2.1706338
      19.0000000        2.1680029
      20.0000000        2.1651606
      21.0000000        2.1620427
      22.0000000        2.1592981
      23.0000000        2.1570221
      24.0000000        2.1539132
      25.0000000        2.1508110
      26.0000000        2.1486704
      27.0000000        2.1463656
      28.0000000        2.1445436
      29.0000000        2.1439462
      30.0000000        2.1460475
      31.0000000        2.1478462
      32.0000000        2.1500231
      33.0000000        2.1519603
      34.0000000        2.1533655
      35.0000000        2.1505620
      36.0000000        2.1455691
      37.0000000        2.1388840
      38.0000000        2.1316174
      39.0000000        2.1265420
      40.0000000        2.1177739
      41.0000000        2.1099449
      42.0000000        2.1059310
      43.0000000        2.0999698
      44.0000000        2.0972200
      45.0000000        2.0960370
      46.0000000        2.0960584
      47.0000000        2.0949394
      48.0000000        2.0933981
      49.0000000        2.0932645
      50.0000000        2.0903023
      51.0000000        2.0906924
      52.0000000        2.0915316
      53.0000000        2.0940051
      54.0000000        2.0956679
      55.0000000        2.0962540
      56.0000000        2.0949223
      57.0000000        2.0892326
      58.0000000        2.0875087
      59.0000000        2.0857681
      60.0000000        2.0846037
      61.0000000        2.0854759
      62.0000000        2.0861133
      63.0000000        2.0879070
      64.0000000        2.0878127
      65.0000000        2.0906514
      66.0000000        2.0929136
      67.0000000        2.1011883
      68.0000000        2.1099701
      69.0000000        2.1188405
      70.0000000        2.1285260
      71.0000000        2.1401726
      72.0000000        2.1496777
      73.0000000        2.1582275
      74.0000000        2.1612742
      75.0000000        2.1685071
      76.0000000        2.1728861
      77.0000000        2.1781133
      78.0000000        2.1789795
      79.0000000        2.1787768
      80.0000000        2.1806422
      81.0000000        2.1815854
      82.0000000        2.1811529
      83.0000000        2.1806803
      84.0000000        2.1784834
      85.0000000        2.1770085
      86.0000000        2.1764021
      87.0000000        2.1766142
      88.0000000        2.1765666
      89.0000000        2.1746568
      90.0000000        2.1783872
      91.0000000        2.1853998
      92.0000000        2.1943377
      93.0000000        2.2031957
      94.0000000        2.2144968
      95.0000000        2.2238544
      96.0000000        2.2319565
      97.0000000        2.2414286
      98.0000000        2.2530179
      99.0000000        2.2598287
     100.0000000        2.2626445
     101.0000000        2.2670262
     102.0000000        2.2703237
     103.0000000        2.2772102
     104.0000000        2.2832970
     105.0000000        2.2893260
     106.0000000        2.2922642
     107.0000000        2.2990604
     108.0000000        2.3037664
     109.0000000        2.3075905
     110.0000000        2.3108466
     111.0000000        2.3174483
     112.0000000        2.3202222
     113.0000000        2.3222359
     114.0000000        2.3214070
     115.0000000        2.3183607
     116.0000000        2.3130253
     117.0000000        2.3072659
     118.0000000        2.3036480
     119.0000000        2.2994163
     120.0000000        2.2951204
     121.0000000        2.2942156
     122.0000000        2.2885041
     123.0000000        2.2818506
     124.0000000        2.2803764
     125.0000000        2.2787359
     126.0000000        2.2846233
     127.0000000        2.2898710
     128.0000000        2.2942134
     129.0000000        2.2962557
     130.0000000        2.3017626
     131.0000000        2.3065452
     132.0000000        2.3132556
     133.0000000        2.3181057
     134.0000000        2.3234862
     135.0000000        2.3247340
     136.0000000        2.3285907
     137.0000000        2.3319758
     138.0000000        2.3328915
     139.0000000        2.3367740
     140.0000000        2.3407420
     141.0000000        2.3395232
     142.0000000        2.3390219
     143.0000000        2.3402338
     144.0000000        2.3444241
     145.0000000        2.3528864
     146.0000000        2.3590651
     147.0000000        2.3655216
     148.0000000        2.3720541
     149.0000000        2.3778361
     150.0000000        2.3823157
     151.0000000        2.3851851
     152.0000000        2.3874347
     153.0000000        2.3975956
     154.0000000        2.4007333
     155.0000000        2.4047462
     156.0000000        2.4078985
     157.0000000        2.4124432
     158.0000000        2.4116950
     159.0000000        2.4155422
     160.0000000        2.4188328
     161.0000000        2.4197902
     162.0000000        2.4234347
     163.0000000        2.4234506
     164.0000000        2.4242883
     165.0000000        2.4251582
     166.0000000        2.4293922
     167.0000000        2.4370755
     168.0000000        2.4427867
     169.0000000        2.4459090
     170.0000000        2.4527473
     171.0000000        2.4560318
     172.0000000        2.4594831
     173.0000000        2.4583471
     174.0000000        2.4554195
     175.0000000        2.4508327
     176.0000000        2.4448998
     177.0000000        2.4424035
     178.0000000        2.4385910
     179.0000000        2.4352949
     180.0000000        2.4339961
     181.0000000        2.4336754
     182.0000000        2.4336560
     183.0000000        2.4310979
     184.0000000        2.4265366
     185.0000000        2.4237362
     186.0000000        2.4232547
     187.0000000        2.4218172
     188.0000000        2.4185859
     189.0000000        2.4147077
     190.0000000        2.4145228
     191.0000000        2.4075808
     192.0000000        2.4001759
     193.0000000        2.3921364
     194.0000000        2.3825857
     195.0000000        2.3707328
     196.0000000        2.3668836
     197.0000000        2.3651231
     198.0000000        2.3619310
     199.0000000        2.3588207
     200.0000000        2.3616075
     201.0000000        2.3552304
     202.0000000        2.3550288
     203.0000000        2.3549912
     204.0000000        2.3544525
     205.0000000        2.3547808
     206.0000000        2.3517648
     207.0000000        2.3498819
     208.0000000        2.3481971
     209.0000000        2.3456461
     210.0000000        2.3482386
     211.0000000        2.3503120
     212.0000000        2.3500971
     213.0000000        2.3544134
     214.0000000        2.3552676
     215.0000000        2.3556918
     216.0000000        2.3566514
     217.0000000        2.3608924
     218.0000000        2.3666923
     219.0000000        2.3708256
     220.0000000        2.3703297
     221.0000000        2.3693292
     222.0000000        2.3696095
     223.0000000        2.3692325
     224.0000000        2.3662842
     225.0000000        2.3665985
     226.0000000        2.3687252
     227.0000000        2.3697942
     228.0000000        2.3752826
     229.0000000        2.3786811
     230.0000000        2.3779022
     231.0000000        2.3802833
     232.0000000        2.3846352
     233.0000000        2.3820085
     234.0000000        2.3837713
     235.0000000        2.3880230
     236.0000000        2.3966075
     237.0000000        2.4050273
     238.0000000        2.4097921
     239.0000000        2.4133992
     240.0000000        2.4192933
     241.0000000        2.4219576
     242.0000000        2.4206719
     243.0000000        2.4212500
     244.0000000        2.4213066
     245.0000000        2.4231408
     246.0000000        2.4235851
     247.0000000        2.4248260
     248.0000000        2.4291954
     249.0000000        2.4350745
     250.0000000        2.4427097
     251.0000000        2.4502174
     252.0000000        2.4569366
     253.0000000        2.4622304
     254.0000000        2.4648610
     255.0000000        2.4688658
     256.0000000        2.4713931
     257.0000000        2.4778195
     258.0000000        2.4826217
     259.0000000        2.4922911
     260.0000000        2.4971695
     261.0000000        2.5000481
     262.0000000        2.5002919
     263.0000000        2.4989124
     264.0000000        2.4974388
     265.0000000        2.5000289
     266.0000000        2.5005629
     267.0000000        2.5059705
     268.0000000        2.5098768
     269.0000000        2.5132375
     270.0000000        2.5188216
     271.0000000        2.5221978
     272.0000000        2.5233631
     273.0000000        2.5243144
     274.0000000        2.5239971
     275.0000000        2.5251438
     276.0000000        2.5294103
     277.0000000        2.5367385
     278.0000000        2.5435361
     279.0000000        2.5529559
     280.0000000        2.5617271
     281.0000000        2.5713035
     282.0000000        2.5789814
     283.0000000        2.5905739
     284.0000000        2.5967383
     285.0000000        2.6045136
     286.0000000        2.6103549
     287.0000000        2.6219118
     288.0000000        2.6316690
     289.0000000        2.6445112
     290.0000000        2.6581813
     291.0000000        2.6721122
     292.0000000        2.6937309
     293.0000000        2.7122754
     294.0000000        2.7279514
     295.0000000        2.7396759
     296.0000000        2.7534614
     297.0000000        2.7665383
     298.0000000        2.7731264
     299.0000000        2.7802582
     300.0000000        2.7854514
     301.0000000        2.7854141
     302.0000000        2.7866729
     303.0000000        2.7884472
     304.0000000        2.7889162
     305.0000000        2.7905128
     306.0000000        2.7965073
     307.0000000        2.7985664
     308.0000000        2.8015259
     309.0000000        2.7998252
     310.0000000        2.7961884
     311.0000000        2.7916798
     312.0000000        2.7866832
     313.0000000        2.7851955
     314.0000000        2.7793487
     315.0000000        2.7761482
     316.0000000        2.7733057
     317.0000000        2.7694352
     318.0000000        2.7664409
     319.0000000        2.7621872
     320.0000000        2.7608270
     321.0000000        2.7586885
     322.0000000        2.7553530
     323.0000000        2.7529013
     324.0000000        2.7502707
     325.0000000        2.7473777
     326.0000000        2.7426448
     327.0000000        2.7448356
     328.0000000        2.7447730
     329.0000000        2.7467377
     330.0000000        2.7447796
     331.0000000        2.7464319
     332.0000000        2.7444779
     333.0000000        2.7449006
     334.0000000        2.7427650
     335.0000000        2.7441806
     336.0000000        2.7446018
     337.0000000        2.7409847
     338.0000000        2.7360152
     339.0000000        2.7291148
     340.0000000        2.7255390
     341.0000000        2.7238678
     342.0000000        2.7241459
     343.0000000        2.7258259
     344.0000000        2.7271324
     345.0000000        2.7262948
     346.0000000        2.7242677
     347.0000000        2.7234535
     348.0000000        2.7222332
     349.0000000        2.7146967
     350.0000000        2.7107929
     351.0000000        2.7106555
     352.0000000        2.7042516
     353.0000000        2.6954229
     354.0000000        2.6832012
     355.0000000        2.6679153
     356.0000000        2.6545308
     357.0000000        2.6385040
     358.0000000        2.6254069
     359.0000000        2.6128452
     360.0000000        2.6037368
     361.0000000        2.5922958
     362.0000000        2.5817546
     363.0000000        2.5682535
     364.0000000        2.5614077
     365.0000000        2.5588438
     366.0000000        2.5526845
     367.0000000        2.5466951
     368.0000000        2.5368742
     369.0000000        2.5304151
     370.0000000        2.5308252
     371.0000000        2.5335606
     372.0000000        2.5366861
     373.0000000        2.5393355
     374.0000000        2.5444224
     375.0000000        2.5448409
     376.0000000        2.5474984
     377.0000000        2.5461284
     378.0000000        2.5426723
     379.0000000        2.5380417
     380.0000000        2.5340842
     381.0000000        2.5226229
     382.0000000        2.5180013
     383.0000000        2.5147576
     384.0000000        2.5115949
     385.0000000        2.5092885
     386.0000000        2.5130142
     387.0000000        2.5112194
     388.0000000        2.5137076
     389.0000000        2.5153787
     390.0000000        2.5188608
     391.0000000        2.5211094
     392.0000000        2.5197199
     393.0000000        2.5215276
     394.0000000        2.5221821
     395.0000000        2.5199198
     396.0000000        2.5139356
     397.0000000        2.5060966
     398.0000000        2.5009665
     399.0000000        2.5006614
     400.0000000        2.4975527
     401.0000000        2.4966448
     402.0000000        2.4984984
     403.0000000        2.5028056
     404.0000000        2.5039963
     405.0000000        2.5028586
     406.0000000        2.5053068
     407.0000000        2.5091324
     408.0000000        2.5114338
     409.0000000        2.5119016
     410.0000000        2.5109950
     411.0000000        2.5095305
     412.0000000        2.5046679
     413.0000000        2.5032984
     414.0000000        2.5036601
     415.0000000        2.5051445
     416.0000000        2.5082817
     417.0000000        2.5101104
     418.0000000        2.5139556
     419.0000000        2.5208810
     420.0000000        2.5334066
     421.0000000        2.5423579
     422.0000000        2.5513074
     423.0000000        2.5532789
     424.0000000        2.5567729
     425.0000000        2.5613752
     426.0000000        2.5655165
     427.0000000        2.5697387
     428.0000000        2.5714004
     429.0000000        2.5729937
     430.0000000        2.5762004
     431.0000000        2.5755646
     432.0000000        2.5745947
     433.0000000        2.5782166
     434.0000000        2.5801253
     435.0000000        2.5836939
     436.0000000        2.5886020
     437.0000000        2.5945333
     438.0000000        2.5933515
     439.0000000        2.5953368
     440.0000000        2.5967267
     441.0000000        2.5987812
     442.0000000        2.5990002
     443.0000000        2.5977661
     444.0000000        2.5971169
     445.0000000        2.5974601
     446.0000000        2.5929309
     447.0000000        2.5886891
     448.0000000        2.5824136
     449.0000000        2.5781873
     450.0000000        2.5663330
     451.0000000        2.5585481
     452.0000000        2.5534185
     453.0000000        2.5534997
     454.0000000        2.5529493
     455.0000000        2.5549611
     456.0000000        2.5584846
     457.0000000        2.5600477
     458.0000000        2.5632142
     459.0000000        2.5656188
     460.0000000        2.5708147
     461.0000000        2.5743554
     462.0000000        2.5808223
     463.0000000        2.5836726
     464.0000000        2.5848335
     465.0000000        2.5852684
     466.0000000        2.5895199
     467.0000000        2.5920357
     468.0000000        2.5984029
     469.0000000        2.6056734
     470.0000000        2.6050886
     471.0000000        2.6075440
     472.0000000        2.6050505
     473.0000000        2.6066439
     474.0000000        2.6081952
     475.0000000        2.6142874
     476.0000000        2.6246007
     477.0000000        2.6302054
     478.0000000        2.6380684
     479.0000000        2.6439124
     480.0000000        2.6482831
     481.0000000        2.6543307
     482.0000000        2.6565388
     483.0000000        2.6614203
     484.0000000        2.6643900
     485.0000000        2.6638458
     486.0000000        2.6609244
     487.0000000        2.6606929
     488.0000000        2.6581826
     489.0000000        2.6587510
     490.0000000        2.6622115
     491.0000000        2.6630222
     492.0000000        2.6622068
     493.0000000        2.6611335
     494.0000000        2.6644140
     495.0000000        2.6663771
     496.0000000        2.6690266
     497.0000000        2.6694375
     498.0000000        2.6700677
     499.0000000        2.6707320
     500.0000000        2.6742477
     501.0000000        2.6740418
     502.0000000        2.6733828
     503.0000000        2.6726868
     504.0000000        2.6724428
     505.0000000        2.6699350
     506.0000000        2.6735316
     507.0000000        2.6774175
     508.0000000        2.6793769
     509.0000000        2.6821249
     510.0000000        2.6866237
     511.0000000        2.6886945
     512.0000000        2.6870869
     513.0000000        2.6809477
     514.0000000        2.6774472
     515.0000000        2.6677491
     516.0000000        2.6666771
     517.0000000        2.6667834
     518.0000000        2.6677363
     519.0000000        2.6732496
     520.0000000        2.6809889
     521.0000000        2.6985907
     522.0000000        2.7166741
     523.0000000        2.7347899
     524.0000000        2.7539195
     525.0000000        2.7765325
     526.0000000        2.7939997
     527.0000000        2.8101242
     528.0000000        2.8206823
     529.0000000        2.8330160
     530.0000000        2.8421211
     531.0000000        2.8463523
     532.0000000        2.8492607
     533.0000000        2.8413395
     534.0000000        2.8383601
     535.0000000        2.8361656
     536.0000000        2.8356302
     537.0000000        2.8343856
     538.0000000        2.8322500
     539.0000000        2.8288855
     540.0000000        2.8283387
     541.0000000        2.8203747
     542.0000000        2.8097228
     543.0000000        2.7997726
     544.0000000        2.7888545
     545.0000000        2.7807443
     546.0000000        2.7717562
     547.0000000        2.7651385
     548.0000000        2.7617797
     549.0000000        2.7598805
     550.0000000        2.7600987
     551.0000000        2.7582236
     552.0000000        2.7526859
     553.0000000        2.7521806
     554.0000000        2.7528028
     555.0000000        2.7542044
     556.0000000        2.7585433
     557.0000000        2.7645483
     558.0000000        2.7755782
     559.0000000        2.7785466
     560.0000000        2.7790336
     561.0000000        2.7786381
     562.0000000        2.7784034
     563.0000000        2.7885335
     564.0000000        2.7996010
     565.0000000        2.8090503
     566.0000000        2.8191668
     567.0000000        2.8318688
     568.0000000        2.8391728
     569.0000000        2.8469543
     570.0000000        2.8575091
     571.0000000        2.8606888
     572.0000000        2.8671616
     573.0000000        2.8675444
     574.0000000        2.8651968
     575.0000000        2.8601705
     576.0000000        2.8554284
     577.0000000        2.8502988
     578.0000000        2.8466600
     579.0000000        2.8419382
     580.0000000        2.8415995
     581.0000000        2.8424235
     582.0000000        2.8452387
     583.0000000        2.8410825
     584.0000000        2.8402756
     585.0000000        2.8371706
     586.0000000        2.8380538
     587.0000000        2.8380354
     588.0000000        2.8374046
     589.0000000        2.8362885
     590.0000000        2.8336394
     591.0000000        2.8341344
     592.0000000        2.8331636
     593.0000000        2.8337809
     594.0000000        2.8297538
     595.0000000        2.8303678
     596.0000000        2.8227490
     597.0000000        2.8177956
     598.0000000        2.8128270
     599.0000000        2.8172065
     600.0000000        2.8198113
