       1.0000000        2.2011132
       2.0000000        2.1957185
       3.0000000        2.1949685
       4.0000000        2.1895895
       5.0000000        2.1807420
       6.0000000        2.1758626
       7.0000000        2.1761971
       8.0000000        2.1737309
       9.0000000        2.1690810
      10.0000000        2.1686215
      11.0000000        2.1714051
      12.0000000        2.1716380
      13.0000000        2.1738389
      14.0000000        2.1760902
      15.0000000        2.1807861
      16.0000000        2.1899114
      17.0000000        2.1985545
      18.0000000        2.2012296
      19.0000000        2.2017710
      20.0000000        2.2062781
      21.0000000        2.2108281
      22.0000000        2.2113304
      23.0000000        2.2095387
      24.0000000        2.2044423
      25.0000000        2.2044988
      26.0000000        2.2024138
      27.0000000        2.1963792
      28.0000000        2.1872480
      29.0000000        2.1780565
      30.0000000        2.1743779
      31.0000000        2.1776659
      32.0000000        2.1865509
      33.0000000        2.1952744
      34.0000000        2.1983817
      35.0000000        2.1977704
      36.0000000        2.1952739
      37.0000000        2.1913536
      38.0000000        2.1832016
      39.0000000        2.1763854
      40.0000000        2.1750309
      41.0000000        2.1774151
      42.0000000        2.1804950
      43.0000000        2.1821806
      44.0000000        2.1867940
      45.0000000        2.1910131
      46.0000000        2.1894486
      47.0000000        2.1878901
      48.0000000        2.1911843
      49.0000000        2.1947751
      50.0000000        2.1967230
      51.0000000        2.2039902
      52.0000000        2.2166843
      53.0000000        2.2247839
      54.0000000        2.2281477
      55.0000000        2.2282028
      56.0000000        2.2221963
      57.0000000        2.2209342
      58.0000000        2.2185869
      59.0000000        2.2093441
      60.0000000        2.1954582
      61.0000000        2.1837423
      62.0000000        2.1815715
      63.0000000        2.1889167
      64.0000000        2.1960034
      65.0000000        2.1953967
      66.0000000        2.1946466
      67.0000000        2.1986179
      68.0000000        2.1996942
      69.0000000        2.1950502
      70.0000000        2.1956489
      71.0000000        2.2031400
      72.0000000        2.2112565
      73.0000000        2.2120411
      74.0000000        2.2063444
      75.0000000        2.1982458
      76.0000000        2.1904373
      77.0000000        2.1883411
      78.0000000        2.1906641
      79.0000000        2.1900289
      80.0000000        2.1829557
      81.0000000        2.1781292
      82.0000000        2.1714680
      83.0000000        2.1640131
      84.0000000        2.1570778
      85.0000000        2.1527162
      86.0000000        2.1527703
      87.0000000        2.1555939
      88.0000000        2.1607943
      89.0000000        2.1634986
      90.0000000        2.1637087
      91.0000000        2.1664357
      92.0000000        2.1716659
      93.0000000        2.1762528
      94.0000000        2.1847072
      95.0000000        2.2014370
      96.0000000        2.2191861
      97.0000000        2.2250421
      98.0000000        2.2218428
      99.0000000        2.2179770
     100.0000000        2.2165654
     101.0000000        2.2159138
     102.0000000        2.2141397
     103.0000000        2.2076759
     104.0000000        2.1994879
     105.0000000        2.1945279
     106.0000000        2.1914797
     107.0000000        2.1891527
     108.0000000        2.1896305
     109.0000000        2.1954064
     110.0000000        2.2041073
     111.0000000        2.2104146
     112.0000000        2.2165823
     113.0000000        2.2196856
     114.0000000        2.2172008
     115.0000000        2.2120059
     116.0000000        2.2034218
     117.0000000        2.1958222
     118.0000000        2.1885159
     119.0000000        2.1829913
     120.0000000        2.1794126
     121.0000000        2.1764073
     122.0000000        2.1663074
     123.0000000        2.1499701
     124.0000000        2.1409314
     125.0000000        2.1423252
     126.0000000        2.1480846
     127.0000000        2.1561477
     128.0000000        2.1674755
     129.0000000        2.1772830
     130.0000000        2.1844354
     131.0000000        2.1939242
     132.0000000        2.2035601
     133.0000000        2.2131610
     134.0000000        2.2198014
     135.0000000        2.2229543
     136.0000000        2.2269509
     137.0000000        2.2333941
     138.0000000        2.2348084
     139.0000000        2.2322054
     140.0000000        2.2291839
     141.0000000        2.2261415
     142.0000000        2.2225459
     143.0000000        2.2193127
     144.0000000        2.2183256
     145.0000000        2.2163231
     146.0000000        2.2112536
     147.0000000        2.2045021
     148.0000000        2.1992691
     149.0000000        2.1989508
     150.0000000        2.2043467
     151.0000000        2.2087603
     152.0000000        2.2124298
     153.0000000        2.2160685
     154.0000000        2.2212639
     155.0000000        2.2295232
     156.0000000        2.2384284
     157.0000000        2.2410510
     158.0000000        2.2388141
     159.0000000        2.2390256
     160.0000000        2.2374997
     161.0000000        2.2323706
     162.0000000        2.2278156
     163.0000000        2.2178624
     164.0000000        2.2010882
     165.0000000        2.1872678
     166.0000000        2.1798193
     167.0000000        2.1766415
     168.0000000        2.1765764
     169.0000000        2.1810868
     170.0000000        2.1875508
     171.0000000        2.1936040
     172.0000000        2.1963465
     173.0000000        2.1967330
     174.0000000        2.1994090
     175.0000000        2.2018154
     176.0000000        2.2011876
     177.0000000        2.1984105
     178.0000000        2.1997831
     179.0000000        2.2005889
     180.0000000        2.1961203
     181.0000000        2.1883297
     182.0000000        2.1760798
     183.0000000        2.1631145
     184.0000000        2.1566215
     185.0000000        2.1597166
     186.0000000        2.1696072
     187.0000000        2.1824162
     188.0000000        2.1903887
     189.0000000        2.1902869
     190.0000000        2.1868331
     191.0000000        2.1848645
     192.0000000        2.1890745
     193.0000000        2.1936960
     194.0000000        2.1941516
     195.0000000        2.1939855
     196.0000000        2.1972213
     197.0000000        2.2009349
     198.0000000        2.2027843
     199.0000000        2.2055647
     200.0000000        2.2120368
     201.0000000        2.2168059
     202.0000000        2.2223349
     203.0000000        2.2246108
     204.0000000        2.2252109
     205.0000000        2.2242379
     206.0000000        2.2183321
     207.0000000        2.2123673
     208.0000000        2.2078435
     209.0000000        2.2007720
     210.0000000        2.1913104
     211.0000000        2.1881011
     212.0000000        2.1912827
     213.0000000        2.1936605
     214.0000000        2.1959991
     215.0000000        2.1960909
     216.0000000        2.1946490
     217.0000000        2.1964529
     218.0000000        2.2037039
     219.0000000        2.2197599
     220.0000000        2.2361007
     221.0000000        2.2448497
     222.0000000        2.2412226
     223.0000000        2.2332246
     224.0000000        2.2258577
     225.0000000        2.2208471
     226.0000000        2.2111330
     227.0000000        2.1939692
     228.0000000        2.1771715
     229.0000000        2.1683640
     230.0000000        2.1659241
     231.0000000        2.1634817
     232.0000000        2.1654012
     233.0000000        2.1743309
     234.0000000        2.1790621
     235.0000000        2.1802516
     236.0000000        2.1810410
     237.0000000        2.1771741
     238.0000000        2.1725755
     239.0000000        2.1710887
     240.0000000        2.1730287
     241.0000000        2.1778920
     242.0000000        2.1846426
     243.0000000        2.1895223
     244.0000000        2.1929562
     245.0000000        2.1943429
     246.0000000        2.1898308
     247.0000000        2.1782916
     248.0000000        2.1672196
     249.0000000        2.1636040
     250.0000000        2.1685851
     251.0000000        2.1770103
     252.0000000        2.1838391
     253.0000000        2.1886220
     254.0000000        2.2015431
     255.0000000        2.2195401
     256.0000000        2.2301180
     257.0000000        2.2329366
     258.0000000        2.2339680
     259.0000000        2.2331181
     260.0000000        2.2305946
     261.0000000        2.2318525
     262.0000000        2.2326677
     263.0000000        2.2310553
     264.0000000        2.2304966
     265.0000000        2.2307179
     266.0000000        2.2309399
     267.0000000        2.2301695
     268.0000000        2.2256386
     269.0000000        2.2234511
     270.0000000        2.2263136
     271.0000000        2.2254918
     272.0000000        2.2166963
     273.0000000        2.2068913
     274.0000000        2.1954422
     275.0000000        2.1824090
     276.0000000        2.1705778
     277.0000000        2.1585758
     278.0000000        2.1533132
     279.0000000        2.1537523
     280.0000000        2.1581759
     281.0000000        2.1631529
     282.0000000        2.1667435
     283.0000000        2.1730669
     284.0000000        2.1817381
     285.0000000        2.1879728
     286.0000000        2.1937180
     287.0000000        2.1990612
     288.0000000        2.2021453
     289.0000000        2.2058740
     290.0000000        2.2166824
     291.0000000        2.2337732
     292.0000000        2.2520261
     293.0000000        2.2648649
     294.0000000        2.2760379
     295.0000000        2.2879555
     296.0000000        2.2992420
     297.0000000        2.3013549
     298.0000000        2.2876081
     299.0000000        2.2633874
     300.0000000        2.2386465
     301.0000000        2.2256575
     302.0000000        2.2250285
     303.0000000        2.2252996
     304.0000000        2.2162020
     305.0000000        2.2016590
     306.0000000        2.1911447
     307.0000000        2.1901648
     308.0000000        2.1928723
     309.0000000        2.1971314
     310.0000000        2.2005343
     311.0000000        2.1981933
     312.0000000        2.1941986
     313.0000000        2.1963820
     314.0000000        2.1987586
     315.0000000        2.1992280
     316.0000000        2.1990860
     317.0000000        2.1999333
     318.0000000        2.2050624
     319.0000000        2.2123475
     320.0000000        2.2198801
     321.0000000        2.2215056
     322.0000000        2.2166331
     323.0000000        2.2150397
     324.0000000        2.2204239
     325.0000000        2.2252574
     326.0000000        2.2171252
     327.0000000        2.2050581
     328.0000000        2.2026038
     329.0000000        2.2063496
     330.0000000        2.2056074
     331.0000000        2.2003512
     332.0000000        2.1953337
     333.0000000        2.1902692
     334.0000000        2.1891713
     335.0000000        2.1886809
     336.0000000        2.1855829
     337.0000000        2.1800754
     338.0000000        2.1714528
     339.0000000        2.1625040
     340.0000000        2.1614141
     341.0000000        2.1640217
     342.0000000        2.1656575
     343.0000000        2.1650810
     344.0000000        2.1673217
     345.0000000        2.1721911
     346.0000000        2.1720207
     347.0000000        2.1691484
     348.0000000        2.1739454
     349.0000000        2.1809106
     350.0000000        2.1858985
     351.0000000        2.1888947
     352.0000000        2.1875288
     353.0000000        2.1816425
     354.0000000        2.1750913
     355.0000000        2.1730297
     356.0000000        2.1776474
     357.0000000        2.1864855
     358.0000000        2.1897466
     359.0000000        2.1876326
     360.0000000        2.1865315
     361.0000000        2.1874812
     362.0000000        2.1875870
     363.0000000        2.1861711
     364.0000000        2.1851597
     365.0000000        2.1865463
     366.0000000        2.1882384
     367.0000000        2.1925611
     368.0000000        2.2026911
     369.0000000        2.2103460
     370.0000000        2.2100532
     371.0000000        2.2082152
     372.0000000        2.2077613
     373.0000000        2.2062845
     374.0000000        2.2050760
     375.0000000        2.2046759
     376.0000000        2.2035985
     377.0000000        2.1996534
     378.0000000        2.1952925
     379.0000000        2.1975734
     380.0000000        2.2048998
     381.0000000        2.2071285
     382.0000000        2.2023401
     383.0000000        2.1952043
     384.0000000        2.1876690
     385.0000000        2.1811135
     386.0000000        2.1770234
     387.0000000        2.1758177
     388.0000000        2.1735165
     389.0000000        2.1721177
     390.0000000        2.1726944
     391.0000000        2.1745017
     392.0000000        2.1735327
     393.0000000        2.1668909
     394.0000000        2.1570249
     395.0000000        2.1486573
     396.0000000        2.1444602
     397.0000000        2.1457758
     398.0000000        2.1530569
     399.0000000        2.1594288
     400.0000000        2.1597176
     401.0000000        2.1546474
     402.0000000        2.1513267
     403.0000000        2.1561494
     404.0000000        2.1686528
     405.0000000        2.1790545
     406.0000000        2.1808231
     407.0000000        2.1839533
     408.0000000        2.1872530
     409.0000000        2.1879458
     410.0000000        2.1861308
     411.0000000        2.1871541
     412.0000000        2.1876309
     413.0000000        2.1880081
     414.0000000        2.1891007
     415.0000000        2.1891589
     416.0000000        2.1844785
     417.0000000        2.1732521
     418.0000000        2.1643691
     419.0000000        2.1613717
     420.0000000        2.1643252
     421.0000000        2.1653326
     422.0000000        2.1637669
     423.0000000        2.1634235
     424.0000000        2.1627436
     425.0000000        2.1623816
     426.0000000        2.1632900
     427.0000000        2.1652918
     428.0000000        2.1619308
     429.0000000        2.1569355
     430.0000000        2.1589689
     431.0000000        2.1640558
     432.0000000        2.1684723
     433.0000000        2.1697667
     434.0000000        2.1652660
     435.0000000        2.1630461
     436.0000000        2.1693268
     437.0000000        2.1771929
     438.0000000        2.1850019
     439.0000000        2.1892178
     440.0000000        2.1891320
     441.0000000        2.1852419
     442.0000000        2.1818635
     443.0000000        2.1785021
     444.0000000        2.1765699
     445.0000000        2.1767542
     446.0000000        2.1771579
     447.0000000        2.1756814
     448.0000000        2.1770208
     449.0000000        2.1843705
     450.0000000        2.1942842
     451.0000000        2.2057109
     452.0000000        2.2170238
     453.0000000        2.2259495
     454.0000000        2.2315135
     455.0000000        2.2361200
     456.0000000        2.2379379
     457.0000000        2.2330723
     458.0000000        2.2206945
     459.0000000        2.2057664
     460.0000000        2.1974916
     461.0000000        2.1892927
     462.0000000        2.1750166
     463.0000000        2.1624002
     464.0000000        2.1516213
     465.0000000        2.1440840
     466.0000000        2.1412275
     467.0000000        2.1437922
     468.0000000        2.1469126
     469.0000000        2.1475389
     470.0000000        2.1500344
     471.0000000        2.1539490
     472.0000000        2.1558516
     473.0000000        2.1554840
     474.0000000        2.1570461
     475.0000000        2.1608558
     476.0000000        2.1643167
     477.0000000        2.1667771
     478.0000000        2.1725342
     479.0000000        2.1816795
     480.0000000        2.1940002
     481.0000000        2.2019238
     482.0000000        2.2058043
     483.0000000        2.2055721
     484.0000000        2.2030125
     485.0000000        2.1985545
     486.0000000        2.1975861
     487.0000000        2.1994677
     488.0000000        2.1953642
     489.0000000        2.1828253
     490.0000000        2.1745100
     491.0000000        2.1759567
     492.0000000        2.1781907
     493.0000000        2.1774416
     494.0000000        2.1730177
     495.0000000        2.1699533
     496.0000000        2.1683214
     497.0000000        2.1691804
     498.0000000        2.1732690
     499.0000000        2.1800761
     500.0000000        2.1910617
     501.0000000        2.2016573
     502.0000000        2.2101018
     503.0000000        2.2192082
     504.0000000        2.2295642
     505.0000000        2.2408223
     506.0000000        2.2411909
     507.0000000        2.2323427
     508.0000000        2.2207162
     509.0000000        2.2128026
     510.0000000        2.2075765
     511.0000000        2.1988583
     512.0000000        2.1909466
     513.0000000        2.1856430
     514.0000000        2.1795950
     515.0000000        2.1714437
     516.0000000        2.1631429
     517.0000000        2.1552382
     518.0000000        2.1483171
     519.0000000        2.1450658
     520.0000000        2.1462219
     521.0000000        2.1530669
     522.0000000        2.1635778
     523.0000000        2.1793315
     524.0000000        2.1948941
     525.0000000        2.1989300
     526.0000000        2.1962516
     527.0000000        2.1922898
     528.0000000        2.1895795
     529.0000000        2.1910489
     530.0000000        2.1966243
     531.0000000        2.2063034
     532.0000000        2.2163196
     533.0000000        2.2232435
     534.0000000        2.2287056
     535.0000000        2.2410340
     536.0000000        2.2572420
     537.0000000        2.2706771
     538.0000000        2.2787275
     539.0000000        2.2744207
     540.0000000        2.2615120
     541.0000000        2.2547760
     542.0000000        2.2590775
     543.0000000        2.2552817
     544.0000000        2.2424762
     545.0000000        2.2251639
     546.0000000        2.2089176
     547.0000000        2.1926785
     548.0000000        2.1814587
     549.0000000        2.1811621
     550.0000000        2.1890392
     551.0000000        2.1973238
     552.0000000        2.1968479
     553.0000000        2.1909916
     554.0000000        2.1894901
     555.0000000        2.1963270
     556.0000000        2.2048030
     557.0000000        2.2003691
     558.0000000        2.1817393
     559.0000000        2.1625969
     560.0000000        2.1516724
     561.0000000        2.1480651
     562.0000000        2.1509161
     563.0000000        2.1528287
     564.0000000        2.1529646
     565.0000000        2.1536632
     566.0000000        2.1566684
     567.0000000        2.1613939
     568.0000000        2.1662948
     569.0000000        2.1738567
     570.0000000        2.1762476
     571.0000000        2.1698344
     572.0000000        2.1597455
     573.0000000        2.1524518
     574.0000000        2.1485424
     575.0000000        2.1467819
     576.0000000        2.1433401
     577.0000000        2.1401808
     578.0000000        2.1419928
     579.0000000        2.1470659
     580.0000000        2.1562717
     581.0000000        2.1648700
     582.0000000        2.1657298
     583.0000000        2.1589701
     584.0000000        2.1524563
     585.0000000        2.1501029
     586.0000000        2.1528320
     587.0000000        2.1556108
     588.0000000        2.1591983
     589.0000000        2.1658573
     590.0000000        2.1723588
     591.0000000        2.1818841
     592.0000000        2.1933525
     593.0000000        2.2014556
     594.0000000        2.1975300
     595.0000000        2.1888239
     596.0000000        2.1820557
     597.0000000        2.1749804
     598.0000000        2.1632621
     599.0000000        2.1498320
     600.0000000        2.1452723
