       1.0000000        2.4223356
       2.0000000        2.4104695
       3.0000000        2.4088190
       4.0000000        2.3970231
       5.0000000        2.3776874
       6.0000000        2.3670596
       7.0000000        2.3677965
       8.0000000        2.3624329
       9.0000000        2.3523322
      10.0000000        2.3513189
      11.0000000        2.3573407
      12.0000000        2.3578290
      13.0000000        2.3626030
      14.0000000        2.3674921
      15.0000000        2.3777103
      16.0000000        2.3976437
      17.0000000        2.4166124
      18.0000000        2.4225049
      19.0000000        2.4237055
      20.0000000        2.4336481
      21.0000000        2.4436908
      22.0000000        2.4448010
      23.0000000        2.4408452
      24.0000000        2.4296127
      25.0000000        2.4297422
      26.0000000        2.4251466
      27.0000000        2.4118810
      28.0000000        2.3918744
      29.0000000        2.3718088
      30.0000000        2.3637993
      31.0000000        2.3709524
      32.0000000        2.3903431
      33.0000000        2.4094503
      34.0000000        2.4162746
      35.0000000        2.4149215
      36.0000000        2.4094139
      37.0000000        2.4007947
      38.0000000        2.3829659
      39.0000000        2.3681236
      40.0000000        2.3651952
      41.0000000        2.3703982
      42.0000000        2.3771235
      43.0000000        2.3808088
      44.0000000        2.3908928
      45.0000000        2.4001291
      46.0000000        2.3966967
      47.0000000        2.3932704
      48.0000000        2.4004732
      49.0000000        2.4083508
      50.0000000        2.4126360
      51.0000000        2.4286353
      52.0000000        2.4567004
      53.0000000        2.4746808
      54.0000000        2.4821677
      55.0000000        2.4822890
      56.0000000        2.4689282
      57.0000000        2.4661233
      58.0000000        2.4609067
      59.0000000        2.4404423
      60.0000000        2.4098542
      61.0000000        2.3842015
      62.0000000        2.3794645
      63.0000000        2.3955161
      64.0000000        2.4110488
      65.0000000        2.4096994
      66.0000000        2.4080360
      67.0000000        2.4167422
      68.0000000        2.4191075
      69.0000000        2.4089022
      70.0000000        2.4102081
      71.0000000        2.4266773
      72.0000000        2.4446053
      73.0000000        2.4463501
      74.0000000        2.4337662
      75.0000000        2.4159423
      76.0000000        2.3988144
      77.0000000        2.3942290
      78.0000000        2.3993154
      79.0000000        2.3979251
      80.0000000        2.3824543
      81.0000000        2.3719275
      82.0000000        2.3574332
      83.0000000        2.3412813
      84.0000000        2.3263114
      85.0000000        2.3169157
      86.0000000        2.3170322
      87.0000000        2.3231146
      88.0000000        2.3343367
      89.0000000        2.3401745
      90.0000000        2.3406187
      91.0000000        2.3465171
      92.0000000        2.3578532
      93.0000000        2.3678197
      94.0000000        2.3862370
      95.0000000        2.4229141
      96.0000000        2.4621339
      97.0000000        2.4751190
      98.0000000        2.4680041
      99.0000000        2.4594170
     100.0000000        2.4562771
     101.0000000        2.4548218
     102.0000000        2.4508697
     103.0000000        2.4365704
     104.0000000        2.4185490
     105.0000000        2.4076714
     106.0000000        2.4009955
     107.0000000        2.3959083
     108.0000000        2.3969647
     109.0000000        2.4096366
     110.0000000        2.4287852
     111.0000000        2.4427216
     112.0000000        2.4563839
     113.0000000        2.4632775
     114.0000000        2.4577654
     115.0000000        2.4462673
     116.0000000        2.4273287
     117.0000000        2.4106289
     118.0000000        2.3946304
     119.0000000        2.3825705
     120.0000000        2.3747754
     121.0000000        2.3682405
     122.0000000        2.3463118
     123.0000000        2.3110516
     124.0000000        2.2916561
     125.0000000        2.2946404
     126.0000000        2.3069917
     127.0000000        2.3243374
     128.0000000        2.3488088
     129.0000000        2.3701042
     130.0000000        2.3856957
     131.0000000        2.4064592
     132.0000000        2.4276442
     133.0000000        2.4488468
     134.0000000        2.4635583
     135.0000000        2.4705581
     136.0000000        2.4794396
     137.0000000        2.4938033
     138.0000000        2.4969456
     139.0000000        2.4911120
     140.0000000        2.4843477
     141.0000000        2.4775431
     142.0000000        2.4695372
     143.0000000        2.4623593
     144.0000000        2.4601780
     145.0000000        2.4557459
     146.0000000        2.4445364
     147.0000000        2.4296369
     148.0000000        2.4181254
     149.0000000        2.4174454
     150.0000000        2.4293374
     151.0000000        2.4390951
     152.0000000        2.4472095
     153.0000000        2.4552721
     154.0000000        2.4668081
     155.0000000        2.4851949
     156.0000000        2.5050942
     157.0000000        2.5109681
     158.0000000        2.5059708
     159.0000000        2.5064584
     160.0000000        2.5030419
     161.0000000        2.4915776
     162.0000000        2.4814268
     163.0000000        2.4593039
     164.0000000        2.4222447
     165.0000000        2.3919179
     166.0000000        2.3756336
     167.0000000        2.3687008
     168.0000000        2.3685359
     169.0000000        2.3783477
     170.0000000        2.3924502
     171.0000000        2.4057001
     172.0000000        2.4117064
     173.0000000        2.4125405
     174.0000000        2.4184165
     175.0000000        2.4237032
     176.0000000        2.4223054
     177.0000000        2.4161887
     178.0000000        2.4192086
     179.0000000        2.4209850
     180.0000000        2.4111610
     181.0000000        2.3940790
     182.0000000        2.3673556
     183.0000000        2.3392487
     184.0000000        2.3252479
     185.0000000        2.3319458
     186.0000000        2.3533681
     187.0000000        2.3812508
     188.0000000        2.3986914
     189.0000000        2.3984673
     190.0000000        2.3909078
     191.0000000        2.3866007
     192.0000000        2.3957974
     193.0000000        2.4059132
     194.0000000        2.4069164
     195.0000000        2.4065576
     196.0000000        2.4136762
     197.0000000        2.4218440
     198.0000000        2.4259205
     199.0000000        2.4320495
     200.0000000        2.4463554
     201.0000000        2.4569159
     202.0000000        2.4691902
     203.0000000        2.4742580
     204.0000000        2.4756081
     205.0000000        2.4734569
     206.0000000        2.4603374
     207.0000000        2.4471251
     208.0000000        2.4371261
     209.0000000        2.4215284
     210.0000000        2.4007382
     211.0000000        2.3937117
     212.0000000        2.4006743
     213.0000000        2.4058752
     214.0000000        2.4109963
     215.0000000        2.4111983
     216.0000000        2.4080329
     217.0000000        2.4119944
     218.0000000        2.4279342
     219.0000000        2.4634425
     220.0000000        2.4998524
     221.0000000        2.5194484
     222.0000000        2.5112888
     223.0000000        2.4933738
     224.0000000        2.4769250
     225.0000000        2.4657745
     226.0000000        2.4442342
     227.0000000        2.4064055
     228.0000000        2.3696654
     229.0000000        2.3505052
     230.0000000        2.3451959
     231.0000000        2.3398890
     232.0000000        2.3440437
     233.0000000        2.3634287
     234.0000000        2.3737298
     235.0000000        2.3763268
     236.0000000        2.3780780
     237.0000000        2.3696768
     238.0000000        2.3596982
     239.0000000        2.3565083
     240.0000000        2.3607585
     241.0000000        2.3713741
     242.0000000        2.3861247
     243.0000000        2.3968044
     244.0000000        2.4043353
     245.0000000        2.4073782
     246.0000000        2.3974733
     247.0000000        2.3722684
     248.0000000        2.3482133
     249.0000000        2.3403927
     250.0000000        2.3511931
     251.0000000        2.3694990
     252.0000000        2.3843970
     253.0000000        2.3948526
     254.0000000        2.4232028
     255.0000000        2.4629698
     256.0000000        2.4865073
     257.0000000        2.4927965
     258.0000000        2.4951019
     259.0000000        2.4931914
     260.0000000        2.4875583
     261.0000000        2.4903736
     262.0000000        2.4921890
     263.0000000        2.4885884
     264.0000000        2.4873401
     265.0000000        2.4878439
     266.0000000        2.4883557
     267.0000000        2.4866518
     268.0000000        2.4765555
     269.0000000        2.4716914
     270.0000000        2.4780568
     271.0000000        2.4762233
     272.0000000        2.4566912
     273.0000000        2.4350027
     274.0000000        2.4097984
     275.0000000        2.3812661
     276.0000000        2.3555156
     277.0000000        2.3295368
     278.0000000        2.3182008
     279.0000000        2.3191431
     280.0000000        2.3286714
     281.0000000        2.3394144
     282.0000000        2.3471800
     283.0000000        2.3608978
     284.0000000        2.3797816
     285.0000000        2.3934035
     286.0000000        2.4059976
     287.0000000        2.4177422
     288.0000000        2.4245419
     289.0000000        2.4327605
     290.0000000        2.4566537
     291.0000000        2.4946711
     292.0000000        2.5356043
     293.0000000        2.5645952
     294.0000000        2.5899655
     295.0000000        2.6171602
     296.0000000        2.6430547
     297.0000000        2.6479194
     298.0000000        2.6163688
     299.0000000        2.5612490
     300.0000000        2.5055551
     301.0000000        2.4765656
     302.0000000        2.4751632
     303.0000000        2.4757661
     304.0000000        2.4555472
     305.0000000        2.4234232
     306.0000000        2.4003327
     307.0000000        2.3982032
     308.0000000        2.4041393
     309.0000000        2.4134929
     310.0000000        2.4209762
     311.0000000        2.4158167
     312.0000000        2.4070286
     313.0000000        2.4118198
     314.0000000        2.4170437
     315.0000000        2.4180798
     316.0000000        2.4177633
     317.0000000        2.4196395
     318.0000000        2.4309409
     319.0000000        2.4470382
     320.0000000        2.4637343
     321.0000000        2.4673447
     322.0000000        2.4565321
     323.0000000        2.4529945
     324.0000000        2.4649279
     325.0000000        2.4756670
     326.0000000        2.4575929
     327.0000000        2.4309055
     328.0000000        2.4254901
     329.0000000        2.4337421
     330.0000000        2.4321035
     331.0000000        2.4205187
     332.0000000        2.4094911
     333.0000000        2.3984002
     334.0000000        2.3960111
     335.0000000        2.3949495
     336.0000000        2.3881823
     337.0000000        2.3761586
     338.0000000        2.3573999
     339.0000000        2.3380060
     340.0000000        2.3356525
     341.0000000        2.3412921
     342.0000000        2.3448283
     343.0000000        2.3435747
     344.0000000        2.3484242
     345.0000000        2.3589883
     346.0000000        2.3586292
     347.0000000        2.3524020
     348.0000000        2.3628350
     349.0000000        2.3780045
     350.0000000        2.3889015
     351.0000000        2.3954607
     352.0000000        2.3924789
     353.0000000        2.3796204
     354.0000000        2.3653555
     355.0000000        2.3608658
     356.0000000        2.3708927
     357.0000000        2.3901690
     358.0000000        2.3972958
     359.0000000        2.3926743
     360.0000000        2.3902731
     361.0000000        2.3923533
     362.0000000        2.3925761
     363.0000000        2.3894676
     364.0000000        2.3872449
     365.0000000        2.3902747
     366.0000000        2.3939816
     367.0000000        2.4034543
     368.0000000        2.4257244
     369.0000000        2.4426275
     370.0000000        2.4419788
     371.0000000        2.4379233
     372.0000000        2.4369262
     373.0000000        2.4336639
     374.0000000        2.4309953
     375.0000000        2.4301190
     376.0000000        2.4277486
     377.0000000        2.4190512
     378.0000000        2.4094527
     379.0000000        2.4144541
     380.0000000        2.4305763
     381.0000000        2.4354833
     382.0000000        2.4249189
     383.0000000        2.4092364
     384.0000000        2.3927417
     385.0000000        2.3784413
     386.0000000        2.3695437
     387.0000000        2.3669214
     388.0000000        2.3619146
     389.0000000        2.3588813
     390.0000000        2.3601359
     391.0000000        2.3640583
     392.0000000        2.3619500
     393.0000000        2.3475395
     394.0000000        2.3262098
     395.0000000        2.3081855
     396.0000000        2.2991602
     397.0000000        2.3019909
     398.0000000        2.3176510
     399.0000000        2.3313930
     400.0000000        2.3320142
     401.0000000        2.3210781
     402.0000000        2.3139221
     403.0000000        2.3242966
     404.0000000        2.3513232
     405.0000000        2.3739275
     406.0000000        2.3777742
     407.0000000        2.3846012
     408.0000000        2.3918065
     409.0000000        2.3933161
     410.0000000        2.3893302
     411.0000000        2.3915710
     412.0000000        2.3926154
     413.0000000        2.3934284
     414.0000000        2.3958083
     415.0000000        2.3959337
     416.0000000        2.3856976
     417.0000000        2.3612179
     418.0000000        2.3419450
     419.0000000        2.3354629
     420.0000000        2.3418564
     421.0000000        2.3440523
     422.0000000        2.3406544
     423.0000000        2.3399113
     424.0000000        2.3384455
     425.0000000        2.3376720
     426.0000000        2.3396295
     427.0000000        2.3439639
     428.0000000        2.3366936
     429.0000000        2.3259251
     430.0000000        2.3303175
     431.0000000        2.3413213
     432.0000000        2.3508888
     433.0000000        2.3536852
     434.0000000        2.3439129
     435.0000000        2.3391070
     436.0000000        2.3527054
     437.0000000        2.3698020
     438.0000000        2.3868401
     439.0000000        2.3960820
     440.0000000        2.3959060
     441.0000000        2.3873959
     442.0000000        2.3800072
     443.0000000        2.3726771
     444.0000000        2.3684715
     445.0000000        2.3688797
     446.0000000        2.3697593
     447.0000000        2.3665420
     448.0000000        2.3694547
     449.0000000        2.3854749
     450.0000000        2.4071745
     451.0000000        2.4323131
     452.0000000        2.4573185
     453.0000000        2.4771502
     454.0000000        2.4895489
     455.0000000        2.4998379
     456.0000000        2.5039179
     457.0000000        2.4930608
     458.0000000        2.4655112
     459.0000000        2.4324864
     460.0000000        2.4142845
     461.0000000        2.3963060
     462.0000000        2.3651619
     463.0000000        2.3378127
     464.0000000        2.3145644
     465.0000000        2.2983862
     466.0000000        2.2922690
     467.0000000        2.2977615
     468.0000000        2.3044514
     469.0000000        2.3057874
     470.0000000        2.3111489
     471.0000000        2.3195626
     472.0000000        2.3236476
     473.0000000        2.3228469
     474.0000000        2.3261963
     475.0000000        2.3344120
     476.0000000        2.3419008
     477.0000000        2.3472211
     478.0000000        2.3597125
     479.0000000        2.3796025
     480.0000000        2.4065520
     481.0000000        2.4239742
     482.0000000        2.4325230
     483.0000000        2.4319881
     484.0000000        2.4263319
     485.0000000        2.4165059
     486.0000000        2.4143779
     487.0000000        2.4185171
     488.0000000        2.4095071
     489.0000000        2.3820668
     490.0000000        2.3639675
     491.0000000        2.3671254
     492.0000000        2.3720059
     493.0000000        2.3703677
     494.0000000        2.3607325
     495.0000000        2.3540694
     496.0000000        2.3505351
     497.0000000        2.3524040
     498.0000000        2.3612846
     499.0000000        2.3761056
     500.0000000        2.4001198
     501.0000000        2.4233918
     502.0000000        2.4420194
     503.0000000        2.4621882
     504.0000000        2.4852259
     505.0000000        2.5103924
     506.0000000        2.5112237
     507.0000000        2.4914383
     508.0000000        2.4655600
     509.0000000        2.4480217
     510.0000000        2.4364891
     511.0000000        2.4172849
     512.0000000        2.3999421
     513.0000000        2.3883585
     514.0000000        2.3751688
     515.0000000        2.3574399
     516.0000000        2.3394590
     517.0000000        2.3223919
     518.0000000        2.3075056
     519.0000000        2.3005282
     520.0000000        2.3030038
     521.0000000        2.3177190
     522.0000000        2.3404015
     523.0000000        2.3746068
     524.0000000        2.4086356
     525.0000000        2.4174879
     526.0000000        2.4116030
     527.0000000        2.4029142
     528.0000000        2.3969789
     529.0000000        2.4001978
     530.0000000        2.4124256
     531.0000000        2.4337337
     532.0000000        2.4558814
     533.0000000        2.4712476
     534.0000000        2.4834102
     535.0000000        2.5109619
     536.0000000        2.5474197
     537.0000000        2.5778372
     538.0000000        2.5961370
     539.0000000        2.5863199
     540.0000000        2.5570280
     541.0000000        2.5417983
     542.0000000        2.5515109
     543.0000000        2.5429461
     544.0000000        2.5141473
     545.0000000        2.4754844
     546.0000000        2.4394743
     547.0000000        2.4037445
     548.0000000        2.3792129
     549.0000000        2.3785714
     550.0000000        2.3957872
     551.0000000        2.4139476
     552.0000000        2.4128990
     553.0000000        2.4000338
     554.0000000        2.3967286
     555.0000000        2.4117080
     556.0000000        2.4303427
     557.0000000        2.4205595
     558.0000000        2.3797313
     559.0000000        2.3381494
     560.0000000        2.3145856
     561.0000000        2.3068534
     562.0000000        2.3130002
     563.0000000        2.3171274
     564.0000000        2.3174376
     565.0000000        2.3189584
     566.0000000        2.3254448
     567.0000000        2.3356428
     568.0000000        2.3462447
     569.0000000        2.3626595
     570.0000000        2.3678610
     571.0000000        2.3539223
     572.0000000        2.3320832
     573.0000000        2.3163518
     574.0000000        2.3079442
     575.0000000        2.3041629
     576.0000000        2.2967826
     577.0000000        2.2900220
     578.0000000        2.2939087
     579.0000000        2.3047847
     580.0000000        2.3245912
     581.0000000        2.3431699
     582.0000000        2.3450377
     583.0000000        2.3304215
     584.0000000        2.3163834
     585.0000000        2.3113166
     586.0000000        2.3171772
     587.0000000        2.3231570
     588.0000000        2.3308802
     589.0000000        2.3452773
     590.0000000        2.3593810
     591.0000000        2.3801199
     592.0000000        2.4052043
     593.0000000        2.4230049
     594.0000000        2.4143641
     595.0000000        2.3952729
     596.0000000        2.3804823
     597.0000000        2.3650730
     598.0000000        2.3396580
     599.0000000        2.3106978
     600.0000000        2.3009183
