       1.0000000        2.1745358
       2.0000000        2.1767395
       3.0000000        2.1810024
       4.0000000        2.1937835
       5.0000000        2.2095284
       6.0000000        2.2214098
       7.0000000        2.2252507
       8.0000000        2.2231522
       9.0000000        2.2228196
      10.0000000        2.2212334
      11.0000000        2.2183676
      12.0000000        2.2187893
      13.0000000        2.2244248
      14.0000000        2.2265227
      15.0000000        2.2198069
      16.0000000        2.2041287
      17.0000000        2.1884403
      18.0000000        2.1756129
      19.0000000        2.1678579
      20.0000000        2.1637690
      21.0000000        2.1619833
      22.0000000        2.1623371
      23.0000000        2.1628232
      24.0000000        2.1674190
      25.0000000        2.1762877
      26.0000000        2.1827950
      27.0000000        2.1849082
      28.0000000        2.1812313
      29.0000000        2.1820858
      30.0000000        2.1876411
      31.0000000        2.1913280
      32.0000000        2.1934721
      33.0000000        2.1930463
      34.0000000        2.1873076
      35.0000000        2.1816461
      36.0000000        2.1719291
      37.0000000        2.1584749
      38.0000000        2.1513822
      39.0000000        2.1503284
      40.0000000        2.1520400
      41.0000000        2.1562908
      42.0000000        2.1629796
      43.0000000        2.1697249
      44.0000000        2.1805372
      45.0000000        2.1924222
      46.0000000        2.2008028
      47.0000000        2.2011611
      48.0000000        2.1961718
      49.0000000        2.1924448
      50.0000000        2.1957510
      51.0000000        2.2008698
      52.0000000        2.2085273
      53.0000000        2.2153141
      54.0000000        2.2190084
      55.0000000        2.2198551
      56.0000000        2.2208428
      57.0000000        2.2210531
      58.0000000        2.2277958
      59.0000000        2.2321360
      60.0000000        2.2327161
      61.0000000        2.2309201
      62.0000000        2.2233469
      63.0000000        2.2135346
      64.0000000        2.2086458
      65.0000000        2.2112787
      66.0000000        2.2180789
      67.0000000        2.2238867
      68.0000000        2.2245607
      69.0000000        2.2248187
      70.0000000        2.2216296
      71.0000000        2.2121663
      72.0000000        2.2023213
      73.0000000        2.1928909
      74.0000000        2.1865373
      75.0000000        2.1823175
      76.0000000        2.1763556
      77.0000000        2.1736798
      78.0000000        2.1769519
      79.0000000        2.1877389
      80.0000000        2.2005773
      81.0000000        2.2069306
      82.0000000        2.2053685
      83.0000000        2.2011490
      84.0000000        2.2021024
      85.0000000        2.2046359
      86.0000000        2.2049980
      87.0000000        2.2089427
      88.0000000        2.2135139
      89.0000000        2.2130821
      90.0000000        2.2109494
      91.0000000        2.2028418
      92.0000000        2.1939116
      93.0000000        2.1856854
      94.0000000        2.1817496
      95.0000000        2.1816692
      96.0000000        2.1838305
      97.0000000        2.1875660
      98.0000000        2.1913106
      99.0000000        2.1973820
     100.0000000        2.2083735
     101.0000000        2.2153122
     102.0000000        2.2175422
     103.0000000        2.2141726
     104.0000000        2.2103543
     105.0000000        2.2084599
     106.0000000        2.2065344
     107.0000000        2.2028069
     108.0000000        2.1912727
     109.0000000        2.1811922
     110.0000000        2.1777678
     111.0000000        2.1769397
     112.0000000        2.1783643
     113.0000000        2.1769009
     114.0000000        2.1681502
     115.0000000        2.1592910
     116.0000000        2.1589432
     117.0000000        2.1646249
     118.0000000        2.1676302
     119.0000000        2.1679468
     120.0000000        2.1686151
     121.0000000        2.1639917
     122.0000000        2.1604421
     123.0000000        2.1625249
     124.0000000        2.1691916
     125.0000000        2.1762030
     126.0000000        2.1828277
     127.0000000        2.1881526
     128.0000000        2.1942348
     129.0000000        2.1983173
     130.0000000        2.1979477
     131.0000000        2.2023907
     132.0000000        2.2099812
     133.0000000        2.2135899
     134.0000000        2.2120166
     135.0000000        2.2092142
     136.0000000        2.2094710
     137.0000000        2.2039456
     138.0000000        2.1921804
     139.0000000        2.1843531
     140.0000000        2.1843474
     141.0000000        2.1908619
     142.0000000        2.2015944
     143.0000000        2.2076843
     144.0000000        2.2042656
     145.0000000        2.1958406
     146.0000000        2.1864848
     147.0000000        2.1781893
     148.0000000        2.1772137
     149.0000000        2.1823792
     150.0000000        2.1883540
     151.0000000        2.1948051
     152.0000000        2.2011530
     153.0000000        2.2039907
     154.0000000        2.2067640
     155.0000000        2.2084608
     156.0000000        2.2063053
     157.0000000        2.2088120
     158.0000000        2.2067904
     159.0000000        2.1976409
     160.0000000        2.1947432
     161.0000000        2.2012353
     162.0000000        2.2106600
     163.0000000        2.2149963
     164.0000000        2.2132869
     165.0000000        2.2061210
     166.0000000        2.1960261
     167.0000000        2.1844599
     168.0000000        2.1749823
     169.0000000        2.1727836
     170.0000000        2.1755149
     171.0000000        2.1796644
     172.0000000        2.1777465
     173.0000000        2.1712477
     174.0000000        2.1651802
     175.0000000        2.1675868
     176.0000000        2.1764631
     177.0000000        2.1863627
     178.0000000        2.1967659
     179.0000000        2.2038693
     180.0000000        2.2041495
     181.0000000        2.2006149
     182.0000000        2.2007704
     183.0000000        2.2039299
     184.0000000        2.2070069
     185.0000000        2.2129877
     186.0000000        2.2194586
     187.0000000        2.2244670
     188.0000000        2.2283833
     189.0000000        2.2355607
     190.0000000        2.2461529
     191.0000000        2.2538354
     192.0000000        2.2522707
     193.0000000        2.2476418
     194.0000000        2.2487447
     195.0000000        2.2502272
     196.0000000        2.2437716
     197.0000000        2.2316625
     198.0000000        2.2184696
     199.0000000        2.2091572
     200.0000000        2.2064707
     201.0000000        2.2060564
     202.0000000        2.2068305
     203.0000000        2.2096856
     204.0000000        2.2161293
     205.0000000        2.2230339
     206.0000000        2.2265177
     207.0000000        2.2300346
     208.0000000        2.2322786
     209.0000000        2.2292428
     210.0000000        2.2167485
     211.0000000        2.2001593
     212.0000000        2.1892190
     213.0000000        2.1870098
     214.0000000        2.1901417
     215.0000000        2.1961148
     216.0000000        2.2027583
     217.0000000        2.2061653
     218.0000000        2.2076168
     219.0000000        2.2098849
     220.0000000        2.2070508
     221.0000000        2.2032471
     222.0000000        2.1981502
     223.0000000        2.1920774
     224.0000000        2.1870394
     225.0000000        2.1860573
     226.0000000        2.1891940
     227.0000000        2.1887608
     228.0000000        2.1891999
     229.0000000        2.1927507
     230.0000000        2.1977625
     231.0000000        2.1996634
     232.0000000        2.1992476
     233.0000000        2.1926014
     234.0000000        2.1838713
     235.0000000        2.1817410
     236.0000000        2.1820264
     237.0000000        2.1812623
     238.0000000        2.1847110
     239.0000000        2.1854765
     240.0000000        2.1816602
     241.0000000        2.1768534
     242.0000000        2.1745832
     243.0000000        2.1742547
     244.0000000        2.1750596
     245.0000000        2.1763594
     246.0000000        2.1769083
     247.0000000        2.1771564
     248.0000000        2.1760044
     249.0000000        2.1747775
     250.0000000        2.1786847
     251.0000000        2.1835883
     252.0000000        2.1836371
     253.0000000        2.1812136
     254.0000000        2.1797769
     255.0000000        2.1788297
     256.0000000        2.1835012
     257.0000000        2.1902211
     258.0000000        2.1930578
     259.0000000        2.1975186
     260.0000000        2.2072082
     261.0000000        2.2198794
     262.0000000        2.2316611
     263.0000000        2.2361169
     264.0000000        2.2405488
     265.0000000        2.2434411
     266.0000000        2.2448461
     267.0000000        2.2427099
     268.0000000        2.2377219
     269.0000000        2.2390313
     270.0000000        2.2392030
     271.0000000        2.2366097
     272.0000000        2.2309597
     273.0000000        2.2266161
     274.0000000        2.2249279
     275.0000000        2.2221632
     276.0000000        2.2246161
     277.0000000        2.2318244
     278.0000000        2.2393460
     279.0000000        2.2420304
     280.0000000        2.2389579
     281.0000000        2.2377784
     282.0000000        2.2351861
     283.0000000        2.2351964
     284.0000000        2.2374022
     285.0000000        2.2406249
     286.0000000        2.2406440
     287.0000000        2.2336705
     288.0000000        2.2245595
     289.0000000        2.2186408
     290.0000000        2.2116697
     291.0000000        2.2029290
     292.0000000        2.1905336
     293.0000000        2.1753442
     294.0000000        2.1608410
     295.0000000        2.1503327
     296.0000000        2.1483183
     297.0000000        2.1546082
     298.0000000        2.1651030
     299.0000000        2.1733906
     300.0000000        2.1747208
     301.0000000        2.1749916
     302.0000000        2.1770277
     303.0000000        2.1806662
     304.0000000        2.1837914
     305.0000000        2.1830764
     306.0000000        2.1806107
     307.0000000        2.1839039
     308.0000000        2.1941795
     309.0000000        2.2043488
     310.0000000        2.2094851
     311.0000000        2.2116718
     312.0000000        2.2143412
     313.0000000        2.2145817
     314.0000000        2.2144573
     315.0000000        2.2141140
     316.0000000        2.2170386
     317.0000000        2.2184479
     318.0000000        2.2192793
     319.0000000        2.2195361
     320.0000000        2.2174153
     321.0000000        2.2133138
     322.0000000        2.2099271
     323.0000000        2.2064152
     324.0000000        2.2008321
     325.0000000        2.1934667
     326.0000000        2.1828918
     327.0000000        2.1722007
     328.0000000        2.1631172
     329.0000000        2.1591005
     330.0000000        2.1580899
     331.0000000        2.1570132
     332.0000000        2.1595795
     333.0000000        2.1655297
     334.0000000        2.1732290
     335.0000000        2.1768818
     336.0000000        2.1756294
     337.0000000        2.1761668
     338.0000000        2.1793451
     339.0000000        2.1804152
     340.0000000        2.1789219
     341.0000000        2.1785035
     342.0000000        2.1776855
     343.0000000        2.1712859
     344.0000000        2.1674256
     345.0000000        2.1669922
     346.0000000        2.1705828
     347.0000000        2.1765010
     348.0000000        2.1849895
     349.0000000        2.1963055
     350.0000000        2.2037988
     351.0000000        2.2046578
     352.0000000        2.2009983
     353.0000000        2.1945143
     354.0000000        2.1938050
     355.0000000        2.2004547
     356.0000000        2.2051072
     357.0000000        2.2063882
     358.0000000        2.2090211
     359.0000000        2.2154086
     360.0000000        2.2168410
     361.0000000        2.2149866
     362.0000000        2.2169335
     363.0000000        2.2230287
     364.0000000        2.2276859
     365.0000000        2.2284622
     366.0000000        2.2244620
     367.0000000        2.2170966
     368.0000000        2.2079010
     369.0000000        2.1987991
     370.0000000        2.1874065
     371.0000000        2.1806235
     372.0000000        2.1794221
     373.0000000        2.1778653
     374.0000000        2.1805968
     375.0000000        2.1873484
     376.0000000        2.1904819
     377.0000000        2.1914418
     378.0000000        2.1954951
     379.0000000        2.1974673
     380.0000000        2.1909890
     381.0000000        2.1799097
     382.0000000        2.1686826
     383.0000000        2.1578431
     384.0000000        2.1504931
     385.0000000        2.1413059
     386.0000000        2.1304727
     387.0000000        2.1222754
     388.0000000        2.1200986
     389.0000000        2.1228855
     390.0000000        2.1307127
     391.0000000        2.1374528
     392.0000000        2.1410048
     393.0000000        2.1424878
     394.0000000        2.1461163
     395.0000000        2.1517179
     396.0000000        2.1554132
     397.0000000        2.1554918
     398.0000000        2.1532254
     399.0000000        2.1545017
     400.0000000        2.1579919
     401.0000000        2.1629181
     402.0000000        2.1642060
     403.0000000        2.1624651
     404.0000000        2.1650391
     405.0000000        2.1704240
     406.0000000        2.1732202
     407.0000000        2.1759224
     408.0000000        2.1798189
     409.0000000        2.1787431
     410.0000000        2.1731975
     411.0000000        2.1693172
     412.0000000        2.1642020
     413.0000000        2.1572559
     414.0000000        2.1601367
     415.0000000        2.1684942
     416.0000000        2.1730292
     417.0000000        2.1730168
     418.0000000        2.1760547
     419.0000000        2.1765399
     420.0000000        2.1676531
     421.0000000        2.1609256
     422.0000000        2.1622224
     423.0000000        2.1675491
     424.0000000        2.1743646
     425.0000000        2.1814322
     426.0000000        2.1846647
     427.0000000        2.1866562
     428.0000000        2.1953311
     429.0000000        2.2096610
     430.0000000        2.2214065
     431.0000000        2.2235982
     432.0000000        2.2184498
     433.0000000        2.2132182
     434.0000000        2.2111928
     435.0000000        2.2127488
     436.0000000        2.2151566
     437.0000000        2.2129872
     438.0000000        2.2064905
     439.0000000        2.2027934
     440.0000000        2.2023203
     441.0000000        2.2013240
     442.0000000        2.2002132
     443.0000000        2.1981823
     444.0000000        2.1923151
     445.0000000        2.1852570
     446.0000000        2.1771808
     447.0000000        2.1676164
     448.0000000        2.1570628
     449.0000000        2.1507523
     450.0000000        2.1482863
     451.0000000        2.1489954
     452.0000000        2.1524458
     453.0000000        2.1572366
     454.0000000        2.1658752
     455.0000000        2.1781120
     456.0000000        2.1887698
     457.0000000        2.2000260
     458.0000000        2.2133958
     459.0000000        2.2258186
     460.0000000        2.2281227
     461.0000000        2.2236834
     462.0000000        2.2176514
     463.0000000        2.2103255
     464.0000000        2.2040968
     465.0000000        2.2033904
     466.0000000        2.2026715
     467.0000000        2.1992805
     468.0000000        2.1911798
     469.0000000        2.1823533
     470.0000000        2.1759853
     471.0000000        2.1731043
     472.0000000        2.1727576
     473.0000000        2.1709681
     474.0000000        2.1669660
     475.0000000        2.1624947
     476.0000000        2.1604514
     477.0000000        2.1629579
     478.0000000        2.1665146
     479.0000000        2.1734896
     480.0000000        2.1821334
     481.0000000        2.1883302
     482.0000000        2.1862702
     483.0000000        2.1791823
     484.0000000        2.1750376
     485.0000000        2.1729877
     486.0000000        2.1767642
     487.0000000        2.1831138
     488.0000000        2.1850722
     489.0000000        2.1803615
     490.0000000        2.1731880
     491.0000000        2.1727796
     492.0000000        2.1773610
     493.0000000        2.1807473
     494.0000000        2.1860297
     495.0000000        2.1938446
     496.0000000        2.2013476
     497.0000000        2.2076390
     498.0000000        2.2163148
     499.0000000        2.2191989
     500.0000000        2.2185469
     501.0000000        2.2192650
     502.0000000        2.2238228
     503.0000000        2.2310295
     504.0000000        2.2347071
     505.0000000        2.2344294
     506.0000000        2.2348661
     507.0000000        2.2360919
     508.0000000        2.2301555
     509.0000000        2.2187414
     510.0000000        2.2132056
     511.0000000        2.2113197
     512.0000000        2.2116063
     513.0000000        2.2146540
     514.0000000        2.2230880
     515.0000000        2.2325933
     516.0000000        2.2337222
     517.0000000        2.2274878
     518.0000000        2.2189901
     519.0000000        2.2124631
     520.0000000        2.2116337
     521.0000000        2.2191224
     522.0000000        2.2285533
     523.0000000        2.2298813
     524.0000000        2.2272534
     525.0000000        2.2299399
     526.0000000        2.2345023
     527.0000000        2.2325523
     528.0000000        2.2231846
     529.0000000        2.2114279
     530.0000000        2.2012410
     531.0000000        2.1901951
     532.0000000        2.1832736
     533.0000000        2.1801560
     534.0000000        2.1739676
     535.0000000        2.1657479
     536.0000000        2.1611407
     537.0000000        2.1533680
     538.0000000        2.1457946
     539.0000000        2.1447086
     540.0000000        2.1473989
     541.0000000        2.1455886
     542.0000000        2.1434600
     543.0000000        2.1473169
     544.0000000        2.1501191
     545.0000000        2.1518373
     546.0000000        2.1558311
     547.0000000        2.1586640
     548.0000000        2.1576889
     549.0000000        2.1570311
     550.0000000        2.1625860
     551.0000000        2.1700823
     552.0000000        2.1739614
     553.0000000        2.1724989
     554.0000000        2.1709158
     555.0000000        2.1738608
     556.0000000        2.1809223
     557.0000000        2.1873555
     558.0000000        2.1918190
     559.0000000        2.2012091
     560.0000000        2.2044833
     561.0000000        2.1973383
     562.0000000        2.1921713
     563.0000000        2.1973581
     564.0000000        2.2069166
     565.0000000        2.2099354
     566.0000000        2.2052598
     567.0000000        2.2035632
     568.0000000        2.2058825
     569.0000000        2.2075427
     570.0000000        2.2111678
     571.0000000        2.2194784
     572.0000000        2.2234645
     573.0000000        2.2151113
     574.0000000        2.1971755
     575.0000000        2.1853411
     576.0000000        2.1808767
     577.0000000        2.1774077
     578.0000000        2.1777291
     579.0000000        2.1814396
     580.0000000        2.1837215
     581.0000000        2.1867340
     582.0000000        2.1877589
     583.0000000        2.1847079
     584.0000000        2.1824434
     585.0000000        2.1854134
     586.0000000        2.1849561
     587.0000000        2.1795695
     588.0000000        2.1751881
     589.0000000        2.1723506
     590.0000000        2.1705298
     591.0000000        2.1688197
     592.0000000        2.1662955
     593.0000000        2.1611180
     594.0000000        2.1574543
     595.0000000        2.1539118
     596.0000000        2.1520357
     597.0000000        2.1557381
     598.0000000        2.1577141
     599.0000000        2.1564128
     600.0000000        2.1603603
