       1.0000000        4.8223362
       2.0000000        4.8295223
       3.0000000        4.8326388
       4.0000000        4.8088877
       5.0000000        4.7734361
       6.0000000        4.7768910
       7.0000000        4.7749443
       8.0000000        4.7550914
       9.0000000        4.7485788
      10.0000000        4.7715631
      11.0000000        4.8185933
      12.0000000        4.8783678
      13.0000000        4.9374799
      14.0000000        4.9881310
      15.0000000        5.0486790
      16.0000000        5.0884164
      17.0000000        5.1255448
      18.0000000        5.1558504
      19.0000000        5.1350556
      20.0000000        5.0983603
      21.0000000        5.0960377
      22.0000000        5.0633669
      23.0000000        5.0188949
      24.0000000        4.9573040
      25.0000000        4.9074930
      26.0000000        4.8431287
      27.0000000        4.7802398
      28.0000000        4.7810066
      29.0000000        4.7852362
      30.0000000        4.7868432
      31.0000000        4.7849594
      32.0000000        4.7843043
      33.0000000        4.7780327
      34.0000000        4.7659878
      35.0000000        4.7487908
      36.0000000        4.6965264
      37.0000000        4.6714510
      38.0000000        4.6745552
      39.0000000        4.6549254
      40.0000000        4.6819299
      41.0000000        4.7428384
      42.0000000        4.8141745
      43.0000000        4.9073716
      44.0000000        4.9742102
      45.0000000        5.0259250
      46.0000000        5.0574044
      47.0000000        5.0834132
      48.0000000        5.0810873
      49.0000000        5.0722219
      50.0000000        5.0447777
      51.0000000        5.0262491
      52.0000000        5.0390332
      53.0000000        5.0396871
      54.0000000        5.0522088
      55.0000000        5.0390982
      56.0000000        5.0347180
      57.0000000        5.0420932
      58.0000000        5.0678817
      59.0000000        5.1051159
      60.0000000        5.1348541
      61.0000000        5.1452608
      62.0000000        5.1550260
      63.0000000        5.1823734
      64.0000000        5.2057966
      65.0000000        5.2448595
      66.0000000        5.2533335
      67.0000000        5.2462562
      68.0000000        5.2565505
      69.0000000        5.2092240
      70.0000000        5.2196154
      71.0000000        5.2451327
      72.0000000        5.2646709
      73.0000000        5.2743322
      74.0000000        5.2797025
      75.0000000        5.2494587
      76.0000000        5.2031264
      77.0000000        5.2131314
      78.0000000        5.1903089
      79.0000000        5.1621310
      80.0000000        5.1628859
      81.0000000        5.1511861
      82.0000000        5.1512120
      83.0000000        5.1181055
      84.0000000        5.1047902
      85.0000000        5.0640582
      86.0000000        5.0687525
      87.0000000        5.0957234
      88.0000000        5.0802232
      89.0000000        5.0737219
      90.0000000        5.1008492
      91.0000000        5.1570014
      92.0000000        5.2522887
      93.0000000        5.3528724
      94.0000000        5.4037602
      95.0000000        5.4585521
      96.0000000        5.4878992
      97.0000000        5.4979451
      98.0000000        5.5112718
      99.0000000        5.4536367
     100.0000000        5.4592595
     101.0000000        5.4450834
     102.0000000        5.3833763
     103.0000000        5.3249229
     104.0000000        5.2680242
     105.0000000        5.2149807
     106.0000000        5.1682834
     107.0000000        5.1087535
     108.0000000        5.0684496
     109.0000000        5.0367558
     110.0000000        5.0282793
     111.0000000        5.0264470
     112.0000000        5.0132711
     113.0000000        4.9910204
     114.0000000        4.9715173
     115.0000000        4.9791222
     116.0000000        4.9746956
     117.0000000        4.9676008
     118.0000000        4.9231179
     119.0000000        4.8769839
     120.0000000        4.8515123
     121.0000000        4.8118619
     122.0000000        4.7619165
     123.0000000        4.7764263
     124.0000000        4.7966805
     125.0000000        4.7957107
     126.0000000        4.8207926
     127.0000000        4.8441841
     128.0000000        4.8333707
     129.0000000        4.8518888
     130.0000000        4.8651206
     131.0000000        4.8942774
     132.0000000        4.9596329
     133.0000000        5.0257142
     134.0000000        5.1022761
     135.0000000        5.1189890
     136.0000000        5.1484384
     137.0000000        5.1838877
     138.0000000        5.2073545
     139.0000000        5.2430254
     140.0000000        5.2628338
     141.0000000        5.2924997
     142.0000000        5.3539804
     143.0000000        5.4049241
     144.0000000        5.4324215
     145.0000000        5.4234900
     146.0000000        5.3620557
     147.0000000        5.3334467
     148.0000000        5.3005786
     149.0000000        5.2393414
     150.0000000        5.2362042
     151.0000000        5.2066934
     152.0000000        5.1657699
     153.0000000        5.1255880
     154.0000000        5.1022058
     155.0000000        5.0461494
     156.0000000        4.9793394
     157.0000000        4.9738291
     158.0000000        4.9757544
     159.0000000        4.9937345
     160.0000000        5.0205672
     161.0000000        5.0230709
     162.0000000        5.0249725
     163.0000000        5.0239481
     164.0000000        5.0121249
     165.0000000        4.9870621
     166.0000000        4.9937496
     167.0000000        5.0090167
     168.0000000        5.0596451
     169.0000000        5.0762527
     170.0000000        5.0613715
     171.0000000        5.0570558
     172.0000000        5.0942051
     173.0000000        5.1306046
     174.0000000        5.1402810
     175.0000000        5.1785733
     176.0000000        5.2209584
     177.0000000        5.2571573
     178.0000000        5.2656124
     179.0000000        5.2790616
     180.0000000        5.2916894
     181.0000000        5.2774920
     182.0000000        5.2855163
     183.0000000        5.2878791
     184.0000000        5.2758391
     185.0000000        5.2570637
     186.0000000        5.2342282
     187.0000000        5.1878446
     188.0000000        5.1428925
     189.0000000        5.1221801
     190.0000000        5.1269446
     191.0000000        5.1755780
     192.0000000        5.1909775
     193.0000000        5.2030234
     194.0000000        5.2274022
     195.0000000        5.2105000
     196.0000000        5.2025012
     197.0000000        5.1926793
     198.0000000        5.2021247
     199.0000000        5.1886635
     200.0000000        5.1590310
     201.0000000        5.1780759
     202.0000000        5.1773741
     203.0000000        5.1353928
     204.0000000        5.1250034
     205.0000000        5.0663035
     206.0000000        5.0353689
     207.0000000        5.0284391
     208.0000000        5.0397459
     209.0000000        5.0362198
     210.0000000        5.0670482
     211.0000000        5.0734677
     212.0000000        5.0226386
     213.0000000        4.9814522
     214.0000000        4.9646182
     215.0000000        4.9524941
     216.0000000        4.9899839
     217.0000000        5.0263883
     218.0000000        5.0391263
     219.0000000        5.0552166
     220.0000000        5.0534597
     221.0000000        5.0681542
     222.0000000        5.0603676
     223.0000000        5.0443528
     224.0000000        5.0615814
     225.0000000        5.1061368
     226.0000000        5.1607404
     227.0000000        5.1922464
     228.0000000        5.2072412
     229.0000000        5.1950618
     230.0000000        5.1984413
     231.0000000        5.1978582
     232.0000000        5.1888063
     233.0000000        5.1463874
     234.0000000        5.1223424
     235.0000000        5.1328649
     236.0000000        5.1239906
     237.0000000        5.1173479
     238.0000000        5.1159271
     239.0000000        5.1017830
     240.0000000        5.0811083
     241.0000000        5.0761959
     242.0000000        5.0301050
     243.0000000        5.0143926
     244.0000000        4.9729156
     245.0000000        4.9057708
     246.0000000        4.8750328
     247.0000000        4.8836721
     248.0000000        4.8976793
     249.0000000        4.9118520
     250.0000000        4.9321892
     251.0000000        4.9690418
     252.0000000        5.0045421
     253.0000000        5.0454208
     254.0000000        5.0818277
     255.0000000        5.0902043
     256.0000000        5.0812082
     257.0000000        5.0841896
     258.0000000        5.0922058
     259.0000000        5.1371853
     260.0000000        5.1655286
     261.0000000        5.2131149
     262.0000000        5.2733412
     263.0000000        5.2653618
     264.0000000        5.2780961
     265.0000000        5.2599685
     266.0000000        5.2734585
     267.0000000        5.2601737
     268.0000000        5.2264118
     269.0000000        5.1954001
     270.0000000        5.1142503
     271.0000000        5.0269712
     272.0000000        4.9943648
     273.0000000        4.9708669
     274.0000000        4.9794135
     275.0000000        5.0152571
     276.0000000        5.0689620
     277.0000000        5.1100157
     278.0000000        5.1642277
     279.0000000        5.1881955
     280.0000000        5.1554890
     281.0000000        5.1359864
     282.0000000        5.1311837
     283.0000000        5.1064617
     284.0000000        5.0409684
     285.0000000        4.9968229
     286.0000000        5.0038171
     287.0000000        4.9731102
     288.0000000        4.9503762
     289.0000000        4.9555013
     290.0000000        4.9692232
     291.0000000        4.9998589
     292.0000000        5.0314010
     293.0000000        5.0426186
     294.0000000        5.0313102
     295.0000000        5.0401083
     296.0000000        5.0825275
     297.0000000        5.0522210
     298.0000000        5.0796580
     299.0000000        5.1105736
     300.0000000        5.0784540
     301.0000000        5.0233825
     302.0000000        5.0503259
     303.0000000        5.1076258
     304.0000000        5.1749724
     305.0000000        5.2024470
     306.0000000        5.1999969
     307.0000000        5.1712021
     308.0000000        5.1204161
     309.0000000        5.1223746
     310.0000000        5.1397443
     311.0000000        5.1618539
     312.0000000        5.1941585
     313.0000000        5.2505310
     314.0000000        5.3481669
     315.0000000        5.4299266
     316.0000000        5.4494651
     317.0000000        5.4657834
     318.0000000        5.4360186
     319.0000000        5.3746484
     320.0000000        5.3591983
     321.0000000        5.3327013
     322.0000000        5.3136221
     323.0000000        5.3397838
     324.0000000        5.3740547
     325.0000000        5.3554841
     326.0000000        5.3771323
     327.0000000        5.3876338
     328.0000000        5.3552399
     329.0000000        5.3217142
     330.0000000        5.3192198
     331.0000000        5.2938983
     332.0000000        5.2571197
     333.0000000        5.2357745
     334.0000000        5.2432570
     335.0000000        5.2610062
     336.0000000        5.2232880
     337.0000000        5.2135983
     338.0000000        5.2013694
     339.0000000        5.1974991
     340.0000000        5.1847127
     341.0000000        5.1440734
     342.0000000        5.1159549
     343.0000000        5.1107657
     344.0000000        5.1064313
     345.0000000        5.0863053
     346.0000000        5.0456496
     347.0000000        5.0616316
     348.0000000        5.0703672
     349.0000000        5.0501897
     350.0000000        5.0020132
     351.0000000        4.9660177
     352.0000000        4.9369210
     353.0000000        4.8820935
     354.0000000        4.8428683
     355.0000000        4.8215481
     356.0000000        4.7685324
     357.0000000        4.7546678
     358.0000000        4.7598951
     359.0000000        4.8169447
     360.0000000        4.9090400
     361.0000000        5.0374180
     362.0000000        5.1711673
     363.0000000        5.2571925
     364.0000000        5.2824469
     365.0000000        5.2980182
     366.0000000        5.3019324
     367.0000000        5.2842340
     368.0000000        5.3051798
     369.0000000        5.3185043
     370.0000000        5.3013502
     371.0000000        5.3062785
     372.0000000        5.3565532
     373.0000000        5.3739834
     374.0000000        5.3778291
     375.0000000        5.3599501
     376.0000000        5.3443430
     377.0000000        5.2460902
     378.0000000        5.1953150
     379.0000000        5.1638037
     380.0000000        5.1521650
     381.0000000        5.1653840
     382.0000000        5.1526273
     383.0000000        5.1709400
     384.0000000        5.1683669
     385.0000000        5.1386373
     386.0000000        5.1672659
     387.0000000        5.1492820
     388.0000000        5.1038178
     389.0000000        5.0431691
     390.0000000        5.0092216
     391.0000000        4.9717679
     392.0000000        4.9800218
     393.0000000        4.9257209
     394.0000000        4.8894338
     395.0000000        4.8186359
     396.0000000        4.7616051
     397.0000000        4.7247556
     398.0000000        4.7280459
     399.0000000        4.6901689
     400.0000000        4.6885699
     401.0000000        4.7168949
     402.0000000        4.7106587
     403.0000000        4.7098480
     404.0000000        4.7120556
     405.0000000        4.7024546
     406.0000000        4.6797617
     407.0000000        4.6854526
     408.0000000        4.6854602
     409.0000000        4.6904021
     410.0000000        4.7108759
     411.0000000        4.7782436
     412.0000000        4.8288734
     413.0000000        4.8749766
     414.0000000        4.8946240
     415.0000000        4.9788659
     416.0000000        5.0775751
     417.0000000        5.1602531
     418.0000000        5.2081093
     419.0000000        5.2212390
     420.0000000        5.1991170
     421.0000000        5.1750642
     422.0000000        5.1473849
     423.0000000        5.1130561
     424.0000000        5.0808276
     425.0000000        5.0517793
     426.0000000        5.0562694
     427.0000000        5.0467202
     428.0000000        5.0516169
     429.0000000        5.0846207
     430.0000000        5.1084936
     431.0000000        5.1767873
     432.0000000        5.2373469
     433.0000000        5.2704929
     434.0000000        5.3102036
     435.0000000        5.3340070
     436.0000000        5.3274054
     437.0000000        5.3463464
     438.0000000        5.3712959
     439.0000000        5.3658565
     440.0000000        5.3396420
     441.0000000        5.2792046
     442.0000000        5.2301637
     443.0000000        5.1207442
     444.0000000        5.0012931
     445.0000000        4.9392736
     446.0000000        4.8811127
     447.0000000        4.8452291
     448.0000000        4.8420858
     449.0000000        4.8339257
     450.0000000        4.8059969
     451.0000000        4.8293713
     452.0000000        4.8620427
     453.0000000        4.8957846
     454.0000000        4.9001404
     455.0000000        4.9218492
     456.0000000        4.9558549
     457.0000000        5.0162859
     458.0000000        5.0762380
     459.0000000        5.1231065
     460.0000000        5.1472345
     461.0000000        5.1448336
     462.0000000        5.1163241
     463.0000000        5.1127677
     464.0000000        5.1338873
     465.0000000        5.1740113
     466.0000000        5.2374815
     467.0000000        5.2814477
     468.0000000        5.3097330
     469.0000000        5.3348584
     470.0000000        5.3610035
     471.0000000        5.3714392
     472.0000000        5.3539574
     473.0000000        5.3380242
     474.0000000        5.3285914
     475.0000000        5.2880336
     476.0000000        5.2817572
     477.0000000        5.2710586
     478.0000000        5.2622587
     479.0000000        5.2540581
     480.0000000        5.2829377
     481.0000000        5.3052313
     482.0000000        5.2969311
     483.0000000        5.3018692
     484.0000000        5.2920564
     485.0000000        5.2630748
     486.0000000        5.2147862
     487.0000000        5.1815980
     488.0000000        5.1808754
     489.0000000        5.1762531
     490.0000000        5.1802229
     491.0000000        5.1958646
     492.0000000        5.1949201
     493.0000000        5.1979859
     494.0000000        5.2003891
     495.0000000        5.2055227
     496.0000000        5.1868305
     497.0000000        5.1824524
     498.0000000        5.1523524
     499.0000000        5.1696325
     500.0000000        5.1295140
     501.0000000        5.0613672
     502.0000000        5.0419281
     503.0000000        5.0118065
     504.0000000        4.9603729
     505.0000000        4.8999840
     506.0000000        4.8534799
     507.0000000        4.8138908
     508.0000000        4.7533983
     509.0000000        4.7325441
     510.0000000        4.7427726
     511.0000000        4.7368559
     512.0000000        4.7153027
     513.0000000        4.6977966
     514.0000000        4.6969164
     515.0000000        4.7493774
     516.0000000        4.8477827
     517.0000000        4.9188121
     518.0000000        4.9699830
     519.0000000        4.9701109
     520.0000000        4.9453122
     521.0000000        4.9146128
     522.0000000        4.8929389
     523.0000000        4.9108320
     524.0000000        4.9259323
     525.0000000        4.9671273
     526.0000000        5.0176453
     527.0000000        5.0621913
     528.0000000        5.0752190
     529.0000000        5.0897296
     530.0000000        5.1564785
     531.0000000        5.2256090
     532.0000000        5.2516820
     533.0000000        5.2558285
     534.0000000        5.2383110
     535.0000000        5.1975858
     536.0000000        5.2015924
     537.0000000        5.2134627
     538.0000000        5.2341026
     539.0000000        5.2649381
     540.0000000        5.2793322
     541.0000000        5.3016672
     542.0000000        5.3044917
     543.0000000        5.3201271
     544.0000000        5.3522421
     545.0000000        5.3612359
     546.0000000        5.3607952
     547.0000000        5.3436690
     548.0000000        5.3989755
     549.0000000        5.4231903
     550.0000000        5.3979232
     551.0000000        5.3739524
     552.0000000        5.3662597
     553.0000000        5.3666723
     554.0000000        5.3934140
     555.0000000        5.3728635
     556.0000000        5.3494907
     557.0000000        5.2953116
     558.0000000        5.2347699
     559.0000000        5.2172532
     560.0000000        5.1853182
     561.0000000        5.1814192
     562.0000000        5.1716582
     563.0000000        5.1657804
     564.0000000        5.1797445
     565.0000000        5.1757017
     566.0000000        5.1747552
     567.0000000        5.1712185
     568.0000000        5.1971750
     569.0000000        5.2385087
     570.0000000        5.2982935
     571.0000000        5.3424830
     572.0000000        5.3775417
     573.0000000        5.3940596
     574.0000000        5.4085179
     575.0000000        5.4061076
     576.0000000        5.4203600
     577.0000000        5.4034070
     578.0000000        5.3766777
     579.0000000        5.3173283
     580.0000000        5.2424713
     581.0000000        5.1431021
     582.0000000        5.0806529
     583.0000000        5.0039676
     584.0000000        4.9882074
     585.0000000        4.9357525
     586.0000000        4.9189598
     587.0000000        4.9413088
     588.0000000        4.9704849
     589.0000000        5.0035457
     590.0000000        5.0511772
     591.0000000        5.1361780
     592.0000000        5.2366627
     593.0000000        5.2832985
     594.0000000        5.3012734
     595.0000000        5.3159471
     596.0000000        5.3208405
     597.0000000        5.3188904
     598.0000000        5.2799639
     599.0000000        5.2983229
     600.0000000        5.3253588
