       1.0000000        2.2098095
       2.0000000        2.1971164
       3.0000000        2.1892428
       4.0000000        2.1861575
       5.0000000        2.1878407
       6.0000000        2.1950538
       7.0000000        2.2028856
       8.0000000        2.2056849
       9.0000000        2.2065198
      10.0000000        2.2064555
      11.0000000        2.1990879
      12.0000000        2.1960654
      13.0000000        2.2001202
      14.0000000        2.2045672
      15.0000000        2.2013512
      16.0000000        2.1936135
      17.0000000        2.1801169
      18.0000000        2.1679652
      19.0000000        2.1620963
      20.0000000        2.1610792
      21.0000000        2.1637414
      22.0000000        2.1645486
      23.0000000        2.1615508
      24.0000000        2.1546705
      25.0000000        2.1484210
      26.0000000        2.1473331
      27.0000000        2.1515553
      28.0000000        2.1612992
      29.0000000        2.1710773
      30.0000000        2.1752691
      31.0000000        2.1774268
      32.0000000        2.1836908
      33.0000000        2.1906908
      34.0000000        2.1998415
      35.0000000        2.2057779
      36.0000000        2.2036042
      37.0000000        2.1984117
      38.0000000        2.1947668
      39.0000000        2.1944625
      40.0000000        2.1958280
      41.0000000        2.1958215
      42.0000000        2.1933422
      43.0000000        2.1893418
      44.0000000        2.1906636
      45.0000000        2.1935136
      46.0000000        2.1919639
      47.0000000        2.1892424
      48.0000000        2.1883566
      49.0000000        2.1872065
      50.0000000        2.1862078
      51.0000000        2.1835124
      52.0000000        2.1767201
      53.0000000        2.1671591
      54.0000000        2.1658647
      55.0000000        2.1713555
      56.0000000        2.1772890
      57.0000000        2.1797214
      58.0000000        2.1824012
      59.0000000        2.1830738
      60.0000000        2.1836002
      61.0000000        2.1850650
      62.0000000        2.1869009
      63.0000000        2.1855752
      64.0000000        2.1836340
      65.0000000        2.1858060
      66.0000000        2.1909103
      67.0000000        2.1923509
      68.0000000        2.1893890
      69.0000000        2.1838646
      70.0000000        2.1745386
      71.0000000        2.1676812
      72.0000000        2.1664743
      73.0000000        2.1664486
      74.0000000        2.1649752
      75.0000000        2.1653302
      76.0000000        2.1702414
      77.0000000        2.1801133
      78.0000000        2.1866333
      79.0000000        2.1894007
      80.0000000        2.1913552
      81.0000000        2.1933575
      82.0000000        2.1930120
      83.0000000        2.1937008
      84.0000000        2.1965401
      85.0000000        2.2000804
      86.0000000        2.1991742
      87.0000000        2.1954656
      88.0000000        2.1938365
      89.0000000        2.1923230
      90.0000000        2.1934407
      91.0000000        2.1936207
      92.0000000        2.1972878
      93.0000000        2.1993034
      94.0000000        2.2007291
      95.0000000        2.2006271
      96.0000000        2.1987848
      97.0000000        2.2014036
      98.0000000        2.2105281
      99.0000000        2.2196839
     100.0000000        2.2221558
     101.0000000        2.2200053
     102.0000000        2.2213676
     103.0000000        2.2294846
     104.0000000        2.2412708
     105.0000000        2.2440701
     106.0000000        2.2350876
     107.0000000        2.2223802
     108.0000000        2.2132235
     109.0000000        2.2097719
     110.0000000        2.2048612
     111.0000000        2.1998887
     112.0000000        2.1972713
     113.0000000        2.1972826
     114.0000000        2.1965194
     115.0000000        2.1971557
     116.0000000        2.1952112
     117.0000000        2.1932583
     118.0000000        2.1985695
     119.0000000        2.2066059
     120.0000000        2.2096753
     121.0000000        2.2092254
     122.0000000        2.2082403
     123.0000000        2.2110381
     124.0000000        2.2132499
     125.0000000        2.2068362
     126.0000000        2.1923606
     127.0000000        2.1872156
     128.0000000        2.1940699
     129.0000000        2.2034299
     130.0000000        2.2107239
     131.0000000        2.2163391
     132.0000000        2.2189972
     133.0000000        2.2176442
     134.0000000        2.2134097
     135.0000000        2.2072911
     136.0000000        2.1959431
     137.0000000        2.1850464
     138.0000000        2.1792812
     139.0000000        2.1808538
     140.0000000        2.1876967
     141.0000000        2.1972749
     142.0000000        2.2054601
     143.0000000        2.2088780
     144.0000000        2.2125475
     145.0000000        2.2128136
     146.0000000        2.2062659
     147.0000000        2.1938901
     148.0000000        2.1842718
     149.0000000        2.1786125
     150.0000000        2.1703928
     151.0000000        2.1637366
     152.0000000        2.1681223
     153.0000000        2.1764462
     154.0000000        2.1830907
     155.0000000        2.1869502
     156.0000000        2.1849260
     157.0000000        2.1828406
     158.0000000        2.1840611
     159.0000000        2.1884289
     160.0000000        2.1928389
     161.0000000        2.1957691
     162.0000000        2.1962078
     163.0000000        2.1973329
     164.0000000        2.2023060
     165.0000000        2.2086380
     166.0000000        2.2194853
     167.0000000        2.2328675
     168.0000000        2.2447412
     169.0000000        2.2557311
     170.0000000        2.2674217
     171.0000000        2.2747762
     172.0000000        2.2768483
     173.0000000        2.2761419
     174.0000000        2.2752709
     175.0000000        2.2756181
     176.0000000        2.2760141
     177.0000000        2.2733259
     178.0000000        2.2640929
     179.0000000        2.2564840
     180.0000000        2.2521517
     181.0000000        2.2527950
     182.0000000        2.2558610
     183.0000000        2.2594490
     184.0000000        2.2541659
     185.0000000        2.2374434
     186.0000000        2.2233882
     187.0000000        2.2173231
     188.0000000        2.2121947
     189.0000000        2.2011216
     190.0000000        2.1941566
     191.0000000        2.1956816
     192.0000000        2.1998825
     193.0000000        2.2004154
     194.0000000        2.1993120
     195.0000000        2.1932197
     196.0000000        2.1859255
     197.0000000        2.1831262
     198.0000000        2.1861236
     199.0000000        2.1945853
     200.0000000        2.2041354
     201.0000000        2.2122409
     202.0000000        2.2183833
     203.0000000        2.2220387
     204.0000000        2.2244067
     205.0000000        2.2241216
     206.0000000        2.2269251
     207.0000000        2.2348557
     208.0000000        2.2477057
     209.0000000        2.2516961
     210.0000000        2.2492316
     211.0000000        2.2470798
     212.0000000        2.2411413
     213.0000000        2.2332470
     214.0000000        2.2223282
     215.0000000        2.2163041
     216.0000000        2.2110946
     217.0000000        2.2070639
     218.0000000        2.2056713
     219.0000000        2.2067318
     220.0000000        2.2079935
     221.0000000        2.2063286
     222.0000000        2.1991174
     223.0000000        2.1939723
     224.0000000        2.1882880
     225.0000000        2.1855762
     226.0000000        2.1831629
     227.0000000        2.1807978
     228.0000000        2.1833692
     229.0000000        2.1868551
     230.0000000        2.1901629
     231.0000000        2.1920044
     232.0000000        2.1909118
     233.0000000        2.1856439
     234.0000000        2.1761401
     235.0000000        2.1651924
     236.0000000        2.1568639
     237.0000000        2.1537793
     238.0000000        2.1531260
     239.0000000        2.1499946
     240.0000000        2.1501224
     241.0000000        2.1540654
     242.0000000        2.1587105
     243.0000000        2.1622326
     244.0000000        2.1632121
     245.0000000        2.1608813
     246.0000000        2.1581597
     247.0000000        2.1575720
     248.0000000        2.1591842
     249.0000000        2.1646061
     250.0000000        2.1712508
     251.0000000        2.1740472
     252.0000000        2.1703329
     253.0000000        2.1647196
     254.0000000        2.1609919
     255.0000000        2.1570754
     256.0000000        2.1538444
     257.0000000        2.1540449
     258.0000000        2.1575477
     259.0000000        2.1561568
     260.0000000        2.1555612
     261.0000000        2.1584427
     262.0000000        2.1631279
     263.0000000        2.1659606
     264.0000000        2.1633999
     265.0000000        2.1585767
     266.0000000        2.1520047
     267.0000000        2.1490257
     268.0000000        2.1486816
     269.0000000        2.1487458
     270.0000000        2.1488702
     271.0000000        2.1491070
     272.0000000        2.1491570
     273.0000000        2.1463766
     274.0000000        2.1427929
     275.0000000        2.1427093
     276.0000000        2.1447215
     277.0000000        2.1509020
     278.0000000        2.1583400
     279.0000000        2.1607711
     280.0000000        2.1611116
     281.0000000        2.1639247
     282.0000000        2.1655269
     283.0000000        2.1655047
     284.0000000        2.1676488
     285.0000000        2.1725852
     286.0000000        2.1800005
     287.0000000        2.1922200
     288.0000000        2.2139652
     289.0000000        2.2329853
     290.0000000        2.2452154
     291.0000000        2.2535012
     292.0000000        2.2556782
     293.0000000        2.2454183
     294.0000000        2.2326210
     295.0000000        2.2259908
     296.0000000        2.2298937
     297.0000000        2.2382603
     298.0000000        2.2438195
     299.0000000        2.2441225
     300.0000000        2.2403841
     301.0000000        2.2398524
     302.0000000        2.2434278
     303.0000000        2.2425532
     304.0000000        2.2373674
     305.0000000        2.2313178
     306.0000000        2.2238922
     307.0000000        2.2145696
     308.0000000        2.2091904
     309.0000000        2.2092569
     310.0000000        2.2117674
     311.0000000        2.2176938
     312.0000000        2.2255468
     313.0000000        2.2372189
     314.0000000        2.2456219
     315.0000000        2.2504165
     316.0000000        2.2557304
     317.0000000        2.2560804
     318.0000000        2.2503359
     319.0000000        2.2452972
     320.0000000        2.2445884
     321.0000000        2.2386398
     322.0000000        2.2300282
     323.0000000        2.2226701
     324.0000000        2.2159648
     325.0000000        2.2140770
     326.0000000        2.2067320
     327.0000000        2.1941543
     328.0000000        2.1810753
     329.0000000        2.1689723
     330.0000000        2.1592832
     331.0000000        2.1556697
     332.0000000        2.1615257
     333.0000000        2.1676481
     334.0000000        2.1700649
     335.0000000        2.1754737
     336.0000000        2.1868873
     337.0000000        2.1977053
     338.0000000        2.2050819
     339.0000000        2.2078023
     340.0000000        2.2033391
     341.0000000        2.1951466
     342.0000000        2.1907637
     343.0000000        2.1901295
     344.0000000        2.1947563
     345.0000000        2.1949396
     346.0000000        2.1881468
     347.0000000        2.1773126
     348.0000000        2.1701064
     349.0000000        2.1685905
     350.0000000        2.1654503
     351.0000000        2.1591094
     352.0000000        2.1534958
     353.0000000        2.1526451
     354.0000000        2.1564498
     355.0000000        2.1655190
     356.0000000        2.1760321
     357.0000000        2.1879439
     358.0000000        2.1948583
     359.0000000        2.1970866
     360.0000000        2.2029281
     361.0000000        2.2131402
     362.0000000        2.2232258
     363.0000000        2.2293360
     364.0000000        2.2290332
     365.0000000        2.2212467
     366.0000000        2.2119937
     367.0000000        2.2063484
     368.0000000        2.2049067
     369.0000000        2.2029538
     370.0000000        2.1988616
     371.0000000        2.1933589
     372.0000000        2.1913171
     373.0000000        2.1901715
     374.0000000        2.1900959
     375.0000000        2.1919959
     376.0000000        2.1959109
     377.0000000        2.1967115
     378.0000000        2.1983256
     379.0000000        2.2016261
     380.0000000        2.2091560
     381.0000000        2.2145112
     382.0000000        2.2108524
     383.0000000        2.2062540
     384.0000000        2.2043700
     385.0000000        2.2025969
     386.0000000        2.2046649
     387.0000000        2.2069030
     388.0000000        2.2111242
     389.0000000        2.2166519
     390.0000000        2.2204564
     391.0000000        2.2246883
     392.0000000        2.2281425
     393.0000000        2.2301047
     394.0000000        2.2318294
     395.0000000        2.2297611
     396.0000000        2.2253060
     397.0000000        2.2247827
     398.0000000        2.2276177
     399.0000000        2.2260404
     400.0000000        2.2225935
     401.0000000        2.2159185
     402.0000000        2.2079074
     403.0000000        2.2034733
     404.0000000        2.2035365
     405.0000000        2.2075350
     406.0000000        2.2153106
     407.0000000        2.2200141
     408.0000000        2.2256525
     409.0000000        2.2284000
     410.0000000        2.2226739
     411.0000000        2.2140417
     412.0000000        2.2107434
     413.0000000        2.2088246
     414.0000000        2.2044833
     415.0000000        2.1925502
     416.0000000        2.1808426
     417.0000000        2.1746285
     418.0000000        2.1736593
     419.0000000        2.1740658
     420.0000000        2.1775436
     421.0000000        2.1855969
     422.0000000        2.1961963
     423.0000000        2.2098176
     424.0000000        2.2202420
     425.0000000        2.2220309
     426.0000000        2.2149401
     427.0000000        2.2067721
     428.0000000        2.1981099
     429.0000000        2.1835120
     430.0000000        2.1732295
     431.0000000        2.1703544
     432.0000000        2.1701477
     433.0000000        2.1665549
     434.0000000        2.1614032
     435.0000000        2.1605265
     436.0000000        2.1618865
     437.0000000        2.1631832
     438.0000000        2.1618676
     439.0000000        2.1597383
     440.0000000        2.1639740
     441.0000000        2.1776128
     442.0000000        2.1923559
     443.0000000        2.1990206
     444.0000000        2.1931179
     445.0000000        2.1892087
     446.0000000        2.1893873
     447.0000000        2.1923358
     448.0000000        2.2024639
     449.0000000        2.2144811
     450.0000000        2.2264104
     451.0000000        2.2365451
     452.0000000        2.2498584
     453.0000000        2.2672100
     454.0000000        2.2888956
     455.0000000        2.3093445
     456.0000000        2.3201346
     457.0000000        2.3153503
     458.0000000        2.3029001
     459.0000000        2.2872670
     460.0000000        2.2708356
     461.0000000        2.2537436
     462.0000000        2.2377915
     463.0000000        2.2257903
     464.0000000        2.2202568
     465.0000000        2.2152157
     466.0000000        2.2075131
     467.0000000        2.2010119
     468.0000000        2.1977956
     469.0000000        2.1982591
     470.0000000        2.1959989
     471.0000000        2.1956761
     472.0000000        2.1931832
     473.0000000        2.1883273
     474.0000000        2.1832170
     475.0000000        2.1797445
     476.0000000        2.1800506
     477.0000000        2.1773190
     478.0000000        2.1706369
     479.0000000        2.1687093
     480.0000000        2.1730270
     481.0000000        2.1820550
     482.0000000        2.1961820
     483.0000000        2.2084007
     484.0000000        2.2160161
     485.0000000        2.2168460
     486.0000000        2.2187939
     487.0000000        2.2232134
     488.0000000        2.2237010
     489.0000000        2.2170081
     490.0000000        2.2024844
     491.0000000        2.1884639
     492.0000000        2.1804767
     493.0000000        2.1770661
     494.0000000        2.1759992
     495.0000000        2.1781597
     496.0000000        2.1839809
     497.0000000        2.1868975
     498.0000000        2.1834638
     499.0000000        2.1768107
     500.0000000        2.1733158
     501.0000000        2.1738052
     502.0000000        2.1749680
     503.0000000        2.1817927
     504.0000000        2.1922455
     505.0000000        2.2008121
     506.0000000        2.2052367
     507.0000000        2.2081335
     508.0000000        2.2109346
     509.0000000        2.2113965
     510.0000000        2.2099462
     511.0000000        2.2100377
     512.0000000        2.2100554
     513.0000000        2.2165370
     514.0000000        2.2239201
     515.0000000        2.2258615
     516.0000000        2.2239094
     517.0000000        2.2245343
     518.0000000        2.2215171
     519.0000000        2.2188978
     520.0000000        2.2146087
     521.0000000        2.2097292
     522.0000000        2.2089810
     523.0000000        2.2125747
     524.0000000        2.2106166
     525.0000000        2.2035160
     526.0000000        2.1992199
     527.0000000        2.1992137
     528.0000000        2.1993434
     529.0000000        2.1948256
     530.0000000        2.1921780
     531.0000000        2.1954219
     532.0000000        2.1985805
     533.0000000        2.2032869
     534.0000000        2.2096643
     535.0000000        2.2137368
     536.0000000        2.2210910
     537.0000000        2.2312171
     538.0000000        2.2384088
     539.0000000        2.2409923
     540.0000000        2.2388399
     541.0000000        2.2371731
     542.0000000        2.2409251
     543.0000000        2.2395086
     544.0000000        2.2334514
     545.0000000        2.2252941
     546.0000000        2.2207816
     547.0000000        2.2183464
     548.0000000        2.2153339
     549.0000000        2.2121131
     550.0000000        2.2146521
     551.0000000        2.2218840
     552.0000000        2.2241468
     553.0000000        2.2184858
     554.0000000        2.2159994
     555.0000000        2.2222607
     556.0000000        2.2284613
     557.0000000        2.2265003
     558.0000000        2.2185929
     559.0000000        2.2063887
     560.0000000        2.1901624
     561.0000000        2.1792817
     562.0000000        2.1744323
     563.0000000        2.1736934
     564.0000000        2.1751223
     565.0000000        2.1771634
     566.0000000        2.1732640
     567.0000000        2.1663806
     568.0000000        2.1602988
     569.0000000        2.1624105
     570.0000000        2.1710699
     571.0000000        2.1791024
     572.0000000        2.1843100
     573.0000000        2.1853518
     574.0000000        2.1874356
     575.0000000        2.1919825
     576.0000000        2.1949201
     577.0000000        2.2003965
     578.0000000        2.2067511
     579.0000000        2.2103956
     580.0000000        2.2165167
     581.0000000        2.2221968
     582.0000000        2.2198501
     583.0000000        2.2140794
     584.0000000        2.2081366
     585.0000000        2.2040279
     586.0000000        2.1996753
     587.0000000        2.1972408
     588.0000000        2.2004223
     589.0000000        2.2128403
     590.0000000        2.2260387
     591.0000000        2.2373402
     592.0000000        2.2447288
     593.0000000        2.2468071
     594.0000000        2.2461116
     595.0000000        2.2438583
     596.0000000        2.2376537
     597.0000000        2.2297938
     598.0000000        2.2246630
     599.0000000        2.2244911
     600.0000000        2.2268684
