       1.0000000       15.8307980
       2.0000000       15.0943600
       3.0000000       13.8802370
       4.0000000       12.5920930
       5.0000000       11.3926220
       6.0000000       10.4296580
       7.0000000        9.6814295
       8.0000000        9.0591826
       9.0000000        8.5852724
      10.0000000        8.2551447
      11.0000000        8.0276462
      12.0000000        7.9075247
      13.0000000        7.8025747
      14.0000000        7.7155964
      15.0000000        7.6397406
      16.0000000        7.6031700
      17.0000000        7.5555738
      18.0000000        7.5476429
      19.0000000        7.5704047
      20.0000000        7.5951297
      21.0000000        7.6028649
      22.0000000        7.5404605
      23.0000000        7.4646131
      24.0000000        7.4316846
      25.0000000        7.4116779
      26.0000000        7.4372270
      27.0000000        7.4524552
      28.0000000        7.5029637
      29.0000000        7.5858958
      30.0000000        7.6818353
      31.0000000        7.7255860
      32.0000000        7.7480816
      33.0000000        7.7782644
      34.0000000        7.7683357
      35.0000000        7.6825809
      36.0000000        7.5881961
      37.0000000        7.4980129
      38.0000000        7.4126617
      39.0000000        7.3669213
      40.0000000        7.3542501
      41.0000000        7.3649757
      42.0000000        7.3541871
      43.0000000        7.3168094
      44.0000000        7.2791278
      45.0000000        7.2277647
      46.0000000        7.1886630
      47.0000000        7.1949710
      48.0000000        7.2293408
      49.0000000        7.2704004
      50.0000000        7.3590482
      51.0000000        7.4829251
      52.0000000        7.5791586
      53.0000000        7.6870256
      54.0000000        7.8067627
      55.0000000        7.9014189
      56.0000000        7.9748608
      57.0000000        8.0360032
      58.0000000        8.0611140
      59.0000000        8.0311634
      60.0000000        8.0086426
      61.0000000        7.9680433
      62.0000000        7.9146838
      63.0000000        7.8791331
      64.0000000        7.8612936
      65.0000000        7.8036523
      66.0000000        7.7666269
      67.0000000        7.7110803
      68.0000000        7.6984087
      69.0000000        7.7304577
      70.0000000        7.7563743
      71.0000000        7.8049857
      72.0000000        7.8019828
      73.0000000        7.7957996
      74.0000000        7.7895506
      75.0000000        7.7561836
      76.0000000        7.7350605
      77.0000000        7.7274564
      78.0000000        7.7237335
      79.0000000        7.7218588
      80.0000000        7.7514962
      81.0000000        7.7612046
      82.0000000        7.7477805
      83.0000000        7.7016319
      84.0000000        7.6913360
      85.0000000        7.7170890
      86.0000000        7.7343276
      87.0000000        7.7523082
      88.0000000        7.7118673
      89.0000000        7.6790753
      90.0000000        7.6992627
      91.0000000        7.7400980
      92.0000000        7.7916022
      93.0000000        7.8039330
      94.0000000        7.7686287
      95.0000000        7.7395349
      96.0000000        7.6470012
      97.0000000        7.5476778
      98.0000000        7.4657439
      99.0000000        7.3726047
     100.0000000        7.2913594
     101.0000000        7.2303931
     102.0000000        7.2393372
     103.0000000        7.2799049
     104.0000000        7.3348355
     105.0000000        7.3928070
     106.0000000        7.4478320
     107.0000000        7.4171504
     108.0000000        7.3588663
     109.0000000        7.3121641
     110.0000000        7.2425322
     111.0000000        7.1944909
     112.0000000        7.1757600
     113.0000000        7.1574328
     114.0000000        7.1715026
     115.0000000        7.1796970
     116.0000000        7.1729953
     117.0000000        7.1680365
     118.0000000        7.1704434
     119.0000000        7.2009182
     120.0000000        7.2499329
     121.0000000        7.2872017
     122.0000000        7.3283320
     123.0000000        7.3431352
     124.0000000        7.3826736
     125.0000000        7.4609359
     126.0000000        7.5228625
     127.0000000        7.6059085
     128.0000000        7.6565311
     129.0000000        7.6901289
     130.0000000        7.7420787
     131.0000000        7.8106668
     132.0000000        7.8773310
     133.0000000        7.9450290
     134.0000000        7.9797624
     135.0000000        8.0050896
     136.0000000        8.0088379
     137.0000000        7.9672994
     138.0000000        7.9862974
     139.0000000        8.0138089
     140.0000000        8.0547314
     141.0000000        8.0571775
     142.0000000        8.0161851
     143.0000000        7.9939261
     144.0000000        7.9383558
     145.0000000        7.8747918
     146.0000000        7.8530056
     147.0000000        7.7881391
     148.0000000        7.7024830
     149.0000000        7.6376017
     150.0000000        7.5897325
     151.0000000        7.5886485
     152.0000000        7.5610382
     153.0000000        7.5113728
     154.0000000        7.4585646
     155.0000000        7.4521999
     156.0000000        7.4515694
     157.0000000        7.4369881
     158.0000000        7.4537508
     159.0000000        7.4518924
     160.0000000        7.4663597
     161.0000000        7.5053730
     162.0000000        7.5914570
     163.0000000        7.6509713
     164.0000000        7.6756539
     165.0000000        7.6738706
     166.0000000        7.6910621
     167.0000000        7.7577597
     168.0000000        7.8218053
     169.0000000        7.8724951
     170.0000000        7.9042175
     171.0000000        7.9359265
     172.0000000        7.9480390
     173.0000000        7.9571161
     174.0000000        7.8833008
     175.0000000        7.8276071
     176.0000000        7.7537102
     177.0000000        7.7126470
     178.0000000        7.6489175
     179.0000000        7.6247733
     180.0000000        7.6547225
     181.0000000        7.6640028
     182.0000000        7.6581254
     183.0000000        7.6415620
     184.0000000        7.6321050
     185.0000000        7.5617599
     186.0000000        7.4884373
     187.0000000        7.4018508
     188.0000000        7.3355065
     189.0000000        7.3357790
     190.0000000        7.3721170
     191.0000000        7.4449585
     192.0000000        7.5436783
     193.0000000        7.6794337
     194.0000000        7.7488379
     195.0000000        7.8065732
     196.0000000        7.8312346
     197.0000000        7.7818940
     198.0000000        7.7158060
     199.0000000        7.6304597
     200.0000000        7.5426590
     201.0000000        7.4368832
     202.0000000        7.3466691
     203.0000000        7.2829241
     204.0000000        7.2925393
     205.0000000        7.3285308
     206.0000000        7.3946719
     207.0000000        7.4627331
     208.0000000        7.5405277
     209.0000000        7.5765013
     210.0000000        7.5832469
     211.0000000        7.5922557
     212.0000000        7.6330458
     213.0000000        7.6947125
     214.0000000        7.7465851
     215.0000000        7.8154467
     216.0000000        7.8499765
     217.0000000        7.8740334
     218.0000000        7.8695837
     219.0000000        7.8446375
     220.0000000        7.8041691
     221.0000000        7.7807851
     222.0000000        7.7341271
     223.0000000        7.7440609
     224.0000000        7.7563432
     225.0000000        7.7840431
     226.0000000        7.7810604
     227.0000000        7.7316868
     228.0000000        7.6783621
     229.0000000        7.6477275
     230.0000000        7.6211066
     231.0000000        7.6073873
     232.0000000        7.5633061
     233.0000000        7.5044190
     234.0000000        7.4513591
     235.0000000        7.4113348
     236.0000000        7.4151592
     237.0000000        7.4563760
     238.0000000        7.5307995
     239.0000000        7.6071321
     240.0000000        7.7037409
     241.0000000        7.7832821
     242.0000000        7.8171208
     243.0000000        7.8128560
     244.0000000        7.7903987
     245.0000000        7.7221228
     246.0000000        7.6467672
     247.0000000        7.5691208
     248.0000000        7.4646497
     249.0000000        7.3753993
     250.0000000        7.3229660
     251.0000000        7.3239323
     252.0000000        7.3339778
     253.0000000        7.3326992
     254.0000000        7.3214329
     255.0000000        7.3609770
     256.0000000        7.4215783
     257.0000000        7.4744269
     258.0000000        7.5710084
     259.0000000        7.6623608
     260.0000000        7.6847607
     261.0000000        7.6993675
     262.0000000        7.7275128
     263.0000000        7.7654423
     264.0000000        7.8034312
     265.0000000        7.8318113
     266.0000000        7.8552007
     267.0000000        7.8886720
     268.0000000        7.8757776
     269.0000000        7.8306636
     270.0000000        7.7757084
     271.0000000        7.7340394
     272.0000000        7.7374726
     273.0000000        7.7359572
     274.0000000        7.7120447
     275.0000000        7.7098004
     276.0000000        7.7089423
     277.0000000        7.6868660
     278.0000000        7.6304843
     279.0000000        7.6079541
     280.0000000        7.5428737
     281.0000000        7.4693636
     282.0000000        7.4524648
     283.0000000        7.4018600
     284.0000000        7.3296671
     285.0000000        7.2742121
     286.0000000        7.2812729
     287.0000000        7.3047723
     288.0000000        7.3235272
     289.0000000        7.3710383
     290.0000000        7.4207205
     291.0000000        7.5201038
     292.0000000        7.6088322
     293.0000000        7.6363475
     294.0000000        7.6842212
     295.0000000        7.6835861
     296.0000000        7.6593170
     297.0000000        7.6435869
     298.0000000        7.6660569
     299.0000000        7.6672975
     300.0000000        7.6270006
     301.0000000        7.6282453
     302.0000000        7.6229468
     303.0000000        7.5906355
     304.0000000        7.5894507
     305.0000000        7.5974226
     306.0000000        7.5592437
     307.0000000        7.5298293
     308.0000000        7.5184470
     309.0000000        7.5350114
     310.0000000        7.5341544
     311.0000000        7.5425727
     312.0000000        7.5527593
     313.0000000        7.5150476
     314.0000000        7.4836864
     315.0000000        7.4458684
     316.0000000        7.4186572
     317.0000000        7.4209473
     318.0000000        7.4496653
     319.0000000        7.5050396
     320.0000000        7.5489026
     321.0000000        7.5665846
     322.0000000        7.5438768
     323.0000000        7.4956137
     324.0000000        7.4611971
     325.0000000        7.4792044
     326.0000000        7.5311177
     327.0000000        7.6109894
     328.0000000        7.6731415
     329.0000000        7.6943568
     330.0000000        7.6536548
     331.0000000        7.6203894
     332.0000000        7.5940469
     333.0000000        7.5515350
     334.0000000        7.5114021
     335.0000000        7.4425189
     336.0000000        7.3557567
     337.0000000        7.3330693
     338.0000000        7.3503010
     339.0000000        7.4387596
     340.0000000        7.5037734
     341.0000000        7.5336343
     342.0000000        7.4758272
     343.0000000        7.4383120
     344.0000000        7.4376287
     345.0000000        7.4555398
     346.0000000        7.4998631
     347.0000000        7.5217504
     348.0000000        7.4942627
     349.0000000        7.4743096
     350.0000000        7.4365257
     351.0000000        7.3923338
     352.0000000        7.3541691
     353.0000000        7.3592764
     354.0000000        7.3865728
     355.0000000        7.3972717
     356.0000000        7.3947690
     357.0000000        7.3957083
     358.0000000        7.4459394
     359.0000000        7.4726393
     360.0000000        7.4695869
     361.0000000        7.4454149
     362.0000000        7.4485770
     363.0000000        7.4575000
     364.0000000        7.4651404
     365.0000000        7.5196120
     366.0000000        7.5530131
     367.0000000        7.5902455
     368.0000000        7.6185715
     369.0000000        7.6541960
     370.0000000        7.6849455
     371.0000000        7.6898931
     372.0000000        7.7169179
     373.0000000        7.7163740
     374.0000000        7.6678146
     375.0000000        7.5814138
     376.0000000        7.4438265
     377.0000000        7.3328224
     378.0000000        7.2229797
     379.0000000        7.1592083
     380.0000000        7.0676732
     381.0000000        6.9795036
     382.0000000        6.9012072
     383.0000000        6.8642204
     384.0000000        6.8884914
     385.0000000        6.9532512
     386.0000000        7.0157639
     387.0000000        7.0920550
     388.0000000        7.1195930
     389.0000000        7.1507231
     390.0000000        7.2265327
     391.0000000        7.3074398
     392.0000000        7.4081997
     393.0000000        7.5167520
     394.0000000        7.6246773
     395.0000000        7.7039266
     396.0000000        7.7318982
     397.0000000        7.7476080
     398.0000000        7.7368012
     399.0000000        7.6941956
     400.0000000        7.6343553
     401.0000000        7.6083112
     402.0000000        7.6168040
     403.0000000        7.6109403
     404.0000000        7.6026346
     405.0000000        7.5733789
     406.0000000        7.5259164
     407.0000000        7.4594105
     408.0000000        7.3860232
     409.0000000        7.3225107
     410.0000000        7.2818933
     411.0000000        7.2677551
     412.0000000        7.3069487
     413.0000000        7.3749488
     414.0000000        7.4596507
     415.0000000        7.5298323
     416.0000000        7.6194899
     417.0000000        7.7060158
     418.0000000        7.7403431
     419.0000000        7.7532543
     420.0000000        7.7668703
     421.0000000        7.7569963
     422.0000000        7.7097629
     423.0000000        7.6508772
     424.0000000        7.6202094
     425.0000000        7.5902996
     426.0000000        7.5866654
     427.0000000        7.6010280
     428.0000000        7.6244262
     429.0000000        7.6481123
     430.0000000        7.6948659
     431.0000000        7.7341953
     432.0000000        7.7723199
     433.0000000        7.8125292
     434.0000000        7.8349050
     435.0000000        7.8630031
     436.0000000        7.8709987
     437.0000000        7.8650046
     438.0000000        7.8466140
     439.0000000        7.8738853
     440.0000000        7.8828833
     441.0000000        7.8781703
     442.0000000        7.8856511
     443.0000000        7.9003409
     444.0000000        7.8782219
     445.0000000        7.8813410
     446.0000000        7.8623966
     447.0000000        7.8782166
     448.0000000        7.8824070
     449.0000000        7.9235043
     450.0000000        7.8988056
     451.0000000        7.8055437
     452.0000000        7.6867570
     453.0000000        7.6091598
     454.0000000        7.6062866
     455.0000000        7.5429383
     456.0000000        7.4898534
     457.0000000        7.4414347
     458.0000000        7.3888553
     459.0000000        7.3413835
     460.0000000        7.3336634
     461.0000000        7.3314772
     462.0000000        7.3239808
     463.0000000        7.2915043
     464.0000000        7.2903505
     465.0000000        7.2878356
     466.0000000        7.3240526
     467.0000000        7.3857607
     468.0000000        7.4607516
     469.0000000        7.5227315
     470.0000000        7.5380894
     471.0000000        7.5482896
     472.0000000        7.6135228
     473.0000000        7.6709426
     474.0000000        7.7217624
     475.0000000        7.7343863
     476.0000000        7.7155073
     477.0000000        7.6767188
     478.0000000        7.6224767
     479.0000000        7.5859595
     480.0000000        7.5732104
     481.0000000        7.5647752
     482.0000000        7.5958761
     483.0000000        7.6150895
     484.0000000        7.6550216
     485.0000000        7.6828416
     486.0000000        7.6559621
     487.0000000        7.6200370
     488.0000000        7.5984395
     489.0000000        7.6348484
     490.0000000        7.6669913
     491.0000000        7.7065252
     492.0000000        7.7661468
     493.0000000        7.8086856
     494.0000000        7.8436890
     495.0000000        7.8507554
     496.0000000        7.8651180
     497.0000000        7.8958576
     498.0000000        7.9155583
     499.0000000        7.9502901
     500.0000000        7.9542141
     501.0000000        7.9436212
     502.0000000        7.9063881
     503.0000000        7.8845640
     504.0000000        7.8924548
     505.0000000        7.8875390
     506.0000000        7.8785546
     507.0000000        7.8762863
     508.0000000        7.8608018
     509.0000000        7.8638654
     510.0000000        7.8522900
     511.0000000        7.8214301
     512.0000000        7.7708152
     513.0000000        7.7429051
     514.0000000        7.7291614
     515.0000000        7.7451689
     516.0000000        7.7677337
     517.0000000        7.8222999
     518.0000000        7.8476921
     519.0000000        7.8508199
     520.0000000        7.8182258
     521.0000000        7.7930578
     522.0000000        7.7685493
     523.0000000        7.7595018
     524.0000000        7.7737826
     525.0000000        7.7661148
     526.0000000        7.7431860
     527.0000000        7.7260545
     528.0000000        7.6813541
     529.0000000        7.6312765
     530.0000000        7.6012243
     531.0000000        7.5813784
     532.0000000        7.5624701
     533.0000000        7.5701526
     534.0000000        7.5395668
     535.0000000        7.5201871
     536.0000000        7.5001809
     537.0000000        7.4803578
     538.0000000        7.4994737
     539.0000000        7.5165862
     540.0000000        7.4819974
     541.0000000        7.4550845
     542.0000000        7.4844145
     543.0000000        7.5140134
     544.0000000        7.5877113
     545.0000000        7.6160344
     546.0000000        7.6700328
     547.0000000        7.6823378
     548.0000000        7.6700159
     549.0000000        7.6084234
     550.0000000        7.5386897
     551.0000000        7.4760690
     552.0000000        7.4298546
     553.0000000        7.4016612
     554.0000000        7.3861013
     555.0000000        7.3759129
     556.0000000        7.3893571
     557.0000000        7.4003729
     558.0000000        7.4118750
     559.0000000        7.4558174
     560.0000000        7.5408515
     561.0000000        7.6498889
     562.0000000        7.7769518
     563.0000000        7.8845473
     564.0000000        7.9088010
     565.0000000        7.9223451
     566.0000000        7.9277847
     567.0000000        7.9463573
     568.0000000        7.9793017
     569.0000000        7.9574712
     570.0000000        7.9360613
     571.0000000        7.8813527
     572.0000000        7.8265576
     573.0000000        7.7663294
     574.0000000        7.6716610
     575.0000000        7.5745366
     576.0000000        7.5181157
     577.0000000        7.4766010
     578.0000000        7.4885222
     579.0000000        7.4985245
     580.0000000        7.4677941
     581.0000000        7.4441568
     582.0000000        7.4295730
     583.0000000        7.3912415
     584.0000000        7.3270022
     585.0000000        7.2501255
     586.0000000        7.1669346
     587.0000000        7.1084004
     588.0000000        7.0889155
     589.0000000        7.0842917
     590.0000000        7.1214995
     591.0000000        7.1820056
     592.0000000        7.2478108
     593.0000000        7.3199332
     594.0000000        7.3702361
     595.0000000        7.4088350
     596.0000000        7.4586660
     597.0000000        7.5406092
     598.0000000        7.6410346
     599.0000000        7.7299490
     600.0000000        7.8071008
