       1.0000000       14.8099140
       2.0000000       14.3271800
       3.0000000       13.3654740
       4.0000000       12.1487620
       5.0000000       11.0978690
       6.0000000       10.2819060
       7.0000000        9.6181534
       8.0000000        9.1608222
       9.0000000        8.7660823
      10.0000000        8.5187077
      11.0000000        8.3501380
      12.0000000        8.1793193
      13.0000000        8.0584094
      14.0000000        8.0006186
      15.0000000        7.9563369
      16.0000000        7.9381907
      17.0000000        7.9287002
      18.0000000        7.9441699
      19.0000000        7.9712850
      20.0000000        7.9907377
      21.0000000        8.0214761
      22.0000000        8.0012948
      23.0000000        7.9632541
      24.0000000        7.9037607
      25.0000000        7.8428541
      26.0000000        7.7899264
      27.0000000        7.7775654
      28.0000000        7.7695197
      29.0000000        7.7561975
      30.0000000        7.7582220
      31.0000000        7.7368114
      32.0000000        7.6686006
      33.0000000        7.5925782
      34.0000000        7.5555312
      35.0000000        7.5056622
      36.0000000        7.4394998
      37.0000000        7.4169854
      38.0000000        7.4212692
      39.0000000        7.4624986
      40.0000000        7.4327974
      41.0000000        7.3572446
      42.0000000        7.3084799
      43.0000000        7.3213439
      44.0000000        7.3339744
      45.0000000        7.3411044
      46.0000000        7.3394656
      47.0000000        7.2911276
      48.0000000        7.2313704
      49.0000000        7.1504941
      50.0000000        7.1054324
      51.0000000        7.1192256
      52.0000000        7.1432876
      53.0000000        7.1879083
      54.0000000        7.2523616
      55.0000000        7.2952515
      56.0000000        7.3768787
      57.0000000        7.4932902
      58.0000000        7.5709892
      59.0000000        7.6399979
      60.0000000        7.6805956
      61.0000000        7.6815121
      62.0000000        7.6697067
      63.0000000        7.6373658
      64.0000000        7.5980481
      65.0000000        7.6124912
      66.0000000        7.6330065
      67.0000000        7.6473936
      68.0000000        7.6170132
      69.0000000        7.5675029
      70.0000000        7.4906402
      71.0000000        7.3901533
      72.0000000        7.3084333
      73.0000000        7.2166703
      74.0000000        7.1164878
      75.0000000        7.0737425
      76.0000000        7.0565308
      77.0000000        7.0574222
      78.0000000        7.0569946
      79.0000000        7.0836553
      80.0000000        7.0999964
      81.0000000        7.1212439
      82.0000000        7.1995023
      83.0000000        7.2757068
      84.0000000        7.3572615
      85.0000000        7.4163906
      86.0000000        7.4326598
      87.0000000        7.4052181
      88.0000000        7.3507485
      89.0000000        7.3108159
      90.0000000        7.3143555
      91.0000000        7.3477150
      92.0000000        7.4028300
      93.0000000        7.4485396
      94.0000000        7.4899975
      95.0000000        7.5693734
      96.0000000        7.6244143
      97.0000000        7.6732283
      98.0000000        7.7077642
      99.0000000        7.7583366
     100.0000000        7.8112997
     101.0000000        7.8409071
     102.0000000        7.8938554
     103.0000000        7.9315627
     104.0000000        7.9751172
     105.0000000        8.0194353
     106.0000000        8.0359368
     107.0000000        8.0310632
     108.0000000        7.9780885
     109.0000000        7.8818503
     110.0000000        7.7795076
     111.0000000        7.6502165
     112.0000000        7.5496423
     113.0000000        7.5312504
     114.0000000        7.5024390
     115.0000000        7.4679817
     116.0000000        7.4339049
     117.0000000        7.4026247
     118.0000000        7.3751151
     119.0000000        7.3848241
     120.0000000        7.4053101
     121.0000000        7.4154586
     122.0000000        7.4255373
     123.0000000        7.4077710
     124.0000000        7.3734541
     125.0000000        7.3491310
     126.0000000        7.3074228
     127.0000000        7.2620029
     128.0000000        7.2007967
     129.0000000        7.1571094
     130.0000000        7.1005022
     131.0000000        7.0617895
     132.0000000        7.0182481
     133.0000000        7.0522675
     134.0000000        7.0928373
     135.0000000        7.1357868
     136.0000000        7.2423693
     137.0000000        7.3638839
     138.0000000        7.4511718
     139.0000000        7.4857620
     140.0000000        7.5406957
     141.0000000        7.6065177
     142.0000000        7.6791047
     143.0000000        7.7377939
     144.0000000        7.7596790
     145.0000000        7.7784033
     146.0000000        7.7816279
     147.0000000        7.7679963
     148.0000000        7.7492229
     149.0000000        7.7629111
     150.0000000        7.7768763
     151.0000000        7.8093756
     152.0000000        7.8578360
     153.0000000        7.9327411
     154.0000000        7.9756517
     155.0000000        8.0232750
     156.0000000        8.0904157
     157.0000000        8.1067163
     158.0000000        8.0913695
     159.0000000        8.0383958
     160.0000000        7.9774823
     161.0000000        7.9623970
     162.0000000        7.9293665
     163.0000000        7.8387377
     164.0000000        7.7971329
     165.0000000        7.7451860
     166.0000000        7.7146694
     167.0000000        7.6759815
     168.0000000        7.6493416
     169.0000000        7.6617061
     170.0000000        7.6479353
     171.0000000        7.6163301
     172.0000000        7.6077249
     173.0000000        7.5482935
     174.0000000        7.4608193
     175.0000000        7.4008787
     176.0000000        7.3692624
     177.0000000        7.3756600
     178.0000000        7.3930645
     179.0000000        7.4345499
     180.0000000        7.4967225
     181.0000000        7.5295923
     182.0000000        7.5393371
     183.0000000        7.4999527
     184.0000000        7.4275538
     185.0000000        7.3855868
     186.0000000        7.4069059
     187.0000000        7.4867113
     188.0000000        7.5584225
     189.0000000        7.6269641
     190.0000000        7.6964054
     191.0000000        7.7491898
     192.0000000        7.8026157
     193.0000000        7.8156224
     194.0000000        7.8457119
     195.0000000        7.8637649
     196.0000000        7.8684311
     197.0000000        7.8722440
     198.0000000        7.8986497
     199.0000000        7.9006265
     200.0000000        7.9029176
     201.0000000        7.9255195
     202.0000000        7.9173957
     203.0000000        7.9098653
     204.0000000        7.8672954
     205.0000000        7.8490512
     206.0000000        7.8255559
     207.0000000        7.7424500
     208.0000000        7.6263764
     209.0000000        7.5634536
     210.0000000        7.5080301
     211.0000000        7.4594415
     212.0000000        7.4078967
     213.0000000        7.3396000
     214.0000000        7.2908771
     215.0000000        7.2860910
     216.0000000        7.3339396
     217.0000000        7.4214676
     218.0000000        7.5093024
     219.0000000        7.5831620
     220.0000000        7.6895786
     221.0000000        7.7070239
     222.0000000        7.7274002
     223.0000000        7.7295157
     224.0000000        7.6778083
     225.0000000        7.6195112
     226.0000000        7.5777968
     227.0000000        7.5786964
     228.0000000        7.5513254
     229.0000000        7.5376155
     230.0000000        7.4978062
     231.0000000        7.4847240
     232.0000000        7.4482665
     233.0000000        7.4512341
     234.0000000        7.4708422
     235.0000000        7.4992249
     236.0000000        7.5357872
     237.0000000        7.5804526
     238.0000000        7.6165091
     239.0000000        7.6309407
     240.0000000        7.6121735
     241.0000000        7.6276798
     242.0000000        7.6386788
     243.0000000        7.6495942
     244.0000000        7.6711517
     245.0000000        7.7176822
     246.0000000        7.7278207
     247.0000000        7.7502428
     248.0000000        7.7707610
     249.0000000        7.8077443
     250.0000000        7.8845807
     251.0000000        7.9333302
     252.0000000        7.9323556
     253.0000000        7.9371271
     254.0000000        7.9206948
     255.0000000        7.8942589
     256.0000000        7.8329376
     257.0000000        7.7382751
     258.0000000        7.6735580
     259.0000000        7.5789412
     260.0000000        7.5172941
     261.0000000        7.4593761
     262.0000000        7.4275423
     263.0000000        7.4328879
     264.0000000        7.4677236
     265.0000000        7.5120039
     266.0000000        7.5548400
     267.0000000        7.5753613
     268.0000000        7.5675281
     269.0000000        7.5473670
     270.0000000        7.5318941
     271.0000000        7.4498377
     272.0000000        7.3310288
     273.0000000        7.2108730
     274.0000000        7.1023206
     275.0000000        7.0725350
     276.0000000        7.1235049
     277.0000000        7.1860184
     278.0000000        7.2504534
     279.0000000        7.3066767
     280.0000000        7.3139212
     281.0000000        7.3322285
     282.0000000        7.3539770
     283.0000000        7.3805304
     284.0000000        7.3918516
     285.0000000        7.3907468
     286.0000000        7.3446911
     287.0000000        7.3449374
     288.0000000        7.3690505
     289.0000000        7.3791599
     290.0000000        7.3802207
     291.0000000        7.3870760
     292.0000000        7.3893342
     293.0000000        7.3599405
     294.0000000        7.3569164
     295.0000000        7.3118630
     296.0000000        7.3069741
     297.0000000        7.3020399
     298.0000000        7.2975529
     299.0000000        7.3042227
     300.0000000        7.3131434
     301.0000000        7.3292711
     302.0000000        7.3776975
     303.0000000        7.4210691
     304.0000000        7.4676931
     305.0000000        7.5296572
     306.0000000        7.5402666
     307.0000000        7.4939886
     308.0000000        7.4616713
     309.0000000        7.4364424
     310.0000000        7.4041580
     311.0000000        7.3876430
     312.0000000        7.3753785
     313.0000000        7.3712030
     314.0000000        7.3747343
     315.0000000        7.3626445
     316.0000000        7.3453296
     317.0000000        7.3363700
     318.0000000        7.3752943
     319.0000000        7.4230618
     320.0000000        7.5079448
     321.0000000        7.5980368
     322.0000000        7.7007157
     323.0000000        7.7868076
     324.0000000        7.8625464
     325.0000000        7.8880937
     326.0000000        7.8819564
     327.0000000        7.8537706
     328.0000000        7.8058958
     329.0000000        7.7004265
     330.0000000        7.5749342
     331.0000000        7.4842802
     332.0000000        7.4358115
     333.0000000        7.4095535
     334.0000000        7.4229725
     335.0000000        7.4077639
     336.0000000        7.3994080
     337.0000000        7.4317329
     338.0000000        7.4687528
     339.0000000        7.4768686
     340.0000000        7.4483185
     341.0000000        7.4173768
     342.0000000        7.3936178
     343.0000000        7.3660403
     344.0000000        7.3308924
     345.0000000        7.2757091
     346.0000000        7.2123272
     347.0000000        7.1365412
     348.0000000        7.0255431
     349.0000000        6.9575585
     350.0000000        6.9270722
     351.0000000        6.9625577
     352.0000000        6.9963724
     353.0000000        7.0339183
     354.0000000        7.0625294
     355.0000000        7.0803251
     356.0000000        7.1149229
     357.0000000        7.1866284
     358.0000000        7.2791425
     359.0000000        7.3438601
     360.0000000        7.3964840
     361.0000000        7.4727125
     362.0000000        7.5735409
     363.0000000        7.6552692
     364.0000000        7.7447653
     365.0000000        7.7823322
     366.0000000        7.7708058
     367.0000000        7.8030464
     368.0000000        7.8320000
     369.0000000        7.8257270
     370.0000000        7.8202978
     371.0000000        7.8144125
     372.0000000        7.7308740
     373.0000000        7.6321546
     374.0000000        7.5028297
     375.0000000        7.4140864
     376.0000000        7.3252359
     377.0000000        7.2558914
     378.0000000        7.1964656
     379.0000000        7.1816987
     380.0000000        7.1857618
     381.0000000        7.1953298
     382.0000000        7.2585179
     383.0000000        7.3258571
     384.0000000        7.3596911
     385.0000000        7.4215706
     386.0000000        7.4384381
     387.0000000        7.4345535
     388.0000000        7.4428861
     389.0000000        7.4550146
     390.0000000        7.4670492
     391.0000000        7.4675982
     392.0000000        7.4745365
     393.0000000        7.4938467
     394.0000000        7.4907706
     395.0000000        7.4572659
     396.0000000        7.3987422
     397.0000000        7.3655095
     398.0000000        7.3886244
     399.0000000        7.4591706
     400.0000000        7.5346584
     401.0000000        7.5674009
     402.0000000        7.5633437
     403.0000000        7.5290715
     404.0000000        7.4906573
     405.0000000        7.4662308
     406.0000000        7.3997537
     407.0000000        7.3726595
     408.0000000        7.3261235
     409.0000000        7.2852547
     410.0000000        7.2581590
     411.0000000        7.2228286
     412.0000000        7.1879307
     413.0000000        7.1729782
     414.0000000        7.1652536
     415.0000000        7.1529359
     416.0000000        7.1678177
     417.0000000        7.1895282
     418.0000000        7.2121260
     419.0000000        7.2739053
     420.0000000        7.3481124
     421.0000000        7.4080705
     422.0000000        7.4832692
     423.0000000        7.5883880
     424.0000000        7.7162526
     425.0000000        7.8890775
     426.0000000        7.9777002
     427.0000000        7.9556535
     428.0000000        7.8755289
     429.0000000        7.8100422
     430.0000000        7.7474856
     431.0000000        7.7155120
     432.0000000        7.6507242
     433.0000000        7.5887567
     434.0000000        7.5043230
     435.0000000        7.3855239
     436.0000000        7.3058806
     437.0000000        7.2521308
     438.0000000        7.2374814
     439.0000000        7.2280317
     440.0000000        7.2462154
     441.0000000        7.2695678
     442.0000000        7.3137013
     443.0000000        7.3687684
     444.0000000        7.4436223
     445.0000000        7.4480468
     446.0000000        7.4601526
     447.0000000        7.4645903
     448.0000000        7.4713216
     449.0000000        7.5034474
     450.0000000        7.5237846
     451.0000000        7.5813681
     452.0000000        7.5974593
     453.0000000        7.6172955
     454.0000000        7.6058532
     455.0000000        7.6380600
     456.0000000        7.6484968
     457.0000000        7.6442894
     458.0000000        7.6450394
     459.0000000        7.6201270
     460.0000000        7.6335551
     461.0000000        7.6929488
     462.0000000        7.7459860
     463.0000000        7.7188699
     464.0000000        7.6844651
     465.0000000        7.5885817
     466.0000000        7.5346826
     467.0000000        7.4889617
     468.0000000        7.4924175
     469.0000000        7.5058188
     470.0000000        7.5438860
     471.0000000        7.5737873
     472.0000000        7.6185453
     473.0000000        7.6673384
     474.0000000        7.6749243
     475.0000000        7.6854147
     476.0000000        7.7055710
     477.0000000        7.7118879
     478.0000000        7.7321960
     479.0000000        7.7588982
     480.0000000        7.7432608
     481.0000000        7.7276389
     482.0000000        7.7509747
     483.0000000        7.7559562
     484.0000000        7.7646735
     485.0000000        7.7628975
     486.0000000        7.7804479
     487.0000000        7.7883553
     488.0000000        7.7907146
     489.0000000        7.7793092
     490.0000000        7.7790745
     491.0000000        7.8190222
     492.0000000        7.8427708
     493.0000000        7.8595529
     494.0000000        7.8800216
     495.0000000        7.8267743
     496.0000000        7.8215032
     497.0000000        7.8076515
     498.0000000        7.8307412
     499.0000000        7.8426894
     500.0000000        7.8643833
     501.0000000        7.8218146
     502.0000000        7.7067564
     503.0000000        7.5969511
     504.0000000        7.4730886
     505.0000000        7.3971765
     506.0000000        7.3390461
     507.0000000        7.3145981
     508.0000000        7.3449481
     509.0000000        7.3831570
     510.0000000        7.3890281
     511.0000000        7.3737567
     512.0000000        7.3079487
     513.0000000        7.2696623
     514.0000000        7.2788813
     515.0000000        7.3094401
     516.0000000        7.3698126
     517.0000000        7.4314522
     518.0000000        7.4655731
     519.0000000        7.4852230
     520.0000000        7.4816225
     521.0000000        7.5188071
     522.0000000        7.5071893
     523.0000000        7.4886985
     524.0000000        7.4865572
     525.0000000        7.5032254
     526.0000000        7.5104259
     527.0000000        7.5373185
     528.0000000        7.5421417
     529.0000000        7.5115730
     530.0000000        7.4555252
     531.0000000        7.3633417
     532.0000000        7.3081855
     533.0000000        7.3081523
     534.0000000        7.3356599
     535.0000000        7.4154561
     536.0000000        7.4684497
     537.0000000        7.5330175
     538.0000000        7.5271511
     539.0000000        7.4899548
     540.0000000        7.4689160
     541.0000000        7.3954608
     542.0000000        7.3032109
     543.0000000        7.2223963
     544.0000000        7.1642889
     545.0000000        7.1435299
     546.0000000        7.1403138
     547.0000000        7.1732410
     548.0000000        7.2310073
     549.0000000        7.3301177
     550.0000000        7.3906376
     551.0000000        7.4428267
     552.0000000        7.4662208
     553.0000000        7.4483421
     554.0000000        7.4376520
     555.0000000        7.4238141
     556.0000000        7.4332127
     557.0000000        7.4879231
     558.0000000        7.5411817
     559.0000000        7.5170357
     560.0000000        7.4828123
     561.0000000        7.4363264
     562.0000000        7.4053458
     563.0000000        7.3673052
     564.0000000        7.3188979
     565.0000000        7.2594224
     566.0000000        7.1885821
     567.0000000        7.1000379
     568.0000000        7.0263053
     569.0000000        6.9748816
     570.0000000        6.9457489
     571.0000000        6.9313096
     572.0000000        6.9343399
     573.0000000        6.9453000
     574.0000000        6.9856613
     575.0000000        7.0081820
     576.0000000        7.0777184
     577.0000000        7.1751444
     578.0000000        7.2990265
     579.0000000        7.3785116
     580.0000000        7.3978810
     581.0000000        7.4188366
     582.0000000        7.4882173
     583.0000000        7.5935834
     584.0000000        7.7416487
     585.0000000        7.9041442
     586.0000000        8.0329130
     587.0000000        8.1107470
     588.0000000        8.1636930
     589.0000000        8.1684301
     590.0000000        8.1491516
     591.0000000        8.0869020
     592.0000000        8.0315997
     593.0000000        7.9618063
     594.0000000        7.9305903
     595.0000000        7.9177959
     596.0000000        7.9198189
     597.0000000        7.9545707
     598.0000000        7.9634657
     599.0000000        7.9589083
     600.0000000        7.9441071
