       1.0000000        7.2539243
       2.0000000        7.1122884
       3.0000000        7.0585383
       4.0000000        7.0765278
       5.0000000        7.0832037
       6.0000000        7.0670771
       7.0000000        7.0735713
       8.0000000        7.0847888
       9.0000000        7.1198341
      10.0000000        7.1198096
      11.0000000        7.0690921
      12.0000000        7.0046737
      13.0000000        6.9618378
      14.0000000        6.9920336
      15.0000000        7.0718811
      16.0000000        7.1985837
      17.0000000        7.3222334
      18.0000000        7.4427245
      19.0000000        7.5254765
      20.0000000        7.5639269
      21.0000000        7.5609774
      22.0000000        7.4861370
      23.0000000        7.3760007
      24.0000000        7.3753266
      25.0000000        7.4004250
      26.0000000        7.3760792
      27.0000000        7.3469526
      28.0000000        7.2727593
      29.0000000        7.2133030
      30.0000000        7.0889636
      31.0000000        6.9731168
      32.0000000        6.9490259
      33.0000000        6.9668124
      34.0000000        6.9760588
      35.0000000        7.0575761
      36.0000000        7.1343236
      37.0000000        7.2148116
      38.0000000        7.3083849
      39.0000000        7.4079117
      40.0000000        7.5436072
      41.0000000        7.6735418
      42.0000000        7.7167519
      43.0000000        7.8197594
      44.0000000        7.8248134
      45.0000000        7.8029228
      46.0000000        7.7093486
      47.0000000        7.6091107
      48.0000000        7.5513746
      49.0000000        7.4848027
      50.0000000        7.4214415
      51.0000000        7.3932691
      52.0000000        7.4238557
      53.0000000        7.4055677
      54.0000000        7.3315048
      55.0000000        7.2585738
      56.0000000        7.1714815
      57.0000000        7.0478359
      58.0000000        6.9718171
      59.0000000        7.0116192
      60.0000000        7.0891514
      61.0000000        7.1544423
      62.0000000        7.2559383
      63.0000000        7.2983914
      64.0000000        7.3201242
      65.0000000        7.3134002
      66.0000000        7.2783373
      67.0000000        7.1981017
      68.0000000        7.1069566
      69.0000000        7.0387786
      70.0000000        7.0150222
      71.0000000        6.9747732
      72.0000000        6.9331613
      73.0000000        6.8341506
      74.0000000        6.7708219
      75.0000000        6.7343563
      76.0000000        6.7440430
      77.0000000        6.7812907
      78.0000000        6.7775373
      79.0000000        6.7927609
      80.0000000        6.8344705
      81.0000000        6.8556554
      82.0000000        6.9430438
      83.0000000        7.0446332
      84.0000000        7.0491618
      85.0000000        7.0452553
      86.0000000        7.0114544
      87.0000000        6.9667423
      88.0000000        6.8776165
      89.0000000        6.8508194
      90.0000000        6.8544323
      91.0000000        6.8326031
      92.0000000        6.7833910
      93.0000000        6.7564658
      94.0000000        6.7202027
      95.0000000        6.7154666
      96.0000000        6.7228600
      97.0000000        6.7240396
      98.0000000        6.7697496
      99.0000000        6.7903200
     100.0000000        6.8676255
     101.0000000        6.9602182
     102.0000000        6.9761989
     103.0000000        6.9885589
     104.0000000        7.0572030
     105.0000000        7.0789595
     106.0000000        7.0604040
     107.0000000        7.0314742
     108.0000000        7.0409646
     109.0000000        7.0758180
     110.0000000        7.1676852
     111.0000000        7.2049019
     112.0000000        7.1995630
     113.0000000        7.1262022
     114.0000000        7.0062062
     115.0000000        6.9750223
     116.0000000        6.9488721
     117.0000000        6.9092570
     118.0000000        6.9407577
     119.0000000        6.9877562
     120.0000000        7.0521398
     121.0000000        7.0989234
     122.0000000        7.1403746
     123.0000000        7.1441772
     124.0000000        7.1870768
     125.0000000        7.2128257
     126.0000000        7.2192208
     127.0000000        7.2296526
     128.0000000        7.2651398
     129.0000000        7.2964268
     130.0000000        7.3311665
     131.0000000        7.3892414
     132.0000000        7.4139589
     133.0000000        7.4607974
     134.0000000        7.4504269
     135.0000000        7.4059350
     136.0000000        7.3082757
     137.0000000        7.2500653
     138.0000000        7.2058345
     139.0000000        7.2103562
     140.0000000        7.1940216
     141.0000000        7.1199058
     142.0000000        7.0934843
     143.0000000        7.0937477
     144.0000000        7.1101143
     145.0000000        7.0888753
     146.0000000        7.0581470
     147.0000000        7.0308498
     148.0000000        7.0163582
     149.0000000        7.0430515
     150.0000000        7.0080860
     151.0000000        6.9519560
     152.0000000        6.8971682
     153.0000000        6.8733148
     154.0000000        6.8597531
     155.0000000        6.8511246
     156.0000000        6.8398338
     157.0000000        6.8766547
     158.0000000        6.8888208
     159.0000000        6.9309572
     160.0000000        6.9789417
     161.0000000        6.9907378
     162.0000000        6.9502886
     163.0000000        6.9571430
     164.0000000        6.9794184
     165.0000000        6.9790451
     166.0000000        6.9664962
     167.0000000        7.0034803
     168.0000000        7.0509523
     169.0000000        7.0626520
     170.0000000        7.0773012
     171.0000000        7.0673290
     172.0000000        7.0320877
     173.0000000        7.0214176
     174.0000000        7.0508114
     175.0000000        7.0583271
     176.0000000        7.0801049
     177.0000000        7.0707185
     178.0000000        7.0468482
     179.0000000        7.0796016
     180.0000000        7.0818780
     181.0000000        7.0960905
     182.0000000        7.1311563
     183.0000000        7.1923854
     184.0000000        7.2488935
     185.0000000        7.2571505
     186.0000000        7.3430840
     187.0000000        7.4871895
     188.0000000        7.5930236
     189.0000000        7.6535859
     190.0000000        7.7294089
     191.0000000        7.7546803
     192.0000000        7.7216237
     193.0000000        7.7688914
     194.0000000        7.7628230
     195.0000000        7.7525287
     196.0000000        7.7447723
     197.0000000        7.7348321
     198.0000000        7.7425827
     199.0000000        7.7211366
     200.0000000        7.6527969
     201.0000000        7.5854231
     202.0000000        7.4757620
     203.0000000        7.3376950
     204.0000000        7.2435930
     205.0000000        7.1647399
     206.0000000        7.0766805
     207.0000000        6.9757166
     208.0000000        6.9398341
     209.0000000        6.8667593
     210.0000000        6.8250291
     211.0000000        6.7958613
     212.0000000        6.7712767
     213.0000000        6.7513542
     214.0000000        6.7470020
     215.0000000        6.7435545
     216.0000000        6.7634902
     217.0000000        6.8088050
     218.0000000        6.8638661
     219.0000000        6.8936814
     220.0000000        6.9173266
     221.0000000        6.9777144
     222.0000000        6.9930235
     223.0000000        7.0072519
     224.0000000        7.0621092
     225.0000000        7.1371799
     226.0000000        7.2355681
     227.0000000        7.3233346
     228.0000000        7.3423518
     229.0000000        7.3401694
     230.0000000        7.2446075
     231.0000000        7.1804242
     232.0000000        7.1499165
     233.0000000        7.1101671
     234.0000000        7.1365794
     235.0000000        7.1583671
     236.0000000        7.1164594
     237.0000000        7.0508795
     238.0000000        6.9403965
     239.0000000        6.8854442
     240.0000000        6.8250268
     241.0000000        6.8188860
     242.0000000        6.8231558
     243.0000000        6.8435943
     244.0000000        6.9208806
     245.0000000        6.9807667
     246.0000000        7.0864395
     247.0000000        7.2218439
     248.0000000        7.3435321
     249.0000000        7.4664852
     250.0000000        7.5895030
     251.0000000        7.7066204
     252.0000000        7.7215056
     253.0000000        7.6657686
     254.0000000        7.6394550
     255.0000000        7.6527140
     256.0000000        7.6493664
     257.0000000        7.6665379
     258.0000000        7.6882618
     259.0000000        7.6633808
     260.0000000        7.5896733
     261.0000000        7.4836644
     262.0000000        7.3725530
     263.0000000        7.3415424
     264.0000000        7.2737770
     265.0000000        7.2372195
     266.0000000        7.1433635
     267.0000000        7.0839193
     268.0000000        7.0281746
     269.0000000        6.9393614
     270.0000000        6.9301503
     271.0000000        6.9833065
     272.0000000        7.0144010
     273.0000000        7.0620570
     274.0000000        7.1235665
     275.0000000        7.1770669
     276.0000000        7.2565397
     277.0000000        7.3228215
     278.0000000        7.4244195
     279.0000000        7.5126233
     280.0000000        7.6070997
     281.0000000        7.6751897
     282.0000000        7.6810045
     283.0000000        7.6124758
     284.0000000        7.5797656
     285.0000000        7.5132517
     286.0000000        7.4670929
     287.0000000        7.4636678
     288.0000000        7.4846496
     289.0000000        7.4553700
     290.0000000        7.4800749
     291.0000000        7.5318933
     292.0000000        7.5059601
     293.0000000        7.4988336
     294.0000000        7.4698184
     295.0000000        7.4735390
     296.0000000        7.4769657
     297.0000000        7.5061967
     298.0000000        7.4987718
     299.0000000        7.4574549
     300.0000000        7.4699262
     301.0000000        7.4565447
     302.0000000        7.4272153
     303.0000000        7.3955002
     304.0000000        7.3426349
     305.0000000        7.3342902
     306.0000000        7.3345355
     307.0000000        7.3721303
     308.0000000        7.3664718
     309.0000000        7.3236849
     310.0000000        7.3533818
     311.0000000        7.3394910
     312.0000000        7.3032793
     313.0000000        7.2546489
     314.0000000        7.2288740
     315.0000000        7.2576599
     316.0000000        7.3017021
     317.0000000        7.3411530
     318.0000000        7.3292533
     319.0000000        7.3317290
     320.0000000        7.3419374
     321.0000000        7.3509949
     322.0000000        7.3420343
     323.0000000        7.3845926
     324.0000000        7.4372370
     325.0000000        7.5239851
     326.0000000        7.5191636
     327.0000000        7.4949633
     328.0000000        7.4742458
     329.0000000        7.4157605
     330.0000000        7.3339188
     331.0000000        7.2481188
     332.0000000        7.1929226
     333.0000000        7.1475196
     334.0000000        7.1602039
     335.0000000        7.1672309
     336.0000000        7.2229137
     337.0000000        7.2891319
     338.0000000        7.3323194
     339.0000000        7.3876687
     340.0000000        7.3923139
     341.0000000        7.3499106
     342.0000000        7.2738574
     343.0000000        7.2028093
     344.0000000        7.0957135
     345.0000000        6.9715676
     346.0000000        6.8707565
     347.0000000        6.7810784
     348.0000000        6.7154424
     349.0000000        6.6529054
     350.0000000        6.5846837
     351.0000000        6.5249011
     352.0000000        6.4692371
     353.0000000        6.4252251
     354.0000000        6.4470968
     355.0000000        6.4871512
     356.0000000        6.6050459
     357.0000000        6.6786594
     358.0000000        6.7226135
     359.0000000        6.8020252
     360.0000000        6.8550400
     361.0000000        6.9296104
     362.0000000        7.0200598
     363.0000000        7.1372351
     364.0000000        7.1660093
     365.0000000        7.2404323
     366.0000000        7.3353047
     367.0000000        7.4175334
     368.0000000        7.5213120
     369.0000000        7.6137724
     370.0000000        7.6898763
     371.0000000        7.7444439
     372.0000000        7.7066403
     373.0000000        7.6197291
     374.0000000        7.5026289
     375.0000000        7.4482637
     376.0000000        7.4549372
     377.0000000        7.5011875
     378.0000000        7.5310914
     379.0000000        7.5115289
     380.0000000        7.4973595
     381.0000000        7.4540149
     382.0000000        7.3794747
     383.0000000        7.2398827
     384.0000000        7.1153800
     385.0000000        7.0856204
     386.0000000        7.0966712
     387.0000000        7.1348192
     388.0000000        7.1635533
     389.0000000        7.1465254
     390.0000000        7.0622785
     391.0000000        7.0249806
     392.0000000        7.0455175
     393.0000000        7.0857207
     394.0000000        7.1213089
     395.0000000        7.1470019
     396.0000000        7.1960308
     397.0000000        7.2314523
     398.0000000        7.3150016
     399.0000000        7.4270702
     400.0000000        7.4305202
     401.0000000        7.3797494
     402.0000000        7.3117710
     403.0000000        7.2223677
     404.0000000        7.1812428
     405.0000000        7.1420402
     406.0000000        7.1667511
     407.0000000        7.1469507
     408.0000000        7.1858441
     409.0000000        7.1198070
     410.0000000        7.0175783
     411.0000000        6.9406417
     412.0000000        6.8806359
     413.0000000        6.8377223
     414.0000000        6.8341693
     415.0000000        6.8470177
     416.0000000        6.8642250
     417.0000000        6.8785033
     418.0000000        6.9300891
     419.0000000        6.9520139
     420.0000000        6.9926626
     421.0000000        7.0994242
     422.0000000        7.2022628
     423.0000000        7.3282612
     424.0000000        7.4970863
     425.0000000        7.5801849
     426.0000000        7.6122720
     427.0000000        7.5580451
     428.0000000        7.4328967
     429.0000000        7.3186070
     430.0000000        7.2184225
     431.0000000        7.1389733
     432.0000000        7.0344061
     433.0000000        6.9624599
     434.0000000        6.8999861
     435.0000000        6.8872272
     436.0000000        6.9181674
     437.0000000        6.9909245
     438.0000000        7.0044295
     439.0000000        6.9862195
     440.0000000        6.9325216
     441.0000000        6.8820157
     442.0000000        6.8514669
     443.0000000        6.8603552
     444.0000000        6.8870976
     445.0000000        6.9157284
     446.0000000        6.9222438
     447.0000000        6.9659495
     448.0000000        6.9886043
     449.0000000        7.0438208
     450.0000000        7.0632350
     451.0000000        7.0332350
     452.0000000        6.9552149
     453.0000000        6.9500746
     454.0000000        6.9823215
     455.0000000        7.0423744
     456.0000000        7.0512791
     457.0000000        7.0680103
     458.0000000        7.1247419
     459.0000000        7.1846281
     460.0000000        7.2132013
     461.0000000        7.2602079
     462.0000000        7.2727301
     463.0000000        7.2833021
     464.0000000        7.3561117
     465.0000000        7.4213362
     466.0000000        7.4489844
     467.0000000        7.4676174
     468.0000000        7.5229285
     469.0000000        7.5653113
     470.0000000        7.5658647
     471.0000000        7.5886611
     472.0000000        7.6144313
     473.0000000        7.6457708
     474.0000000        7.5742945
     475.0000000        7.5448443
     476.0000000        7.4785342
     477.0000000        7.4164467
     478.0000000        7.3332224
     479.0000000        7.2488717
     480.0000000        7.1438389
     481.0000000        7.0889776
     482.0000000        7.0297207
     483.0000000        7.0105183
     484.0000000        6.9779158
     485.0000000        6.9497519
     486.0000000        6.9048070
     487.0000000        6.8461920
     488.0000000        6.8191750
     489.0000000        6.7864925
     490.0000000        6.7745901
     491.0000000        6.7897190
     492.0000000        6.8451418
     493.0000000        6.9260135
     494.0000000        6.9488008
     495.0000000        6.9888803
     496.0000000        6.9863698
     497.0000000        6.9795584
     498.0000000        6.9663482
     499.0000000        6.9757202
     500.0000000        7.0396958
     501.0000000        7.1417843
     502.0000000        7.2602696
     503.0000000        7.3438131
     504.0000000        7.4259357
     505.0000000        7.4603801
     506.0000000        7.4113064
     507.0000000        7.3758138
     508.0000000        7.3748639
     509.0000000        7.4015146
     510.0000000        7.4450720
     511.0000000        7.4720423
     512.0000000        7.4571692
     513.0000000        7.4253009
     514.0000000        7.3475999
     515.0000000        7.3041849
     516.0000000        7.2310600
     517.0000000        7.1451034
     518.0000000        7.1046976
     519.0000000        7.0425862
     520.0000000        6.9446720
     521.0000000        6.8443508
     522.0000000        6.8048128
     523.0000000        6.7649071
     524.0000000        6.7050141
     525.0000000        6.6981765
     526.0000000        6.6736012
     527.0000000        6.6673965
     528.0000000        6.6637480
     529.0000000        6.6985736
     530.0000000        6.7644217
     531.0000000        6.8708396
     532.0000000        6.9719892
     533.0000000        7.0475665
     534.0000000        7.0893332
     535.0000000        7.1108817
     536.0000000        7.1166519
     537.0000000        7.0982978
     538.0000000        7.1400462
     539.0000000        7.2027153
     540.0000000        7.2896642
     541.0000000        7.3794783
     542.0000000        7.4447454
     543.0000000        7.5195541
     544.0000000        7.5497223
     545.0000000        7.5555846
     546.0000000        7.4858850
     547.0000000        7.4386353
     548.0000000        7.3998547
     549.0000000        7.3934206
     550.0000000        7.3243193
     551.0000000        7.2484232
     552.0000000        7.1474585
     553.0000000        7.0410051
     554.0000000        6.9716347
     555.0000000        6.9597776
     556.0000000        6.9631849
     557.0000000        6.9925974
     558.0000000        7.0682396
     559.0000000        7.2117660
     560.0000000        7.3433924
     561.0000000        7.4478617
     562.0000000        7.5355415
     563.0000000        7.6408683
     564.0000000        7.7496516
     565.0000000        7.8811022
     566.0000000        7.8560767
     567.0000000        7.8357650
     568.0000000        7.7833466
     569.0000000        7.7247618
     570.0000000        7.6472127
     571.0000000        7.6251598
     572.0000000        7.5297812
     573.0000000        7.4288331
     574.0000000        7.3174701
     575.0000000        7.1758520
     576.0000000        7.1044145
     577.0000000        7.0421593
     578.0000000        6.9919289
     579.0000000        7.0153363
     580.0000000        7.0751212
     581.0000000        7.1461276
     582.0000000        7.2280985
     583.0000000        7.2954126
     584.0000000        7.4062060
     585.0000000        7.4762751
     586.0000000        7.5164038
     587.0000000        7.5676115
     588.0000000        7.5207375
     589.0000000        7.5052279
     590.0000000        7.4692732
     591.0000000        7.3744951
     592.0000000        7.3043905
     593.0000000        7.2522981
     594.0000000        7.1955505
     595.0000000        7.1641793
     596.0000000        7.1037386
     597.0000000        6.9956636
     598.0000000        6.9215188
     599.0000000        6.8913789
     600.0000000        6.8264335
