       1.0000000        8.9188211
       2.0000000        9.1476652
       3.0000000        9.0758776
       4.0000000        8.9359941
       5.0000000        8.7685537
       6.0000000        8.5739446
       7.0000000        8.3506157
       8.0000000        8.1427311
       9.0000000        7.9555237
      10.0000000        7.8212387
      11.0000000        7.7037678
      12.0000000        7.6281085
      13.0000000        7.6094866
      14.0000000        7.6228310
      15.0000000        7.6365198
      16.0000000        7.6510643
      17.0000000        7.6913057
      18.0000000        7.7185781
      19.0000000        7.7368768
      20.0000000        7.7871144
      21.0000000        7.7953287
      22.0000000        7.8163087
      23.0000000        7.7601946
      24.0000000        7.6975632
      25.0000000        7.6405059
      26.0000000        7.5899427
      27.0000000        7.5204931
      28.0000000        7.4400019
      29.0000000        7.3876507
      30.0000000        7.3127091
      31.0000000        7.2554626
      32.0000000        7.2824283
      33.0000000        7.3268363
      34.0000000        7.3980678
      35.0000000        7.4737156
      36.0000000        7.5854798
      37.0000000        7.6704719
      38.0000000        7.7599072
      39.0000000        7.8077747
      40.0000000        7.8565498
      41.0000000        7.9791219
      42.0000000        8.1039082
      43.0000000        8.1888307
      44.0000000        8.1699330
      45.0000000        8.1077112
      46.0000000        8.0280299
      47.0000000        7.9595652
      48.0000000        7.8916866
      49.0000000        7.8402915
      50.0000000        7.8065383
      51.0000000        7.7996744
      52.0000000        7.7835574
      53.0000000        7.7590779
      54.0000000        7.7469749
      55.0000000        7.7598860
      56.0000000        7.7303287
      57.0000000        7.7156633
      58.0000000        7.6481413
      59.0000000        7.6106369
      60.0000000        7.5732228
      61.0000000        7.5702099
      62.0000000        7.5760146
      63.0000000        7.5782430
      64.0000000        7.5909405
      65.0000000        7.5574972
      66.0000000        7.5086539
      67.0000000        7.4963571
      68.0000000        7.4685258
      69.0000000        7.4550471
      70.0000000        7.4464236
      71.0000000        7.4468996
      72.0000000        7.4655858
      73.0000000        7.4491013
      74.0000000        7.4216282
      75.0000000        7.4307567
      76.0000000        7.4442428
      77.0000000        7.4546082
      78.0000000        7.4127656
      79.0000000        7.3725028
      80.0000000        7.3706507
      81.0000000        7.3534045
      82.0000000        7.3946641
      83.0000000        7.4584770
      84.0000000        7.5390678
      85.0000000        7.5564952
      86.0000000        7.5626905
      87.0000000        7.5774773
      88.0000000        7.6070078
      89.0000000        7.5777973
      90.0000000        7.5546226
      91.0000000        7.4968515
      92.0000000        7.4511146
      93.0000000        7.4343222
      94.0000000        7.3870232
      95.0000000        7.3436073
      96.0000000        7.3100575
      97.0000000        7.2622613
      98.0000000        7.2249923
      99.0000000        7.1835447
     100.0000000        7.1695857
     101.0000000        7.1585529
     102.0000000        7.2009568
     103.0000000        7.2671542
     104.0000000        7.3037971
     105.0000000        7.3376359
     106.0000000        7.4026126
     107.0000000        7.4740403
     108.0000000        7.5356483
     109.0000000        7.6159408
     110.0000000        7.6587196
     111.0000000        7.6294092
     112.0000000        7.5801911
     113.0000000        7.5475068
     114.0000000        7.4940151
     115.0000000        7.4584339
     116.0000000        7.4361848
     117.0000000        7.4239845
     118.0000000        7.4142789
     119.0000000        7.4131042
     120.0000000        7.4173191
     121.0000000        7.4242794
     122.0000000        7.4315142
     123.0000000        7.4633209
     124.0000000        7.5306642
     125.0000000        7.5762500
     126.0000000        7.6469635
     127.0000000        7.7180183
     128.0000000        7.7667828
     129.0000000        7.7866730
     130.0000000        7.7631547
     131.0000000        7.7232118
     132.0000000        7.6756341
     133.0000000        7.6244010
     134.0000000        7.5562988
     135.0000000        7.4761837
     136.0000000        7.3605785
     137.0000000        7.2865344
     138.0000000        7.2671236
     139.0000000        7.3093730
     140.0000000        7.3189653
     141.0000000        7.3807040
     142.0000000        7.4375933
     143.0000000        7.4215148
     144.0000000        7.3509005
     145.0000000        7.2670986
     146.0000000        7.2630337
     147.0000000        7.2794490
     148.0000000        7.3094040
     149.0000000        7.3581122
     150.0000000        7.4086609
     151.0000000        7.4567309
     152.0000000        7.4658304
     153.0000000        7.4215948
     154.0000000        7.3570602
     155.0000000        7.3177596
     156.0000000        7.2580379
     157.0000000        7.2162211
     158.0000000        7.1810629
     159.0000000        7.1910194
     160.0000000        7.1963820
     161.0000000        7.2054159
     162.0000000        7.1616739
     163.0000000        7.1322897
     164.0000000        7.1283438
     165.0000000        7.1487525
     166.0000000        7.1700727
     167.0000000        7.1846943
     168.0000000        7.1677978
     169.0000000        7.1570827
     170.0000000        7.1738807
     171.0000000        7.2306489
     172.0000000        7.2776104
     173.0000000        7.3488358
     174.0000000        7.3896420
     175.0000000        7.3867085
     176.0000000        7.3976983
     177.0000000        7.4148428
     178.0000000        7.4422428
     179.0000000        7.4901879
     180.0000000        7.5213545
     181.0000000        7.5714673
     182.0000000        7.6250491
     183.0000000        7.6459180
     184.0000000        7.6541665
     185.0000000        7.6377962
     186.0000000        7.6360582
     187.0000000        7.6757519
     188.0000000        7.6738116
     189.0000000        7.6824957
     190.0000000        7.6555210
     191.0000000        7.6214928
     192.0000000        7.6521219
     193.0000000        7.6852208
     194.0000000        7.7357927
     195.0000000        7.7950348
     196.0000000        7.8533657
     197.0000000        7.8752746
     198.0000000        7.8751358
     199.0000000        7.8470761
     200.0000000        7.8370217
     201.0000000        7.8409992
     202.0000000        7.7965999
     203.0000000        7.7604208
     204.0000000        7.7097399
     205.0000000        7.6508674
     206.0000000        7.6220830
     207.0000000        7.5817794
     208.0000000        7.5344391
     209.0000000        7.4607830
     210.0000000        7.4211381
     211.0000000        7.3850361
     212.0000000        7.3658730
     213.0000000        7.3975945
     214.0000000        7.4244496
     215.0000000        7.4884626
     216.0000000        7.5276228
     217.0000000        7.5664876
     218.0000000        7.6184119
     219.0000000        7.6847600
     220.0000000        7.7496777
     221.0000000        7.7553253
     222.0000000        7.7363509
     223.0000000        7.6738857
     224.0000000        7.6131576
     225.0000000        7.5710404
     226.0000000        7.5357145
     227.0000000        7.5789926
     228.0000000        7.6457828
     229.0000000        7.6377068
     230.0000000        7.6160404
     231.0000000        7.6046674
     232.0000000        7.5810493
     233.0000000        7.5450218
     234.0000000        7.5361033
     235.0000000        7.5139384
     236.0000000        7.4797279
     237.0000000        7.4586066
     238.0000000        7.5115884
     239.0000000        7.5391042
     240.0000000        7.5722395
     241.0000000        7.5577156
     242.0000000        7.5346886
     243.0000000        7.5114924
     244.0000000        7.4951856
     245.0000000        7.4550250
     246.0000000        7.4246396
     247.0000000        7.4191807
     248.0000000        7.3742759
     249.0000000        7.3185805
     250.0000000        7.2325096
     251.0000000        7.1771002
     252.0000000        7.1793816
     253.0000000        7.2021821
     254.0000000        7.2701183
     255.0000000        7.3483297
     256.0000000        7.4042869
     257.0000000        7.4534879
     258.0000000        7.4584020
     259.0000000        7.4837526
     260.0000000        7.5186366
     261.0000000        7.5198923
     262.0000000        7.5124088
     263.0000000        7.5566190
     264.0000000        7.6183820
     265.0000000        7.6969668
     266.0000000        7.7155012
     267.0000000        7.6586652
     268.0000000        7.5625963
     269.0000000        7.4673513
     270.0000000        7.4164872
     271.0000000        7.3725961
     272.0000000        7.3872946
     273.0000000        7.4237933
     274.0000000        7.4557254
     275.0000000        7.5200808
     276.0000000        7.5967114
     277.0000000        7.6632345
     278.0000000        7.7486728
     279.0000000        7.7887769
     280.0000000        7.8428006
     281.0000000        7.8964254
     282.0000000        7.8991461
     283.0000000        7.8773353
     284.0000000        7.8940107
     285.0000000        7.8962278
     286.0000000        7.8633348
     287.0000000        7.8036435
     288.0000000        7.7573683
     289.0000000        7.7050806
     290.0000000        7.6945141
     291.0000000        7.6959606
     292.0000000        7.7007752
     293.0000000        7.6707238
     294.0000000        7.6538817
     295.0000000        7.6612541
     296.0000000        7.7121894
     297.0000000        7.7190606
     298.0000000        7.7749846
     299.0000000        7.7705455
     300.0000000        7.7261402
     301.0000000        7.6750399
     302.0000000        7.5816974
     303.0000000        7.5230254
     304.0000000        7.4886605
     305.0000000        7.4247517
     306.0000000        7.4149212
     307.0000000        7.4066819
     308.0000000        7.4185395
     309.0000000        7.4407073
     310.0000000        7.4522256
     311.0000000        7.4315482
     312.0000000        7.4616176
     313.0000000        7.4558662
     314.0000000        7.4712170
     315.0000000        7.5368268
     316.0000000        7.6350935
     317.0000000        7.7346732
     318.0000000        7.8123325
     319.0000000        7.8476527
     320.0000000        7.8812098
     321.0000000        7.8612003
     322.0000000        7.7961580
     323.0000000        7.7183266
     324.0000000        7.6455265
     325.0000000        7.5522505
     326.0000000        7.4874554
     327.0000000        7.4496695
     328.0000000        7.4203511
     329.0000000        7.4120803
     330.0000000        7.4562982
     331.0000000        7.5351757
     332.0000000        7.6580482
     333.0000000        7.7794062
     334.0000000        7.8669644
     335.0000000        7.9370293
     336.0000000        8.0206316
     337.0000000        8.0684173
     338.0000000        8.0823868
     339.0000000        8.0536634
     340.0000000        8.0087251
     341.0000000        7.9348146
     342.0000000        7.8706044
     343.0000000        7.7780269
     344.0000000        7.7065821
     345.0000000        7.6518227
     346.0000000        7.6476759
     347.0000000        7.6411450
     348.0000000        7.6304978
     349.0000000        7.5769342
     350.0000000        7.5438845
     351.0000000        7.5230075
     352.0000000        7.5131744
     353.0000000        7.5266575
     354.0000000        7.5470973
     355.0000000        7.5610334
     356.0000000        7.5710269
     357.0000000        7.5695169
     358.0000000        7.5752690
     359.0000000        7.6130800
     360.0000000        7.6696459
     361.0000000        7.7152283
     362.0000000        7.7539610
     363.0000000        7.8055275
     364.0000000        7.8620889
     365.0000000        7.9137801
     366.0000000        7.9438576
     367.0000000        7.9687436
     368.0000000        7.9506829
     369.0000000        7.9083829
     370.0000000        7.8866727
     371.0000000        7.9014010
     372.0000000        7.9172370
     373.0000000        7.9580421
     374.0000000        7.9701060
     375.0000000        7.9343221
     376.0000000        7.8833767
     377.0000000        7.8485536
     378.0000000        7.8229515
     379.0000000        7.7685197
     380.0000000        7.7093768
     381.0000000        7.6575784
     382.0000000        7.6295870
     383.0000000        7.5682692
     384.0000000        7.4812446
     385.0000000        7.4311210
     386.0000000        7.3958749
     387.0000000        7.4148207
     388.0000000        7.4451940
     389.0000000        7.4989008
     390.0000000        7.5521138
     391.0000000        7.5901255
     392.0000000        7.6216355
     393.0000000        7.6237266
     394.0000000        7.6168898
     395.0000000        7.5931956
     396.0000000        7.5918429
     397.0000000        7.5758201
     398.0000000        7.5591479
     399.0000000        7.5809480
     400.0000000        7.5955653
     401.0000000        7.6080293
     402.0000000        7.6181542
     403.0000000        7.7061008
     404.0000000        7.7481261
     405.0000000        7.7649221
     406.0000000        7.7436482
     407.0000000        7.6913046
     408.0000000        7.6191667
     409.0000000        7.5515797
     410.0000000        7.5342799
     411.0000000        7.5110142
     412.0000000        7.5429809
     413.0000000        7.5817156
     414.0000000        7.5810198
     415.0000000        7.6246861
     416.0000000        7.6259611
     417.0000000        7.6274913
     418.0000000        7.6393286
     419.0000000        7.6552531
     420.0000000        7.6807770
     421.0000000        7.7006494
     422.0000000        7.7272405
     423.0000000        7.7478424
     424.0000000        7.7546922
     425.0000000        7.7555163
     426.0000000        7.7444526
     427.0000000        7.7155386
     428.0000000        7.6860720
     429.0000000        7.6370147
     430.0000000        7.5766903
     431.0000000        7.5344920
     432.0000000        7.5312457
     433.0000000        7.5608693
     434.0000000        7.6180932
     435.0000000        7.6572488
     436.0000000        7.6874738
     437.0000000        7.7100328
     438.0000000        7.7283560
     439.0000000        7.6848410
     440.0000000        7.6035135
     441.0000000        7.5245493
     442.0000000        7.5023608
     443.0000000        7.5486563
     444.0000000        7.6033349
     445.0000000        7.6701820
     446.0000000        7.7100624
     447.0000000        7.7342211
     448.0000000        7.7712090
     449.0000000        7.7768228
     450.0000000        7.8252370
     451.0000000        7.8474867
     452.0000000        7.8599877
     453.0000000        7.8525237
     454.0000000        7.8194228
     455.0000000        7.8333724
     456.0000000        7.8385933
     457.0000000        7.7966747
     458.0000000        7.7335965
     459.0000000        7.6803369
     460.0000000        7.6150330
     461.0000000        7.5399185
     462.0000000        7.4670551
     463.0000000        7.4121404
     464.0000000        7.3674476
     465.0000000        7.3322139
     466.0000000        7.2785323
     467.0000000        7.2649012
     468.0000000        7.2752308
     469.0000000        7.2634611
     470.0000000        7.2662195
     471.0000000        7.2710808
     472.0000000        7.3038862
     473.0000000        7.3012493
     474.0000000        7.3126892
     475.0000000        7.2664161
     476.0000000        7.2210775
     477.0000000        7.2015599
     478.0000000        7.1786955
     479.0000000        7.1623007
     480.0000000        7.1506041
     481.0000000        7.1589966
     482.0000000        7.1508562
     483.0000000        7.1486721
     484.0000000        7.1424090
     485.0000000        7.1426216
     486.0000000        7.1637936
     487.0000000        7.1747202
     488.0000000        7.1789827
     489.0000000        7.1863360
     490.0000000        7.1932072
     491.0000000        7.2129872
     492.0000000        7.2254208
     493.0000000        7.1925796
     494.0000000        7.1340206
     495.0000000        7.1079236
     496.0000000        7.1271649
     497.0000000        7.1645571
     498.0000000        7.2512790
     499.0000000        7.3351218
     500.0000000        7.4028289
     501.0000000        7.4439271
     502.0000000        7.4880137
     503.0000000        7.4816193
     504.0000000        7.4960996
     505.0000000        7.4753689
     506.0000000        7.5319275
     507.0000000        7.5912597
     508.0000000        7.6231549
     509.0000000        7.6339805
     510.0000000        7.6276725
     511.0000000        7.6367035
     512.0000000        7.5779071
     513.0000000        7.5186775
     514.0000000        7.4773119
     515.0000000        7.4336531
     516.0000000        7.4230210
     517.0000000        7.4138272
     518.0000000        7.4125543
     519.0000000        7.4293771
     520.0000000        7.4019754
     521.0000000        7.3564281
     522.0000000        7.3519070
     523.0000000        7.3690728
     524.0000000        7.4309308
     525.0000000        7.5193283
     526.0000000        7.5770458
     527.0000000        7.6486013
     528.0000000        7.7382533
     529.0000000        7.8079618
     530.0000000        7.8569806
     531.0000000        7.8906027
     532.0000000        7.8921130
     533.0000000        7.8603218
     534.0000000        7.7894225
     535.0000000        7.7058637
     536.0000000        7.6432961
     537.0000000        7.6334153
     538.0000000        7.6183301
     539.0000000        7.5867350
     540.0000000        7.5764441
     541.0000000        7.5765952
     542.0000000        7.5885164
     543.0000000        7.6818409
     544.0000000        7.8058103
     545.0000000        7.9242220
     546.0000000        8.0181122
     547.0000000        8.0287466
     548.0000000        7.9944741
     549.0000000        7.9460544
     550.0000000        7.9098631
     551.0000000        7.8702970
     552.0000000        7.8212868
     553.0000000        7.7584802
     554.0000000        7.7017735
     555.0000000        7.6710906
     556.0000000        7.6143887
     557.0000000        7.5637815
     558.0000000        7.5360374
     559.0000000        7.5124126
     560.0000000        7.4950920
     561.0000000        7.4719719
     562.0000000        7.4439661
     563.0000000        7.4463084
     564.0000000        7.4649866
     565.0000000        7.4594681
     566.0000000        7.4252364
     567.0000000        7.3938302
     568.0000000        7.3572435
     569.0000000        7.3250277
     570.0000000        7.2803490
     571.0000000        7.2463899
     572.0000000        7.2192257
     573.0000000        7.2254323
     574.0000000        7.2705282
     575.0000000        7.3461620
     576.0000000        7.4265471
     577.0000000        7.4547755
     578.0000000        7.5139284
     579.0000000        7.5519972
     580.0000000        7.6028940
     581.0000000        7.6170751
     582.0000000        7.6099090
     583.0000000        7.5870206
     584.0000000        7.5680889
     585.0000000        7.5383343
     586.0000000        7.5532558
     587.0000000        7.5647650
     588.0000000        7.6001239
     589.0000000        7.6275341
     590.0000000        7.6061670
     591.0000000        7.5365311
     592.0000000        7.4816952
     593.0000000        7.4165274
     594.0000000        7.3820258
     595.0000000        7.3690648
     596.0000000        7.3143094
     597.0000000        7.2912482
     598.0000000        7.2656896
     599.0000000        7.2472061
     600.0000000        7.2861465
