1 0.0088228136666655
2 0.0163815136666655
3 0.0235580136666655
4 0.0283490136666655
5 0.0303344136666655
6 0.0282411136666655
7 0.0197492136666655
8 -0.0045669863333345
9 -0.0414842863333345
10 -0.0661325863333345
11 -0.0653040863333345
12 -0.0428544863333345
13 -0.0108578863333345
14 0.0282803136666655
15 0.0707877136666655
16 0.1039123136666655
17 0.1200365136666655
18 0.1310708136666655
19 0.1456345136666655
20 0.1528385136666655
21 0.1419596136666655
22 0.1240161136666655
23 0.1127315136666655
24 0.1016185136666655
25 0.0858440136666655
26 0.0690872136666655
27 0.0548659136666655
28 0.0490818136666655
29 0.0497397136666655
30 0.0602991136666655
31 0.0679151136666655
32 0.0722499136666655
33 0.0760283136666655
34 0.0695003136666655
35 0.0563885136666655
36 0.0387588136666655
37 0.0142401136666655
38 -0.0063019863333345
39 -0.0134765863333345
40 -0.0117684863333345
41 -0.0123410863333345
42 -0.0153537863333345
43 -0.0190458863333345
44 -0.0299833863333345
45 -0.0460877863333345
46 -0.0535593863333345
47 -0.0529775863333345
48 -0.0602945863333345
49 -0.0818686863333345
50 -0.1074990863333345
51 -0.1287591863333345
52 -0.1465491863333345
53 -0.1592379863333345
54 -0.1626691863333345
55 -0.1572503863333345
56 -0.1426049863333345
57 -0.1188714863333345
58 -0.0902415863333345
59 -0.0626240863333345
60 -0.0460199863333345
61 -0.0457688863333345
62 -0.0546508863333345
63 -0.0592524863333345
64 -0.0528111863333345
65 -0.0309300863333345
66 -0.0016784863333345
67 0.0271740136666655
68 0.0575920136666655
69 0.0938351136666655
70 0.1359147136666655
71 0.1725984136666655
72 0.1843338136666655
73 0.1622841136666655
74 0.1174310136666655
75 0.0756523136666655
76 0.0527311136666655
77 0.0373526136666655
78 0.0082896136666655
79 -0.0285768863333345
80 -0.0549012863333345
81 -0.0708882863333345
82 -0.0790380863333345
83 -0.0814743863333345
84 -0.0824144863333345
85 -0.0862336863333345
86 -0.0924115863333345
87 -0.0949874863333345
88 -0.0898030863333345
89 -0.0791396863333345
90 -0.0672491863333345
91 -0.0578485863333345
92 -0.0582438863333345
93 -0.0746261863333345
94 -0.0984882863333345
95 -0.1158900863333345
96 -0.1222377863333345
97 -0.1256919863333345
98 -0.1334079863333345
99 -0.1388684863333345
100 -0.1299755863333345
101 -0.1064942863333345
102 -0.0767907863333345
103 -0.0553479863333345
104 -0.0505332863333345
105 -0.0616574863333345
106 -0.0812217863333345
107 -0.1008524863333345
108 -0.1148293863333345
109 -0.1240812863333345
110 -0.1272413863333345
111 -0.1231973863333345
112 -0.1170892863333345
113 -0.1132475863333345
114 -0.1034978863333345
115 -0.0833700863333345
116 -0.0626644863333345
117 -0.0534694863333345
118 -0.0585449863333345
119 -0.0652284863333345
120 -0.0600966863333345
121 -0.0430960863333345
122 -0.0246499863333345
123 -0.0155625863333345
124 -0.0159368863333345
125 -0.0204088863333345
126 -0.0288948863333345
127 -0.0464635863333345
128 -0.0747111863333345
129 -0.0991931863333345
130 -0.1029743863333345
131 -0.0887789863333345
132 -0.0711277863333345
133 -0.0616483863333345
134 -0.0596445863333345
135 -0.0580935863333345
136 -0.0535375863333345
137 -0.0504669863333345
138 -0.0536774863333345
139 -0.0620701863333345
140 -0.0729756863333345
141 -0.0782382863333345
142 -0.0752388863333345
143 -0.0690729863333345
144 -0.0683737863333345
145 -0.0641992863333345
146 -0.0449726863333345
147 -0.0180230863333345
148 0.0035804136666655
149 0.0183644136666655
150 0.0275873136666655
151 0.0310947136666655
152 0.0333775136666655
153 0.0374118136666655
154 0.0363568136666655
155 0.0307165136666655
156 0.0245503136666655
157 0.0088241136666655
158 -0.0172828863333345
159 -0.0396526863333345
160 -0.0624418863333345
161 -0.0847774863333345
162 -0.0931986863333345
163 -0.0884567863333345
164 -0.0768523863333345
165 -0.0571636863333345
166 -0.0305294863333345
167 -0.0064300863333345
168 0.0122059136666655
169 0.0213189136666655
170 0.0130635136666655
171 -0.0092582863333345
172 -0.0304638863333345
173 -0.0472874863333345
174 -0.0674095863333345
175 -0.0885973863333345
176 -0.1056392863333345
177 -0.1209430863333345
178 -0.1337686863333345
179 -0.1331752863333345
180 -0.1155342863333345
181 -0.0922077863333345
182 -0.0791374863333345
183 -0.0803763863333345
184 -0.0856989863333345
185 -0.0843729863333345
186 -0.0733380863333345
187 -0.0578705863333345
188 -0.0421031863333345
189 -0.0320852863333345
190 -0.0264008863333345
191 -0.0250671863333345
192 -0.0353002863333345
193 -0.0547143863333345
194 -0.0717109863333345
195 -0.0760908863333345
196 -0.0627992863333345
197 -0.0344860863333345
198 -0.0058331863333345
199 0.0090944136666655
200 0.0097697136666655
201 0.0079375136666655
202 0.0150780136666655
203 0.0333105136666655
204 0.0548728136666655
205 0.0669715136666655
206 0.0762074136666655
207 0.0886256136666655
208 0.0898926136666655
209 0.0764433136666655
210 0.0508284136666655
211 0.0282498136666655
212 0.0131615136666655
213 -0.0014636863333345
214 -0.0138712863333345
215 -0.0100782863333345
216 0.0002683136666655
217 -0.0026092863333345
218 -0.0118787863333345
219 -0.0129534863333345
220 -0.0042812863333345
221 0.0073667136666655
222 0.0080346136666655
223 0.0034893136666655
224 0.0069056136666655
225 0.0129486136666655
226 0.0150100136666655
227 0.0138259136666655
228 0.0102746136666655
229 0.0067232136666655
230 0.0065349136666655
231 0.0077510136666655
232 0.0061754136666655
233 -0.0020101863333345
234 -0.0174472863333345
235 -0.0375558863333345
236 -0.0604074863333345
237 -0.0827262863333345
238 -0.0995951863333345
239 -0.1047998863333345
240 -0.0961218863333345
241 -0.0790133863333345
242 -0.0605921863333345
243 -0.0446215863333345
244 -0.0326107863333345
245 -0.0266665863333345
246 -0.0278406863333345
247 -0.0334217863333345
248 -0.0423772863333345
249 -0.0520066863333345
250 -0.0577746863333345
251 -0.0611213863333345
252 -0.0620735863333345
253 -0.0591321863333345
254 -0.0574853863333345
255 -0.0596330863333345
256 -0.0573600863333345
257 -0.0516162863333345
258 -0.0530323863333345
259 -0.0671861863333345
260 -0.0862435863333345
261 -0.1025857863333345
262 -0.1183194863333345
263 -0.1332206863333345
264 -0.1389828863333345
265 -0.1286322863333345
266 -0.1131994863333345
267 -0.1050172863333345
268 -0.0997727863333345
269 -0.0925450863333345
270 -0.0811948863333345
271 -0.0677669863333345
272 -0.0533289863333345
273 -0.0363295863333345
274 -0.0148102863333345
275 0.0087980136666655
276 0.0249643136666655
277 0.0256319136666655
278 0.0119924136666655
279 -0.0094051863333345
280 -0.0314009863333345
281 -0.0489523863333345
282 -0.0570832863333345
283 -0.0537363863333345
284 -0.0490849863333345
285 -0.0539817863333345
286 -0.0607793863333345
287 -0.0605353863333345
288 -0.0548513863333345
289 -0.0503225863333345
290 -0.0545002863333345
291 -0.0666501863333345
292 -0.0759569863333345
293 -0.0707421863333345
294 -0.0466900863333345
295 -0.0156416863333345
296 0.0132693136666655
297 0.0443885136666655
298 0.0753741136666655
299 0.0857787136666655
300 0.0668565136666655
301 0.0367264136666655
302 0.0134871136666655
303 -0.0004024863333345
304 -0.0054158863333345
305 -0.0072943863333345
306 -0.0131931863333345
307 -0.0251098863333345
308 -0.0377579863333345
309 -0.0455539863333345
310 -0.0512919863333345
311 -0.0591932863333345
312 -0.0691474863333345
313 -0.0831927863333345
314 -0.1028465863333345
315 -0.1238663863333345
316 -0.1391703863333345
317 -0.1488519863333345
318 -0.1579198863333345
319 -0.1693783863333345
320 -0.1784322863333345
321 -0.1805490863333345
322 -0.1745603863333345
323 -0.1661311863333345
324 -0.1570187863333345
325 -0.1501579863333345
326 -0.1476373863333345
327 -0.1457524863333345
328 -0.1389322863333345
329 -0.1270487863333345
330 -0.1143287863333345
331 -0.1073990863333345
332 -0.1069812863333345
333 -0.1070967863333345
334 -0.1026503863333345
335 -0.0948934863333345
336 -0.0930306863333345
337 -0.1033429863333345
338 -0.1211067863333345
339 -0.1392047863333345
340 -0.1540915863333345
341 -0.1634492863333345
342 -0.1644612863333345
343 -0.1551967863333345
344 -0.1392532863333345
345 -0.1279029863333345
346 -0.1283978863333345
347 -0.1373382863333345
348 -0.1457309863333345
349 -0.1495830863333345
350 -0.1471342863333345
351 -0.1397301863333345
352 -0.1357495863333345
353 -0.1368325863333345
354 -0.1412501863333345
355 -0.1475580863333345
356 -0.1513097863333345
357 -0.1458601863333345
358 -0.1194220863333345
359 -0.0705668863333345
360 -0.0144409863333345
361 0.0334603136666655
362 0.0648580136666655
363 0.0890492136666655
364 0.1161386136666655
365 0.1422058136666655
366 0.1555549136666655
367 0.1547245136666655
368 0.1525735136666654
369 0.1525161136666655
370 0.1462270136666655
371 0.1272472136666655
372 0.0945678136666655
373 0.0446389136666655
374 -0.0037419863333345
375 -0.0322771863333345
376 -0.0421506863333345
377 -0.0450307863333345
378 -0.0505531863333345
379 -0.0631569863333345
380 -0.0783141863333345
381 -0.0930158863333345
382 -0.1109329863333345
383 -0.1276255863333345
384 -0.1366787863333345
385 -0.1377473863333345
386 -0.1325793863333345
387 -0.1231726863333345
388 -0.1125872863333345
389 -0.1074350863333345
390 -0.1094704863333345
391 -0.1128767863333345
392 -0.1137067863333345
393 -0.1096201863333345
394 -0.1067304863333345
395 -0.1070782863333345
396 -0.1004790863333345
397 -0.0816774863333345
398 -0.0608031863333345
399 -0.0425245863333345
400 -0.0294220863333345
401 -0.0228141863333345
402 -0.0096158863333345
403 0.0131314136666655
404 0.0235456136666655
405 0.0155809136666655
406 -0.0025129863333345
407 -0.0239271863333345
408 -0.0383109863333345
409 -0.0333658863333345
410 -0.0031199863333345
411 0.0361499136666655
412 0.0666689136666655
413 0.0801022136666655
414 0.0730339136666655
415 0.0549675136666655
416 0.0410141136666655
417 0.0402620136666655
418 0.0500584136666655
419 0.0487366136666655
420 0.0292514136666655
421 0.0053696136666655
422 -0.0130866863333345
423 -0.0277664863333345
424 -0.0439470863333345
425 -0.0682574863333345
426 -0.0931373863333345
427 -0.1066026863333345
428 -0.1042292863333345
429 -0.0889854863333345
430 -0.0686576863333345
431 -0.0539109863333345
432 -0.0514021863333345
433 -0.0557318863333345
434 -0.0525865863333345
435 -0.0365787863333345
436 -0.0134446863333345
437 0.0120293136666655
438 0.0372903136666655
439 0.0615032136666655
440 0.0820343136666655
441 0.0916219136666655
442 0.0860094136666655
443 0.0723071136666655
444 0.0594411136666655
445 0.0451506136666655
446 0.0245848136666655
447 0.0034420136666655
448 -0.0111826863333345
449 -0.0182659863333345
450 -0.0212850863333345
451 -0.0173748863333345
452 -0.0093819863333345
453 -0.0035846863333345
454 -0.0057224863333345
455 -0.0115006863333345
456 -0.0182523863333345
457 -0.0285113863333345
458 -0.0341600863333345
459 -0.0322621863333345
460 -0.0235728863333345
461 -0.0116455863333345
462 0.0018381136666655
463 0.0114488136666655
464 0.0100545136666655
465 -0.0016026863333345
466 -0.0120114863333345
467 -0.0047343863333345
468 0.0119713136666655
469 0.0275607136666655
470 0.0339486136666655
471 0.0389612136666655
472 0.0551792136666655
473 0.0716537136666655
474 0.0755930136666655
475 0.0698149136666655
476 0.0566676136666655
477 0.0313521136666655
478 0.0022038136666655
479 -0.0218361863333345
480 -0.0286692863333345
481 -0.0145243863333345
482 0.0148116136666655
483 0.0510134136666655
484 0.0733591136666655
485 0.0648078136666655
486 0.0353968136666655
487 0.0045197136666655
488 -0.0140894863333345
489 -0.0233014863333345
490 -0.0319832863333345
491 -0.0336514863333345
492 -0.0273362863333345
493 -0.0203109863333345
494 -0.0158001863333345
495 -0.0168238863333345
496 -0.0209105863333345
497 -0.0313930863333345
498 -0.0429808863333345
499 -0.0512458863333345
500 -0.0586225863333345
501 -0.0677233863333345
502 -0.0830534863333345
503 -0.0986829863333345
504 -0.1046195863333345
505 -0.1027500863333345
506 -0.1004309863333345
507 -0.1053620863333345
508 -0.1137009863333345
509 -0.1135544863333345
510 -0.0950479863333345
511 -0.0624285863333345
512 -0.0243272863333345
513 0.0116266136666655
514 0.0364632136666655
515 0.0520986136666655
516 0.0655655136666655
517 0.0851473136666655
518 0.1110750136666654
519 0.1318087136666655
520 0.1415527136666655
521 0.1422923136666654
522 0.1522779136666655
523 0.1709301136666655
524 0.1820209136666655
525 0.1720533136666655
526 0.1410091136666655
527 0.1135731136666655
528 0.0980977136666655
529 0.0862664136666655
530 0.0787762136666655
531 0.0785351136666655
532 0.0703935136666655
533 0.0416397136666655
534 0.0017074136666655
535 -0.0345552863333345
536 -0.0599168863333345
537 -0.0759222863333345
538 -0.0804529863333345
539 -0.0728902863333345
540 -0.0636556863333345
541 -0.0621238863333345
542 -0.0634634863333345
543 -0.0612958863333345
544 -0.0568770863333345
545 -0.0581299863333345
546 -0.0694596863333345
547 -0.0780045863333345
548 -0.0736404863333345
549 -0.0624665863333345
550 -0.0528759863333345
551 -0.0483280863333345
552 -0.0448185863333345
553 -0.0487209863333345
554 -0.0629988863333345
555 -0.0797583863333345
556 -0.0829033863333345
557 -0.0745359863333345
558 -0.0726772863333345
559 -0.0761742863333345
560 -0.0720649863333345
561 -0.0646841863333345
562 -0.0582630863333345
563 -0.0484896863333345
564 -0.0392823863333345
565 -0.0340851863333345
566 -0.0311523863333345
567 -0.0279196863333345
568 -0.0243614863333345
569 -0.0222487863333345
570 -0.0239309863333345
571 -0.0339909863333345
572 -0.0539887863333345
573 -0.0779643863333345
574 -0.0982775863333345
575 -0.1137016863333345
576 -0.1288962863333345
577 -0.1459161863333345
578 -0.1618591863333345
579 -0.1730613863333345
580 -0.1786707863333345
581 -0.1765547863333345
582 -0.1655788863333345
583 -0.1503798863333345
584 -0.1374017863333345
585 -0.1268496863333345
586 -0.1159694863333345
587 -0.1072812863333345
588 -0.1027945863333345
589 -0.0977165863333345
590 -0.0910361863333345
591 -0.0883212863333345
592 -0.0913136863333345
593 -0.0913857863333345
594 -0.0866174863333345
595 -0.0799304863333345
596 -0.0731195863333345
597 -0.0597837863333345
598 -0.0368488863333345
599 -0.0114030863333345
600 0.0045496136666655
