1 0.0255200668333334
2 0.0238542668333334
3 0.0115135668333334
4 0.0019756668333334
5 -0.0086468331666666
6 -0.0035747331666666
7 -0.0057718331666666
8 -0.0017654331666666
9 0.0042319668333334
10 0.0055213668333334
11 0.0016996668333334
12 0.0022458668333334
13 0.0157658668333334
14 0.0203642668333334
15 0.0249640668333334
16 0.0147583668333334
17 0.0099464668333334
18 0.0235445668333334
19 0.0053559668333334
20 -0.0125900331666666
21 -0.0012986331666666
22 0.0092416668333334
23 0.0053394668333334
24 0.0151530668333334
25 0.0458566668333334
26 0.0573234668333334
27 0.0443376668333334
28 0.0215515668333334
29 0.0101617668333334
30 0.0048600668333334
31 0.0013915668333334
32 0.0015910668333334
33 0.0082171668333334
34 0.0168508668333334
35 0.0254149668333334
36 0.0401360668333334
37 0.0370357668333334
38 0.0311361668333334
39 0.0389399668333334
40 0.0318447668333334
41 0.0343875668333334
42 0.0334272668333334
43 0.0357006668333334
44 0.0270929668333334
45 0.0231295668333334
46 0.0486504668333334
47 0.0678318668333334
48 0.1012898668333334
49 0.1547393668333334
50 0.1973495668333334
51 0.1949353668333334
52 0.1817394668333334
53 0.2110652668333334
54 0.2362757668333334
55 0.2012601668333334
56 0.2505116668333334
57 0.2357109668333334
58 0.2416303668333334
59 0.2993566668333334
60 0.3094766668333334
61 0.3273062668333334
62 0.3655600668333334
63 0.3680639668333334
64 0.3535248668333334
65 0.3351324668333334
66 0.3392788668333334
67 0.3322589668333334
68 0.3607874668333334
69 0.3935753668333334
70 0.4361325668333335
71 0.4255905668333334
72 0.4517812668333334
73 0.4588973668333335
74 0.3570502668333334
75 0.3331317668333335
76 0.3277292668333335
77 0.3756193668333334
78 0.4163316668333334
79 0.3634325668333335
80 0.3251723668333334
81 0.3408940668333335
82 0.4029011668333334
83 0.4121902668333335
84 0.3826841668333334
85 0.3967334668333334
86 0.3866422668333335
87 0.3752989668333334
88 0.3277499668333335
89 0.3248981668333334
90 0.2795877668333334
91 0.2432635668333334
92 0.2661055668333334
93 0.2697542668333334
94 0.3059419668333334
95 0.2790470668333334
96 0.3049058668333334
97 0.3663640668333334
98 0.3406487668333334
99 0.3197842668333334
100 0.3430052668333334
101 0.2764318668333334
102 0.3216250668333335
103 0.3156613668333335
104 0.3784627668333335
105 0.4466203668333334
106 0.4633975668333334
107 0.4921367668333334
108 0.4346853668333335
109 0.4602441668333335
110 0.4739775668333335
111 0.4186867668333334
112 0.5181017668333334
113 0.5300703668333334
114 0.4519722668333335
115 0.4601094668333334
116 0.5112957668333334
117 0.5061743668333334
118 0.4292586668333335
119 0.4529924668333334
120 0.4113488668333334
121 0.3803615668333334
122 0.3468315668333334
123 0.3718092668333335
124 0.3973623668333335
125 0.3749479668333334
126 0.4265077668333335
127 0.4220416668333334
128 0.3882991668333334
129 0.4338776668333334
130 0.3882122668333334
131 0.4530671668333335
132 0.4967573668333334
133 0.3577903668333334
134 0.4404176668333334
135 0.4609837668333334
136 0.4995160668333334
137 0.4114673668333334
138 0.3695294668333334
139 0.3920429668333334
140 0.3787210668333334
141 0.3759819668333334
142 0.4398568668333335
143 0.3395115668333334
144 0.3323868668333334
145 0.3580300668333334
146 0.3893454668333335
147 0.4161409668333335
148 0.4451934668333334
149 0.4601943668333335
150 0.4963645668333334
151 0.4070502668333335
152 0.3656423668333334
153 0.3533991668333334
154 0.3162037668333334
155 0.2858765668333334
156 0.2880605668333334
157 0.3094286668333334
158 0.2655993668333334
159 0.2688304668333334
160 0.2518478668333334
161 0.2707149668333334
162 0.2957004668333334
163 0.3021446668333334
164 0.2993763668333334
165 0.2940135668333334
166 0.3165634668333335
167 0.3618368668333334
168 0.4292338668333334
169 0.4480074668333335
170 0.4097216668333334
171 0.4480549668333335
172 0.3792285668333334
173 0.3890245668333334
174 0.4162321668333334
175 0.4791687668333334
176 0.4373714668333334
177 0.4670069668333334
178 0.3950535668333335
179 0.4018755668333335
180 0.3812239668333335
181 0.3635046668333334
182 0.3375464668333334
183 0.4034515668333334
184 0.4777742668333335
185 0.4393649668333335
186 0.3646162668333335
187 0.3841343668333335
188 0.4071631668333334
189 0.3601437668333334
190 0.3604858668333334
191 0.3723766668333335
192 0.3850262668333334
193 0.4237577668333334
194 0.4895516668333334
195 0.4508875668333334
196 0.4497413668333334
197 0.4240705668333334
198 0.4386943668333334
199 0.4784054668333334
200 0.4808406668333335
201 0.5267896668333334
202 0.4321444668333334
203 0.4546842668333334
204 0.5132740668333334
205 0.5021665668333334
206 0.3753652668333335
207 0.3204655668333334
208 0.3669850668333334
209 0.3877435668333334
210 0.4162719668333335
211 0.4160477668333334
212 0.4761297668333334
213 0.4573324668333334
214 0.4702598668333334
215 0.4059903668333334
216 0.4745357668333334
217 0.4117480668333334
218 0.3907309668333334
219 0.3931440668333335
220 0.4402932668333335
221 0.3757485668333335
222 0.3585503668333334
223 0.3991487668333334
224 0.4263676668333334
225 0.4573674668333334
226 0.5237543668333334
227 0.4458249668333334
228 0.4759555668333334
229 0.5085968668333334
230 0.5144049668333335
231 0.3967304668333335
232 0.3810013668333334
233 0.3521009668333335
234 0.3802722668333335
235 0.3781657668333335
236 0.4089699668333334
237 0.3730682668333334
238 0.3361063668333334
239 0.3393700668333335
240 0.3060169668333335
241 0.3372025668333334
242 0.3912275668333335
243 0.4066697668333334
244 0.4008000668333335
245 0.4413434668333335
246 0.4370219668333334
247 0.4783603668333334
248 0.4860365668333334
249 0.4998169668333334
250 0.4402323668333334
251 0.3836620668333335
252 0.3325501668333334
253 0.3489119668333335
254 0.3409233668333335
255 0.3585178668333334
256 0.3383681668333335
257 0.3573238668333334
258 0.3422221668333334
259 0.3288802668333334
260 0.3194976668333335
261 0.3743916668333335
262 0.3614915668333334
263 0.4088455668333334
264 0.4072054668333335
265 0.5022954668333335
266 0.4596796668333334
267 0.4644205668333334
268 0.4207852668333334
269 0.4009833668333335
270 0.3634895668333334
271 0.3285219668333335
272 0.3725429668333334
273 0.4302469668333334
274 0.3720677668333334
275 0.4300672668333334
276 0.3724501668333334
277 0.4163241668333334
278 0.4162377668333335
279 0.5054072668333335
280 0.4978767668333335
281 0.5135784668333334
282 0.5081873668333334
283 0.4921241668333335
284 0.4281208668333334
285 0.4227253668333334
286 0.4541856668333334
287 0.4516993668333334
288 0.3510996668333334
289 0.3370024668333335
290 0.3026626668333334
291 0.2328726668333334
292 0.2967670668333334
293 0.3363781668333334
294 0.3345195668333334
295 0.3827845668333334
296 0.3833531668333334
297 0.3222925668333334
298 0.2863824668333335
299 0.2962085668333334
300 0.3007837668333334
301 0.3235096668333335
302 0.3860808668333334
303 0.4084124668333334
304 0.4534472668333335
305 0.4965393668333334
306 0.4438937668333335
307 0.4481173668333335
308 0.4637836668333334
309 0.4818326668333335
310 0.3582435668333335
311 0.3720176668333335
312 0.4073671668333334
313 0.3611299668333334
314 0.3846307668333334
315 0.4454077668333334
316 0.3512056668333334
317 0.3930761668333335
318 0.4006329668333334
319 0.3226635668333334
320 0.3336613668333335
321 0.3540437668333334
322 0.3329714668333335
323 0.3354493668333335
324 0.3897848668333335
325 0.4571656668333335
326 0.4481049668333335
327 0.3962798668333334
328 0.4228091668333335
329 0.4731533668333334
330 0.5163057668333334
331 0.4278119668333334
332 0.3856411668333334
333 0.3590733668333335
334 0.3269308668333334
335 0.3452624668333334
336 0.3019140668333334
337 0.2994945668333334
338 0.3240507668333334
339 0.2969380668333335
340 0.2597589668333334
341 0.2480826668333334
342 0.2308008668333334
343 0.2517193668333334
344 0.2301194668333334
345 0.1778046668333334
346 0.1639881668333334
347 0.1668157668333334
348 0.1320265668333334
349 0.1297123668333334
350 0.1327974668333334
351 0.1542982668333334
352 0.1631519668333334
353 0.1361626668333334
354 0.1498058668333334
355 0.1451659668333334
356 0.1130361668333334
357 0.1212121668333334
358 0.1378159668333334
359 0.1733291668333334
360 0.1516743668333334
361 0.1779360668333334
362 0.2271081668333334
363 0.2670726668333334
364 0.2689751668333334
365 0.2460606668333334
366 0.2410227668333334
367 0.2482236668333334
368 0.2679901668333334
369 0.2649270668333334
370 0.2896530668333334
371 0.2983346668333334
372 0.2877983668333334
373 0.3008323668333334
374 0.3297612668333334
375 0.2916533668333334
376 0.3295328668333334
377 0.3630946668333335
378 0.3758583668333334
379 0.3334472668333335
380 0.2733855668333334
381 0.2942029668333334
382 0.3236963668333335
383 0.3426084668333335
384 0.3537544668333334
385 0.3627648668333334
386 0.3180678668333334
387 0.2957313668333335
388 0.3336935668333334
389 0.3933864668333334
390 0.3438232668333334
391 0.2972419668333334
392 0.2629464668333334
393 0.2476524668333334
394 0.2868854668333334
395 0.2640023668333334
396 0.2612540668333334
397 0.3234326668333334
398 0.3417148668333334
399 0.3719018668333335
400 0.3930290668333334
401 0.3147022668333335
402 0.3277882668333334
403 0.3245445668333334
404 0.3027995668333334
405 0.3086818668333334
406 0.3572985668333334
407 0.3246767668333335
408 0.3526539668333334
409 0.3836891668333334
410 0.4021071668333335
411 0.3808323668333334
412 0.3658960668333334
413 0.3905793668333334
414 0.3681054668333335
415 0.3054235668333334
416 0.3509018668333335
417 0.4318482668333334
418 0.3436064668333334
419 0.3474330668333334
420 0.3649450668333334
421 0.3558541668333335
422 0.3242496668333334
423 0.2561056668333334
424 0.3202495668333334
425 0.3419618668333334
426 0.3646397668333334
427 0.4996313668333334
428 0.4832537668333334
429 0.4756044668333335
430 0.4293409668333334
431 0.3807544668333335
432 0.3454826668333334
433 0.3276428668333334
434 0.3518717668333334
435 0.3869255668333335
436 0.3424825668333334
437 0.2982475668333334
438 0.2561884668333334
439 0.2867767668333334
440 0.2911706668333334
441 0.2465529668333334
442 0.2637838668333334
443 0.2821766668333334
444 0.3332929668333334
445 0.3475694668333335
446 0.3443219668333334
447 0.3242774668333335
448 0.3562860668333334
449 0.3069703668333335
450 0.3162533668333334
451 0.2620998668333334
452 0.2581962668333334
453 0.2643141668333334
454 0.2997042668333334
455 0.3065504668333334
456 0.3415517668333334
457 0.3200372668333334
458 0.2997120668333334
459 0.2901582668333335
460 0.3428288668333335
461 0.3789723668333335
462 0.3676610668333334
463 0.3304254668333334
464 0.3396067668333335
465 0.3294603668333335
466 0.3221454668333334
467 0.3532089668333335
468 0.3647290668333334
469 0.4113742668333334
470 0.3294779668333334
471 0.3043651668333334
472 0.3568680668333334
473 0.4060222668333334
474 0.3739452668333334
475 0.3485536668333334
476 0.3952096668333335
477 0.3915619668333334
478 0.3560603668333334
479 0.4109117668333334
480 0.4720880668333335
481 0.4123367668333334
482 0.4198832668333334
483 0.3546990668333334
484 0.3605817668333334
485 0.4152894668333335
486 0.3962737668333335
487 0.4286062668333335
488 0.4519476668333334
489 0.4454855668333334
490 0.3531461668333334
491 0.3852916668333334
492 0.3906181668333334
493 0.4021554668333335
494 0.4300292668333334
495 0.4921031668333334
496 0.5077457668333334
497 0.5190015668333334
498 0.5239337668333335
499 0.4681022668333334
500 0.4311520668333334
501 0.3761379668333334
502 0.3692249668333334
503 0.3652538668333334
504 0.3699156668333334
505 0.3786307668333334
506 0.3332158668333335
507 0.3412407668333335
508 0.3418647668333334
509 0.3152383668333334
510 0.2817738668333334
511 0.3558605668333334
512 0.3425325668333334
513 0.3799553668333334
514 0.3450883668333334
515 0.3443108668333335
516 0.3686158668333335
517 0.4092276668333334
518 0.3636109668333334
519 0.3947204668333334
520 0.4001820668333335
521 0.3658700668333335
522 0.3747435668333334
523 0.4157224668333335
524 0.3801792668333335
525 0.4026566668333335
526 0.4027180668333334
527 0.3752945668333334
528 0.3787446668333334
529 0.4210285668333335
530 0.3993507668333335
531 0.3821606668333334
532 0.3296484668333335
533 0.3436641668333335
534 0.3810033668333335
535 0.3958657668333334
536 0.3920014668333335
537 0.5184076668333334
538 0.5270506668333335
539 0.3959145668333335
540 0.4395855668333334
541 0.4523739668333334
542 0.4861579668333335
543 0.5075898668333334
544 0.4953041668333334
545 0.5262897668333334
546 0.5054028668333335
547 0.4167294668333335
548 0.4310817668333334
549 0.4408687668333334
550 0.4353418668333334
551 0.3997729668333334
552 0.3743841668333334
553 0.4394872668333334
554 0.3351820668333334
555 0.3610884668333334
556 0.4183750668333335
557 0.4067602668333334
558 0.3948512668333334
559 0.3376811668333334
560 0.3390803668333334
561 0.3791306668333334
562 0.3548273668333334
563 0.4084903668333334
564 0.5066089668333335
565 0.5066471668333334
566 0.4777502668333334
567 0.4417457668333334
568 0.4244178668333334
569 0.3894533668333334
570 0.4106587668333335
571 0.4574882668333334
572 0.4551984668333334
573 0.3956118668333334
574 0.4624546668333335
575 0.4364685668333335
576 0.4458949668333334
577 0.4094289668333334
578 0.3868368668333334
579 0.4188584668333334
580 0.4331377668333334
581 0.4691568668333335
582 0.3908800668333334
583 0.3792718668333335
584 0.4311586668333335
585 0.3801498668333334
586 0.4762499668333334
587 0.4695391668333334
588 0.4635504668333335
589 0.5104264668333335
590 0.5077762668333334
591 0.4357226668333334
592 0.4541420668333335
593 0.4951022668333335
594 0.5094097668333334
595 0.4746248668333334
596 0.4958283668333334
597 0.5416993668333334
598 0.5200529668333335
599 0.4489705668333335
600 0.4067084668333334
