       1.0000000       18.0562770
       2.0000000       12.4877960
       3.0000000       10.3011240
       4.0000000        8.9236448
       5.0000000        7.9186370
       6.0000000        7.1758452
       7.0000000        6.6578497
       8.0000000        6.2296278
       9.0000000        5.9678114
      10.0000000        5.7429854
      11.0000000        5.4892143
      12.0000000        5.3231932
      13.0000000        5.2145877
      14.0000000        5.1473489
      15.0000000        5.1097362
      16.0000000        5.0659736
      17.0000000        5.0097733
      18.0000000        4.9786573
      19.0000000        4.9445644
      20.0000000        4.9113859
      21.0000000        4.8783591
      22.0000000        4.8394875
      23.0000000        4.8047089
      24.0000000        4.7993840
      25.0000000        4.7780720
      26.0000000        4.8109231
      27.0000000        4.8559624
      28.0000000        4.8777515
      29.0000000        4.8825439
      30.0000000        4.9184453
      31.0000000        4.9196221
      32.0000000        4.9146783
      33.0000000        4.9215516
      34.0000000        4.9400826
      35.0000000        4.9669833
      36.0000000        4.9696651
      37.0000000        4.9700891
      38.0000000        4.9738313
      39.0000000        5.0062590
      40.0000000        4.9998181
      41.0000000        4.9828585
      42.0000000        4.9843882
      43.0000000        4.9815337
      44.0000000        4.9470143
      45.0000000        4.9039276
      46.0000000        4.9039210
      47.0000000        4.9069975
      48.0000000        4.9627948
      49.0000000        4.9958832
      50.0000000        4.9814365
      51.0000000        4.9762275
      52.0000000        4.9902508
      53.0000000        4.9525279
      54.0000000        4.8902339
      55.0000000        4.8317461
      56.0000000        4.8082338
      57.0000000        4.8283202
      58.0000000        4.8746095
      59.0000000        4.9099383
      60.0000000        4.9858043
      61.0000000        5.0654267
      62.0000000        5.1750104
      63.0000000        5.2716923
      64.0000000        5.3458261
      65.0000000        5.3786921
      66.0000000        5.3879974
      67.0000000        5.4032798
      68.0000000        5.4063981
      69.0000000        5.3947955
      70.0000000        5.4085681
      71.0000000        5.4336547
      72.0000000        5.4170598
      73.0000000        5.4242158
      74.0000000        5.4137233
      75.0000000        5.4035012
      76.0000000        5.3613719
      77.0000000        5.3485419
      78.0000000        5.3362042
      79.0000000        5.2727879
      80.0000000        5.1348581
      81.0000000        5.0406923
      82.0000000        4.9919742
      83.0000000        4.9369377
      84.0000000        4.9468951
      85.0000000        4.9779544
      86.0000000        4.9678698
      87.0000000        4.9724243
      88.0000000        4.9627961
      89.0000000        4.9551943
      90.0000000        4.9426298
      91.0000000        4.9901444
      92.0000000        5.0328727
      93.0000000        5.0644669
      94.0000000        5.0664155
      95.0000000        5.0276820
      96.0000000        4.9663862
      97.0000000        4.9050882
      98.0000000        4.8384035
      99.0000000        4.8035239
     100.0000000        4.7760313
     101.0000000        4.7340866
     102.0000000        4.6917565
     103.0000000        4.6778125
     104.0000000        4.6926248
     105.0000000        4.6963857
     106.0000000        4.7217023
     107.0000000        4.7467742
     108.0000000        4.7850546
     109.0000000        4.8073471
     110.0000000        4.8285804
     111.0000000        4.8366103
     112.0000000        4.8393951
     113.0000000        4.8662376
     114.0000000        4.9105972
     115.0000000        4.9496435
     116.0000000        4.9847981
     117.0000000        4.9768051
     118.0000000        4.9536343
     119.0000000        4.9390157
     120.0000000        4.9586980
     121.0000000        4.9934905
     122.0000000        4.9985873
     123.0000000        5.0656544
     124.0000000        5.1353438
     125.0000000        5.1662816
     126.0000000        5.1984541
     127.0000000        5.2301892
     128.0000000        5.2651165
     129.0000000        5.2908624
     130.0000000        5.2853599
     131.0000000        5.2659571
     132.0000000        5.2578228
     133.0000000        5.2221500
     134.0000000        5.1721598
     135.0000000        5.0920522
     136.0000000        5.0429723
     137.0000000        5.0160428
     138.0000000        5.0309094
     139.0000000        5.0708154
     140.0000000        5.1192376
     141.0000000        5.1755674
     142.0000000        5.2004591
     143.0000000        5.2113692
     144.0000000        5.2183582
     145.0000000        5.1927628
     146.0000000        5.1761311
     147.0000000        5.1824409
     148.0000000        5.1939863
     149.0000000        5.2122728
     150.0000000        5.2131478
     151.0000000        5.2262132
     152.0000000        5.2490024
     153.0000000        5.2390146
     154.0000000        5.1959353
     155.0000000        5.1720888
     156.0000000        5.1606680
     157.0000000        5.0979887
     158.0000000        5.0022896
     159.0000000        4.9513238
     160.0000000        4.9236744
     161.0000000        4.9024414
     162.0000000        4.8581958
     163.0000000        4.8482407
     164.0000000        4.8546534
     165.0000000        4.8901592
     166.0000000        4.9094858
     167.0000000        4.9413667
     168.0000000        4.9612619
     169.0000000        4.9524552
     170.0000000        4.9702026
     171.0000000        5.0037056
     172.0000000        5.0686451
     173.0000000        5.1007753
     174.0000000        5.1090015
     175.0000000        5.1014218
     176.0000000        5.0930116
     177.0000000        5.0638500
     178.0000000        5.0238611
     179.0000000        5.0036536
     180.0000000        5.0186871
     181.0000000        5.0393807
     182.0000000        5.0503407
     183.0000000        5.0609891
     184.0000000        5.0424146
     185.0000000        5.0005559
     186.0000000        4.9445763
     187.0000000        4.9086928
     188.0000000        4.8677553
     189.0000000        4.8166817
     190.0000000        4.8213749
     191.0000000        4.8036623
     192.0000000        4.8123905
     193.0000000        4.8174212
     194.0000000        4.8380122
     195.0000000        4.8816550
     196.0000000        4.9035040
     197.0000000        4.9412640
     198.0000000        4.9675273
     199.0000000        4.9834167
     200.0000000        4.9779464
     201.0000000        5.0066063
     202.0000000        4.9904063
     203.0000000        4.9721225
     204.0000000        4.9385841
     205.0000000        4.9011952
     206.0000000        4.8571115
     207.0000000        4.8326849
     208.0000000        4.8264524
     209.0000000        4.8270044
     210.0000000        4.8212622
     211.0000000        4.8212828
     212.0000000        4.8179947
     213.0000000        4.8239765
     214.0000000        4.8342485
     215.0000000        4.8794030
     216.0000000        4.9138064
     217.0000000        4.9601956
     218.0000000        5.0039599
     219.0000000        4.9935139
     220.0000000        4.9795499
     221.0000000        4.9336146
     222.0000000        4.9006661
     223.0000000        4.8777246
     224.0000000        4.8721235
     225.0000000        4.9124308
     226.0000000        4.9500770
     227.0000000        5.0211387
     228.0000000        5.0507103
     229.0000000        5.0575950
     230.0000000        5.0428198
     231.0000000        5.0253742
     232.0000000        5.0118209
     233.0000000        5.0310584
     234.0000000        5.0759473
     235.0000000        5.0904425
     236.0000000        5.0713880
     237.0000000        5.0757611
     238.0000000        5.0978964
     239.0000000        5.1346524
     240.0000000        5.1517506
     241.0000000        5.1636158
     242.0000000        5.1849288
     243.0000000        5.1641111
     244.0000000        5.1540459
     245.0000000        5.1467982
     246.0000000        5.1461875
     247.0000000        5.1176986
     248.0000000        5.1110886
     249.0000000        5.1230542
     250.0000000        5.1251684
     251.0000000        5.1012247
     252.0000000        5.0186101
     253.0000000        4.9265351
     254.0000000        4.8464148
     255.0000000        4.7996938
     256.0000000        4.7976636
     257.0000000        4.8048595
     258.0000000        4.7835651
     259.0000000        4.7520455
     260.0000000        4.7643035
     261.0000000        4.7633480
     262.0000000        4.7843335
     263.0000000        4.8043562
     264.0000000        4.8123881
     265.0000000        4.8230629
     266.0000000        4.8250632
     267.0000000        4.8361865
     268.0000000        4.8386128
     269.0000000        4.8504235
     270.0000000        4.8719663
     271.0000000        4.8993746
     272.0000000        4.9672962
     273.0000000        5.0459510
     274.0000000        5.1219868
     275.0000000        5.1107954
     276.0000000        5.1219189
     277.0000000        5.1176825
     278.0000000        5.1031728
     279.0000000        5.0915458
     280.0000000        5.0690734
     281.0000000        5.0699428
     282.0000000        5.0533404
     283.0000000        5.0264817
     284.0000000        5.0386743
     285.0000000        5.0279586
     286.0000000        4.9998873
     287.0000000        4.9825778
     288.0000000        4.9753924
     289.0000000        4.9289939
     290.0000000        4.8858852
     291.0000000        4.8275105
     292.0000000        4.7826114
     293.0000000        4.7414187
     294.0000000        4.7026400
     295.0000000        4.6899136
     296.0000000        4.6855777
     297.0000000        4.7061276
     298.0000000        4.7095835
     299.0000000        4.7312301
     300.0000000        4.7467276
     301.0000000        4.7872101
     302.0000000        4.8057072
     303.0000000        4.7989468
     304.0000000        4.8105133
     305.0000000        4.8568750
     306.0000000        4.9144692
     307.0000000        4.9507633
     308.0000000        4.9933870
     309.0000000        4.9886634
     310.0000000        4.9527983
     311.0000000        4.9154461
     312.0000000        4.8409128
     313.0000000        4.7882124
     314.0000000        4.7734617
     315.0000000        4.7550895
     316.0000000        4.7230002
     317.0000000        4.7192939
     318.0000000        4.6843799
     319.0000000        4.6660117
     320.0000000        4.6625803
     321.0000000        4.6706189
     322.0000000        4.6709796
     323.0000000        4.6600854
     324.0000000        4.6326519
     325.0000000        4.5938111
     326.0000000        4.5874598
     327.0000000        4.6169568
     328.0000000        4.6278218
     329.0000000        4.6094606
     330.0000000        4.6080546
     331.0000000        4.6152658
     332.0000000        4.6624680
     333.0000000        4.7119601
     334.0000000        4.7396573
     335.0000000        4.7779605
     336.0000000        4.7933144
     337.0000000        4.8433437
     338.0000000        4.9295211
     339.0000000        4.9963947
     340.0000000        5.0555061
     341.0000000        5.0936621
     342.0000000        5.1043346
     343.0000000        5.0988780
     344.0000000        5.1138795
     345.0000000        5.0952948
     346.0000000        5.0623481
     347.0000000        5.0280573
     348.0000000        5.0223977
     349.0000000        5.0418016
     350.0000000        5.0779644
     351.0000000        5.1013570
     352.0000000        5.0887429
     353.0000000        5.0668922
     354.0000000        5.0221242
     355.0000000        4.9955165
     356.0000000        4.9884629
     357.0000000        4.9785169
     358.0000000        4.9938791
     359.0000000        4.9673286
     360.0000000        4.9830193
     361.0000000        5.0118303
     362.0000000        5.0187569
     363.0000000        5.0092944
     364.0000000        5.0122771
     365.0000000        5.0158196
     366.0000000        5.0043250
     367.0000000        4.9829743
     368.0000000        4.9620467
     369.0000000        4.9045573
     370.0000000        4.8434392
     371.0000000        4.7841660
     372.0000000        4.7258237
     373.0000000        4.6749535
     374.0000000        4.6784395
     375.0000000        4.7016282
     376.0000000        4.7439984
     377.0000000        4.8069438
     378.0000000        4.8353575
     379.0000000        4.8691366
     380.0000000        4.9060758
     381.0000000        4.9842273
     382.0000000        5.0566451
     383.0000000        5.1141569
     384.0000000        5.1714912
     385.0000000        5.2217928
     386.0000000        5.2409963
     387.0000000        5.2111026
     388.0000000        5.1787842
     389.0000000        5.1362895
     390.0000000        5.1005963
     391.0000000        5.0367484
     392.0000000        4.9972681
     393.0000000        4.9912214
     394.0000000        4.9389899
     395.0000000        4.8727399
     396.0000000        4.8626355
     397.0000000        4.8726151
     398.0000000        4.9384474
     399.0000000        4.9994103
     400.0000000        5.0618845
     401.0000000        5.0876986
     402.0000000        5.0654758
     403.0000000        5.0354155
     404.0000000        5.0243574
     405.0000000        5.0272625
     406.0000000        5.0222100
     407.0000000        5.0253717
     408.0000000        5.0335782
     409.0000000        4.9806103
     410.0000000        4.8994676
     411.0000000        4.8175996
     412.0000000        4.7502954
     413.0000000        4.7061917
     414.0000000        4.6958276
     415.0000000        4.6920287
     416.0000000        4.6709816
     417.0000000        4.6732329
     418.0000000        4.6584610
     419.0000000        4.6382465
     420.0000000        4.6629228
     421.0000000        4.6947484
     422.0000000        4.7091663
     423.0000000        4.7278714
     424.0000000        4.7698800
     425.0000000        4.8008345
     426.0000000        4.8600767
     427.0000000        4.9066397
     428.0000000        4.9399357
     429.0000000        4.9843657
     430.0000000        5.0235472
     431.0000000        5.0283404
     432.0000000        5.0693736
     433.0000000        5.0762751
     434.0000000        5.0587471
     435.0000000        5.0743959
     436.0000000        5.0564419
     437.0000000        5.0472445
     438.0000000        5.0542134
     439.0000000        5.0411282
     440.0000000        5.0370972
     441.0000000        4.9977649
     442.0000000        4.9905500
     443.0000000        4.9577193
     444.0000000        4.9100003
     445.0000000        4.8553789
     446.0000000        4.8322164
     447.0000000        4.8529686
     448.0000000        4.9019684
     449.0000000        4.9580595
     450.0000000        4.9783340
     451.0000000        4.9888681
     452.0000000        4.9892020
     453.0000000        4.9820426
     454.0000000        4.9615963
     455.0000000        4.9551642
     456.0000000        4.9466900
     457.0000000        4.9179813
     458.0000000        4.8711828
     459.0000000        4.8163515
     460.0000000        4.8184419
     461.0000000        4.8557825
     462.0000000        4.9177603
     463.0000000        4.9802833
     464.0000000        5.0099812
     465.0000000        5.0412328
     466.0000000        5.0751819
     467.0000000        5.0788707
     468.0000000        5.0409130
     469.0000000        5.0377019
     470.0000000        5.0485649
     471.0000000        5.0358371
     472.0000000        4.9818466
     473.0000000        4.9240096
     474.0000000        4.9075799
     475.0000000        4.9243373
     476.0000000        4.9688671
     477.0000000        4.9927503
     478.0000000        5.0032258
     479.0000000        5.0098435
     480.0000000        5.0037808
     481.0000000        4.9939397
     482.0000000        5.0076095
     483.0000000        5.0688981
     484.0000000        5.1034165
     485.0000000        5.1319544
     486.0000000        5.1790743
     487.0000000        5.2200640
     488.0000000        5.2433967
     489.0000000        5.2273026
     490.0000000        5.2071324
     491.0000000        5.1619972
     492.0000000        5.1116424
     493.0000000        5.0194136
     494.0000000        4.9599975
     495.0000000        4.8981515
     496.0000000        4.8640014
     497.0000000        4.8807081
     498.0000000        4.8725031
     499.0000000        4.8822322
     500.0000000        4.9186586
     501.0000000        4.9643963
     502.0000000        5.0121926
     503.0000000        5.0386231
     504.0000000        5.0550928
     505.0000000        5.0435127
     506.0000000        4.9809315
     507.0000000        4.9494566
     508.0000000        4.9521955
     509.0000000        4.9632441
     510.0000000        4.9832593
     511.0000000        4.9968978
     512.0000000        4.9735713
     513.0000000        4.9700288
     514.0000000        4.9559608
     515.0000000        4.9347930
     516.0000000        4.9343429
     517.0000000        4.9279561
     518.0000000        4.9232506
     519.0000000        4.9124973
     520.0000000        4.9278482
     521.0000000        4.9592404
     522.0000000        5.0179738
     523.0000000        5.0396152
     524.0000000        5.0036442
     525.0000000        4.9879438
     526.0000000        4.9951181
     527.0000000        4.9985250
     528.0000000        5.0525709
     529.0000000        5.1025196
     530.0000000        5.1113999
     531.0000000        5.1275334
     532.0000000        5.1302696
     533.0000000        5.1068086
     534.0000000        5.0915402
     535.0000000        5.0677051
     536.0000000        5.0267834
     537.0000000        4.9937622
     538.0000000        5.0198995
     539.0000000        5.0484393
     540.0000000        5.0573905
     541.0000000        5.0752735
     542.0000000        5.0844552
     543.0000000        5.0732872
     544.0000000        5.0772743
     545.0000000        5.0492190
     546.0000000        5.0047359
     547.0000000        4.9280066
     548.0000000        4.8704153
     549.0000000        4.8089941
     550.0000000        4.7575968
     551.0000000        4.7126127
     552.0000000        4.6900598
     553.0000000        4.6774050
     554.0000000        4.6740754
     555.0000000        4.6664221
     556.0000000        4.6860384
     557.0000000        4.6999076
     558.0000000        4.7082157
     559.0000000        4.7258631
     560.0000000        4.7528854
     561.0000000        4.7881596
     562.0000000        4.8316553
     563.0000000        4.8561641
     564.0000000        4.8427502
     565.0000000        4.8213518
     566.0000000        4.8062932
     567.0000000        4.8054607
     568.0000000        4.8424332
     569.0000000        4.8785082
     570.0000000        4.8941148
     571.0000000        4.8738603
     572.0000000        4.8795933
     573.0000000        4.8856857
     574.0000000        4.8824225
     575.0000000        4.8492037
     576.0000000        4.8027427
     577.0000000        4.7843533
     578.0000000        4.8215999
     579.0000000        4.8643166
     580.0000000        4.8790564
     581.0000000        4.8877536
     582.0000000        4.8700455
     583.0000000        4.8379002
     584.0000000        4.7955213
     585.0000000        4.8025010
     586.0000000        4.8363341
     587.0000000        4.9079286
     588.0000000        4.9637344
     589.0000000        5.0010905
     590.0000000        5.0205371
     591.0000000        5.0241940
     592.0000000        4.9937093
     593.0000000        4.9535488
     594.0000000        4.8996273
     595.0000000        4.8533343
     596.0000000        4.8258237
     597.0000000        4.7655292
     598.0000000        4.7446039
     599.0000000        4.7533745
     600.0000000        4.7361726
