       1.0000000        4.6896720
       2.0000000        3.6938000
       3.0000000        3.2000780
       4.0000000        2.8856871
       5.0000000        2.6817794
       6.0000000        2.5490832
       7.0000000        2.4593825
       8.0000000        2.3990822
       9.0000000        2.3612757
      10.0000000        2.3405216
      11.0000000        2.3221464
      12.0000000        2.3033106
      13.0000000        2.2903066
      14.0000000        2.2744217
      15.0000000        2.2541826
      16.0000000        2.2353973
      17.0000000        2.2238412
      18.0000000        2.2155573
      19.0000000        2.2035139
      20.0000000        2.1884604
      21.0000000        2.1792743
      22.0000000        2.1806517
      23.0000000        2.1837249
      24.0000000        2.1869168
      25.0000000        2.1942446
      26.0000000        2.2007804
      27.0000000        2.2055147
      28.0000000        2.2071059
      29.0000000        2.2063518
      30.0000000        2.2058008
      31.0000000        2.2074165
      32.0000000        2.2054834
      33.0000000        2.1988044
      34.0000000        2.1894710
      35.0000000        2.1763570
      36.0000000        2.1639378
      37.0000000        2.1577904
      38.0000000        2.1563950
      39.0000000        2.1587787
      40.0000000        2.1654482
      41.0000000        2.1742811
      42.0000000        2.1815655
      43.0000000        2.1854863
      44.0000000        2.1913652
      45.0000000        2.1945834
      46.0000000        2.1959586
      47.0000000        2.1997349
      48.0000000        2.2042212
      49.0000000        2.2084000
      50.0000000        2.2147536
      51.0000000        2.2217968
      52.0000000        2.2272692
      53.0000000        2.2317245
      54.0000000        2.2286408
      55.0000000        2.2227371
      56.0000000        2.2205174
      57.0000000        2.2229171
      58.0000000        2.2273860
      59.0000000        2.2268462
      60.0000000        2.2226057
      61.0000000        2.2237999
      62.0000000        2.2265701
      63.0000000        2.2256658
      64.0000000        2.2223966
      65.0000000        2.2220318
      66.0000000        2.2188857
      67.0000000        2.2120929
      68.0000000        2.2078061
      69.0000000        2.2099135
      70.0000000        2.2093005
      71.0000000        2.2034814
      72.0000000        2.1978197
      73.0000000        2.1955938
      74.0000000        2.1925185
      75.0000000        2.1897357
      76.0000000        2.1914132
      77.0000000        2.1942780
      78.0000000        2.1895475
      79.0000000        2.1826837
      80.0000000        2.1811650
      81.0000000        2.1797314
      82.0000000        2.1694188
      83.0000000        2.1548812
      84.0000000        2.1433570
      85.0000000        2.1385820
      86.0000000        2.1368937
      87.0000000        2.1377039
      88.0000000        2.1434617
      89.0000000        2.1551321
      90.0000000        2.1699510
      91.0000000        2.1824439
      92.0000000        2.1890919
      93.0000000        2.1930964
      94.0000000        2.1981945
      95.0000000        2.1998568
      96.0000000        2.1975613
      97.0000000        2.1932030
      98.0000000        2.1906123
      99.0000000        2.1871462
     100.0000000        2.1828368
     101.0000000        2.1782928
     102.0000000        2.1744809
     103.0000000        2.1704130
     104.0000000        2.1653795
     105.0000000        2.1626034
     106.0000000        2.1661103
     107.0000000        2.1740086
     108.0000000        2.1830649
     109.0000000        2.1876469
     110.0000000        2.1867509
     111.0000000        2.1824532
     112.0000000        2.1799684
     113.0000000        2.1829367
     114.0000000        2.1937647
     115.0000000        2.2076728
     116.0000000        2.2124929
     117.0000000        2.2060633
     118.0000000        2.1959043
     119.0000000        2.1886272
     120.0000000        2.1790698
     121.0000000        2.1656504
     122.0000000        2.1506982
     123.0000000        2.1403379
     124.0000000        2.1354589
     125.0000000        2.1328025
     126.0000000        2.1313365
     127.0000000        2.1299407
     128.0000000        2.1299324
     129.0000000        2.1300433
     130.0000000        2.1276910
     131.0000000        2.1250079
     132.0000000        2.1267767
     133.0000000        2.1337938
     134.0000000        2.1439788
     135.0000000        2.1561160
     136.0000000        2.1662071
     137.0000000        2.1732209
     138.0000000        2.1786816
     139.0000000        2.1808844
     140.0000000        2.1820962
     141.0000000        2.1849289
     142.0000000        2.1875129
     143.0000000        2.1895738
     144.0000000        2.1957340
     145.0000000        2.2020628
     146.0000000        2.2041233
     147.0000000        2.2057791
     148.0000000        2.2043798
     149.0000000        2.1969748
     150.0000000        2.1923018
     151.0000000        2.1940351
     152.0000000        2.1987448
     153.0000000        2.2007196
     154.0000000        2.2007203
     155.0000000        2.1991549
     156.0000000        2.2004595
     157.0000000        2.2008641
     158.0000000        2.1931200
     159.0000000        2.1821742
     160.0000000        2.1716855
     161.0000000        2.1695454
     162.0000000        2.1815815
     163.0000000        2.1974263
     164.0000000        2.2058606
     165.0000000        2.2002287
     166.0000000        2.1914299
     167.0000000        2.1849148
     168.0000000        2.1811128
     169.0000000        2.1796279
     170.0000000        2.1811862
     171.0000000        2.1876304
     172.0000000        2.1964502
     173.0000000        2.2057669
     174.0000000        2.2144456
     175.0000000        2.2243011
     176.0000000        2.2310345
     177.0000000        2.2341483
     178.0000000        2.2382362
     179.0000000        2.2413707
     180.0000000        2.2381287
     181.0000000        2.2262464
     182.0000000        2.2112391
     183.0000000        2.2033353
     184.0000000        2.2050142
     185.0000000        2.2080808
     186.0000000        2.2098224
     187.0000000        2.2096286
     188.0000000        2.2064910
     189.0000000        2.2013485
     190.0000000        2.1966243
     191.0000000        2.1957390
     192.0000000        2.1973963
     193.0000000        2.2004859
     194.0000000        2.2057521
     195.0000000        2.2108779
     196.0000000        2.2138727
     197.0000000        2.2179272
     198.0000000        2.2204213
     199.0000000        2.2176960
     200.0000000        2.2097230
     201.0000000        2.1990991
     202.0000000        2.1887825
     203.0000000        2.1847305
     204.0000000        2.1837173
     205.0000000        2.1827431
     206.0000000        2.1806066
     207.0000000        2.1775887
     208.0000000        2.1829133
     209.0000000        2.1964836
     210.0000000        2.2070761
     211.0000000        2.2154298
     212.0000000        2.2199335
     213.0000000        2.2162981
     214.0000000        2.2074339
     215.0000000        2.2006075
     216.0000000        2.1951129
     217.0000000        2.1907806
     218.0000000        2.1887527
     219.0000000        2.1865158
     220.0000000        2.1863241
     221.0000000        2.1854973
     222.0000000        2.1829753
     223.0000000        2.1808631
     224.0000000        2.1803193
     225.0000000        2.1783383
     226.0000000        2.1756637
     227.0000000        2.1752779
     228.0000000        2.1759875
     229.0000000        2.1746514
     230.0000000        2.1787643
     231.0000000        2.1907289
     232.0000000        2.2072680
     233.0000000        2.2189000
     234.0000000        2.2265925
     235.0000000        2.2295156
     236.0000000        2.2300518
     237.0000000        2.2222414
     238.0000000        2.2005944
     239.0000000        2.1787362
     240.0000000        2.1697528
     241.0000000        2.1699495
     242.0000000        2.1768689
     243.0000000        2.1878469
     244.0000000        2.1971810
     245.0000000        2.2025096
     246.0000000        2.2036278
     247.0000000        2.2063515
     248.0000000        2.2101626
     249.0000000        2.2129161
     250.0000000        2.2171524
     251.0000000        2.2267025
     252.0000000        2.2355628
     253.0000000        2.2386889
     254.0000000        2.2356606
     255.0000000        2.2247200
     256.0000000        2.2160287
     257.0000000        2.2143691
     258.0000000        2.2111557
     259.0000000        2.2090392
     260.0000000        2.2096589
     261.0000000        2.2073870
     262.0000000        2.2038453
     263.0000000        2.1998811
     264.0000000        2.1962144
     265.0000000        2.1940365
     266.0000000        2.1917071
     267.0000000        2.1901717
     268.0000000        2.1921780
     269.0000000        2.1961961
     270.0000000        2.1961174
     271.0000000        2.1889107
     272.0000000        2.1805573
     273.0000000        2.1767523
     274.0000000        2.1766810
     275.0000000        2.1775072
     276.0000000        2.1801906
     277.0000000        2.1804028
     278.0000000        2.1734273
     279.0000000        2.1627619
     280.0000000        2.1592023
     281.0000000        2.1638222
     282.0000000        2.1717060
     283.0000000        2.1797578
     284.0000000        2.1861916
     285.0000000        2.1891167
     286.0000000        2.1913116
     287.0000000        2.1903844
     288.0000000        2.1860406
     289.0000000        2.1853735
     290.0000000        2.1885684
     291.0000000        2.1913371
     292.0000000        2.1930497
     293.0000000        2.1877542
     294.0000000        2.1804712
     295.0000000        2.1816709
     296.0000000        2.1863027
     297.0000000        2.1929204
     298.0000000        2.1997914
     299.0000000        2.2034824
     300.0000000        2.2056134
     301.0000000        2.2086008
     302.0000000        2.2061055
     303.0000000        2.2005994
     304.0000000        2.1936874
     305.0000000        2.1818845
     306.0000000        2.1733339
     307.0000000        2.1682651
     308.0000000        2.1628916
     309.0000000        2.1638551
     310.0000000        2.1688721
     311.0000000        2.1723197
     312.0000000        2.1761022
     313.0000000        2.1840177
     314.0000000        2.1926186
     315.0000000        2.1971755
     316.0000000        2.2000921
     317.0000000        2.2040889
     318.0000000        2.2035756
     319.0000000        2.1993403
     320.0000000        2.1999390
     321.0000000        2.1998882
     322.0000000        2.1905835
     323.0000000        2.1762011
     324.0000000        2.1624968
     325.0000000        2.1531503
     326.0000000        2.1492162
     327.0000000        2.1486702
     328.0000000        2.1500685
     329.0000000        2.1562769
     330.0000000        2.1665449
     331.0000000        2.1767485
     332.0000000        2.1843083
     333.0000000        2.1914842
     334.0000000        2.1963100
     335.0000000        2.1987455
     336.0000000        2.2066767
     337.0000000        2.2169983
     338.0000000        2.2211888
     339.0000000        2.2146571
     340.0000000        2.2048340
     341.0000000        2.2026172
     342.0000000        2.2038708
     343.0000000        2.1990211
     344.0000000        2.1836126
     345.0000000        2.1641250
     346.0000000        2.1492016
     347.0000000        2.1432803
     348.0000000        2.1422131
     349.0000000        2.1397901
     350.0000000        2.1351881
     351.0000000        2.1313627
     352.0000000        2.1307213
     353.0000000        2.1313190
     354.0000000        2.1294682
     355.0000000        2.1282589
     356.0000000        2.1318059
     357.0000000        2.1413171
     358.0000000        2.1510043
     359.0000000        2.1560688
     360.0000000        2.1545849
     361.0000000        2.1511753
     362.0000000        2.1501861
     363.0000000        2.1476338
     364.0000000        2.1431274
     365.0000000        2.1440835
     366.0000000        2.1494670
     367.0000000        2.1542892
     368.0000000        2.1628520
     369.0000000        2.1767230
     370.0000000        2.1915874
     371.0000000        2.2039695
     372.0000000        2.2096665
     373.0000000        2.2096512
     374.0000000        2.2157683
     375.0000000        2.2269826
     376.0000000        2.2300475
     377.0000000        2.2218616
     378.0000000        2.2204790
     379.0000000        2.2246323
     380.0000000        2.2260504
     381.0000000        2.2250495
     382.0000000        2.2245901
     383.0000000        2.2275712
     384.0000000        2.2317476
     385.0000000        2.2361658
     386.0000000        2.2386327
     387.0000000        2.2384274
     388.0000000        2.2325621
     389.0000000        2.2260835
     390.0000000        2.2235038
     391.0000000        2.2276244
     392.0000000        2.2291243
     393.0000000        2.2232139
     394.0000000        2.2171326
     395.0000000        2.2174518
     396.0000000        2.2193305
     397.0000000        2.2201266
     398.0000000        2.2147059
     399.0000000        2.2055979
     400.0000000        2.1975276
     401.0000000        2.1935759
     402.0000000        2.1940622
     403.0000000        2.1928208
     404.0000000        2.1893806
     405.0000000        2.1914518
     406.0000000        2.1979318
     407.0000000        2.2035306
     408.0000000        2.2072358
     409.0000000        2.2126303
     410.0000000        2.2197354
     411.0000000        2.2246575
     412.0000000        2.2271276
     413.0000000        2.2290778
     414.0000000        2.2254252
     415.0000000        2.2161152
     416.0000000        2.2082484
     417.0000000        2.2070947
     418.0000000        2.2120898
     419.0000000        2.2185292
     420.0000000        2.2271278
     421.0000000        2.2321897
     422.0000000        2.2352433
     423.0000000        2.2382753
     424.0000000        2.2381942
     425.0000000        2.2330883
     426.0000000        2.2219837
     427.0000000        2.2161195
     428.0000000        2.2181475
     429.0000000        2.2239690
     430.0000000        2.2278831
     431.0000000        2.2339036
     432.0000000        2.2435808
     433.0000000        2.2540100
     434.0000000        2.2577994
     435.0000000        2.2546763
     436.0000000        2.2515223
     437.0000000        2.2494409
     438.0000000        2.2432280
     439.0000000        2.2351508
     440.0000000        2.2289290
     441.0000000        2.2223654
     442.0000000        2.2182524
     443.0000000        2.2188046
     444.0000000        2.2184868
     445.0000000        2.2201948
     446.0000000        2.2275066
     447.0000000        2.2348263
     448.0000000        2.2359250
     449.0000000        2.2379994
     450.0000000        2.2392578
     451.0000000        2.2332540
     452.0000000        2.2261789
     453.0000000        2.2197905
     454.0000000        2.2125931
     455.0000000        2.2094512
     456.0000000        2.2058465
     457.0000000        2.1982567
     458.0000000        2.1919510
     459.0000000        2.1866729
     460.0000000        2.1780231
     461.0000000        2.1692548
     462.0000000        2.1679504
     463.0000000        2.1727064
     464.0000000        2.1749296
     465.0000000        2.1682434
     466.0000000        2.1586630
     467.0000000        2.1523581
     468.0000000        2.1485100
     469.0000000        2.1451900
     470.0000000        2.1448095
     471.0000000        2.1500247
     472.0000000        2.1576545
     473.0000000        2.1572468
     474.0000000        2.1510751
     475.0000000        2.1513941
     476.0000000        2.1608732
     477.0000000        2.1707175
     478.0000000        2.1759808
     479.0000000        2.1750262
     480.0000000        2.1730349
     481.0000000        2.1723075
     482.0000000        2.1739500
     483.0000000        2.1735194
     484.0000000        2.1719449
     485.0000000        2.1776803
     486.0000000        2.1847456
     487.0000000        2.1861596
     488.0000000        2.1820602
     489.0000000        2.1727643
     490.0000000        2.1592085
     491.0000000        2.1471550
     492.0000000        2.1392055
     493.0000000        2.1371233
     494.0000000        2.1375663
     495.0000000        2.1387646
     496.0000000        2.1387329
     497.0000000        2.1378994
     498.0000000        2.1412289
     499.0000000        2.1498907
     500.0000000        2.1570489
     501.0000000        2.1592705
     502.0000000        2.1602466
     503.0000000        2.1637759
     504.0000000        2.1677561
     505.0000000        2.1689186
     506.0000000        2.1711574
     507.0000000        2.1732695
     508.0000000        2.1734605
     509.0000000        2.1717830
     510.0000000        2.1701589
     511.0000000        2.1715298
     512.0000000        2.1746695
     513.0000000        2.1771560
     514.0000000        2.1814044
     515.0000000        2.1873631
     516.0000000        2.1895962
     517.0000000        2.1878459
     518.0000000        2.1858275
     519.0000000        2.1817894
     520.0000000        2.1807048
     521.0000000        2.1839092
     522.0000000        2.1873503
     523.0000000        2.1923759
     524.0000000        2.1940522
     525.0000000        2.1910868
     526.0000000        2.1938739
     527.0000000        2.2006505
     528.0000000        2.2056291
     529.0000000        2.2050960
     530.0000000        2.2007995
     531.0000000        2.1976771
     532.0000000        2.1966581
     533.0000000        2.1976123
     534.0000000        2.1990750
     535.0000000        2.2016273
     536.0000000        2.2035785
     537.0000000        2.2025735
     538.0000000        2.2041564
     539.0000000        2.2094693
     540.0000000        2.2142458
     541.0000000        2.2186182
     542.0000000        2.2255456
     543.0000000        2.2331548
     544.0000000        2.2386315
     545.0000000        2.2413108
     546.0000000        2.2469618
     547.0000000        2.2558370
     548.0000000        2.2568393
     549.0000000        2.2488744
     550.0000000        2.2399051
     551.0000000        2.2313271
     552.0000000        2.2204549
     553.0000000        2.2103601
     554.0000000        2.2063181
     555.0000000        2.2083342
     556.0000000        2.2100708
     557.0000000        2.2074394
     558.0000000        2.2076547
     559.0000000        2.2068400
     560.0000000        2.2036102
     561.0000000        2.1985943
     562.0000000        2.1932542
     563.0000000        2.1876342
     564.0000000        2.1886952
     565.0000000        2.1964724
     566.0000000        2.2051532
     567.0000000        2.2098210
     568.0000000        2.2081766
     569.0000000        2.2048604
     570.0000000        2.1992040
     571.0000000        2.1944828
     572.0000000        2.1869662
     573.0000000        2.1832635
     574.0000000        2.1863143
     575.0000000        2.1928036
     576.0000000        2.2048156
     577.0000000        2.2172725
     578.0000000        2.2235148
     579.0000000        2.2208245
     580.0000000        2.2157285
     581.0000000        2.2100139
     582.0000000        2.2049563
     583.0000000        2.2039711
     584.0000000        2.2081833
     585.0000000        2.2141538
     586.0000000        2.2126944
     587.0000000        2.2039742
     588.0000000        2.1956661
     589.0000000        2.1878839
     590.0000000        2.1830101
     591.0000000        2.1830013
     592.0000000        2.1830773
     593.0000000        2.1789026
     594.0000000        2.1771007
     595.0000000        2.1822195
     596.0000000        2.1856711
     597.0000000        2.1830802
     598.0000000        2.1829157
     599.0000000        2.1875052
     600.0000000        2.1980486
