       1.0000000        7.8996876
       2.0000000        8.2142590
       3.0000000        8.2676591
       4.0000000        8.2783900
       5.0000000        8.2451772
       6.0000000        8.1866847
       7.0000000        8.1305253
       8.0000000        8.0821461
       9.0000000        8.0140466
      10.0000000        7.9719907
      11.0000000        7.9242807
      12.0000000        7.8990970
      13.0000000        7.8925813
      14.0000000        7.8556004
      15.0000000        7.8330707
      16.0000000        7.7911849
      17.0000000        7.7253819
      18.0000000        7.6646563
      19.0000000        7.5984979
      20.0000000        7.5399859
      21.0000000        7.5060520
      22.0000000        7.4496765
      23.0000000        7.3839491
      24.0000000        7.3100798
      25.0000000        7.2364879
      26.0000000        7.1720516
      27.0000000        7.1276331
      28.0000000        7.1177397
      29.0000000        7.1263172
      30.0000000        7.1268257
      31.0000000        7.1753276
      32.0000000        7.2064207
      33.0000000        7.2205381
      34.0000000        7.2175093
      35.0000000        7.2706822
      36.0000000        7.3484307
      37.0000000        7.3979970
      38.0000000        7.4427279
      39.0000000        7.4695296
      40.0000000        7.4744697
      41.0000000        7.4670893
      42.0000000        7.4534087
      43.0000000        7.3837785
      44.0000000        7.2971932
      45.0000000        7.2354318
      46.0000000        7.2007100
      47.0000000        7.1335946
      48.0000000        7.1058624
      49.0000000        7.1141590
      50.0000000        7.1794492
      51.0000000        7.2286721
      52.0000000        7.2755420
      53.0000000        7.3432079
      54.0000000        7.3711617
      55.0000000        7.3755024
      56.0000000        7.4190149
      57.0000000        7.4599057
      58.0000000        7.4716441
      59.0000000        7.4769068
      60.0000000        7.5092544
      61.0000000        7.5709645
      62.0000000        7.6210364
      63.0000000        7.6763989
      64.0000000        7.7507852
      65.0000000        7.8341107
      66.0000000        7.9115201
      67.0000000        8.0007302
      68.0000000        8.0700533
      69.0000000        8.1194525
      70.0000000        8.1291621
      71.0000000        8.1118695
      72.0000000        8.0790379
      73.0000000        8.0017047
      74.0000000        7.9462470
      75.0000000        7.8773948
      76.0000000        7.8303553
      77.0000000        7.8046594
      78.0000000        7.7350236
      79.0000000        7.6702505
      80.0000000        7.5792787
      81.0000000        7.5200824
      82.0000000        7.4307574
      83.0000000        7.3659917
      84.0000000        7.2969585
      85.0000000        7.2382170
      86.0000000        7.1514741
      87.0000000        7.0766344
      88.0000000        6.9954691
      89.0000000        6.9570901
      90.0000000        6.9575168
      91.0000000        6.9902601
      92.0000000        7.0294269
      93.0000000        7.1099554
      94.0000000        7.1630041
      95.0000000        7.1961251
      96.0000000        7.2659612
      97.0000000        7.3270097
      98.0000000        7.3789559
      99.0000000        7.4473320
     100.0000000        7.5405548
     101.0000000        7.6285265
     102.0000000        7.6728206
     103.0000000        7.6878248
     104.0000000        7.6636110
     105.0000000        7.5974454
     106.0000000        7.5389821
     107.0000000        7.5079907
     108.0000000        7.5438269
     109.0000000        7.5648865
     110.0000000        7.5815117
     111.0000000        7.5488845
     112.0000000        7.5023662
     113.0000000        7.4840174
     114.0000000        7.4593114
     115.0000000        7.4122036
     116.0000000        7.3731637
     117.0000000        7.3060322
     118.0000000        7.2563433
     119.0000000        7.1888669
     120.0000000        7.1357977
     121.0000000        7.0945746
     122.0000000        7.0573050
     123.0000000        7.0084710
     124.0000000        6.9958297
     125.0000000        7.0506657
     126.0000000        7.0536167
     127.0000000        7.0846847
     128.0000000        7.1321763
     129.0000000        7.1948298
     130.0000000        7.2676549
     131.0000000        7.3190623
     132.0000000        7.3549280
     133.0000000        7.3805254
     134.0000000        7.4312142
     135.0000000        7.4946955
     136.0000000        7.5482299
     137.0000000        7.6321341
     138.0000000        7.6585285
     139.0000000        7.6546421
     140.0000000        7.6896772
     141.0000000        7.7712559
     142.0000000        7.8183177
     143.0000000        7.8591924
     144.0000000        7.8849390
     145.0000000        7.9024502
     146.0000000        7.9122839
     147.0000000        7.9242790
     148.0000000        7.8414965
     149.0000000        7.7583102
     150.0000000        7.6887350
     151.0000000        7.6315124
     152.0000000        7.5520070
     153.0000000        7.4431521
     154.0000000        7.3492780
     155.0000000        7.2715251
     156.0000000        7.1923488
     157.0000000        7.1112610
     158.0000000        7.0352202
     159.0000000        6.9594954
     160.0000000        6.8986282
     161.0000000        6.8636183
     162.0000000        6.8612529
     163.0000000        6.8741899
     164.0000000        6.9118451
     165.0000000        6.9663769
     166.0000000        7.0099243
     167.0000000        7.0318354
     168.0000000        7.1233001
     169.0000000        7.2147385
     170.0000000        7.2842650
     171.0000000        7.3436112
     172.0000000        7.3927714
     173.0000000        7.4727816
     174.0000000        7.5528965
     175.0000000        7.6683379
     176.0000000        7.7731637
     177.0000000        7.8650388
     178.0000000        7.9153107
     179.0000000        7.9580041
     180.0000000        7.9823800
     181.0000000        8.0089094
     182.0000000        8.0282059
     183.0000000        8.0050921
     184.0000000        8.0503089
     185.0000000        8.1084676
     186.0000000        8.0907258
     187.0000000        8.0176684
     188.0000000        7.9649651
     189.0000000        7.9362413
     190.0000000        7.8623656
     191.0000000        7.8026778
     192.0000000        7.7203774
     193.0000000        7.6602381
     194.0000000        7.6039419
     195.0000000        7.5704902
     196.0000000        7.5085756
     197.0000000        7.4396787
     198.0000000        7.3852562
     199.0000000        7.3660320
     200.0000000        7.3817922
     201.0000000        7.3433162
     202.0000000        7.3189246
     203.0000000        7.2986904
     204.0000000        7.3142771
     205.0000000        7.2956498
     206.0000000        7.2955584
     207.0000000        7.3301322
     208.0000000        7.3687666
     209.0000000        7.3827964
     210.0000000        7.3997157
     211.0000000        7.4374376
     212.0000000        7.4877517
     213.0000000        7.4754641
     214.0000000        7.4528475
     215.0000000        7.3997428
     216.0000000        7.3231944
     217.0000000        7.2746694
     218.0000000        7.2638136
     219.0000000        7.2654169
     220.0000000        7.3099680
     221.0000000        7.3242945
     222.0000000        7.3232383
     223.0000000        7.3277414
     224.0000000        7.3652139
     225.0000000        7.4278475
     226.0000000        7.5112013
     227.0000000        7.6062703
     228.0000000        7.7169152
     229.0000000        7.8051999
     230.0000000        7.8561522
     231.0000000        7.8566248
     232.0000000        7.8506135
     233.0000000        7.8349378
     234.0000000        7.8241620
     235.0000000        7.8026588
     236.0000000        7.7929253
     237.0000000        7.7686566
     238.0000000        7.7087026
     239.0000000        7.7096090
     240.0000000        7.7193441
     241.0000000        7.7146139
     242.0000000        7.6920021
     243.0000000        7.6758159
     244.0000000        7.6920671
     245.0000000        7.7377789
     246.0000000        7.7487743
     247.0000000        7.7198140
     248.0000000        7.6526861
     249.0000000        7.6424375
     250.0000000        7.6797966
     251.0000000        7.7048403
     252.0000000        7.7245767
     253.0000000        7.7581761
     254.0000000        7.7795531
     255.0000000        7.7858175
     256.0000000        7.7789584
     257.0000000        7.7536988
     258.0000000        7.6913065
     259.0000000        7.6546369
     260.0000000        7.6182561
     261.0000000        7.6101897
     262.0000000        7.5794016
     263.0000000        7.5389947
     264.0000000        7.5228202
     265.0000000        7.5148299
     266.0000000        7.5255618
     267.0000000        7.5430240
     268.0000000        7.6147060
     269.0000000        7.7401714
     270.0000000        7.8793992
     271.0000000        7.9969880
     272.0000000        8.0790895
     273.0000000        8.1031175
     274.0000000        8.0450389
     275.0000000        7.9659613
     276.0000000        7.8706129
     277.0000000        7.7485434
     278.0000000        7.6575445
     279.0000000        7.5358662
     280.0000000        7.4474370
     281.0000000        7.4128594
     282.0000000        7.4062207
     283.0000000        7.4156479
     284.0000000        7.4349602
     285.0000000        7.4474094
     286.0000000        7.4179687
     287.0000000        7.3847405
     288.0000000        7.3901538
     289.0000000        7.3645033
     290.0000000        7.3246056
     291.0000000        7.2596810
     292.0000000        7.2383347
     293.0000000        7.2637248
     294.0000000        7.2884471
     295.0000000        7.2805712
     296.0000000        7.2632586
     297.0000000        7.2607425
     298.0000000        7.2935778
     299.0000000        7.3330962
     300.0000000        7.3975332
     301.0000000        7.4838515
     302.0000000        7.5606988
     303.0000000        7.6107195
     304.0000000        7.6441771
     305.0000000        7.6618907
     306.0000000        7.6677644
     307.0000000        7.6649916
     308.0000000        7.6870156
     309.0000000        7.6825940
     310.0000000        7.6718688
     311.0000000        7.7062553
     312.0000000        7.7199795
     313.0000000        7.7752903
     314.0000000        7.8841062
     315.0000000        8.0104890
     316.0000000        8.1087974
     317.0000000        8.2156059
     318.0000000        8.3164670
     319.0000000        8.4102765
     320.0000000        8.4574517
     321.0000000        8.4048948
     322.0000000        8.3278211
     323.0000000        8.1988992
     324.0000000        8.0817898
     325.0000000        7.9968149
     326.0000000        7.9174208
     327.0000000        7.8322815
     328.0000000        7.7518088
     329.0000000        7.6743856
     330.0000000        7.6354963
     331.0000000        7.5753781
     332.0000000        7.5455683
     333.0000000        7.5519392
     334.0000000        7.5473049
     335.0000000        7.5389696
     336.0000000        7.5988449
     337.0000000        7.6791396
     338.0000000        7.7411496
     339.0000000        7.7509805
     340.0000000        7.7174497
     341.0000000        7.6702593
     342.0000000        7.6311483
     343.0000000        7.5722160
     344.0000000        7.5468084
     345.0000000        7.5096050
     346.0000000        7.5519687
     347.0000000        7.5838764
     348.0000000        7.6588757
     349.0000000        7.7182561
     350.0000000        7.8032898
     351.0000000        7.8363173
     352.0000000        7.8317675
     353.0000000        7.7994258
     354.0000000        7.7762693
     355.0000000        7.7497102
     356.0000000        7.7196454
     357.0000000        7.6753183
     358.0000000        7.6605552
     359.0000000        7.6316481
     360.0000000        7.6185447
     361.0000000        7.6260489
     362.0000000        7.6054294
     363.0000000        7.5807589
     364.0000000        7.5726929
     365.0000000        7.5672306
     366.0000000        7.5546315
     367.0000000        7.5427493
     368.0000000        7.5524496
     369.0000000        7.5700505
     370.0000000        7.6010460
     371.0000000        7.5703613
     372.0000000        7.5753335
     373.0000000        7.6330413
     374.0000000        7.6613332
     375.0000000        7.6363504
     376.0000000        7.5694091
     377.0000000        7.4908872
     378.0000000        7.4779054
     379.0000000        7.4741143
     380.0000000        7.4452856
     381.0000000        7.3789462
     382.0000000        7.3288951
     383.0000000        7.3155402
     384.0000000        7.2901814
     385.0000000        7.3144581
     386.0000000        7.3456175
     387.0000000        7.3852973
     388.0000000        7.4205761
     389.0000000        7.4479635
     390.0000000        7.4259938
     391.0000000        7.4176187
     392.0000000        7.4034115
     393.0000000        7.3976855
     394.0000000        7.4143927
     395.0000000        7.4289852
     396.0000000        7.4148024
     397.0000000        7.3849888
     398.0000000        7.3385032
     399.0000000        7.3091218
     400.0000000        7.2839876
     401.0000000        7.2925540
     402.0000000        7.3137677
     403.0000000        7.3692152
     404.0000000        7.4281976
     405.0000000        7.4878392
     406.0000000        7.5730069
     407.0000000        7.6752269
     408.0000000        7.7407900
     409.0000000        7.7821884
     410.0000000        7.7952456
     411.0000000        7.7998008
     412.0000000        7.8076208
     413.0000000        7.7921573
     414.0000000        7.7679805
     415.0000000        7.7662321
     416.0000000        7.7952491
     417.0000000        7.8364855
     418.0000000        7.8478667
     419.0000000        7.8645866
     420.0000000        7.7916076
     421.0000000        7.7094317
     422.0000000        7.6448368
     423.0000000        7.5881734
     424.0000000        7.5508450
     425.0000000        7.5483577
     426.0000000        7.5861637
     427.0000000        7.6396870
     428.0000000        7.6609547
     429.0000000        7.7102664
     430.0000000        7.7521027
     431.0000000        7.7962697
     432.0000000        7.7949686
     433.0000000        7.8180169
     434.0000000        7.8704214
     435.0000000        7.9179669
     436.0000000        7.9464242
     437.0000000        7.9018563
     438.0000000        7.8033568
     439.0000000        7.6945665
     440.0000000        7.5807436
     441.0000000        7.4773354
     442.0000000        7.3995417
     443.0000000        7.3368000
     444.0000000        7.3035233
     445.0000000        7.3026588
     446.0000000        7.3176026
     447.0000000        7.3281812
     448.0000000        7.3861262
     449.0000000        7.4307830
     450.0000000        7.4721776
     451.0000000        7.5154294
     452.0000000        7.5298736
     453.0000000        7.5316815
     454.0000000        7.5355002
     455.0000000        7.5550010
     456.0000000        7.5816167
     457.0000000        7.6006324
     458.0000000        7.6055731
     459.0000000        7.6106463
     460.0000000        7.6053912
     461.0000000        7.6091646
     462.0000000        7.5604115
     463.0000000        7.5408775
     464.0000000        7.5663182
     465.0000000        7.6338099
     466.0000000        7.6691985
     467.0000000        7.6398581
     468.0000000        7.6077033
     469.0000000        7.5485278
     470.0000000        7.5024228
     471.0000000        7.5231160
     472.0000000        7.5546404
     473.0000000        7.6153935
     474.0000000        7.6918202
     475.0000000        7.7811555
     476.0000000        7.8548522
     477.0000000        7.9014541
     478.0000000        7.8813278
     479.0000000        7.8309979
     480.0000000        7.7807219
     481.0000000        7.7562577
     482.0000000        7.7433869
     483.0000000        7.7411105
     484.0000000        7.7355253
     485.0000000        7.7323670
     486.0000000        7.7447812
     487.0000000        7.7884251
     488.0000000        7.8487759
     489.0000000        7.8764686
     490.0000000        7.8598539
     491.0000000        7.8302544
     492.0000000        7.8090950
     493.0000000        7.7864543
     494.0000000        7.7434064
     495.0000000        7.6037848
     496.0000000        7.5129084
     497.0000000        7.4113794
     498.0000000        7.3557287
     499.0000000        7.3281109
     500.0000000        7.2481796
     501.0000000        7.1406170
     502.0000000        7.0705372
     503.0000000        7.0491464
     504.0000000        7.0394420
     505.0000000        7.0738015
     506.0000000        7.1010503
     507.0000000        7.1454101
     508.0000000        7.1966150
     509.0000000        7.2738790
     510.0000000        7.3218559
     511.0000000        7.3636929
     512.0000000        7.4178638
     513.0000000        7.5054873
     514.0000000        7.5785171
     515.0000000        7.6255770
     516.0000000        7.6248311
     517.0000000        7.6459880
     518.0000000        7.7289727
     519.0000000        7.8450543
     520.0000000        7.9337131
     521.0000000        7.9927263
     522.0000000        8.0210061
     523.0000000        8.0105073
     524.0000000        7.9694005
     525.0000000        7.9786279
     526.0000000        8.0008741
     527.0000000        8.0491933
     528.0000000        8.1405483
     529.0000000        8.2133194
     530.0000000        8.2249749
     531.0000000        8.1595117
     532.0000000        8.0729760
     533.0000000        7.9518406
     534.0000000        7.8084637
     535.0000000        7.7023144
     536.0000000        7.6065976
     537.0000000        7.5064608
     538.0000000        7.4377309
     539.0000000        7.4333840
     540.0000000        7.4340839
     541.0000000        7.5082811
     542.0000000        7.6136879
     543.0000000        7.7204857
     544.0000000        7.8130441
     545.0000000        7.8511996
     546.0000000        7.8623775
     547.0000000        7.8782057
     548.0000000        7.8483106
     549.0000000        7.7961257
     550.0000000        7.7011875
     551.0000000        7.5918192
     552.0000000        7.5200895
     553.0000000        7.4930182
     554.0000000        7.4594513
     555.0000000        7.4483919
     556.0000000        7.4220395
     557.0000000        7.4197441
     558.0000000        7.4510045
     559.0000000        7.4605198
     560.0000000        7.4500488
     561.0000000        7.4069585
     562.0000000        7.3606279
     563.0000000        7.3035645
     564.0000000        7.2608826
     565.0000000        7.2483454
     566.0000000        7.2270140
     567.0000000        7.2138100
     568.0000000        7.1815265
     569.0000000        7.1256625
     570.0000000        7.0601194
     571.0000000        6.9419577
     572.0000000        6.8575964
     573.0000000        6.7592459
     574.0000000        6.6862143
     575.0000000        6.6463245
     576.0000000        6.6527409
     577.0000000        6.6524547
     578.0000000        6.6917724
     579.0000000        6.7129919
     580.0000000        6.7573765
     581.0000000        6.7892040
     582.0000000        6.8246066
     583.0000000        6.8662473
     584.0000000        6.9353874
     585.0000000        7.0122910
     586.0000000        7.0482111
     587.0000000        7.0586526
     588.0000000        7.0915611
     589.0000000        7.1147036
     590.0000000        7.1276411
     591.0000000        7.1154876
     592.0000000        7.1495108
     593.0000000        7.1763649
     594.0000000        7.2306194
     595.0000000        7.2688315
     596.0000000        7.2576785
     597.0000000        7.2783221
     598.0000000        7.3026591
     599.0000000        7.3338312
     600.0000000        7.3520658
