       1.0000000        0.3192006
       2.0000000        0.2989933
       3.0000000        0.2857559
       4.0000000        0.2786233
       5.0000000        0.2727605
       6.0000000        0.2655051
       7.0000000        0.2598404
       8.0000000        0.2548766
       9.0000000        0.2508738
      10.0000000        0.2503266
      11.0000000        0.2539836
      12.0000000        0.2550226
      13.0000000        0.2544395
      14.0000000        0.2555338
      15.0000000        0.2625781
      16.0000000        0.2707965
      17.0000000        0.2782330
      18.0000000        0.2819393
      19.0000000        0.2767784
      20.0000000        0.2685216
      21.0000000        0.2579963
      22.0000000        0.2478237
      23.0000000        0.2410122
      24.0000000        0.2380146
      25.0000000        0.2349326
      26.0000000        0.2331381
      27.0000000        0.2302187
      28.0000000        0.2304226
      29.0000000        0.2283222
      30.0000000        0.2256157
      31.0000000        0.2239251
      32.0000000        0.2232116
      33.0000000        0.2239098
      34.0000000        0.2290735
      35.0000000        0.2285779
      36.0000000        0.2283245
      37.0000000        0.2314312
      38.0000000        0.2346071
      39.0000000        0.2413585
      40.0000000        0.2462186
      41.0000000        0.2442191
      42.0000000        0.2436965
      43.0000000        0.2436945
      44.0000000        0.2462112
      45.0000000        0.2484167
      46.0000000        0.2468400
      47.0000000        0.2436614
      48.0000000        0.2401283
      49.0000000        0.2400263
      50.0000000        0.2414092
      51.0000000        0.2437122
      52.0000000        0.2460397
      53.0000000        0.2474087
      54.0000000        0.2473773
      55.0000000        0.2436112
      56.0000000        0.2458408
      57.0000000        0.2459997
      58.0000000        0.2468292
      59.0000000        0.2456847
      60.0000000        0.2439114
      61.0000000        0.2447459
      62.0000000        0.2445538
      63.0000000        0.2404940
      64.0000000        0.2400869
      65.0000000        0.2419898
      66.0000000        0.2460754
      67.0000000        0.2457306
      68.0000000        0.2425237
      69.0000000        0.2457236
      70.0000000        0.2486700
      71.0000000        0.2494908
      72.0000000        0.2475538
      73.0000000        0.2473524
      74.0000000        0.2437949
      75.0000000        0.2430894
      76.0000000        0.2452192
      77.0000000        0.2525160
      78.0000000        0.2612746
      79.0000000        0.2678994
      80.0000000        0.2710127
      81.0000000        0.2736277
      82.0000000        0.2757325
      83.0000000        0.2734222
      84.0000000        0.2750265
      85.0000000        0.2757519
      86.0000000        0.2722370
      87.0000000        0.2716914
      88.0000000        0.2721995
      89.0000000        0.2696488
      90.0000000        0.2666031
      91.0000000        0.2636488
      92.0000000        0.2583032
      93.0000000        0.2496334
      94.0000000        0.2419828
      95.0000000        0.2370403
      96.0000000        0.2372952
      97.0000000        0.2368156
      98.0000000        0.2374555
      99.0000000        0.2392228
     100.0000000        0.2396076
     101.0000000        0.2391083
     102.0000000        0.2389103
     103.0000000        0.2405183
     104.0000000        0.2423397
     105.0000000        0.2439016
     106.0000000        0.2480958
     107.0000000        0.2496248
     108.0000000        0.2514020
     109.0000000        0.2523259
     110.0000000        0.2555029
     111.0000000        0.2579479
     112.0000000        0.2521378
     113.0000000        0.2466548
     114.0000000        0.2453704
     115.0000000        0.2398857
     116.0000000        0.2339164
     117.0000000        0.2324105
     118.0000000        0.2296286
     119.0000000        0.2261103
     120.0000000        0.2242063
     121.0000000        0.2215656
     122.0000000        0.2207185
     123.0000000        0.2234149
     124.0000000        0.2279587
     125.0000000        0.2310101
     126.0000000        0.2332706
     127.0000000        0.2336381
     128.0000000        0.2354231
     129.0000000        0.2414983
     130.0000000        0.2508419
     131.0000000        0.2572283
     132.0000000        0.2636052
     133.0000000        0.2680242
     134.0000000        0.2678311
     135.0000000        0.2690183
     136.0000000        0.2644667
     137.0000000        0.2634277
     138.0000000        0.2613518
     139.0000000        0.2596248
     140.0000000        0.2614503
     141.0000000        0.2634676
     142.0000000        0.2606737
     143.0000000        0.2581594
     144.0000000        0.2562511
     145.0000000        0.2510245
     146.0000000        0.2463280
     147.0000000        0.2438783
     148.0000000        0.2416590
     149.0000000        0.2435640
     150.0000000        0.2498525
     151.0000000        0.2564517
     152.0000000        0.2642348
     153.0000000        0.2724775
     154.0000000        0.2782598
     155.0000000        0.2814691
     156.0000000        0.2851807
     157.0000000        0.2833439
     158.0000000        0.2827549
     159.0000000        0.2825052
     160.0000000        0.2781370
     161.0000000        0.2738258
     162.0000000        0.2723705
     163.0000000        0.2694823
     164.0000000        0.2680991
     165.0000000        0.2652096
     166.0000000        0.2576761
     167.0000000        0.2506656
     168.0000000        0.2454734
     169.0000000        0.2381161
     170.0000000        0.2348968
     171.0000000        0.2332737
     172.0000000        0.2348372
     173.0000000        0.2370905
     174.0000000        0.2397377
     175.0000000        0.2431761
     176.0000000        0.2473825
     177.0000000        0.2543027
     178.0000000        0.2568282
     179.0000000        0.2551280
     180.0000000        0.2560056
     181.0000000        0.2514017
     182.0000000        0.2434706
     183.0000000        0.2366585
     184.0000000        0.2322647
     185.0000000        0.2309938
     186.0000000        0.2317773
     187.0000000        0.2367786
     188.0000000        0.2417720
     189.0000000        0.2472004
     190.0000000        0.2510825
     191.0000000        0.2573416
     192.0000000        0.2617102
     193.0000000        0.2636054
     194.0000000        0.2708914
     195.0000000        0.2781466
     196.0000000        0.2842777
     197.0000000        0.2842200
     198.0000000        0.2848531
     199.0000000        0.2890406
     200.0000000        0.2931691
     201.0000000        0.2948851
     202.0000000        0.2906692
     203.0000000        0.2869748
     204.0000000        0.2868524
     205.0000000        0.2841027
     206.0000000        0.2876162
     207.0000000        0.2855287
     208.0000000        0.2858522
     209.0000000        0.2835255
     210.0000000        0.2808440
     211.0000000        0.2841351
     212.0000000        0.2915102
     213.0000000        0.3018164
     214.0000000        0.3071055
     215.0000000        0.3045154
     216.0000000        0.3004528
     217.0000000        0.2955777
     218.0000000        0.2880355
     219.0000000        0.2843567
     220.0000000        0.2787098
     221.0000000        0.2699772
     222.0000000        0.2624429
     223.0000000        0.2558388
     224.0000000        0.2502963
     225.0000000        0.2448712
     226.0000000        0.2425943
     227.0000000        0.2434750
     228.0000000        0.2454762
     229.0000000        0.2478604
     230.0000000        0.2456621
     231.0000000        0.2460075
     232.0000000        0.2466312
     233.0000000        0.2507218
     234.0000000        0.2548559
     235.0000000        0.2559233
     236.0000000        0.2534938
     237.0000000        0.2528005
     238.0000000        0.2508352
     239.0000000        0.2508292
     240.0000000        0.2519511
     241.0000000        0.2550956
     242.0000000        0.2554674
     243.0000000        0.2520810
     244.0000000        0.2479191
     245.0000000        0.2440305
     246.0000000        0.2420046
     247.0000000        0.2406754
     248.0000000        0.2430614
     249.0000000        0.2465021
     250.0000000        0.2474414
     251.0000000        0.2428168
     252.0000000        0.2342809
     253.0000000        0.2288939
     254.0000000        0.2227841
     255.0000000        0.2232684
     256.0000000        0.2206901
     257.0000000        0.2200734
     258.0000000        0.2232607
     259.0000000        0.2244299
     260.0000000        0.2268744
     261.0000000        0.2292124
     262.0000000        0.2321025
     263.0000000        0.2396296
     264.0000000        0.2460143
     265.0000000        0.2522950
     266.0000000        0.2545136
     267.0000000        0.2567038
     268.0000000        0.2568320
     269.0000000        0.2582412
     270.0000000        0.2601118
     271.0000000        0.2599603
     272.0000000        0.2563551
     273.0000000        0.2539672
     274.0000000        0.2493225
     275.0000000        0.2489713
     276.0000000        0.2507279
     277.0000000        0.2533907
     278.0000000        0.2566899
     279.0000000        0.2509194
     280.0000000        0.2450359
     281.0000000        0.2393398
     282.0000000        0.2341529
     283.0000000        0.2306132
     284.0000000        0.2287568
     285.0000000        0.2275426
     286.0000000        0.2297578
     287.0000000        0.2283133
     288.0000000        0.2311578
     289.0000000        0.2372453
     290.0000000        0.2454923
     291.0000000        0.2524670
     292.0000000        0.2591365
     293.0000000        0.2571941
     294.0000000        0.2528096
     295.0000000        0.2476957
     296.0000000        0.2476734
     297.0000000        0.2500181
     298.0000000        0.2514960
     299.0000000        0.2523724
     300.0000000        0.2535330
     301.0000000        0.2518280
     302.0000000        0.2520420
     303.0000000        0.2576902
     304.0000000        0.2614604
     305.0000000        0.2604402
     306.0000000        0.2602420
     307.0000000        0.2578748
     308.0000000        0.2600988
     309.0000000        0.2609757
     310.0000000        0.2642843
     311.0000000        0.2700444
     312.0000000        0.2739212
     313.0000000        0.2743682
     314.0000000        0.2710142
     315.0000000        0.2737603
     316.0000000        0.2763791
     317.0000000        0.2732481
     318.0000000        0.2709731
     319.0000000        0.2708730
     320.0000000        0.2684137
     321.0000000        0.2664426
     322.0000000        0.2630881
     323.0000000        0.2583988
     324.0000000        0.2527184
     325.0000000        0.2492926
     326.0000000        0.2514322
     327.0000000        0.2477096
     328.0000000        0.2442819
     329.0000000        0.2409117
     330.0000000        0.2390577
     331.0000000        0.2382481
     332.0000000        0.2387024
     333.0000000        0.2332706
     334.0000000        0.2291973
     335.0000000        0.2250541
     336.0000000        0.2209116
     337.0000000        0.2179917
     338.0000000        0.2163482
     339.0000000        0.2165966
     340.0000000        0.2211165
     341.0000000        0.2272996
     342.0000000        0.2354430
     343.0000000        0.2453914
     344.0000000        0.2519907
     345.0000000        0.2535432
     346.0000000        0.2574489
     347.0000000        0.2598949
     348.0000000        0.2590907
     349.0000000        0.2612075
     350.0000000        0.2622402
     351.0000000        0.2595386
     352.0000000        0.2576368
     353.0000000        0.2559736
     354.0000000        0.2533182
     355.0000000        0.2487358
     356.0000000        0.2461807
     357.0000000        0.2410532
     358.0000000        0.2422145
     359.0000000        0.2457724
     360.0000000        0.2451740
     361.0000000        0.2461351
     362.0000000        0.2480059
     363.0000000        0.2489062
     364.0000000        0.2498244
     365.0000000        0.2496536
     366.0000000        0.2488916
     367.0000000        0.2512544
     368.0000000        0.2542224
     369.0000000        0.2608005
     370.0000000        0.2713595
     371.0000000        0.2805468
     372.0000000        0.2884887
     373.0000000        0.2919972
     374.0000000        0.2905266
     375.0000000        0.2874470
     376.0000000        0.2844371
     377.0000000        0.2795376
     378.0000000        0.2727746
     379.0000000        0.2670323
     380.0000000        0.2615382
     381.0000000        0.2529573
     382.0000000        0.2483243
     383.0000000        0.2460132
     384.0000000        0.2441570
     385.0000000        0.2418675
     386.0000000        0.2409539
     387.0000000        0.2405025
     388.0000000        0.2379512
     389.0000000        0.2409511
     390.0000000        0.2459607
     391.0000000        0.2478987
     392.0000000        0.2460245
     393.0000000        0.2447052
     394.0000000        0.2386096
     395.0000000        0.2295726
     396.0000000        0.2255662
     397.0000000        0.2251493
     398.0000000        0.2220051
     399.0000000        0.2190893
     400.0000000        0.2207859
     401.0000000        0.2241207
     402.0000000        0.2280324
     403.0000000        0.2332721
     404.0000000        0.2333765
     405.0000000        0.2355991
     406.0000000        0.2394443
     407.0000000        0.2405418
     408.0000000        0.2395695
     409.0000000        0.2388091
     410.0000000        0.2353423
     411.0000000        0.2304840
     412.0000000        0.2268005
     413.0000000        0.2239725
     414.0000000        0.2243510
     415.0000000        0.2295213
     416.0000000        0.2323832
     417.0000000        0.2356353
     418.0000000        0.2398179
     419.0000000        0.2455006
     420.0000000        0.2480686
     421.0000000        0.2437509
     422.0000000        0.2394196
     423.0000000        0.2337327
     424.0000000        0.2305765
     425.0000000        0.2292567
     426.0000000        0.2338872
     427.0000000        0.2381896
     428.0000000        0.2391024
     429.0000000        0.2413265
     430.0000000        0.2415742
     431.0000000        0.2429719
     432.0000000        0.2450239
     433.0000000        0.2482048
     434.0000000        0.2503088
     435.0000000        0.2518241
     436.0000000        0.2546788
     437.0000000        0.2572258
     438.0000000        0.2587035
     439.0000000        0.2597043
     440.0000000        0.2580936
     441.0000000        0.2569957
     442.0000000        0.2511149
     443.0000000        0.2503873
     444.0000000        0.2500772
     445.0000000        0.2528925
     446.0000000        0.2605626
     447.0000000        0.2666025
     448.0000000        0.2678500
     449.0000000        0.2703211
     450.0000000        0.2750232
     451.0000000        0.2784044
     452.0000000        0.2784199
     453.0000000        0.2746108
     454.0000000        0.2738298
     455.0000000        0.2708418
     456.0000000        0.2710384
     457.0000000        0.2706611
     458.0000000        0.2729527
     459.0000000        0.2727657
     460.0000000        0.2714604
     461.0000000        0.2714955
     462.0000000        0.2794332
     463.0000000        0.2867548
     464.0000000        0.2941531
     465.0000000        0.2962075
     466.0000000        0.2986917
     467.0000000        0.2970900
     468.0000000        0.2963816
     469.0000000        0.2954161
     470.0000000        0.2988883
     471.0000000        0.2988026
     472.0000000        0.2992328
     473.0000000        0.2966815
     474.0000000        0.2938315
     475.0000000        0.2969809
     476.0000000        0.2980168
     477.0000000        0.2969622
     478.0000000        0.2957881
     479.0000000        0.2936738
     480.0000000        0.2930405
     481.0000000        0.2940509
     482.0000000        0.2937774
     483.0000000        0.2948454
     484.0000000        0.2934976
     485.0000000        0.2880642
     486.0000000        0.2824883
     487.0000000        0.2760237
     488.0000000        0.2690407
     489.0000000        0.2613860
     490.0000000        0.2570139
     491.0000000        0.2493679
     492.0000000        0.2431648
     493.0000000        0.2408363
     494.0000000        0.2385829
     495.0000000        0.2389412
     496.0000000        0.2418228
     497.0000000        0.2408442
     498.0000000        0.2448199
     499.0000000        0.2492394
     500.0000000        0.2545570
     501.0000000        0.2594141
     502.0000000        0.2600590
     503.0000000        0.2547526
     504.0000000        0.2518083
     505.0000000        0.2484787
     506.0000000        0.2490320
     507.0000000        0.2535276
     508.0000000        0.2551787
     509.0000000        0.2570106
     510.0000000        0.2613621
     511.0000000        0.2639537
     512.0000000        0.2678823
     513.0000000        0.2717672
     514.0000000        0.2737017
     515.0000000        0.2703204
     516.0000000        0.2670537
     517.0000000        0.2644240
     518.0000000        0.2599159
     519.0000000        0.2556321
     520.0000000        0.2554314
     521.0000000        0.2603494
     522.0000000        0.2646629
     523.0000000        0.2691708
     524.0000000        0.2726138
     525.0000000        0.2813169
     526.0000000        0.2894945
     527.0000000        0.2936436
     528.0000000        0.2904672
     529.0000000        0.2896067
     530.0000000        0.2949648
     531.0000000        0.3002373
     532.0000000        0.2987917
     533.0000000        0.2980879
     534.0000000        0.2979094
     535.0000000        0.2972700
     536.0000000        0.2969000
     537.0000000        0.2926531
     538.0000000        0.2820691
     539.0000000        0.2738041
     540.0000000        0.2721795
     541.0000000        0.2672132
     542.0000000        0.2653543
     543.0000000        0.2639102
     544.0000000        0.2587639
     545.0000000        0.2553863
     546.0000000        0.2556077
     547.0000000        0.2569237
     548.0000000        0.2570161
     549.0000000        0.2622829
     550.0000000        0.2700281
     551.0000000        0.2790692
     552.0000000        0.2810047
     553.0000000        0.2842329
     554.0000000        0.2859384
     555.0000000        0.2851212
     556.0000000        0.2821547
     557.0000000        0.2737944
     558.0000000        0.2661446
     559.0000000        0.2587013
     560.0000000        0.2573933
     561.0000000        0.2566603
     562.0000000        0.2561469
     563.0000000        0.2619747
     564.0000000        0.2695879
     565.0000000        0.2768672
     566.0000000        0.2842697
     567.0000000        0.2895762
     568.0000000        0.2914050
     569.0000000        0.2905058
     570.0000000        0.2863032
     571.0000000        0.2831932
     572.0000000        0.2820897
     573.0000000        0.2802611
     574.0000000        0.2789798
     575.0000000        0.2762729
     576.0000000        0.2724607
     577.0000000        0.2652060
     578.0000000        0.2586906
     579.0000000        0.2564191
     580.0000000        0.2552139
     581.0000000        0.2508846
     582.0000000        0.2439951
     583.0000000        0.2404558
     584.0000000        0.2363961
     585.0000000        0.2355823
     586.0000000        0.2328762
     587.0000000        0.2314536
     588.0000000        0.2307909
     589.0000000        0.2284683
     590.0000000        0.2267514
     591.0000000        0.2307812
     592.0000000        0.2330003
     593.0000000        0.2369275
     594.0000000        0.2403339
     595.0000000        0.2458367
     596.0000000        0.2521266
     597.0000000        0.2628941
     598.0000000        0.2722914
     599.0000000        0.2751905
     600.0000000        0.2764503
