       1.0000000        7.9222775
       2.0000000        6.9084751
       3.0000000        6.1908235
       4.0000000        5.6515899
       5.0000000        5.2084784
       6.0000000        4.8046015
       7.0000000        4.4380581
       8.0000000        4.1316161
       9.0000000        3.8637270
      10.0000000        3.6195244
      11.0000000        3.4067331
      12.0000000        3.2150017
      13.0000000        3.0509237
      14.0000000        2.9096048
      15.0000000        2.7768254
      16.0000000        2.6604568
      17.0000000        2.5710150
      18.0000000        2.5033492
      19.0000000        2.4421336
      20.0000000        2.3942385
      21.0000000        2.3605288
      22.0000000        2.3392143
      23.0000000        2.3251191
      24.0000000        2.3185098
      25.0000000        2.3199787
      26.0000000        2.3255260
      27.0000000        2.3300681
      28.0000000        2.3391263
      29.0000000        2.3513680
      30.0000000        2.3658301
      31.0000000        2.3749619
      32.0000000        2.3770637
      33.0000000        2.3748183
      34.0000000        2.3685406
      35.0000000        2.3568096
      36.0000000        2.3375342
      37.0000000        2.3142939
      38.0000000        2.2938857
      39.0000000        2.2692612
      40.0000000        2.2389989
      41.0000000        2.2016084
      42.0000000        2.1583483
      43.0000000        2.1105225
      44.0000000        2.0629174
      45.0000000        2.0168959
      46.0000000        1.9759221
      47.0000000        1.9408546
      48.0000000        1.9110370
      49.0000000        1.8848666
      50.0000000        1.8605178
      51.0000000        1.8437678
      52.0000000        1.8321909
      53.0000000        1.8233911
      54.0000000        1.8175301
      55.0000000        1.8155949
      56.0000000        1.8090440
      57.0000000        1.7930296
      58.0000000        1.7773219
      59.0000000        1.7697985
      60.0000000        1.7725655
      61.0000000        1.7707062
      62.0000000        1.7654931
      63.0000000        1.7663932
      64.0000000        1.7578515
      65.0000000        1.7486479
      66.0000000        1.7463005
      67.0000000        1.7435420
      68.0000000        1.7378205
      69.0000000        1.7417347
      70.0000000        1.7447189
      71.0000000        1.7416729
      72.0000000        1.7398920
      73.0000000        1.7309211
      74.0000000        1.7174112
      75.0000000        1.7038125
      76.0000000        1.7025315
      77.0000000        1.7072421
      78.0000000        1.7149122
      79.0000000        1.7289933
      80.0000000        1.7479998
      81.0000000        1.7648800
      82.0000000        1.7874781
      83.0000000        1.8203264
      84.0000000        1.8508494
      85.0000000        1.8875542
      86.0000000        1.9300377
      87.0000000        1.9737433
      88.0000000        2.0172035
      89.0000000        2.0597625
      90.0000000        2.1003420
      91.0000000        2.1380408
      92.0000000        2.1660303
      93.0000000        2.1804301
      94.0000000        2.1993008
      95.0000000        2.2147079
      96.0000000        2.2262075
      97.0000000        2.2267836
      98.0000000        2.2175080
      99.0000000        2.1991996
     100.0000000        2.1725036
     101.0000000        2.1378406
     102.0000000        2.0984071
     103.0000000        2.0576435
     104.0000000        2.0202313
     105.0000000        1.9877358
     106.0000000        1.9562250
     107.0000000        1.9264268
     108.0000000        1.9036762
     109.0000000        1.8832957
     110.0000000        1.8669920
     111.0000000        1.8589884
     112.0000000        1.8604948
     113.0000000        1.8669671
     114.0000000        1.8780252
     115.0000000        1.8918658
     116.0000000        1.9037914
     117.0000000        1.9185964
     118.0000000        1.9366265
     119.0000000        1.9574609
     120.0000000        1.9847736
     121.0000000        2.0229823
     122.0000000        2.0708106
     123.0000000        2.1260516
     124.0000000        2.1858482
     125.0000000        2.2468068
     126.0000000        2.3123536
     127.0000000        2.3828156
     128.0000000        2.4577170
     129.0000000        2.5366012
     130.0000000        2.6176348
     131.0000000        2.7005791
     132.0000000        2.7895670
     133.0000000        2.8791276
     134.0000000        2.9631524
     135.0000000        3.0467855
     136.0000000        3.1274124
     137.0000000        3.1988525
     138.0000000        3.2708091
     139.0000000        3.3286201
     140.0000000        3.3784059
     141.0000000        3.4170285
     142.0000000        3.4386280
     143.0000000        3.4445674
     144.0000000        3.4483784
     145.0000000        3.4486940
     146.0000000        3.4400623
     147.0000000        3.4261508
     148.0000000        3.4139083
     149.0000000        3.3912352
     150.0000000        3.3454566
     151.0000000        3.2901621
     152.0000000        3.2379190
     153.0000000        3.1915592
     154.0000000        3.1529209
     155.0000000        3.1105455
     156.0000000        3.0625211
     157.0000000        3.0043647
     158.0000000        2.9369508
     159.0000000        2.8758743
     160.0000000        2.8218828
     161.0000000        2.7700771
     162.0000000        2.7151593
     163.0000000        2.6656690
     164.0000000        2.6226358
     165.0000000        2.5859316
     166.0000000        2.5439146
     167.0000000        2.4977738
     168.0000000        2.4552917
     169.0000000        2.4164703
     170.0000000        2.3800449
     171.0000000        2.3432899
     172.0000000        2.3060915
     173.0000000        2.2714954
     174.0000000        2.2421647
     175.0000000        2.2118316
     176.0000000        2.1803668
     177.0000000        2.1470244
     178.0000000        2.1074915
     179.0000000        2.0611973
     180.0000000        2.0107462
     181.0000000        1.9601930
     182.0000000        1.9118993
     183.0000000        1.8638570
     184.0000000        1.8215568
     185.0000000        1.7842851
     186.0000000        1.7495303
     187.0000000        1.7202174
     188.0000000        1.6973215
     189.0000000        1.6793485
     190.0000000        1.6640655
     191.0000000        1.6478684
     192.0000000        1.6281081
     193.0000000        1.6101899
     194.0000000        1.6039487
     195.0000000        1.6095526
     196.0000000        1.6289781
     197.0000000        1.6451382
     198.0000000        1.6761412
     199.0000000        1.6960544
     200.0000000        1.7180097
     201.0000000        1.7365172
     202.0000000        1.7523365
     203.0000000        1.7726360
     204.0000000        1.7874960
     205.0000000        1.8060466
     206.0000000        1.8220126
     207.0000000        1.8377716
     208.0000000        1.8523469
     209.0000000        1.8606845
     210.0000000        1.8667589
     211.0000000        1.8726838
     212.0000000        1.8793959
     213.0000000        1.8835098
     214.0000000        1.8881677
     215.0000000        1.8878155
     216.0000000        1.8802688
     217.0000000        1.8757566
     218.0000000        1.8666415
     219.0000000        1.8585012
     220.0000000        1.8534054
     221.0000000        1.8427181
     222.0000000        1.8476084
     223.0000000        1.8595502
     224.0000000        1.8728609
     225.0000000        1.8909812
     226.0000000        1.9125990
     227.0000000        1.9421682
     228.0000000        1.9787934
     229.0000000        2.0245658
     230.0000000        2.0645087
     231.0000000        2.0976785
     232.0000000        2.1355519
     233.0000000        2.1587548
     234.0000000        2.1731118
     235.0000000        2.1743233
     236.0000000        2.1627799
     237.0000000        2.1417808
     238.0000000        2.1137614
     239.0000000        2.0832748
     240.0000000        2.0539794
     241.0000000        2.0259757
     242.0000000        1.9985342
     243.0000000        1.9697147
     244.0000000        1.9423094
     245.0000000        1.9182903
     246.0000000        1.9003827
     247.0000000        1.8891422
     248.0000000        1.8840026
     249.0000000        1.8905467
     250.0000000        1.9089075
     251.0000000        1.9383837
     252.0000000        1.9730041
     253.0000000        2.0140294
     254.0000000        2.0623767
     255.0000000        2.1164090
     256.0000000        2.1746713
     257.0000000        2.2386238
     258.0000000        2.3056168
     259.0000000        2.3760141
     260.0000000        2.4465796
     261.0000000        2.5131853
     262.0000000        2.5756157
     263.0000000        2.6276077
     264.0000000        2.6692518
     265.0000000        2.7077708
     266.0000000        2.7450948
     267.0000000        2.7811743
     268.0000000        2.8162259
     269.0000000        2.8518271
     270.0000000        2.8919400
     271.0000000        2.9271927
     272.0000000        2.9563153
     273.0000000        2.9884329
     274.0000000        3.0202644
     275.0000000        3.0427232
     276.0000000        3.0575376
     277.0000000        3.0674068
     278.0000000        3.0727767
     279.0000000        3.0701788
     280.0000000        3.0625119
     281.0000000        3.0502629
     282.0000000        3.0283536
     283.0000000        2.9956431
     284.0000000        2.9510341
     285.0000000        2.8951624
     286.0000000        2.8256558
     287.0000000        2.7429857
     288.0000000        2.6565903
     289.0000000        2.5632112
     290.0000000        2.4643714
     291.0000000        2.3803582
     292.0000000        2.3117850
     293.0000000        2.2566574
     294.0000000        2.2081917
     295.0000000        2.1704950
     296.0000000        2.1435398
     297.0000000        2.1201540
     298.0000000        2.0942142
     299.0000000        2.0722909
     300.0000000        2.0499724
     301.0000000        2.0292131
     302.0000000        2.0086011
     303.0000000        1.9920138
     304.0000000        1.9772323
     305.0000000        1.9691721
     306.0000000        1.9718679
     307.0000000        1.9861557
     308.0000000        2.0088100
     309.0000000        2.0380706
     310.0000000        2.0714136
     311.0000000        2.1090473
     312.0000000        2.1505093
     313.0000000        2.1939247
     314.0000000        2.2397200
     315.0000000        2.2824168
     316.0000000        2.3188535
     317.0000000        2.3477767
     318.0000000        2.3685007
     319.0000000        2.3845019
     320.0000000        2.3994817
     321.0000000        2.4180034
     322.0000000        2.4373768
     323.0000000        2.4544884
     324.0000000        2.4720958
     325.0000000        2.4893407
     326.0000000        2.5023178
     327.0000000        2.5109853
     328.0000000        2.5119566
     329.0000000        2.5077384
     330.0000000        2.4959955
     331.0000000        2.4779687
     332.0000000        2.4537142
     333.0000000        2.4234936
     334.0000000        2.3834519
     335.0000000        2.3423771
     336.0000000        2.3087066
     337.0000000        2.2807352
     338.0000000        2.2582442
     339.0000000        2.2331321
     340.0000000        2.2122553
     341.0000000        2.1895332
     342.0000000        2.1616945
     343.0000000        2.1351272
     344.0000000        2.1055522
     345.0000000        2.0727059
     346.0000000        2.0376303
     347.0000000        2.0052736
     348.0000000        1.9727383
     349.0000000        1.9378898
     350.0000000        1.9038000
     351.0000000        1.8705246
     352.0000000        1.8383149
     353.0000000        1.8095103
     354.0000000        1.7866609
     355.0000000        1.7683696
     356.0000000        1.7560909
     357.0000000        1.7482961
     358.0000000        1.7427890
     359.0000000        1.7381740
     360.0000000        1.7328135
     361.0000000        1.7271159
     362.0000000        1.7226995
     363.0000000        1.7178145
     364.0000000        1.7177877
     365.0000000        1.7238410
     366.0000000        1.7386331
     367.0000000        1.7560410
     368.0000000        1.7774141
     369.0000000        1.8012025
     370.0000000        1.8280609
     371.0000000        1.8548379
     372.0000000        1.8728339
     373.0000000        1.8766547
     374.0000000        1.8783418
     375.0000000        1.8852305
     376.0000000        1.8972784
     377.0000000        1.9049795
     378.0000000        1.9063857
     379.0000000        1.9021964
     380.0000000        1.8921796
     381.0000000        1.8825883
     382.0000000        1.8707881
     383.0000000        1.8641672
     384.0000000        1.8671239
     385.0000000        1.8728952
     386.0000000        1.8810189
     387.0000000        1.8847408
     388.0000000        1.8838659
     389.0000000        1.8794535
     390.0000000        1.8712261
     391.0000000        1.8573867
     392.0000000        1.8435535
     393.0000000        1.8306145
     394.0000000        1.8188855
     395.0000000        1.8106686
     396.0000000        1.8048222
     397.0000000        1.7968844
     398.0000000        1.7843425
     399.0000000        1.7674248
     400.0000000        1.7477881
     401.0000000        1.7298458
     402.0000000        1.7122472
     403.0000000        1.6909495
     404.0000000        1.6629134
     405.0000000        1.6251141
     406.0000000        1.5799913
     407.0000000        1.5333715
     408.0000000        1.4900749
     409.0000000        1.4434457
     410.0000000        1.3954684
     411.0000000        1.3468797
     412.0000000        1.3026693
     413.0000000        1.2682578
     414.0000000        1.2421087
     415.0000000        1.2207185
     416.0000000        1.2039925
     417.0000000        1.1878007
     418.0000000        1.1662423
     419.0000000        1.1401207
     420.0000000        1.1188393
     421.0000000        1.1015269
     422.0000000        1.0916335
     423.0000000        1.0921256
     424.0000000        1.1009905
     425.0000000        1.1189977
     426.0000000        1.1352953
     427.0000000        1.1443377
     428.0000000        1.1541827
     429.0000000        1.1717286
     430.0000000        1.1898977
     431.0000000        1.2159220
     432.0000000        1.2497999
     433.0000000        1.2899068
     434.0000000        1.3365705
     435.0000000        1.3956851
     436.0000000        1.4595663
     437.0000000        1.5150159
     438.0000000        1.5698973
     439.0000000        1.6317404
     440.0000000        1.6977973
     441.0000000        1.7632318
     442.0000000        1.8394470
     443.0000000        1.9383859
     444.0000000        2.0431418
     445.0000000        2.1525309
     446.0000000        2.2696925
     447.0000000        2.3848097
     448.0000000        2.4934222
     449.0000000        2.5934770
     450.0000000        2.6814648
     451.0000000        2.7557076
     452.0000000        2.8127399
     453.0000000        2.8528859
     454.0000000        2.8788523
     455.0000000        2.8953079
     456.0000000        2.9008985
     457.0000000        2.8945782
     458.0000000        2.8796474
     459.0000000        2.8555664
     460.0000000        2.8228161
     461.0000000        2.7814239
     462.0000000        2.7381229
     463.0000000        2.6931807
     464.0000000        2.6454579
     465.0000000        2.5984435
     466.0000000        2.5481735
     467.0000000        2.5038200
     468.0000000        2.4637391
     469.0000000        2.4351995
     470.0000000        2.4114661
     471.0000000        2.3901874
     472.0000000        2.3678226
     473.0000000        2.3438730
     474.0000000        2.3205691
     475.0000000        2.2940479
     476.0000000        2.2671645
     477.0000000        2.2331307
     478.0000000        2.1929206
     479.0000000        2.1514849
     480.0000000        2.1111034
     481.0000000        2.0742483
     482.0000000        2.0465720
     483.0000000        2.0270468
     484.0000000        2.0172876
     485.0000000        2.0179128
     486.0000000        2.0264290
     487.0000000        2.0393959
     488.0000000        2.0560977
     489.0000000        2.0720983
     490.0000000        2.0894621
     491.0000000        2.1047551
     492.0000000        2.1176362
     493.0000000        2.1304183
     494.0000000        2.1426200
     495.0000000        2.1540960
     496.0000000        2.1634771
     497.0000000        2.1651663
     498.0000000        2.1591094
     499.0000000        2.1476360
     500.0000000        2.1293762
     501.0000000        2.1091238
     502.0000000        2.0881646
     503.0000000        2.0679773
     504.0000000        2.0468515
     505.0000000        2.0278132
     506.0000000        2.0130496
     507.0000000        1.9971788
     508.0000000        1.9785484
     509.0000000        1.9541052
     510.0000000        1.9264147
     511.0000000        1.8970021
     512.0000000        1.8643035
     513.0000000        1.8285940
     514.0000000        1.7912995
     515.0000000        1.7511285
     516.0000000        1.7095456
     517.0000000        1.6717907
     518.0000000        1.6382757
     519.0000000        1.6111083
     520.0000000        1.5872249
     521.0000000        1.5597027
     522.0000000        1.5256075
     523.0000000        1.4998706
     524.0000000        1.4797382
     525.0000000        1.4593431
     526.0000000        1.4328610
     527.0000000        1.4032290
     528.0000000        1.3816619
     529.0000000        1.3626320
     530.0000000        1.3478283
     531.0000000        1.3361399
     532.0000000        1.3291658
     533.0000000        1.3217035
     534.0000000        1.3159249
     535.0000000        1.3177245
     536.0000000        1.3149196
     537.0000000        1.3125212
     538.0000000        1.3097557
     539.0000000        1.3138019
     540.0000000        1.3215707
     541.0000000        1.3315997
     542.0000000        1.3484290
     543.0000000        1.3545429
     544.0000000        1.3619358
     545.0000000        1.3734313
     546.0000000        1.3852656
     547.0000000        1.3985815
     548.0000000        1.4070060
     549.0000000        1.4136218
     550.0000000        1.4205518
     551.0000000        1.4260422
     552.0000000        1.4296960
     553.0000000        1.4313623
     554.0000000        1.4313068
     555.0000000        1.4354584
     556.0000000        1.4437045
     557.0000000        1.4598360
     558.0000000        1.4820934
     559.0000000        1.5119561
     560.0000000        1.5475645
     561.0000000        1.5832139
     562.0000000        1.6168834
     563.0000000        1.6447368
     564.0000000        1.6729226
     565.0000000        1.7013288
     566.0000000        1.7430573
     567.0000000        1.7852910
     568.0000000        1.8309126
     569.0000000        1.8772721
     570.0000000        1.9230204
     571.0000000        1.9728426
     572.0000000        2.0267505
     573.0000000        2.0805638
     574.0000000        2.1364875
     575.0000000        2.1938817
     576.0000000        2.2555685
     577.0000000        2.3241432
     578.0000000        2.3910394
     579.0000000        2.4638888
     580.0000000        2.5346505
     581.0000000        2.6001612
     582.0000000        2.6622622
     583.0000000        2.7232750
     584.0000000        2.7860473
     585.0000000        2.8451014
     586.0000000        2.8987491
     587.0000000        2.9501069
     588.0000000        2.9972021
     589.0000000        3.0446471
     590.0000000        3.0868227
     591.0000000        3.1174769
     592.0000000        3.1373488
     593.0000000        3.1531789
     594.0000000        3.1622543
     595.0000000        3.1669172
     596.0000000        3.1602794
     597.0000000        3.1343081
     598.0000000        3.0860541
     599.0000000        3.0222543
     600.0000000        2.9426492
