       1.0000000        2.6327646
       2.0000000        2.6925635
       3.0000000        2.7030742
       4.0000000        2.7008381
       5.0000000        2.6920588
       6.0000000        2.6832225
       7.0000000        2.6699567
       8.0000000        2.6580715
       9.0000000        2.6440775
      10.0000000        2.6342864
      11.0000000        2.6248598
      12.0000000        2.6189153
      13.0000000        2.6176374
      14.0000000        2.6205723
      15.0000000        2.6178122
      16.0000000        2.6098635
      17.0000000        2.6027424
      18.0000000        2.5983384
      19.0000000        2.5868380
      20.0000000        2.5814595
      21.0000000        2.5747147
      22.0000000        2.5715625
      23.0000000        2.5653558
      24.0000000        2.5598860
      25.0000000        2.5586805
      26.0000000        2.5589387
      27.0000000        2.5667441
      28.0000000        2.5693762
      29.0000000        2.5756154
      30.0000000        2.5855541
      31.0000000        2.5908790
      32.0000000        2.6072259
      33.0000000        2.6328731
      34.0000000        2.6537795
      35.0000000        2.6668525
      36.0000000        2.6770082
      37.0000000        2.6732011
      38.0000000        2.6595263
      39.0000000        2.6412427
      40.0000000        2.6260750
      41.0000000        2.6103668
      42.0000000        2.5955966
      43.0000000        2.5786662
      44.0000000        2.5673966
      45.0000000        2.5512640
      46.0000000        2.5355744
      47.0000000        2.5271418
      48.0000000        2.5205996
      49.0000000        2.5200739
      50.0000000        2.5274920
      51.0000000        2.5417089
      52.0000000        2.5531228
      53.0000000        2.5635879
      54.0000000        2.5689032
      55.0000000        2.5750530
      56.0000000        2.5755851
      57.0000000        2.5774512
      58.0000000        2.5754328
      59.0000000        2.5698123
      60.0000000        2.5637264
      61.0000000        2.5523829
      62.0000000        2.5408168
      63.0000000        2.5373185
      64.0000000        2.5396762
      65.0000000        2.5439265
      66.0000000        2.5441716
      67.0000000        2.5540605
      68.0000000        2.5584965
      69.0000000        2.5568795
      70.0000000        2.5524881
      71.0000000        2.5504272
      72.0000000        2.5536325
      73.0000000        2.5691643
      74.0000000        2.5835114
      75.0000000        2.5959709
      76.0000000        2.6128361
      77.0000000        2.6261225
      78.0000000        2.6356022
      79.0000000        2.6471901
      80.0000000        2.6582456
      81.0000000        2.6669321
      82.0000000        2.6724124
      83.0000000        2.6716497
      84.0000000        2.6625290
      85.0000000        2.6480005
      86.0000000        2.6237128
      87.0000000        2.6089919
      88.0000000        2.5988233
      89.0000000        2.5932922
      90.0000000        2.5967264
      91.0000000        2.5983989
      92.0000000        2.6045349
      93.0000000        2.6141250
      94.0000000        2.6211247
      95.0000000        2.6291378
      96.0000000        2.6409686
      97.0000000        2.6561933
      98.0000000        2.6645598
      99.0000000        2.6733248
     100.0000000        2.6662941
     101.0000000        2.6568513
     102.0000000        2.6451662
     103.0000000        2.6295004
     104.0000000        2.6047285
     105.0000000        2.5804358
     106.0000000        2.5666754
     107.0000000        2.5579462
     108.0000000        2.5577354
     109.0000000        2.5588810
     110.0000000        2.5568643
     111.0000000        2.5608749
     112.0000000        2.5591736
     113.0000000        2.5563595
     114.0000000        2.5587652
     115.0000000        2.5638053
     116.0000000        2.5673985
     117.0000000        2.5734310
     118.0000000        2.5787528
     119.0000000        2.5895467
     120.0000000        2.6073422
     121.0000000        2.6311057
     122.0000000        2.6520054
     123.0000000        2.6636586
     124.0000000        2.6698508
     125.0000000        2.6729236
     126.0000000        2.6753542
     127.0000000        2.6803353
     128.0000000        2.6898949
     129.0000000        2.7040837
     130.0000000        2.7076368
     131.0000000        2.7054493
     132.0000000        2.6954277
     133.0000000        2.6876302
     134.0000000        2.6758907
     135.0000000        2.6663179
     136.0000000        2.6554914
     137.0000000        2.6449239
     138.0000000        2.6335709
     139.0000000        2.6230752
     140.0000000        2.6240146
     141.0000000        2.6210203
     142.0000000        2.6103027
     143.0000000        2.6035178
     144.0000000        2.5968072
     145.0000000        2.5899842
     146.0000000        2.5827031
     147.0000000        2.5846000
     148.0000000        2.5866125
     149.0000000        2.5883646
     150.0000000        2.5932949
     151.0000000        2.5907829
     152.0000000        2.5930285
     153.0000000        2.6006975
     154.0000000        2.6140990
     155.0000000        2.6237733
     156.0000000        2.6262052
     157.0000000        2.6316333
     158.0000000        2.6367304
     159.0000000        2.6322868
     160.0000000        2.6283765
     161.0000000        2.6217356
     162.0000000        2.6097794
     163.0000000        2.5904541
     164.0000000        2.5717638
     165.0000000        2.5492113
     166.0000000        2.5375226
     167.0000000        2.5304070
     168.0000000        2.5269113
     169.0000000        2.5288818
     170.0000000        2.5362067
     171.0000000        2.5502439
     172.0000000        2.5621243
     173.0000000        2.5662549
     174.0000000        2.5649707
     175.0000000        2.5632355
     176.0000000        2.5662062
     177.0000000        2.5718424
     178.0000000        2.5898101
     179.0000000        2.5994015
     180.0000000        2.6022334
     181.0000000        2.6075180
     182.0000000        2.6132133
     183.0000000        2.6132345
     184.0000000        2.6136434
     185.0000000        2.6214402
     186.0000000        2.6342897
     187.0000000        2.6499262
     188.0000000        2.6654952
     189.0000000        2.6717310
     190.0000000        2.6762865
     191.0000000        2.6780503
     192.0000000        2.6846790
     193.0000000        2.6980262
     194.0000000        2.7079356
     195.0000000        2.7106709
     196.0000000        2.7022836
     197.0000000        2.7062874
     198.0000000        2.6950028
     199.0000000        2.6784315
     200.0000000        2.6641304
     201.0000000        2.6597359
     202.0000000        2.6423244
     203.0000000        2.6235540
     204.0000000        2.6104476
     205.0000000        2.6017001
     206.0000000        2.5952935
     207.0000000        2.5932148
     208.0000000        2.5913534
     209.0000000        2.5892222
     210.0000000        2.5897610
     211.0000000        2.5883024
     212.0000000        2.5857749
     213.0000000        2.5880632
     214.0000000        2.5879562
     215.0000000        2.5927253
     216.0000000        2.5881627
     217.0000000        2.5803802
     218.0000000        2.5596061
     219.0000000        2.5420523
     220.0000000        2.5319626
     221.0000000        2.5265582
     222.0000000        2.5249982
     223.0000000        2.5170476
     224.0000000        2.5059855
     225.0000000        2.4970117
     226.0000000        2.4933755
     227.0000000        2.4980643
     228.0000000        2.4969461
     229.0000000        2.4984865
     230.0000000        2.5059285
     231.0000000        2.5159459
     232.0000000        2.5166321
     233.0000000        2.5225973
     234.0000000        2.5297465
     235.0000000        2.5440879
     236.0000000        2.5548518
     237.0000000        2.5706730
     238.0000000        2.5889630
     239.0000000        2.6029992
     240.0000000        2.6209013
     241.0000000        2.6351695
     242.0000000        2.6424255
     243.0000000        2.6517971
     244.0000000        2.6510308
     245.0000000        2.6462080
     246.0000000        2.6444113
     247.0000000        2.6436696
     248.0000000        2.6453195
     249.0000000        2.6486003
     250.0000000        2.6514716
     251.0000000        2.6563008
     252.0000000        2.6602728
     253.0000000        2.6603873
     254.0000000        2.6603668
     255.0000000        2.6540823
     256.0000000        2.6475823
     257.0000000        2.6384273
     258.0000000        2.6234262
     259.0000000        2.6123383
     260.0000000        2.6025221
     261.0000000        2.5986731
     262.0000000        2.5911460
     263.0000000        2.5854135
     264.0000000        2.5801785
     265.0000000        2.5821118
     266.0000000        2.5850940
     267.0000000        2.5950558
     268.0000000        2.5982006
     269.0000000        2.5941706
     270.0000000        2.5943193
     271.0000000        2.5978627
     272.0000000        2.5928304
     273.0000000        2.5939779
     274.0000000        2.5926933
     275.0000000        2.5877531
     276.0000000        2.5785053
     277.0000000        2.5620658
     278.0000000        2.5407567
     279.0000000        2.5327954
     280.0000000        2.5295815
     281.0000000        2.5304067
     282.0000000        2.5346560
     283.0000000        2.5311067
     284.0000000        2.5269594
     285.0000000        2.5240674
     286.0000000        2.5270040
     287.0000000        2.5270720
     288.0000000        2.5267489
     289.0000000        2.5294428
     290.0000000        2.5371764
     291.0000000        2.5459640
     292.0000000        2.5542979
     293.0000000        2.5566814
     294.0000000        2.5625615
     295.0000000        2.5716515
     296.0000000        2.5698516
     297.0000000        2.5640903
     298.0000000        2.5587087
     299.0000000        2.5541332
     300.0000000        2.5550213
     301.0000000        2.5487363
     302.0000000        2.5492802
     303.0000000        2.5472529
     304.0000000        2.5448055
     305.0000000        2.5399294
     306.0000000        2.5369384
     307.0000000        2.5349393
     308.0000000        2.5423186
     309.0000000        2.5469069
     310.0000000        2.5423803
     311.0000000        2.5473156
     312.0000000        2.5534470
     313.0000000        2.5673597
     314.0000000        2.5827971
     315.0000000        2.5983377
     316.0000000        2.6125820
     317.0000000        2.6146696
     318.0000000        2.6128676
     319.0000000        2.6146011
     320.0000000        2.6103466
     321.0000000        2.6043842
     322.0000000        2.6038988
     323.0000000        2.6072400
     324.0000000        2.6161456
     325.0000000        2.6265507
     326.0000000        2.6387396
     327.0000000        2.6519651
     328.0000000        2.6649411
     329.0000000        2.6727464
     330.0000000        2.6712947
     331.0000000        2.6632502
     332.0000000        2.6524639
     333.0000000        2.6357162
     334.0000000        2.6339295
     335.0000000        2.6345212
     336.0000000        2.6268463
     337.0000000        2.6171780
     338.0000000        2.6154134
     339.0000000        2.6141856
     340.0000000        2.6219666
     341.0000000        2.6276696
     342.0000000        2.6291409
     343.0000000        2.6183035
     344.0000000        2.6094108
     345.0000000        2.5966964
     346.0000000        2.5908341
     347.0000000        2.5826833
     348.0000000        2.5740921
     349.0000000        2.5654931
     350.0000000        2.5690498
     351.0000000        2.5788136
     352.0000000        2.5859954
     353.0000000        2.5918565
     354.0000000        2.5958974
     355.0000000        2.5947194
     356.0000000        2.5873222
     357.0000000        2.5831637
     358.0000000        2.5669239
     359.0000000        2.5522878
     360.0000000        2.5316761
     361.0000000        2.5119767
     362.0000000        2.5013614
     363.0000000        2.4938443
     364.0000000        2.4876001
     365.0000000        2.4852777
     366.0000000        2.4853017
     367.0000000        2.4808993
     368.0000000        2.4783287
     369.0000000        2.4719641
     370.0000000        2.4668748
     371.0000000        2.4670045
     372.0000000        2.4667017
     373.0000000        2.4767034
     374.0000000        2.4900293
     375.0000000        2.5095434
     376.0000000        2.5259535
     377.0000000        2.5358531
     378.0000000        2.5454247
     379.0000000        2.5515156
     380.0000000        2.5577574
     381.0000000        2.5618510
     382.0000000        2.5652504
     383.0000000        2.5728264
     384.0000000        2.5775671
     385.0000000        2.5793538
     386.0000000        2.5716083
     387.0000000        2.5694139
     388.0000000        2.5659883
     389.0000000        2.5730543
     390.0000000        2.5902772
     391.0000000        2.6003132
     392.0000000        2.6120963
     393.0000000        2.6168249
     394.0000000        2.6222270
     395.0000000        2.6148367
     396.0000000        2.6054742
     397.0000000        2.5980558
     398.0000000        2.5913601
     399.0000000        2.5919137
     400.0000000        2.5933292
     401.0000000        2.5988414
     402.0000000        2.6040175
     403.0000000        2.6001911
     404.0000000        2.5988860
     405.0000000        2.5976827
     406.0000000        2.5988681
     407.0000000        2.6092093
     408.0000000        2.6226790
     409.0000000        2.6310468
     410.0000000        2.6374819
     411.0000000        2.6365583
     412.0000000        2.6334019
     413.0000000        2.6245809
     414.0000000        2.6233487
     415.0000000        2.6116519
     416.0000000        2.6043315
     417.0000000        2.6021404
     418.0000000        2.5994620
     419.0000000        2.6116095
     420.0000000        2.6210001
     421.0000000        2.6255059
     422.0000000        2.6277397
     423.0000000        2.6313500
     424.0000000        2.6267474
     425.0000000        2.6247923
     426.0000000        2.6330814
     427.0000000        2.6243172
     428.0000000        2.6172707
     429.0000000        2.6192720
     430.0000000        2.6243737
     431.0000000        2.6217537
     432.0000000        2.6258540
     433.0000000        2.6266181
     434.0000000        2.6247106
     435.0000000        2.6200764
     436.0000000        2.6052051
     437.0000000        2.5962903
     438.0000000        2.5867684
     439.0000000        2.5825377
     440.0000000        2.5726810
     441.0000000        2.5611291
     442.0000000        2.5534177
     443.0000000        2.5492678
     444.0000000        2.5508323
     445.0000000        2.5539317
     446.0000000        2.5576878
     447.0000000        2.5696821
     448.0000000        2.5822225
     449.0000000        2.5844648
     450.0000000        2.5818646
     451.0000000        2.5819311
     452.0000000        2.5862417
     453.0000000        2.5839150
     454.0000000        2.5774214
     455.0000000        2.5703800
     456.0000000        2.5566821
     457.0000000        2.5397906
     458.0000000        2.5252359
     459.0000000        2.5236146
     460.0000000        2.5268981
     461.0000000        2.5412333
     462.0000000        2.5566192
     463.0000000        2.5694768
     464.0000000        2.5790398
     465.0000000        2.5858264
     466.0000000        2.5808306
     467.0000000        2.5920677
     468.0000000        2.5994067
     469.0000000        2.6028454
     470.0000000        2.6128762
     471.0000000        2.6144392
     472.0000000        2.6105533
     473.0000000        2.6036124
     474.0000000        2.5982835
     475.0000000        2.5967424
     476.0000000        2.5979967
     477.0000000        2.5973444
     478.0000000        2.5961332
     479.0000000        2.6019504
     480.0000000        2.6100004
     481.0000000        2.6163228
     482.0000000        2.6170754
     483.0000000        2.6172047
     484.0000000        2.6168118
     485.0000000        2.6127260
     486.0000000        2.6068926
     487.0000000        2.6043777
     488.0000000        2.6025276
     489.0000000        2.5961261
     490.0000000        2.5923898
     491.0000000        2.5884435
     492.0000000        2.5905130
     493.0000000        2.5928028
     494.0000000        2.5791168
     495.0000000        2.5721710
     496.0000000        2.5698743
     497.0000000        2.5787528
     498.0000000        2.5859699
     499.0000000        2.5905349
     500.0000000        2.5976801
     501.0000000        2.6033623
     502.0000000        2.6073925
     503.0000000        2.6084430
     504.0000000        2.6056120
     505.0000000        2.5966170
     506.0000000        2.5929632
     507.0000000        2.5953841
     508.0000000        2.5901189
     509.0000000        2.5871229
     510.0000000        2.5821276
     511.0000000        2.5745647
     512.0000000        2.5627797
     513.0000000        2.5558286
     514.0000000        2.5526140
     515.0000000        2.5520988
     516.0000000        2.5508957
     517.0000000        2.5547066
     518.0000000        2.5575886
     519.0000000        2.5580511
     520.0000000        2.5523293
     521.0000000        2.5565712
     522.0000000        2.5592752
     523.0000000        2.5627229
     524.0000000        2.5692523
     525.0000000        2.5698872
     526.0000000        2.5798421
     527.0000000        2.5867884
     528.0000000        2.5998623
     529.0000000        2.6103194
     530.0000000        2.6175621
     531.0000000        2.6195738
     532.0000000        2.6125166
     533.0000000        2.6038268
     534.0000000        2.5984027
     535.0000000        2.5904374
     536.0000000        2.5781362
     537.0000000        2.5617995
     538.0000000        2.5520096
     539.0000000        2.5329309
     540.0000000        2.5213029
     541.0000000        2.5219007
     542.0000000        2.5268562
     543.0000000        2.5455625
     544.0000000        2.5682716
     545.0000000        2.5863023
     546.0000000        2.6006055
     547.0000000        2.6162934
     548.0000000        2.6201077
     549.0000000        2.6251507
     550.0000000        2.6167016
     551.0000000        2.6064167
     552.0000000        2.5939362
     553.0000000        2.5866914
     554.0000000        2.5819597
     555.0000000        2.5788212
     556.0000000        2.5770702
     557.0000000        2.5695891
     558.0000000        2.5612113
     559.0000000        2.5573971
     560.0000000        2.5623481
     561.0000000        2.5612712
     562.0000000        2.5567837
     563.0000000        2.5519350
     564.0000000        2.5520589
     565.0000000        2.5520084
     566.0000000        2.5499384
     567.0000000        2.5454645
     568.0000000        2.5436511
     569.0000000        2.5463381
     570.0000000        2.5594659
     571.0000000        2.5740349
     572.0000000        2.5900412
     573.0000000        2.5980873
     574.0000000        2.5977018
     575.0000000        2.5992141
     576.0000000        2.6047368
     577.0000000        2.6077440
     578.0000000        2.6102364
     579.0000000        2.6032338
     580.0000000        2.5979867
     581.0000000        2.5976925
     582.0000000        2.5971828
     583.0000000        2.6046116
     584.0000000        2.6092205
     585.0000000        2.6196897
     586.0000000        2.6222546
     587.0000000        2.6221404
     588.0000000        2.6155152
     589.0000000        2.6063008
     590.0000000        2.6101022
     591.0000000        2.6143241
     592.0000000        2.6097357
     593.0000000        2.6019599
     594.0000000        2.5970461
     595.0000000        2.6036551
     596.0000000        2.6106448
     597.0000000        2.6206760
     598.0000000        2.6282222
     599.0000000        2.6335442
     600.0000000        2.6299171
