       1.0000000        2.4032757
       2.0000000        2.3894975
       3.0000000        2.3796352
       4.0000000        2.3728909
       5.0000000        2.3779428
       6.0000000        2.3875685
       7.0000000        2.3863956
       8.0000000        2.3816333
       9.0000000        2.3860882
      10.0000000        2.3898964
      11.0000000        2.3954019
      12.0000000        2.4103383
      13.0000000        2.4343326
      14.0000000        2.4518859
      15.0000000        2.4497000
      16.0000000        2.4321226
      17.0000000        2.4091068
      18.0000000        2.3805611
      19.0000000        2.3560170
      20.0000000        2.3474721
      21.0000000        2.3461271
      22.0000000        2.3418589
      23.0000000        2.3350216
      24.0000000        2.3193636
      25.0000000        2.3091849
      26.0000000        2.3143066
      27.0000000        2.3281455
      28.0000000        2.3462960
      29.0000000        2.3595839
      30.0000000        2.3588481
      31.0000000        2.3588705
      32.0000000        2.3665519
      33.0000000        2.3739505
      34.0000000        2.3804527
      35.0000000        2.3893314
      36.0000000        2.3990093
      37.0000000        2.4057839
      38.0000000        2.4057549
      39.0000000        2.3906288
      40.0000000        2.3668867
      41.0000000        2.3495394
      42.0000000        2.3417885
      43.0000000        2.3373754
      44.0000000        2.3382348
      45.0000000        2.3407400
      46.0000000        2.3440214
      47.0000000        2.3392549
      48.0000000        2.3299632
      49.0000000        2.3183703
      50.0000000        2.3037614
      51.0000000        2.2948380
      52.0000000        2.3001190
      53.0000000        2.3133917
      54.0000000        2.3203266
      55.0000000        2.3258175
      56.0000000        2.3432917
      57.0000000        2.3623628
      58.0000000        2.3697786
      59.0000000        2.3592315
      60.0000000        2.3404754
      61.0000000        2.3317860
      62.0000000        2.3250907
      63.0000000        2.3210820
      64.0000000        2.3210155
      65.0000000        2.3272179
      66.0000000        2.3383341
      67.0000000        2.3570439
      68.0000000        2.3803683
      69.0000000        2.3969838
      70.0000000        2.4029761
      71.0000000        2.4058522
      72.0000000        2.3990383
      73.0000000        2.3849848
      74.0000000        2.3758146
      75.0000000        2.3749559
      76.0000000        2.3843740
      77.0000000        2.3969878
      78.0000000        2.4007848
      79.0000000        2.3908180
      80.0000000        2.3827636
      81.0000000        2.3822248
      82.0000000        2.3786684
      83.0000000        2.3745328
      84.0000000        2.3642594
      85.0000000        2.3498002
      86.0000000        2.3378602
      87.0000000        2.3270261
      88.0000000        2.3218022
      89.0000000        2.3321938
      90.0000000        2.3521624
      91.0000000        2.3728095
      92.0000000        2.3939781
      93.0000000        2.4122595
      94.0000000        2.4218969
      95.0000000        2.4258282
      96.0000000        2.4282390
      97.0000000        2.4307373
      98.0000000        2.4322936
      99.0000000        2.4261229
     100.0000000        2.4218360
     101.0000000        2.4207868
     102.0000000        2.4128424
     103.0000000        2.3941992
     104.0000000        2.3689188
     105.0000000        2.3513884
     106.0000000        2.3377175
     107.0000000        2.3295654
     108.0000000        2.3267983
     109.0000000        2.3265320
     110.0000000        2.3185677
     111.0000000        2.3048393
     112.0000000        2.2969173
     113.0000000        2.2945301
     114.0000000        2.2952998
     115.0000000        2.3015892
     116.0000000        2.3142544
     117.0000000        2.3405848
     118.0000000        2.3748942
     119.0000000        2.4040728
     120.0000000        2.4237390
     121.0000000        2.4267131
     122.0000000        2.4266245
     123.0000000        2.4341725
     124.0000000        2.4447527
     125.0000000        2.4695505
     126.0000000        2.5091652
     127.0000000        2.5285695
     128.0000000        2.5087670
     129.0000000        2.4740800
     130.0000000        2.4500370
     131.0000000        2.4416673
     132.0000000        2.4378487
     133.0000000        2.4338088
     134.0000000        2.4333699
     135.0000000        2.4277242
     136.0000000        2.4203918
     137.0000000        2.4102586
     138.0000000        2.3970671
     139.0000000        2.3889356
     140.0000000        2.3857290
     141.0000000        2.3867840
     142.0000000        2.3829324
     143.0000000        2.3795026
     144.0000000        2.3760085
     145.0000000        2.3699102
     146.0000000        2.3799627
     147.0000000        2.4079353
     148.0000000        2.4304749
     149.0000000        2.4390083
     150.0000000        2.4356186
     151.0000000        2.4244393
     152.0000000        2.4141157
     153.0000000        2.4071540
     154.0000000        2.4053584
     155.0000000        2.4023686
     156.0000000        2.4073489
     157.0000000        2.4153540
     158.0000000        2.4231452
     159.0000000        2.4215673
     160.0000000        2.4075737
     161.0000000        2.3921184
     162.0000000        2.3811806
     163.0000000        2.3742775
     164.0000000        2.3722170
     165.0000000        2.3703842
     166.0000000        2.3617864
     167.0000000        2.3526615
     168.0000000        2.3437291
     169.0000000        2.3426547
     170.0000000        2.3516127
     171.0000000        2.3642257
     172.0000000        2.3722937
     173.0000000        2.3781456
     174.0000000        2.3850532
     175.0000000        2.3967156
     176.0000000        2.4195528
     177.0000000        2.4389166
     178.0000000        2.4499503
     179.0000000        2.4578779
     180.0000000        2.4663294
     181.0000000        2.4797689
     182.0000000        2.4895017
     183.0000000        2.4781887
     184.0000000        2.4658505
     185.0000000        2.4630932
     186.0000000        2.4590976
     187.0000000        2.4514818
     188.0000000        2.4476316
     189.0000000        2.4521480
     190.0000000        2.4490690
     191.0000000        2.4362710
     192.0000000        2.4210822
     193.0000000        2.4093747
     194.0000000        2.4028892
     195.0000000        2.3964328
     196.0000000        2.3902629
     197.0000000        2.3887520
     198.0000000        2.3885116
     199.0000000        2.3952834
     200.0000000        2.4105981
     201.0000000        2.4272140
     202.0000000        2.4403577
     203.0000000        2.4486715
     204.0000000        2.4468453
     205.0000000        2.4335701
     206.0000000        2.4165821
     207.0000000        2.4059594
     208.0000000        2.4124258
     209.0000000        2.4131293
     210.0000000        2.3959112
     211.0000000        2.3725931
     212.0000000        2.3644362
     213.0000000        2.3681460
     214.0000000        2.3661319
     215.0000000        2.3503308
     216.0000000        2.3310765
     217.0000000        2.3169534
     218.0000000        2.3108726
     219.0000000        2.3135795
     220.0000000        2.3232631
     221.0000000        2.3329342
     222.0000000        2.3341998
     223.0000000        2.3276614
     224.0000000        2.3287774
     225.0000000        2.3368260
     226.0000000        2.3403463
     227.0000000        2.3448582
     228.0000000        2.3559177
     229.0000000        2.3666617
     230.0000000        2.3775076
     231.0000000        2.3963109
     232.0000000        2.4192727
     233.0000000        2.4386505
     234.0000000        2.4540078
     235.0000000        2.4669123
     236.0000000        2.4751156
     237.0000000        2.4806201
     238.0000000        2.4994099
     239.0000000        2.5124977
     240.0000000        2.5113515
     241.0000000        2.5027490
     242.0000000        2.4964430
     243.0000000        2.4973900
     244.0000000        2.5053704
     245.0000000        2.5175004
     246.0000000        2.5286253
     247.0000000        2.5223110
     248.0000000        2.4975054
     249.0000000        2.4668435
     250.0000000        2.4435140
     251.0000000        2.4247972
     252.0000000        2.4202453
     253.0000000        2.4264761
     254.0000000        2.4318436
     255.0000000        2.4229886
     256.0000000        2.4071215
     257.0000000        2.3966094
     258.0000000        2.3963789
     259.0000000        2.4013680
     260.0000000        2.4137973
     261.0000000        2.4212465
     262.0000000        2.4220989
     263.0000000        2.4178654
     264.0000000        2.4080410
     265.0000000        2.3915891
     266.0000000        2.3728746
     267.0000000        2.3599026
     268.0000000        2.3569041
     269.0000000        2.3622090
     270.0000000        2.3669023
     271.0000000        2.3642469
     272.0000000        2.3582831
     273.0000000        2.3569612
     274.0000000        2.3526255
     275.0000000        2.3485063
     276.0000000        2.3573588
     277.0000000        2.3750748
     278.0000000        2.3916175
     279.0000000        2.4047076
     280.0000000        2.4182765
     281.0000000        2.4253809
     282.0000000        2.4158701
     283.0000000        2.3954739
     284.0000000        2.3823039
     285.0000000        2.3803035
     286.0000000        2.3866216
     287.0000000        2.3894272
     288.0000000        2.3895449
     289.0000000        2.3866374
     290.0000000        2.3879052
     291.0000000        2.3873436
     292.0000000        2.3917738
     293.0000000        2.4056170
     294.0000000        2.4140457
     295.0000000        2.4022193
     296.0000000        2.3740379
     297.0000000        2.3553359
     298.0000000        2.3497072
     299.0000000        2.3461010
     300.0000000        2.3483504
     301.0000000        2.3583109
     302.0000000        2.3632805
     303.0000000        2.3717021
     304.0000000        2.3825918
     305.0000000        2.3879784
     306.0000000        2.3915924
     307.0000000        2.3845311
     308.0000000        2.3672708
     309.0000000        2.3490031
     310.0000000        2.3334847
     311.0000000        2.3185239
     312.0000000        2.3053838
     313.0000000        2.2957112
     314.0000000        2.2835236
     315.0000000        2.2772524
     316.0000000        2.2827508
     317.0000000        2.2947729
     318.0000000        2.3044096
     319.0000000        2.3192323
     320.0000000        2.3412328
     321.0000000        2.3571937
     322.0000000        2.3624757
     323.0000000        2.3646748
     324.0000000        2.3653352
     325.0000000        2.3661094
     326.0000000        2.3659601
     327.0000000        2.3617316
     328.0000000        2.3530327
     329.0000000        2.3399652
     330.0000000        2.3293178
     331.0000000        2.3247826
     332.0000000        2.3206355
     333.0000000        2.3257793
     334.0000000        2.3350815
     335.0000000        2.3379937
     336.0000000        2.3363930
     337.0000000        2.3363558
     338.0000000        2.3442570
     339.0000000        2.3595215
     340.0000000        2.3695640
     341.0000000        2.3770036
     342.0000000        2.3872461
     343.0000000        2.3965068
     344.0000000        2.3955776
     345.0000000        2.3850065
     346.0000000        2.3739229
     347.0000000        2.3632283
     348.0000000        2.3550074
     349.0000000        2.3529744
     350.0000000        2.3501456
     351.0000000        2.3465456
     352.0000000        2.3499816
     353.0000000        2.3666967
     354.0000000        2.3786748
     355.0000000        2.3792707
     356.0000000        2.3704369
     357.0000000        2.3536094
     358.0000000        2.3330213
     359.0000000        2.3043558
     360.0000000        2.2826288
     361.0000000        2.2767248
     362.0000000        2.2831310
     363.0000000        2.2929814
     364.0000000        2.3065883
     365.0000000        2.3363834
     366.0000000        2.3692449
     367.0000000        2.3928835
     368.0000000        2.4094942
     369.0000000        2.4197078
     370.0000000        2.4206514
     371.0000000        2.4192871
     372.0000000        2.4195555
     373.0000000        2.4238101
     374.0000000        2.4318210
     375.0000000        2.4438778
     376.0000000        2.4508295
     377.0000000        2.4631581
     378.0000000        2.4835008
     379.0000000        2.5067956
     380.0000000        2.5280163
     381.0000000        2.5386190
     382.0000000        2.5332327
     383.0000000        2.5049120
     384.0000000        2.4726885
     385.0000000        2.4636300
     386.0000000        2.4586876
     387.0000000        2.4441753
     388.0000000        2.4354860
     389.0000000        2.4257216
     390.0000000        2.4179718
     391.0000000        2.4068440
     392.0000000        2.3854648
     393.0000000        2.3716577
     394.0000000        2.3715751
     395.0000000        2.3828584
     396.0000000        2.3873830
     397.0000000        2.3876582
     398.0000000        2.3908476
     399.0000000        2.3922256
     400.0000000        2.3928763
     401.0000000        2.4045878
     402.0000000        2.4311493
     403.0000000        2.4642868
     404.0000000        2.4808082
     405.0000000        2.4786893
     406.0000000        2.4665180
     407.0000000        2.4594113
     408.0000000        2.4627871
     409.0000000        2.4674514
     410.0000000        2.4627799
     411.0000000        2.4582883
     412.0000000        2.4664574
     413.0000000        2.4838005
     414.0000000        2.4882519
     415.0000000        2.4770839
     416.0000000        2.4652276
     417.0000000        2.4541119
     418.0000000        2.4476061
     419.0000000        2.4374388
     420.0000000        2.4176839
     421.0000000        2.3983673
     422.0000000        2.3813171
     423.0000000        2.3677730
     424.0000000        2.3452794
     425.0000000        2.3206721
     426.0000000        2.3031130
     427.0000000        2.3000091
     428.0000000        2.3112761
     429.0000000        2.3237260
     430.0000000        2.3317146
     431.0000000        2.3485676
     432.0000000        2.3735798
     433.0000000        2.3962682
     434.0000000        2.4139808
     435.0000000        2.4248755
     436.0000000        2.4291183
     437.0000000        2.4245341
     438.0000000        2.4087848
     439.0000000        2.3784645
     440.0000000        2.3431037
     441.0000000        2.3169702
     442.0000000        2.3082884
     443.0000000        2.3192454
     444.0000000        2.3351474
     445.0000000        2.3426300
     446.0000000        2.3411757
     447.0000000        2.3362924
     448.0000000        2.3306199
     449.0000000        2.3350705
     450.0000000        2.3465917
     451.0000000        2.3565446
     452.0000000        2.3625286
     453.0000000        2.3729297
     454.0000000        2.3989069
     455.0000000        2.4378356
     456.0000000        2.4710613
     457.0000000        2.4812733
     458.0000000        2.4762850
     459.0000000        2.4613958
     460.0000000        2.4480903
     461.0000000        2.4460899
     462.0000000        2.4540726
     463.0000000        2.4554365
     464.0000000        2.4459543
     465.0000000        2.4383920
     466.0000000        2.4360909
     467.0000000        2.4388669
     468.0000000        2.4379412
     469.0000000        2.4319798
     470.0000000        2.4205321
     471.0000000        2.3973275
     472.0000000        2.3673149
     473.0000000        2.3519609
     474.0000000        2.3446453
     475.0000000        2.3523882
     476.0000000        2.3684564
     477.0000000        2.3890009
     478.0000000        2.4112187
     479.0000000        2.4310794
     480.0000000        2.4356303
     481.0000000        2.4382134
     482.0000000        2.4364140
     483.0000000        2.4260083
     484.0000000        2.4160205
     485.0000000        2.4103884
     486.0000000        2.4114200
     487.0000000        2.4226179
     488.0000000        2.4366097
     489.0000000        2.4388653
     490.0000000        2.4331846
     491.0000000        2.4344829
     492.0000000        2.4465775
     493.0000000        2.4533104
     494.0000000        2.4549706
     495.0000000        2.4535517
     496.0000000        2.4537645
     497.0000000        2.4587113
     498.0000000        2.4665570
     499.0000000        2.4678964
     500.0000000        2.4583729
     501.0000000        2.4358257
     502.0000000        2.4067172
     503.0000000        2.3884465
     504.0000000        2.3855308
     505.0000000        2.3874369
     506.0000000        2.3830316
     507.0000000        2.3795835
     508.0000000        2.3731781
     509.0000000        2.3635604
     510.0000000        2.3620484
     511.0000000        2.3714479
     512.0000000        2.3823382
     513.0000000        2.3868339
     514.0000000        2.3870347
     515.0000000        2.3828021
     516.0000000        2.3776874
     517.0000000        2.3819612
     518.0000000        2.3909999
     519.0000000        2.3970812
     520.0000000        2.4002980
     521.0000000        2.4029604
     522.0000000        2.4027542
     523.0000000        2.3938436
     524.0000000        2.3848769
     525.0000000        2.3722476
     526.0000000        2.3607709
     527.0000000        2.3360992
     528.0000000        2.3061849
     529.0000000        2.2894387
     530.0000000        2.2853939
     531.0000000        2.2841011
     532.0000000        2.2888389
     533.0000000        2.2891657
     534.0000000        2.2871248
     535.0000000        2.2921786
     536.0000000        2.3004626
     537.0000000        2.3030371
     538.0000000        2.3097207
     539.0000000        2.3233462
     540.0000000        2.3381930
     541.0000000        2.3522551
     542.0000000        2.3703095
     543.0000000        2.3800906
     544.0000000        2.3828899
     545.0000000        2.3869108
     546.0000000        2.3923632
     547.0000000        2.4050602
     548.0000000        2.4238003
     549.0000000        2.4463192
     550.0000000        2.4743901
     551.0000000        2.4963307
     552.0000000        2.5033537
     553.0000000        2.5034210
     554.0000000        2.5001652
     555.0000000        2.4903436
     556.0000000        2.4778972
     557.0000000        2.4629775
     558.0000000        2.4353507
     559.0000000        2.4135520
     560.0000000        2.4049884
     561.0000000        2.4113136
     562.0000000        2.4098000
     563.0000000        2.3935064
     564.0000000        2.3879378
     565.0000000        2.3971578
     566.0000000        2.4098989
     567.0000000        2.4169363
     568.0000000        2.4125388
     569.0000000        2.4067248
     570.0000000        2.4031378
     571.0000000        2.4119154
     572.0000000        2.4257219
     573.0000000        2.4401607
     574.0000000        2.4488085
     575.0000000        2.4464938
     576.0000000        2.4408941
     577.0000000        2.4353319
     578.0000000        2.4373188
     579.0000000        2.4366152
     580.0000000        2.4352694
     581.0000000        2.4379209
     582.0000000        2.4269765
     583.0000000        2.4041127
     584.0000000        2.3885355
     585.0000000        2.3823525
     586.0000000        2.3808560
     587.0000000        2.3785875
     588.0000000        2.3868583
     589.0000000        2.4117169
     590.0000000        2.4497649
     591.0000000        2.4762885
     592.0000000        2.4890141
     593.0000000        2.4960437
     594.0000000        2.4970137
     595.0000000        2.4890979
     596.0000000        2.4764954
     597.0000000        2.4654011
     598.0000000        2.4652966
     599.0000000        2.4738242
     600.0000000        2.4872415
