       1.0000000        2.1934400
       2.0000000        2.1904681
       3.0000000        2.1904902
       4.0000000        2.1969645
       5.0000000        2.2037942
       6.0000000        2.2060025
       7.0000000        2.2018712
       8.0000000        2.1982515
       9.0000000        2.1966579
      10.0000000        2.1913021
      11.0000000        2.1823108
      12.0000000        2.1737487
      13.0000000        2.1651187
      14.0000000        2.1544070
      15.0000000        2.1484380
      16.0000000        2.1511278
      17.0000000        2.1567218
      18.0000000        2.1611462
      19.0000000        2.1658726
      20.0000000        2.1707156
      21.0000000        2.1782515
      22.0000000        2.1860688
      23.0000000        2.1937163
      24.0000000        2.2000425
      25.0000000        2.2015958
      26.0000000        2.1980624
      27.0000000        2.1915979
      28.0000000        2.1810839
      29.0000000        2.1714149
      30.0000000        2.1665092
      31.0000000        2.1686420
      32.0000000        2.1726191
      33.0000000        2.1685059
      34.0000000        2.1595635
      35.0000000        2.1536310
      36.0000000        2.1577647
      37.0000000        2.1692297
      38.0000000        2.1830485
      39.0000000        2.1928844
      40.0000000        2.2001173
      41.0000000        2.2070112
      42.0000000        2.2131176
      43.0000000        2.2128332
      44.0000000        2.2100282
      45.0000000        2.2063680
      46.0000000        2.1997809
      47.0000000        2.1974370
      48.0000000        2.1998730
      49.0000000        2.2044861
      50.0000000        2.2101450
      51.0000000        2.2149847
      52.0000000        2.2152712
      53.0000000        2.2119577
      54.0000000        2.2088878
      55.0000000        2.2095845
      56.0000000        2.2121663
      57.0000000        2.2116766
      58.0000000        2.2057447
      59.0000000        2.1985693
      60.0000000        2.1911204
      61.0000000        2.1816182
      62.0000000        2.1736593
      63.0000000        2.1727252
      64.0000000        2.1737087
      65.0000000        2.1705453
      66.0000000        2.1636910
      67.0000000        2.1573672
      68.0000000        2.1496000
      69.0000000        2.1417558
      70.0000000        2.1363811
      71.0000000        2.1359072
      72.0000000        2.1391337
      73.0000000        2.1421320
      74.0000000        2.1462417
      75.0000000        2.1548028
      76.0000000        2.1644371
      77.0000000        2.1686933
      78.0000000        2.1714776
      79.0000000        2.1740057
      80.0000000        2.1745660
      81.0000000        2.1755393
      82.0000000        2.1729026
      83.0000000        2.1675730
      84.0000000        2.1650827
      85.0000000        2.1647182
      86.0000000        2.1585336
      87.0000000        2.1480596
      88.0000000        2.1446559
      89.0000000        2.1496310
      90.0000000        2.1557858
      91.0000000        2.1612208
      92.0000000        2.1674471
      93.0000000        2.1724982
      94.0000000        2.1817582
      95.0000000        2.1954322
      96.0000000        2.2119808
      97.0000000        2.2287712
      98.0000000        2.2395952
      99.0000000        2.2427869
     100.0000000        2.2390454
     101.0000000        2.2375548
     102.0000000        2.2378669
     103.0000000        2.2378747
     104.0000000        2.2389617
     105.0000000        2.2369990
     106.0000000        2.2329094
     107.0000000        2.2304063
     108.0000000        2.2268403
     109.0000000        2.2245195
     110.0000000        2.2229834
     111.0000000        2.2203324
     112.0000000        2.2113202
     113.0000000        2.1936970
     114.0000000        2.1807716
     115.0000000        2.1756632
     116.0000000        2.1761954
     117.0000000        2.1785669
     118.0000000        2.1826701
     119.0000000        2.1907275
     120.0000000        2.2035615
     121.0000000        2.2153969
     122.0000000        2.2205307
     123.0000000        2.2213171
     124.0000000        2.2187660
     125.0000000        2.2154245
     126.0000000        2.2165844
     127.0000000        2.2199979
     128.0000000        2.2260873
     129.0000000        2.2321448
     130.0000000        2.2395267
     131.0000000        2.2457824
     132.0000000        2.2472391
     133.0000000        2.2431374
     134.0000000        2.2361879
     135.0000000        2.2310410
     136.0000000        2.2284296
     137.0000000        2.2277856
     138.0000000        2.2240860
     139.0000000        2.2174525
     140.0000000        2.2160091
     141.0000000        2.2231042
     142.0000000        2.2310331
     143.0000000        2.2368519
     144.0000000        2.2384679
     145.0000000        2.2315762
     146.0000000        2.2170479
     147.0000000        2.2110872
     148.0000000        2.2185731
     149.0000000        2.2227280
     150.0000000        2.2161722
     151.0000000        2.2109714
     152.0000000        2.2134430
     153.0000000        2.2236514
     154.0000000        2.2362576
     155.0000000        2.2407897
     156.0000000        2.2355959
     157.0000000        2.2285845
     158.0000000        2.2250054
     159.0000000        2.2222786
     160.0000000        2.2202094
     161.0000000        2.2224174
     162.0000000        2.2250724
     163.0000000        2.2203243
     164.0000000        2.2160056
     165.0000000        2.2130611
     166.0000000        2.2117980
     167.0000000        2.2110968
     168.0000000        2.2087917
     169.0000000        2.2064843
     170.0000000        2.2047124
     171.0000000        2.2002406
     172.0000000        2.1986730
     173.0000000        2.2000272
     174.0000000        2.1983759
     175.0000000        2.1937239
     176.0000000        2.1892684
     177.0000000        2.1867301
     178.0000000        2.1885250
     179.0000000        2.1925542
     180.0000000        2.1961739
     181.0000000        2.1973822
     182.0000000        2.1960976
     183.0000000        2.1915519
     184.0000000        2.1872416
     185.0000000        2.1825213
     186.0000000        2.1778131
     187.0000000        2.1715763
     188.0000000        2.1633089
     189.0000000        2.1558230
     190.0000000        2.1550076
     191.0000000        2.1617334
     192.0000000        2.1681838
     193.0000000        2.1648664
     194.0000000        2.1562891
     195.0000000        2.1486354
     196.0000000        2.1480327
     197.0000000        2.1558912
     198.0000000        2.1691260
     199.0000000        2.1752937
     200.0000000        2.1740451
     201.0000000        2.1705146
     202.0000000        2.1678305
     203.0000000        2.1672897
     204.0000000        2.1724846
     205.0000000        2.1832287
     206.0000000        2.1925817
     207.0000000        2.1948805
     208.0000000        2.1942739
     209.0000000        2.1916728
     210.0000000        2.1904669
     211.0000000        2.1899459
     212.0000000        2.1848080
     213.0000000        2.1808586
     214.0000000        2.1822715
     215.0000000        2.1868629
     216.0000000        2.1891427
     217.0000000        2.1926918
     218.0000000        2.1988726
     219.0000000        2.2022157
     220.0000000        2.2002945
     221.0000000        2.1953373
     222.0000000        2.1948590
     223.0000000        2.2004585
     224.0000000        2.2056458
     225.0000000        2.2064490
     226.0000000        2.2032921
     227.0000000        2.1993778
     228.0000000        2.2006819
     229.0000000        2.2011919
     230.0000000        2.2009549
     231.0000000        2.1973326
     232.0000000        2.1895452
     233.0000000        2.1808636
     234.0000000        2.1710379
     235.0000000        2.1612866
     236.0000000        2.1570795
     237.0000000        2.1555545
     238.0000000        2.1534381
     239.0000000        2.1517265
     240.0000000        2.1534703
     241.0000000        2.1581471
     242.0000000        2.1615329
     243.0000000        2.1600435
     244.0000000        2.1586301
     245.0000000        2.1555586
     246.0000000        2.1529691
     247.0000000        2.1529067
     248.0000000        2.1566303
     249.0000000        2.1621659
     250.0000000        2.1713243
     251.0000000        2.1807709
     252.0000000        2.1821895
     253.0000000        2.1782963
     254.0000000        2.1790850
     255.0000000        2.1875637
     256.0000000        2.1972582
     257.0000000        2.2021484
     258.0000000        2.2027991
     259.0000000        2.2020066
     260.0000000        2.2010448
     261.0000000        2.1972258
     262.0000000        2.1931448
     263.0000000        2.1927276
     264.0000000        2.1925724
     265.0000000        2.1976016
     266.0000000        2.2055781
     267.0000000        2.2096865
     268.0000000        2.2078760
     269.0000000        2.2009823
     270.0000000        2.1974216
     271.0000000        2.1984177
     272.0000000        2.2023492
     273.0000000        2.2043660
     274.0000000        2.2011669
     275.0000000        2.1926477
     276.0000000        2.1856835
     277.0000000        2.1841776
     278.0000000        2.1850722
     279.0000000        2.1880617
     280.0000000        2.1916816
     281.0000000        2.1885936
     282.0000000        2.1816165
     283.0000000        2.1734390
     284.0000000        2.1700339
     285.0000000        2.1726789
     286.0000000        2.1800530
     287.0000000        2.1923149
     288.0000000        2.2049699
     289.0000000        2.2138653
     290.0000000        2.2227697
     291.0000000        2.2327313
     292.0000000        2.2364602
     293.0000000        2.2307277
     294.0000000        2.2224581
     295.0000000        2.2149580
     296.0000000        2.2126932
     297.0000000        2.2091193
     298.0000000        2.2013779
     299.0000000        2.1939857
     300.0000000        2.1874783
     301.0000000        2.1818681
     302.0000000        2.1833847
     303.0000000        2.1893916
     304.0000000        2.2003853
     305.0000000        2.2148254
     306.0000000        2.2243407
     307.0000000        2.2298219
     308.0000000        2.2327592
     309.0000000        2.2332540
     310.0000000        2.2352226
     311.0000000        2.2405720
     312.0000000        2.2470133
     313.0000000        2.2534599
     314.0000000        2.2549200
     315.0000000        2.2471504
     316.0000000        2.2314298
     317.0000000        2.2166879
     318.0000000        2.2044466
     319.0000000        2.1948667
     320.0000000        2.1873283
     321.0000000        2.1815488
     322.0000000        2.1786332
     323.0000000        2.1771479
     324.0000000        2.1741052
     325.0000000        2.1724322
     326.0000000        2.1689212
     327.0000000        2.1658397
     328.0000000        2.1641605
     329.0000000        2.1660759
     330.0000000        2.1729646
     331.0000000        2.1829784
     332.0000000        2.1916323
     333.0000000        2.1961746
     334.0000000        2.1964419
     335.0000000        2.1944609
     336.0000000        2.1915522
     337.0000000        2.1897004
     338.0000000        2.1901314
     339.0000000        2.1897511
     340.0000000        2.1926901
     341.0000000        2.2009568
     342.0000000        2.2013683
     343.0000000        2.1970079
     344.0000000        2.1948102
     345.0000000        2.1971371
     346.0000000        2.2047360
     347.0000000        2.2143662
     348.0000000        2.2228084
     349.0000000        2.2235315
     350.0000000        2.2233114
     351.0000000        2.2290921
     352.0000000        2.2377644
     353.0000000        2.2481685
     354.0000000        2.2580667
     355.0000000        2.2638111
     356.0000000        2.2670581
     357.0000000        2.2678027
     358.0000000        2.2645528
     359.0000000        2.2571568
     360.0000000        2.2478533
     361.0000000        2.2323310
     362.0000000        2.2119467
     363.0000000        2.2008548
     364.0000000        2.1984506
     365.0000000        2.1975355
     366.0000000        2.1970432
     367.0000000        2.1956275
     368.0000000        2.1920745
     369.0000000        2.1849642
     370.0000000        2.1785388
     371.0000000        2.1783254
     372.0000000        2.1807725
     373.0000000        2.1810417
     374.0000000        2.1787646
     375.0000000        2.1804640
     376.0000000        2.1839292
     377.0000000        2.1899478
     378.0000000        2.1958184
     379.0000000        2.2013881
     380.0000000        2.2056222
     381.0000000        2.2070112
     382.0000000        2.2087440
     383.0000000        2.2135105
     384.0000000        2.2240672
     385.0000000        2.2315381
     386.0000000        2.2353768
     387.0000000        2.2401340
     388.0000000        2.2492428
     389.0000000        2.2621739
     390.0000000        2.2713952
     391.0000000        2.2686779
     392.0000000        2.2600458
     393.0000000        2.2579076
     394.0000000        2.2578847
     395.0000000        2.2485166
     396.0000000        2.2382879
     397.0000000        2.2317989
     398.0000000        2.2272303
     399.0000000        2.2232392
     400.0000000        2.2183659
     401.0000000        2.2152319
     402.0000000        2.2111456
     403.0000000        2.2030008
     404.0000000        2.1922352
     405.0000000        2.1748691
     406.0000000        2.1613970
     407.0000000        2.1582050
     408.0000000        2.1658058
     409.0000000        2.1751904
     410.0000000        2.1840267
     411.0000000        2.1912580
     412.0000000        2.1929588
     413.0000000        2.1911583
     414.0000000        2.1823645
     415.0000000        2.1670525
     416.0000000        2.1566086
     417.0000000        2.1593039
     418.0000000        2.1658568
     419.0000000        2.1666174
     420.0000000        2.1636989
     421.0000000        2.1627178
     422.0000000        2.1610391
     423.0000000        2.1578751
     424.0000000        2.1557474
     425.0000000        2.1578743
     426.0000000        2.1641400
     427.0000000        2.1710982
     428.0000000        2.1759558
     429.0000000        2.1708202
     430.0000000        2.1581113
     431.0000000        2.1463816
     432.0000000        2.1411114
     433.0000000        2.1425841
     434.0000000        2.1484275
     435.0000000        2.1614864
     436.0000000        2.1772790
     437.0000000        2.1900280
     438.0000000        2.1956565
     439.0000000        2.1983411
     440.0000000        2.1985173
     441.0000000        2.1981373
     442.0000000        2.1968291
     443.0000000        2.1951392
     444.0000000        2.1909766
     445.0000000        2.1847365
     446.0000000        2.1804123
     447.0000000        2.1800470
     448.0000000        2.1816533
     449.0000000        2.1798556
     450.0000000        2.1769156
     451.0000000        2.1745245
     452.0000000        2.1690333
     453.0000000        2.1613429
     454.0000000        2.1569493
     455.0000000        2.1559124
     456.0000000        2.1561947
     457.0000000        2.1569762
     458.0000000        2.1538723
     459.0000000        2.1513844
     460.0000000        2.1547074
     461.0000000        2.1649544
     462.0000000        2.1808491
     463.0000000        2.1942539
     464.0000000        2.2015274
     465.0000000        2.2062142
     466.0000000        2.2133894
     467.0000000        2.2223427
     468.0000000        2.2234733
     469.0000000        2.2217250
     470.0000000        2.2272186
     471.0000000        2.2361705
     472.0000000        2.2392774
     473.0000000        2.2418852
     474.0000000        2.2476573
     475.0000000        2.2500861
     476.0000000        2.2460053
     477.0000000        2.2447469
     478.0000000        2.2438915
     479.0000000        2.2388563
     480.0000000        2.2304814
     481.0000000        2.2200456
     482.0000000        2.2124112
     483.0000000        2.2056379
     484.0000000        2.1979306
     485.0000000        2.1893384
     486.0000000        2.1826785
     487.0000000        2.1785436
     488.0000000        2.1787806
     489.0000000        2.1827416
     490.0000000        2.1825416
     491.0000000        2.1762240
     492.0000000        2.1698520
     493.0000000        2.1662710
     494.0000000        2.1671576
     495.0000000        2.1750302
     496.0000000        2.1828382
     497.0000000        2.1849244
     498.0000000        2.1796105
     499.0000000        2.1712186
     500.0000000        2.1641119
     501.0000000        2.1530998
     502.0000000        2.1421173
     503.0000000        2.1371019
     504.0000000        2.1396742
     505.0000000        2.1477048
     506.0000000        2.1557508
     507.0000000        2.1585476
     508.0000000        2.1579013
     509.0000000        2.1555817
     510.0000000        2.1546769
     511.0000000        2.1491294
     512.0000000        2.1415527
     513.0000000        2.1366136
     514.0000000        2.1350198
     515.0000000        2.1357539
     516.0000000        2.1396599
     517.0000000        2.1493979
     518.0000000        2.1605499
     519.0000000        2.1699805
     520.0000000        2.1765425
     521.0000000        2.1770508
     522.0000000        2.1774006
     523.0000000        2.1795938
     524.0000000        2.1815186
     525.0000000        2.1808944
     526.0000000        2.1838274
     527.0000000        2.1918900
     528.0000000        2.2000632
     529.0000000        2.2074502
     530.0000000        2.2127240
     531.0000000        2.2161674
     532.0000000        2.2237213
     533.0000000        2.2333462
     534.0000000        2.2373519
     535.0000000        2.2393413
     536.0000000        2.2379687
     537.0000000        2.2353737
     538.0000000        2.2317610
     539.0000000        2.2242250
     540.0000000        2.2119632
     541.0000000        2.1995366
     542.0000000        2.1920087
     543.0000000        2.1894972
     544.0000000        2.1905892
     545.0000000        2.1920795
     546.0000000        2.1878033
     547.0000000        2.1821935
     548.0000000        2.1789258
     549.0000000        2.1785555
     550.0000000        2.1784592
     551.0000000        2.1774979
     552.0000000        2.1805305
     553.0000000        2.1880472
     554.0000000        2.1977696
     555.0000000        2.2050743
     556.0000000        2.2104282
     557.0000000        2.2077899
     558.0000000        2.2011869
     559.0000000        2.1959133
     560.0000000        2.1903493
     561.0000000        2.1867545
     562.0000000        2.1797225
     563.0000000        2.1671734
     564.0000000        2.1547840
     565.0000000        2.1451831
     566.0000000        2.1408732
     567.0000000        2.1410842
     568.0000000        2.1536329
     569.0000000        2.1758897
     570.0000000        2.1994326
     571.0000000        2.2173803
     572.0000000        2.2241390
     573.0000000        2.2239923
     574.0000000        2.2240229
     575.0000000        2.2208750
     576.0000000        2.2130768
     577.0000000        2.2032714
     578.0000000        2.1926627
     579.0000000        2.1852603
     580.0000000        2.1824436
     581.0000000        2.1832886
     582.0000000        2.1841903
     583.0000000        2.1827223
     584.0000000        2.1788876
     585.0000000        2.1774011
     586.0000000        2.1751089
     587.0000000        2.1688910
     588.0000000        2.1612313
     589.0000000        2.1527047
     590.0000000        2.1412423
     591.0000000        2.1346698
     592.0000000        2.1334441
     593.0000000        2.1309400
     594.0000000        2.1298132
     595.0000000        2.1356633
     596.0000000        2.1438355
     597.0000000        2.1493723
     598.0000000        2.1507998
     599.0000000        2.1524737
     600.0000000        2.1595612
