       1.0000000        0.3161973
       2.0000000        0.2983158
       3.0000000        0.2868510
       4.0000000        0.2800351
       5.0000000        0.2765115
       6.0000000        0.2767460
       7.0000000        0.2747235
       8.0000000        0.2768594
       9.0000000        0.2831909
      10.0000000        0.2927175
      11.0000000        0.2958672
      12.0000000        0.2986625
      13.0000000        0.3052323
      14.0000000        0.3102338
      15.0000000        0.3124672
      16.0000000        0.3093779
      17.0000000        0.3093299
      18.0000000        0.3091102
      19.0000000        0.3077033
      20.0000000        0.3023660
      21.0000000        0.3002614
      22.0000000        0.3000627
      23.0000000        0.2902071
      24.0000000        0.2809165
      25.0000000        0.2755255
      26.0000000        0.2680973
      27.0000000        0.2593496
      28.0000000        0.2529874
      29.0000000        0.2523936
      30.0000000        0.2554223
      31.0000000        0.2535199
      32.0000000        0.2530822
      33.0000000        0.2517708
      34.0000000        0.2527078
      35.0000000        0.2526798
      36.0000000        0.2556476
      37.0000000        0.2585197
      38.0000000        0.2596314
      39.0000000        0.2617907
      40.0000000        0.2639007
      41.0000000        0.2654643
      42.0000000        0.2681467
      43.0000000        0.2651542
      44.0000000        0.2588434
      45.0000000        0.2552124
      46.0000000        0.2519281
      47.0000000        0.2499428
      48.0000000        0.2472429
      49.0000000        0.2456848
      50.0000000        0.2455963
      51.0000000        0.2468451
      52.0000000        0.2470881
      53.0000000        0.2454429
      54.0000000        0.2445869
      55.0000000        0.2456035
      56.0000000        0.2495916
      57.0000000        0.2565611
      58.0000000        0.2624683
      59.0000000        0.2668647
      60.0000000        0.2736866
      61.0000000        0.2815354
      62.0000000        0.2934488
      63.0000000        0.3040340
      64.0000000        0.3165410
      65.0000000        0.3279310
      66.0000000        0.3352344
      67.0000000        0.3416764
      68.0000000        0.3501941
      69.0000000        0.3533779
      70.0000000        0.3525637
      71.0000000        0.3507740
      72.0000000        0.3541683
      73.0000000        0.3523935
      74.0000000        0.3524267
      75.0000000        0.3486618
      76.0000000        0.3485342
      77.0000000        0.3469325
      78.0000000        0.3495704
      79.0000000        0.3474515
      80.0000000        0.3433910
      81.0000000        0.3471375
      82.0000000        0.3502269
      83.0000000        0.3504954
      84.0000000        0.3569872
      85.0000000        0.3565767
      86.0000000        0.3514123
      87.0000000        0.3492513
      88.0000000        0.3467542
      89.0000000        0.3398795
      90.0000000        0.3339681
      91.0000000        0.3341881
      92.0000000        0.3285483
      93.0000000        0.3223537
      94.0000000        0.3146210
      95.0000000        0.3065881
      96.0000000        0.3042272
      97.0000000        0.3018237
      98.0000000        0.2962737
      99.0000000        0.2912602
     100.0000000        0.2842417
     101.0000000        0.2778969
     102.0000000        0.2721091
     103.0000000        0.2620629
     104.0000000        0.2502851
     105.0000000        0.2411489
     106.0000000        0.2338176
     107.0000000        0.2251941
     108.0000000        0.2164473
     109.0000000        0.2092421
     110.0000000        0.2005688
     111.0000000        0.1938678
     112.0000000        0.1861750
     113.0000000        0.1784048
     114.0000000        0.1735989
     115.0000000        0.1695998
     116.0000000        0.1677616
     117.0000000        0.1659994
     118.0000000        0.1655942
     119.0000000        0.1643599
     120.0000000        0.1599323
     121.0000000        0.1542926
     122.0000000        0.1507007
     123.0000000        0.1484730
     124.0000000        0.1462746
     125.0000000        0.1446907
     126.0000000        0.1439161
     127.0000000        0.1444745
     128.0000000        0.1452282
     129.0000000        0.1449790
     130.0000000        0.1474066
     131.0000000        0.1490326
     132.0000000        0.1474708
     133.0000000        0.1463825
     134.0000000        0.1465649
     135.0000000        0.1481181
     136.0000000        0.1488051
     137.0000000        0.1498931
     138.0000000        0.1512097
     139.0000000        0.1527343
     140.0000000        0.1556935
     141.0000000        0.1626580
     142.0000000        0.1704836
     143.0000000        0.1791659
     144.0000000        0.1853652
     145.0000000        0.1882626
     146.0000000        0.1885203
     147.0000000        0.1909651
     148.0000000        0.1932301
     149.0000000        0.1939652
     150.0000000        0.1963424
     151.0000000        0.1988887
     152.0000000        0.2014428
     153.0000000        0.2025096
     154.0000000        0.2045586
     155.0000000        0.2047316
     156.0000000        0.2047487
     157.0000000        0.2037548
     158.0000000        0.2053222
     159.0000000        0.2107583
     160.0000000        0.2200880
     161.0000000        0.2282302
     162.0000000        0.2350672
     163.0000000        0.2431541
     164.0000000        0.2497635
     165.0000000        0.2611134
     166.0000000        0.2781063
     167.0000000        0.2926196
     168.0000000        0.3038709
     169.0000000        0.3153453
     170.0000000        0.3235341
     171.0000000        0.3287518
     172.0000000        0.3378382
     173.0000000        0.3519588
     174.0000000        0.3680360
     175.0000000        0.3809876
     176.0000000        0.3892316
     177.0000000        0.3874958
     178.0000000        0.3849083
     179.0000000        0.3844415
     180.0000000        0.3781915
     181.0000000        0.3722846
     182.0000000        0.3670806
     183.0000000        0.3590232
     184.0000000        0.3454978
     185.0000000        0.3290146
     186.0000000        0.3114421
     187.0000000        0.2958713
     188.0000000        0.2822804
     189.0000000        0.2690693
     190.0000000        0.2526036
     191.0000000        0.2353960
     192.0000000        0.2198247
     193.0000000        0.2069176
     194.0000000        0.1948575
     195.0000000        0.1811432
     196.0000000        0.1680004
     197.0000000        0.1588602
     198.0000000        0.1543388
     199.0000000        0.1490001
     200.0000000        0.1428869
     201.0000000        0.1371288
     202.0000000        0.1331433
     203.0000000        0.1280855
     204.0000000        0.1227049
     205.0000000        0.1186573
     206.0000000        0.1155657
     207.0000000        0.1120391
     208.0000000        0.1111277
     209.0000000        0.1106157
     210.0000000        0.1108880
     211.0000000        0.1124395
     212.0000000        0.1136609
     213.0000000        0.1140540
     214.0000000        0.1142500
     215.0000000        0.1169060
     216.0000000        0.1214765
     217.0000000        0.1268102
     218.0000000        0.1319329
     219.0000000        0.1369521
     220.0000000        0.1421412
     221.0000000        0.1478771
     222.0000000        0.1563853
     223.0000000        0.1634056
     224.0000000        0.1693889
     225.0000000        0.1748373
     226.0000000        0.1833121
     227.0000000        0.1931861
     228.0000000        0.2030432
     229.0000000        0.2129986
     230.0000000        0.2262798
     231.0000000        0.2395627
     232.0000000        0.2548860
     233.0000000        0.2713855
     234.0000000        0.2854871
     235.0000000        0.2981315
     236.0000000        0.3103863
     237.0000000        0.3232521
     238.0000000        0.3387615
     239.0000000        0.3494512
     240.0000000        0.3522435
     241.0000000        0.3527491
     242.0000000        0.3523216
     243.0000000        0.3430148
     244.0000000        0.3271097
     245.0000000        0.3132676
     246.0000000        0.3059629
     247.0000000        0.2952722
     248.0000000        0.2799935
     249.0000000        0.2662662
     250.0000000        0.2514834
     251.0000000        0.2425775
     252.0000000        0.2341961
     253.0000000        0.2284943
     254.0000000        0.2222458
     255.0000000        0.2169675
     256.0000000        0.2098440
     257.0000000        0.1975423
     258.0000000        0.1865921
     259.0000000        0.1790115
     260.0000000        0.1733190
     261.0000000        0.1693423
     262.0000000        0.1675593
     263.0000000        0.1649403
     264.0000000        0.1643375
     265.0000000        0.1630289
     266.0000000        0.1612318
     267.0000000        0.1577812
     268.0000000        0.1544012
     269.0000000        0.1522217
     270.0000000        0.1537629
     271.0000000        0.1553725
     272.0000000        0.1568625
     273.0000000        0.1572908
     274.0000000        0.1610631
     275.0000000        0.1654484
     276.0000000        0.1718295
     277.0000000        0.1803987
     278.0000000        0.1867726
     279.0000000        0.1960389
     280.0000000        0.2088979
     281.0000000        0.2237523
     282.0000000        0.2380907
     283.0000000        0.2532491
     284.0000000        0.2710602
     285.0000000        0.2871868
     286.0000000        0.3038682
     287.0000000        0.3188369
     288.0000000        0.3335200
     289.0000000        0.3459916
     290.0000000        0.3605560
     291.0000000        0.3757985
     292.0000000        0.3856569
     293.0000000        0.3901883
     294.0000000        0.3907715
     295.0000000        0.3941891
     296.0000000        0.4027966
     297.0000000        0.4113988
     298.0000000        0.4175007
     299.0000000        0.4170118
     300.0000000        0.4121574
     301.0000000        0.4014478
     302.0000000        0.3936537
     303.0000000        0.3820250
     304.0000000        0.3664822
     305.0000000        0.3467871
     306.0000000        0.3250594
     307.0000000        0.3037484
     308.0000000        0.2771401
     309.0000000        0.2507163
     310.0000000        0.2313402
     311.0000000        0.2164312
     312.0000000        0.2028205
     313.0000000        0.1885647
     314.0000000        0.1771737
     315.0000000        0.1672060
     316.0000000        0.1561200
     317.0000000        0.1459801
     318.0000000        0.1384620
     319.0000000        0.1307656
     320.0000000        0.1234731
     321.0000000        0.1185831
     322.0000000        0.1151193
     323.0000000        0.1137969
     324.0000000        0.1095572
     325.0000000        0.1078612
     326.0000000        0.1085834
     327.0000000        0.1078972
     328.0000000        0.1047783
     329.0000000        0.1020232
     330.0000000        0.1021986
     331.0000000        0.1038551
     332.0000000        0.1065520
     333.0000000        0.1086576
     334.0000000        0.1102330
     335.0000000        0.1104172
     336.0000000        0.1120673
     337.0000000        0.1149739
     338.0000000        0.1179230
     339.0000000        0.1191593
     340.0000000        0.1198025
     341.0000000        0.1201605
     342.0000000        0.1225849
     343.0000000        0.1243049
     344.0000000        0.1256188
     345.0000000        0.1281305
     346.0000000        0.1316243
     347.0000000        0.1362367
     348.0000000        0.1427923
     349.0000000        0.1495459
     350.0000000        0.1559313
     351.0000000        0.1620092
     352.0000000        0.1661384
     353.0000000        0.1737589
     354.0000000        0.1827419
     355.0000000        0.1919032
     356.0000000        0.1972664
     357.0000000        0.2021750
     358.0000000        0.2086076
     359.0000000        0.2141256
     360.0000000        0.2164327
     361.0000000        0.2174004
     362.0000000        0.2171758
     363.0000000        0.2181639
     364.0000000        0.2192471
     365.0000000        0.2227181
     366.0000000        0.2274672
     367.0000000        0.2320908
     368.0000000        0.2369421
     369.0000000        0.2436971
     370.0000000        0.2481965
     371.0000000        0.2520154
     372.0000000        0.2542724
     373.0000000        0.2568618
     374.0000000        0.2581900
     375.0000000        0.2610864
     376.0000000        0.2657344
     377.0000000        0.2691027
     378.0000000        0.2747315
     379.0000000        0.2759800
     380.0000000        0.2763469
     381.0000000        0.2783871
     382.0000000        0.2797022
     383.0000000        0.2821274
     384.0000000        0.2847768
     385.0000000        0.2880327
     386.0000000        0.2880860
     387.0000000        0.2825281
     388.0000000        0.2749766
     389.0000000        0.2710094
     390.0000000        0.2637559
     391.0000000        0.2546783
     392.0000000        0.2462880
     393.0000000        0.2393183
     394.0000000        0.2293156
     395.0000000        0.2190724
     396.0000000        0.2107231
     397.0000000        0.2045995
     398.0000000        0.1998536
     399.0000000        0.1957568
     400.0000000        0.1961670
     401.0000000        0.1967388
     402.0000000        0.1959343
     403.0000000        0.1974676
     404.0000000        0.1985390
     405.0000000        0.2045468
     406.0000000        0.2106831
     407.0000000        0.2166155
     408.0000000        0.2243116
     409.0000000        0.2339468
     410.0000000        0.2400048
     411.0000000        0.2415227
     412.0000000        0.2417994
     413.0000000        0.2402533
     414.0000000        0.2413404
     415.0000000        0.2446192
     416.0000000        0.2480454
     417.0000000        0.2539006
     418.0000000        0.2571685
     419.0000000        0.2575809
     420.0000000        0.2579648
     421.0000000        0.2560013
     422.0000000        0.2550611
     423.0000000        0.2534240
     424.0000000        0.2474943
     425.0000000        0.2394069
     426.0000000        0.2266579
     427.0000000        0.2145817
     428.0000000        0.2049855
     429.0000000        0.1980102
     430.0000000        0.1937412
     431.0000000        0.1910988
     432.0000000        0.1878739
     433.0000000        0.1830836
     434.0000000        0.1785419
     435.0000000        0.1769704
     436.0000000        0.1777602
     437.0000000        0.1761309
     438.0000000        0.1735657
     439.0000000        0.1722050
     440.0000000        0.1755572
     441.0000000        0.1788760
     442.0000000        0.1799643
     443.0000000        0.1786438
     444.0000000        0.1804123
     445.0000000        0.1840436
     446.0000000        0.1859830
     447.0000000        0.1858018
     448.0000000        0.1867410
     449.0000000        0.1905529
     450.0000000        0.2010036
     451.0000000        0.2134181
     452.0000000        0.2273439
     453.0000000        0.2384177
     454.0000000        0.2479689
     455.0000000        0.2563576
     456.0000000        0.2596360
     457.0000000        0.2635510
     458.0000000        0.2708105
     459.0000000        0.2873527
     460.0000000        0.3036274
     461.0000000        0.3240344
     462.0000000        0.3451872
     463.0000000        0.3605788
     464.0000000        0.3771097
     465.0000000        0.3867128
     466.0000000        0.3901941
     467.0000000        0.3980836
     468.0000000        0.4128562
     469.0000000        0.4221170
     470.0000000        0.4205257
     471.0000000        0.4137615
     472.0000000        0.4058086
     473.0000000        0.4039683
     474.0000000        0.4078723
     475.0000000        0.4050070
     476.0000000        0.3920009
     477.0000000        0.3840223
     478.0000000        0.3758592
     479.0000000        0.3656912
     480.0000000        0.3533662
     481.0000000        0.3447147
     482.0000000        0.3372673
     483.0000000        0.3246341
     484.0000000        0.3132299
     485.0000000        0.3017299
     486.0000000        0.2896729
     487.0000000        0.2806670
     488.0000000        0.2744525
     489.0000000        0.2660907
     490.0000000        0.2611310
     491.0000000        0.2560944
     492.0000000        0.2464803
     493.0000000        0.2355460
     494.0000000        0.2267621
     495.0000000        0.2172801
     496.0000000        0.2094916
     497.0000000        0.2049420
     498.0000000        0.1981819
     499.0000000        0.1941760
     500.0000000        0.1914746
     501.0000000        0.1864093
     502.0000000        0.1839466
     503.0000000        0.1833958
     504.0000000        0.1840178
     505.0000000        0.1865406
     506.0000000        0.1893212
     507.0000000        0.1930586
     508.0000000        0.1967849
     509.0000000        0.1976860
     510.0000000        0.1995165
     511.0000000        0.2035691
     512.0000000        0.2085674
     513.0000000        0.2150619
     514.0000000        0.2245658
     515.0000000        0.2338004
     516.0000000        0.2452242
     517.0000000        0.2525860
     518.0000000        0.2646759
     519.0000000        0.2755219
     520.0000000        0.2844529
     521.0000000        0.2989784
     522.0000000        0.3210664
     523.0000000        0.3442368
     524.0000000        0.3659184
     525.0000000        0.3974578
     526.0000000        0.4220333
     527.0000000        0.4389437
     528.0000000        0.4672923
     529.0000000        0.4906457
     530.0000000        0.5104809
     531.0000000        0.5196738
     532.0000000        0.5098256
     533.0000000        0.4982345
     534.0000000        0.4905608
     535.0000000        0.4817206
     536.0000000        0.4719091
     537.0000000        0.4520747
     538.0000000        0.4278393
     539.0000000        0.4071041
     540.0000000        0.3856164
     541.0000000        0.3740930
     542.0000000        0.3702614
     543.0000000        0.3628324
     544.0000000        0.3463134
     545.0000000        0.3296138
     546.0000000        0.3157643
     547.0000000        0.3049510
     548.0000000        0.2985714
     549.0000000        0.2920927
     550.0000000        0.2869724
     551.0000000        0.2810900
     552.0000000        0.2721203
     553.0000000        0.2632396
     554.0000000        0.2622692
     555.0000000        0.2637384
     556.0000000        0.2639745
     557.0000000        0.2640327
     558.0000000        0.2616414
     559.0000000        0.2572444
     560.0000000        0.2550491
     561.0000000        0.2560937
     562.0000000        0.2607372
     563.0000000        0.2623942
     564.0000000        0.2619377
     565.0000000        0.2667072
     566.0000000        0.2759528
     567.0000000        0.2867443
     568.0000000        0.2927054
     569.0000000        0.3011134
     570.0000000        0.3070791
     571.0000000        0.3174735
     572.0000000        0.3276880
     573.0000000        0.3378350
     574.0000000        0.3527668
     575.0000000        0.3693258
     576.0000000        0.3869162
     577.0000000        0.4012590
     578.0000000        0.4102047
     579.0000000        0.4126399
     580.0000000        0.4253069
     581.0000000        0.4403274
     582.0000000        0.4533987
     583.0000000        0.4588306
     584.0000000        0.4552369
     585.0000000        0.4409466
     586.0000000        0.4188632
     587.0000000        0.3971960
     588.0000000        0.3821864
     589.0000000        0.3614033
     590.0000000        0.3412654
     591.0000000        0.3234736
     592.0000000        0.3054429
     593.0000000        0.2878459
     594.0000000        0.2702935
     595.0000000        0.2538186
     596.0000000        0.2397409
     597.0000000        0.2282922
     598.0000000        0.2191317
     599.0000000        0.2112870
     600.0000000        0.2072691
