       1.0000000        2.9325302
       2.0000000        2.7479937
       3.0000000        2.5633686
       4.0000000        2.4308579
       5.0000000        2.3538103
       6.0000000        2.3002307
       7.0000000        2.2622802
       8.0000000        2.2300839
       9.0000000        2.2035339
      10.0000000        2.1838315
      11.0000000        2.1710918
      12.0000000        2.1621339
      13.0000000        2.1529596
      14.0000000        2.1455226
      15.0000000        2.1402888
      16.0000000        2.1411088
      17.0000000        2.1422901
      18.0000000        2.1390371
      19.0000000        2.1342597
      20.0000000        2.1264353
      21.0000000        2.1190867
      22.0000000        2.1164970
      23.0000000        2.1176178
      24.0000000        2.1174245
      25.0000000        2.1166849
      26.0000000        2.1158609
      27.0000000        2.1155729
      28.0000000        2.1148071
      29.0000000        2.1138005
      30.0000000        2.1163154
      31.0000000        2.1203587
      32.0000000        2.1251316
      33.0000000        2.1287990
      34.0000000        2.1345563
      35.0000000        2.1465364
      36.0000000        2.1610179
      37.0000000        2.1718345
      38.0000000        2.1782603
      39.0000000        2.1828165
      40.0000000        2.1926849
      41.0000000        2.1981266
      42.0000000        2.1941969
      43.0000000        2.1848624
      44.0000000        2.1757972
      45.0000000        2.1674170
      46.0000000        2.1581151
      47.0000000        2.1480234
      48.0000000        2.1400685
      49.0000000        2.1370399
      50.0000000        2.1358063
      51.0000000        2.1319780
      52.0000000        2.1262681
      53.0000000        2.1226799
      54.0000000        2.1210175
      55.0000000        2.1203060
      56.0000000        2.1214116
      57.0000000        2.1261797
      58.0000000        2.1332638
      59.0000000        2.1411543
      60.0000000        2.1486609
      61.0000000        2.1539736
      62.0000000        2.1531222
      63.0000000        2.1468973
      64.0000000        2.1423292
      65.0000000        2.1379228
      66.0000000        2.1341903
      67.0000000        2.1299753
      68.0000000        2.1287332
      69.0000000        2.1295156
      70.0000000        2.1271880
      71.0000000        2.1242332
      72.0000000        2.1255879
      73.0000000        2.1287816
      74.0000000        2.1321678
      75.0000000        2.1383214
      76.0000000        2.1447897
      77.0000000        2.1473396
      78.0000000        2.1467938
      79.0000000        2.1487653
      80.0000000        2.1533704
      81.0000000        2.1595933
      82.0000000        2.1652706
      83.0000000        2.1698234
      84.0000000        2.1743236
      85.0000000        2.1793120
      86.0000000        2.1805985
      87.0000000        2.1748905
      88.0000000        2.1645858
      89.0000000        2.1587048
      90.0000000        2.1546957
      91.0000000        2.1446187
      92.0000000        2.1337419
      93.0000000        2.1281400
      94.0000000        2.1247633
      95.0000000        2.1180310
      96.0000000        2.1095636
      97.0000000        2.1051741
      98.0000000        2.1061139
      99.0000000        2.1092823
     100.0000000        2.1122596
     101.0000000        2.1122074
     102.0000000        2.1087606
     103.0000000        2.1039104
     104.0000000        2.0983965
     105.0000000        2.0959389
     106.0000000        2.0970886
     107.0000000        2.1027896
     108.0000000        2.1094544
     109.0000000        2.1179166
     110.0000000        2.1333296
     111.0000000        2.1499379
     112.0000000        2.1587799
     113.0000000        2.1623995
     114.0000000        2.1638930
     115.0000000        2.1613195
     116.0000000        2.1595173
     117.0000000        2.1565244
     118.0000000        2.1520948
     119.0000000        2.1416698
     120.0000000        2.1303394
     121.0000000        2.1234589
     122.0000000        2.1197419
     123.0000000        2.1168721
     124.0000000        2.1165595
     125.0000000        2.1200433
     126.0000000        2.1203222
     127.0000000        2.1148725
     128.0000000        2.1088402
     129.0000000        2.1059406
     130.0000000        2.1067007
     131.0000000        2.1123440
     132.0000000        2.1200507
     133.0000000        2.1267021
     134.0000000        2.1345556
     135.0000000        2.1449275
     136.0000000        2.1580167
     137.0000000        2.1699805
     138.0000000        2.1793144
     139.0000000        2.1839452
     140.0000000        2.1807873
     141.0000000        2.1669557
     142.0000000        2.1513939
     143.0000000        2.1413627
     144.0000000        2.1326978
     145.0000000        2.1268542
     146.0000000        2.1281674
     147.0000000        2.1336451
     148.0000000        2.1359897
     149.0000000        2.1384990
     150.0000000        2.1400747
     151.0000000        2.1439145
     152.0000000        2.1541901
     153.0000000        2.1698616
     154.0000000        2.1793516
     155.0000000        2.1782398
     156.0000000        2.1724236
     157.0000000        2.1682329
     158.0000000        2.1677649
     159.0000000        2.1731524
     160.0000000        2.1787860
     161.0000000        2.1827443
     162.0000000        2.1844010
     163.0000000        2.1851037
     164.0000000        2.1922617
     165.0000000        2.2079120
     166.0000000        2.2194555
     167.0000000        2.2188475
     168.0000000        2.2094815
     169.0000000        2.2012992
     170.0000000        2.1943276
     171.0000000        2.1776512
     172.0000000        2.1595309
     173.0000000        2.1447873
     174.0000000        2.1357257
     175.0000000        2.1309423
     176.0000000        2.1313612
     177.0000000        2.1380026
     178.0000000        2.1407521
     179.0000000        2.1374271
     180.0000000        2.1327870
     181.0000000        2.1293931
     182.0000000        2.1270759
     183.0000000        2.1282268
     184.0000000        2.1338315
     185.0000000        2.1369154
     186.0000000        2.1339111
     187.0000000        2.1268384
     188.0000000        2.1212335
     189.0000000        2.1190400
     190.0000000        2.1155217
     191.0000000        2.1143308
     192.0000000        2.1188118
     193.0000000        2.1291687
     194.0000000        2.1387835
     195.0000000        2.1434226
     196.0000000        2.1397281
     197.0000000        2.1342478
     198.0000000        2.1311986
     199.0000000        2.1327364
     200.0000000        2.1407280
     201.0000000        2.1500554
     202.0000000        2.1564860
     203.0000000        2.1630540
     204.0000000        2.1618433
     205.0000000        2.1494777
     206.0000000        2.1340337
     207.0000000        2.1246443
     208.0000000        2.1210134
     209.0000000        2.1208398
     210.0000000        2.1160164
     211.0000000        2.1122572
     212.0000000        2.1075859
     213.0000000        2.1029153
     214.0000000        2.1002333
     215.0000000        2.0985103
     216.0000000        2.0972497
     217.0000000        2.0980926
     218.0000000        2.1019025
     219.0000000        2.1067615
     220.0000000        2.1125696
     221.0000000        2.1142688
     222.0000000        2.1125588
     223.0000000        2.1104639
     224.0000000        2.1089928
     225.0000000        2.1094012
     226.0000000        2.1112835
     227.0000000        2.1143372
     228.0000000        2.1199641
     229.0000000        2.1244936
     230.0000000        2.1239016
     231.0000000        2.1245787
     232.0000000        2.1258955
     233.0000000        2.1232836
     234.0000000        2.1155980
     235.0000000        2.1104517
     236.0000000        2.1076391
     237.0000000        2.1053069
     238.0000000        2.1021175
     239.0000000        2.1003098
     240.0000000        2.1045578
     241.0000000        2.1142972
     242.0000000        2.1260145
     243.0000000        2.1348505
     244.0000000        2.1430280
     245.0000000        2.1537719
     246.0000000        2.1644199
     247.0000000        2.1679296
     248.0000000        2.1612177
     249.0000000        2.1510503
     250.0000000        2.1378219
     251.0000000        2.1268959
     252.0000000        2.1202364
     253.0000000        2.1143169
     254.0000000        2.1093204
     255.0000000        2.1079066
     256.0000000        2.1097229
     257.0000000        2.1131289
     258.0000000        2.1189101
     259.0000000        2.1281071
     260.0000000        2.1406667
     261.0000000        2.1529589
     262.0000000        2.1588604
     263.0000000        2.1638355
     264.0000000        2.1680174
     265.0000000        2.1757562
     266.0000000        2.1833441
     267.0000000        2.1844578
     268.0000000        2.1833379
     269.0000000        2.1857460
     270.0000000        2.1907032
     271.0000000        2.1959295
     272.0000000        2.2032189
     273.0000000        2.2050061
     274.0000000        2.1995094
     275.0000000        2.1906292
     276.0000000        2.1802123
     277.0000000        2.1714704
     278.0000000        2.1620500
     279.0000000        2.1536686
     280.0000000        2.1473775
     281.0000000        2.1421931
     282.0000000        2.1376188
     283.0000000        2.1369650
     284.0000000        2.1344488
     285.0000000        2.1268344
     286.0000000        2.1150596
     287.0000000        2.1064475
     288.0000000        2.1014183
     289.0000000        2.1018894
     290.0000000        2.1089244
     291.0000000        2.1181412
     292.0000000        2.1273623
     293.0000000        2.1371229
     294.0000000        2.1442058
     295.0000000        2.1451008
     296.0000000        2.1451204
     297.0000000        2.1453869
     298.0000000        2.1461606
     299.0000000        2.1540046
     300.0000000        2.1604111
     301.0000000        2.1587954
     302.0000000        2.1545475
     303.0000000        2.1472814
     304.0000000        2.1387348
     305.0000000        2.1287646
     306.0000000        2.1200776
     307.0000000        2.1159620
     308.0000000        2.1150353
     309.0000000        2.1144943
     310.0000000        2.1119452
     311.0000000        2.1087348
     312.0000000        2.1047597
     313.0000000        2.1014860
     314.0000000        2.0995188
     315.0000000        2.1035359
     316.0000000        2.1131785
     317.0000000        2.1234446
     318.0000000        2.1314671
     319.0000000        2.1341143
     320.0000000        2.1378934
     321.0000000        2.1462731
     322.0000000        2.1520212
     323.0000000        2.1534886
     324.0000000        2.1572123
     325.0000000        2.1611633
     326.0000000        2.1598802
     327.0000000        2.1581593
     328.0000000        2.1586106
     329.0000000        2.1667976
     330.0000000        2.1789968
     331.0000000        2.1866498
     332.0000000        2.1873291
     333.0000000        2.1784425
     334.0000000        2.1620591
     335.0000000        2.1512268
     336.0000000        2.1484840
     337.0000000        2.1485515
     338.0000000        2.1470742
     339.0000000        2.1442645
     340.0000000        2.1466408
     341.0000000        2.1519506
     342.0000000        2.1614172
     343.0000000        2.1713531
     344.0000000        2.1803131
     345.0000000        2.1845224
     346.0000000        2.1814213
     347.0000000        2.1757004
     348.0000000        2.1714592
     349.0000000        2.1691790
     350.0000000        2.1687229
     351.0000000        2.1694400
     352.0000000        2.1699696
     353.0000000        2.1709414
     354.0000000        2.1690626
     355.0000000        2.1620107
     356.0000000        2.1577044
     357.0000000        2.1587875
     358.0000000        2.1624072
     359.0000000        2.1693432
     360.0000000        2.1765709
     361.0000000        2.1813302
     362.0000000        2.1836977
     363.0000000        2.1831903
     364.0000000        2.1813047
     365.0000000        2.1768146
     366.0000000        2.1678121
     367.0000000        2.1593437
     368.0000000        2.1513653
     369.0000000        2.1435468
     370.0000000        2.1403615
     371.0000000        2.1381516
     372.0000000        2.1372845
     373.0000000        2.1377645
     374.0000000        2.1394615
     375.0000000        2.1426780
     376.0000000        2.1436152
     377.0000000        2.1399369
     378.0000000        2.1331339
     379.0000000        2.1261137
     380.0000000        2.1249497
     381.0000000        2.1242313
     382.0000000        2.1265173
     383.0000000        2.1300719
     384.0000000        2.1310456
     385.0000000        2.1305635
     386.0000000        2.1314633
     387.0000000        2.1346943
     388.0000000        2.1364753
     389.0000000        2.1365147
     390.0000000        2.1370575
     391.0000000        2.1360042
     392.0000000        2.1371138
     393.0000000        2.1392303
     394.0000000        2.1398056
     395.0000000        2.1384430
     396.0000000        2.1388183
     397.0000000        2.1369953
     398.0000000        2.1292865
     399.0000000        2.1170211
     400.0000000        2.1047213
     401.0000000        2.0971045
     402.0000000        2.0987988
     403.0000000        2.1102870
     404.0000000        2.1231012
     405.0000000        2.1361382
     406.0000000        2.1486349
     407.0000000        2.1607339
     408.0000000        2.1658237
     409.0000000        2.1662977
     410.0000000        2.1669822
     411.0000000        2.1698248
     412.0000000        2.1708188
     413.0000000        2.1668389
     414.0000000        2.1637070
     415.0000000        2.1626070
     416.0000000        2.1666040
     417.0000000        2.1689186
     418.0000000        2.1672618
     419.0000000        2.1652839
     420.0000000        2.1593082
     421.0000000        2.1476367
     422.0000000        2.1361187
     423.0000000        2.1275239
     424.0000000        2.1204154
     425.0000000        2.1164594
     426.0000000        2.1163278
     427.0000000        2.1161740
     428.0000000        2.1174190
     429.0000000        2.1176469
     430.0000000        2.1201947
     431.0000000        2.1247451
     432.0000000        2.1269214
     433.0000000        2.1257529
     434.0000000        2.1190159
     435.0000000        2.1142430
     436.0000000        2.1132827
     437.0000000        2.1153009
     438.0000000        2.1168852
     439.0000000        2.1187198
     440.0000000        2.1217632
     441.0000000        2.1253572
     442.0000000        2.1267698
     443.0000000        2.1265867
     444.0000000        2.1276181
     445.0000000        2.1287909
     446.0000000        2.1305096
     447.0000000        2.1327031
     448.0000000        2.1348979
     449.0000000        2.1405122
     450.0000000        2.1404264
     451.0000000        2.1342385
     452.0000000        2.1291137
     453.0000000        2.1272078
     454.0000000        2.1219494
     455.0000000        2.1177895
     456.0000000        2.1206894
     457.0000000        2.1263871
     458.0000000        2.1308801
     459.0000000        2.1323168
     460.0000000        2.1348531
     461.0000000        2.1396253
     462.0000000        2.1451585
     463.0000000        2.1479044
     464.0000000        2.1481307
     465.0000000        2.1487958
     466.0000000        2.1521449
     467.0000000        2.1547537
     468.0000000        2.1580241
     469.0000000        2.1596673
     470.0000000        2.1587493
     471.0000000        2.1551487
     472.0000000        2.1543710
     473.0000000        2.1525180
     474.0000000        2.1506009
     475.0000000        2.1467512
     476.0000000        2.1405659
     477.0000000        2.1330979
     478.0000000        2.1302173
     479.0000000        2.1300550
     480.0000000        2.1357296
     481.0000000        2.1413803
     482.0000000        2.1413200
     483.0000000        2.1352177
     484.0000000        2.1331062
     485.0000000        2.1354375
     486.0000000        2.1393249
     487.0000000        2.1449630
     488.0000000        2.1506996
     489.0000000        2.1559970
     490.0000000        2.1638200
     491.0000000        2.1721826
     492.0000000        2.1762021
     493.0000000        2.1727254
     494.0000000        2.1663671
     495.0000000        2.1591754
     496.0000000        2.1498847
     497.0000000        2.1415145
     498.0000000        2.1360722
     499.0000000        2.1350253
     500.0000000        2.1343253
     501.0000000        2.1302147
     502.0000000        2.1230216
     503.0000000        2.1138754
     504.0000000        2.1068096
     505.0000000        2.1068690
     506.0000000        2.1124427
     507.0000000        2.1210868
     508.0000000        2.1320658
     509.0000000        2.1415424
     510.0000000        2.1464529
     511.0000000        2.1451662
     512.0000000        2.1396415
     513.0000000        2.1367710
     514.0000000        2.1320107
     515.0000000        2.1280425
     516.0000000        2.1302485
     517.0000000        2.1323962
     518.0000000        2.1313965
     519.0000000        2.1309493
     520.0000000        2.1324453
     521.0000000        2.1339555
     522.0000000        2.1325369
     523.0000000        2.1301064
     524.0000000        2.1279221
     525.0000000        2.1233273
     526.0000000        2.1189194
     527.0000000        2.1175005
     528.0000000        2.1119223
     529.0000000        2.1040933
     530.0000000        2.0975223
     531.0000000        2.0951898
     532.0000000        2.0985870
     533.0000000        2.1076038
     534.0000000        2.1180866
     535.0000000        2.1286540
     536.0000000        2.1369584
     537.0000000        2.1392560
     538.0000000        2.1349351
     539.0000000        2.1255023
     540.0000000        2.1199007
     541.0000000        2.1186924
     542.0000000        2.1215158
     543.0000000        2.1268241
     544.0000000        2.1292136
     545.0000000        2.1277440
     546.0000000        2.1245055
     547.0000000        2.1243832
     548.0000000        2.1302745
     549.0000000        2.1335840
     550.0000000        2.1314695
     551.0000000        2.1272154
     552.0000000        2.1240547
     553.0000000        2.1200764
     554.0000000        2.1138535
     555.0000000        2.1080830
     556.0000000        2.1061208
     557.0000000        2.1092632
     558.0000000        2.1098416
     559.0000000        2.1047494
     560.0000000        2.0994177
     561.0000000        2.0971844
     562.0000000        2.0978305
     563.0000000        2.1008325
     564.0000000        2.1049409
     565.0000000        2.1137340
     566.0000000        2.1282356
     567.0000000        2.1431692
     568.0000000        2.1525276
     569.0000000        2.1578305
     570.0000000        2.1634738
     571.0000000        2.1648242
     572.0000000        2.1605251
     573.0000000        2.1550469
     574.0000000        2.1461856
     575.0000000        2.1361213
     576.0000000        2.1263433
     577.0000000        2.1177561
     578.0000000        2.1124671
     579.0000000        2.1137438
     580.0000000        2.1228437
     581.0000000        2.1328921
     582.0000000        2.1389687
     583.0000000        2.1463790
     584.0000000        2.1553311
     585.0000000        2.1641600
     586.0000000        2.1709862
     587.0000000        2.1756032
     588.0000000        2.1793072
     589.0000000        2.1805813
     590.0000000        2.1795218
     591.0000000        2.1791148
     592.0000000        2.1816936
     593.0000000        2.1847892
     594.0000000        2.1824455
     595.0000000        2.1798580
     596.0000000        2.1805630
     597.0000000        2.1792436
     598.0000000        2.1728261
     599.0000000        2.1625271
     600.0000000        2.1541593
