       1.0000000        2.4957385
       2.0000000        2.4593937
       3.0000000        2.4315550
       4.0000000        2.4110274
       5.0000000        2.3952990
       6.0000000        2.3812087
       7.0000000        2.3651311
       8.0000000        2.3631575
       9.0000000        2.3672636
      10.0000000        2.3810849
      11.0000000        2.3948033
      12.0000000        2.4062405
      13.0000000        2.4187617
      14.0000000        2.4308686
      15.0000000        2.4406931
      16.0000000        2.4492557
      17.0000000        2.4578800
      18.0000000        2.4579980
      19.0000000        2.4565065
      20.0000000        2.4536409
      21.0000000        2.4481497
      22.0000000        2.4538388
      23.0000000        2.4598427
      24.0000000        2.4613190
      25.0000000        2.4608853
      26.0000000        2.4488964
      27.0000000        2.4430318
      28.0000000        2.4350095
      29.0000000        2.4245241
      30.0000000        2.4070947
      31.0000000        2.3914776
      32.0000000        2.3858004
      33.0000000        2.3786638
      34.0000000        2.3811452
      35.0000000        2.3925641
      36.0000000        2.3917239
      37.0000000        2.3817754
      38.0000000        2.3676043
      39.0000000        2.3548908
      40.0000000        2.3413372
      41.0000000        2.3333986
      42.0000000        2.3329656
      43.0000000        2.3392246
      44.0000000        2.3468161
      45.0000000        2.3588769
      46.0000000        2.3676412
      47.0000000        2.3736100
      48.0000000        2.3852987
      49.0000000        2.3977361
      50.0000000        2.4049299
      51.0000000        2.4184647
      52.0000000        2.4275436
      53.0000000        2.4300411
      54.0000000        2.4276481
      55.0000000        2.4244170
      56.0000000        2.4176776
      57.0000000        2.4208753
      58.0000000        2.4215920
      59.0000000        2.4113488
      60.0000000        2.4048574
      61.0000000        2.4096735
      62.0000000        2.4194760
      63.0000000        2.4305878
      64.0000000        2.4375398
      65.0000000        2.4428995
      66.0000000        2.4475262
      67.0000000        2.4500852
      68.0000000        2.4476790
      69.0000000        2.4415498
      70.0000000        2.4359808
      71.0000000        2.4354641
      72.0000000        2.4433396
      73.0000000        2.4531255
      74.0000000        2.4610450
      75.0000000        2.4624622
      76.0000000        2.4684064
      77.0000000        2.4832089
      78.0000000        2.4903882
      79.0000000        2.4973259
      80.0000000        2.4955277
      81.0000000        2.4882390
      82.0000000        2.4880238
      83.0000000        2.4918797
      84.0000000        2.5023777
      85.0000000        2.5160830
      86.0000000        2.5228086
      87.0000000        2.5183227
      88.0000000        2.5084686
      89.0000000        2.4997950
      90.0000000        2.4848833
      91.0000000        2.4689991
      92.0000000        2.4510148
      93.0000000        2.4362717
      94.0000000        2.4158733
      95.0000000        2.4017551
      96.0000000        2.3859200
      97.0000000        2.3723357
      98.0000000        2.3730724
      99.0000000        2.3856137
     100.0000000        2.4034493
     101.0000000        2.4184425
     102.0000000        2.4400461
     103.0000000        2.4582651
     104.0000000        2.4623809
     105.0000000        2.4647820
     106.0000000        2.4585187
     107.0000000        2.4554102
     108.0000000        2.4462893
     109.0000000        2.4377339
     110.0000000        2.4258130
     111.0000000        2.4174533
     112.0000000        2.4192982
     113.0000000        2.4247475
     114.0000000        2.4232771
     115.0000000        2.4203918
     116.0000000        2.4178987
     117.0000000        2.4165854
     118.0000000        2.4149559
     119.0000000        2.4086449
     120.0000000        2.4045973
     121.0000000        2.4097335
     122.0000000        2.4145563
     123.0000000        2.4191895
     124.0000000        2.4263935
     125.0000000        2.4278772
     126.0000000        2.4318278
     127.0000000        2.4450829
     128.0000000        2.4551196
     129.0000000        2.4537916
     130.0000000        2.4511631
     131.0000000        2.4534767
     132.0000000        2.4559138
     133.0000000        2.4589701
     134.0000000        2.4544032
     135.0000000        2.4541917
     136.0000000        2.4572048
     137.0000000        2.4570296
     138.0000000        2.4514186
     139.0000000        2.4489653
     140.0000000        2.4425757
     141.0000000        2.4280999
     142.0000000        2.4151275
     143.0000000        2.4135771
     144.0000000        2.4192400
     145.0000000        2.4191775
     146.0000000        2.4181399
     147.0000000        2.4244754
     148.0000000        2.4375331
     149.0000000        2.4463868
     150.0000000        2.4394567
     151.0000000        2.4270446
     152.0000000        2.4110885
     153.0000000        2.4020064
     154.0000000        2.4055026
     155.0000000        2.4137151
     156.0000000        2.4179633
     157.0000000        2.4153094
     158.0000000        2.4105856
     159.0000000        2.4059567
     160.0000000        2.4040382
     161.0000000        2.4055142
     162.0000000        2.4099429
     163.0000000        2.4160039
     164.0000000        2.4036946
     165.0000000        2.3993630
     166.0000000        2.4023328
     167.0000000        2.4091783
     168.0000000        2.4255562
     169.0000000        2.4397326
     170.0000000        2.4597135
     171.0000000        2.4772406
     172.0000000        2.4814389
     173.0000000        2.4892457
     174.0000000        2.4865460
     175.0000000        2.4868124
     176.0000000        2.4802327
     177.0000000        2.4712851
     178.0000000        2.4694803
     179.0000000        2.4656703
     180.0000000        2.4607158
     181.0000000        2.4581559
     182.0000000        2.4552011
     183.0000000        2.4498026
     184.0000000        2.4480863
     185.0000000        2.4467552
     186.0000000        2.4423127
     187.0000000        2.4388542
     188.0000000        2.4357309
     189.0000000        2.4296048
     190.0000000        2.4228826
     191.0000000        2.4212456
     192.0000000        2.4196515
     193.0000000        2.4193368
     194.0000000        2.4234569
     195.0000000        2.4371767
     196.0000000        2.4648142
     197.0000000        2.4787648
     198.0000000        2.4890332
     199.0000000        2.4859133
     200.0000000        2.4847977
     201.0000000        2.4850471
     202.0000000        2.4848218
     203.0000000        2.4848115
     204.0000000        2.4792080
     205.0000000        2.4739702
     206.0000000        2.4709580
     207.0000000        2.4606054
     208.0000000        2.4531813
     209.0000000        2.4484146
     210.0000000        2.4457800
     211.0000000        2.4400859
     212.0000000        2.4395876
     213.0000000        2.4367743
     214.0000000        2.4439144
     215.0000000        2.4555058
     216.0000000        2.4610417
     217.0000000        2.4721093
     218.0000000        2.4728138
     219.0000000        2.4739118
     220.0000000        2.4679437
     221.0000000        2.4612105
     222.0000000        2.4585497
     223.0000000        2.4448333
     224.0000000        2.4285357
     225.0000000        2.4144690
     226.0000000        2.4013762
     227.0000000        2.3902323
     228.0000000        2.3782094
     229.0000000        2.3686528
     230.0000000        2.3721440
     231.0000000        2.3776653
     232.0000000        2.3820932
     233.0000000        2.3813756
     234.0000000        2.3786023
     235.0000000        2.3760197
     236.0000000        2.3735170
     237.0000000        2.3753207
     238.0000000        2.3808491
     239.0000000        2.3863578
     240.0000000        2.3907530
     241.0000000        2.3863533
     242.0000000        2.3851037
     243.0000000        2.3893747
     244.0000000        2.3914690
     245.0000000        2.3897152
     246.0000000        2.3819778
     247.0000000        2.3733037
     248.0000000        2.3596511
     249.0000000        2.3525915
     250.0000000        2.3471081
     251.0000000        2.3412852
     252.0000000        2.3455644
     253.0000000        2.3555989
     254.0000000        2.3661916
     255.0000000        2.3666008
     256.0000000        2.3573785
     257.0000000        2.3503420
     258.0000000        2.3530803
     259.0000000        2.3548787
     260.0000000        2.3593664
     261.0000000        2.3632436
     262.0000000        2.3628664
     263.0000000        2.3608565
     264.0000000        2.3523052
     265.0000000        2.3409834
     266.0000000        2.3442178
     267.0000000        2.3496890
     268.0000000        2.3531101
     269.0000000        2.3572125
     270.0000000        2.3607152
     271.0000000        2.3571880
     272.0000000        2.3644485
     273.0000000        2.3789911
     274.0000000        2.3820231
     275.0000000        2.3733108
     276.0000000        2.3628247
     277.0000000        2.3560705
     278.0000000        2.3581226
     279.0000000        2.3608217
     280.0000000        2.3639159
     281.0000000        2.3691132
     282.0000000        2.3657138
     283.0000000        2.3693602
     284.0000000        2.3768210
     285.0000000        2.3886137
     286.0000000        2.4047079
     287.0000000        2.4236410
     288.0000000        2.4512644
     289.0000000        2.4812393
     290.0000000        2.4908721
     291.0000000        2.5001464
     292.0000000        2.5070534
     293.0000000        2.5065160
     294.0000000        2.5068233
     295.0000000        2.5018775
     296.0000000        2.4865708
     297.0000000        2.4773772
     298.0000000        2.4653175
     299.0000000        2.4570260
     300.0000000        2.4570746
     301.0000000        2.4636018
     302.0000000        2.4551361
     303.0000000        2.4418952
     304.0000000        2.4354134
     305.0000000        2.4357717
     306.0000000        2.4303489
     307.0000000        2.4172637
     308.0000000        2.4082363
     309.0000000        2.4141254
     310.0000000        2.4197574
     311.0000000        2.4231851
     312.0000000        2.4320621
     313.0000000        2.4439664
     314.0000000        2.4501784
     315.0000000        2.4624286
     316.0000000        2.4763331
     317.0000000        2.4859743
     318.0000000        2.4917696
     319.0000000        2.4958465
     320.0000000        2.4944687
     321.0000000        2.4816420
     322.0000000        2.4729443
     323.0000000        2.4522960
     324.0000000        2.4427350
     325.0000000        2.4256287
     326.0000000        2.4187031
     327.0000000        2.4165008
     328.0000000        2.4166176
     329.0000000        2.4179387
     330.0000000        2.4193347
     331.0000000        2.4113297
     332.0000000        2.4137175
     333.0000000        2.4197822
     334.0000000        2.4194009
     335.0000000        2.4195783
     336.0000000        2.4174614
     337.0000000        2.4127383
     338.0000000        2.4005342
     339.0000000        2.3967977
     340.0000000        2.3889813
     341.0000000        2.3844812
     342.0000000        2.3838227
     343.0000000        2.3845618
     344.0000000        2.3817558
     345.0000000        2.3790050
     346.0000000        2.3819630
     347.0000000        2.3906214
     348.0000000        2.4017704
     349.0000000        2.4074793
     350.0000000        2.4112771
     351.0000000        2.4115229
     352.0000000        2.4047053
     353.0000000        2.3920078
     354.0000000        2.3936141
     355.0000000        2.3968723
     356.0000000        2.3947978
     357.0000000        2.3898416
     358.0000000        2.3884487
     359.0000000        2.3909016
     360.0000000        2.3854194
     361.0000000        2.3819861
     362.0000000        2.3832338
     363.0000000        2.3890409
     364.0000000        2.3892257
     365.0000000        2.3924847
     366.0000000        2.3942611
     367.0000000        2.4002764
     368.0000000        2.4002132
     369.0000000        2.4042857
     370.0000000        2.4028051
     371.0000000        2.3975132
     372.0000000        2.3900857
     373.0000000        2.3933737
     374.0000000        2.3968747
     375.0000000        2.4018805
     376.0000000        2.4152250
     377.0000000        2.4183056
     378.0000000        2.4155867
     379.0000000        2.4119277
     380.0000000        2.4164765
     381.0000000        2.4285355
     382.0000000        2.4352219
     383.0000000        2.4406424
     384.0000000        2.4309235
     385.0000000        2.4212923
     386.0000000        2.4224708
     387.0000000        2.4319797
     388.0000000        2.4425089
     389.0000000        2.4509468
     390.0000000        2.4543865
     391.0000000        2.4527783
     392.0000000        2.4551611
     393.0000000        2.4538488
     394.0000000        2.4494815
     395.0000000        2.4391780
     396.0000000        2.4352267
     397.0000000        2.4343646
     398.0000000        2.4314735
     399.0000000        2.4289806
     400.0000000        2.4198360
     401.0000000        2.4085138
     402.0000000        2.3973281
     403.0000000        2.3973272
     404.0000000        2.4046841
     405.0000000        2.4011652
     406.0000000        2.4140465
     407.0000000        2.4245691
     408.0000000        2.4279904
     409.0000000        2.4246862
     410.0000000        2.4199274
     411.0000000        2.4229815
     412.0000000        2.4133325
     413.0000000        2.4026160
     414.0000000        2.4043498
     415.0000000        2.4060330
     416.0000000        2.4071593
     417.0000000        2.4033890
     418.0000000        2.4007061
     419.0000000        2.3931334
     420.0000000        2.3982873
     421.0000000        2.4174068
     422.0000000        2.4353812
     423.0000000        2.4474986
     424.0000000        2.4538031
     425.0000000        2.4606378
     426.0000000        2.4588869
     427.0000000        2.4650867
     428.0000000        2.4710250
     429.0000000        2.4770501
     430.0000000        2.4789336
     431.0000000        2.4855399
     432.0000000        2.4839706
     433.0000000        2.4901822
     434.0000000        2.4927864
     435.0000000        2.5020735
     436.0000000        2.5085962
     437.0000000        2.5102077
     438.0000000        2.5026515
     439.0000000        2.5030656
     440.0000000        2.5025003
     441.0000000        2.5026858
     442.0000000        2.5086544
     443.0000000        2.5069098
     444.0000000        2.5053935
     445.0000000        2.4943380
     446.0000000        2.4928496
     447.0000000        2.5007639
     448.0000000        2.5161495
     449.0000000        2.5257854
     450.0000000        2.5230477
     451.0000000        2.5172234
     452.0000000        2.5109782
     453.0000000        2.4891911
     454.0000000        2.4648113
     455.0000000        2.4468265
     456.0000000        2.4354126
     457.0000000        2.4270320
     458.0000000        2.4233491
     459.0000000        2.4181330
     460.0000000        2.4198742
     461.0000000        2.4200633
     462.0000000        2.4145951
     463.0000000        2.3987472
     464.0000000        2.3816867
     465.0000000        2.3778772
     466.0000000        2.3831260
     467.0000000        2.3833082
     468.0000000        2.3771567
     469.0000000        2.3741491
     470.0000000        2.3703432
     471.0000000        2.3665092
     472.0000000        2.3643327
     473.0000000        2.3585265
     474.0000000        2.3561716
     475.0000000        2.3602722
     476.0000000        2.3639479
     477.0000000        2.3685479
     478.0000000        2.3862174
     479.0000000        2.4010098
     480.0000000        2.4191716
     481.0000000        2.4232814
     482.0000000        2.4220884
     483.0000000        2.4259608
     484.0000000        2.4234798
     485.0000000        2.4277313
     486.0000000        2.4250047
     487.0000000        2.4233429
     488.0000000        2.4187386
     489.0000000        2.4246590
     490.0000000        2.4295557
     491.0000000        2.4378953
     492.0000000        2.4474952
     493.0000000        2.4517627
     494.0000000        2.4540160
     495.0000000        2.4514389
     496.0000000        2.4439430
     497.0000000        2.4417114
     498.0000000        2.4413934
     499.0000000        2.4236550
     500.0000000        2.4091699
     501.0000000        2.4023159
     502.0000000        2.3945220
     503.0000000        2.3932130
     504.0000000        2.3858194
     505.0000000        2.3881972
     506.0000000        2.3858576
     507.0000000        2.3901589
     508.0000000        2.3901417
     509.0000000        2.3958983
     510.0000000        2.3984628
     511.0000000        2.3932011
     512.0000000        2.3853745
     513.0000000        2.3785157
     514.0000000        2.3807280
     515.0000000        2.3807111
     516.0000000        2.3772559
     517.0000000        2.3756080
     518.0000000        2.3700731
     519.0000000        2.3705153
     520.0000000        2.3720529
     521.0000000        2.3735740
     522.0000000        2.3758605
     523.0000000        2.3733017
     524.0000000        2.3740590
     525.0000000        2.3789902
     526.0000000        2.3836305
     527.0000000        2.3881299
     528.0000000        2.3891416
     529.0000000        2.3902311
     530.0000000        2.3831367
     531.0000000        2.3781683
     532.0000000        2.3779960
     533.0000000        2.3758719
     534.0000000        2.3686607
     535.0000000        2.3655543
     536.0000000        2.3584640
     537.0000000        2.3523381
     538.0000000        2.3448329
     539.0000000        2.3464744
     540.0000000        2.3538918
     541.0000000        2.3562546
     542.0000000        2.3558779
     543.0000000        2.3589144
     544.0000000        2.3654671
     545.0000000        2.3775516
     546.0000000        2.3889849
     547.0000000        2.3910856
     548.0000000        2.4028060
     549.0000000        2.4217486
     550.0000000        2.4464085
     551.0000000        2.4643829
     552.0000000        2.4693990
     553.0000000        2.4721448
     554.0000000        2.4815209
     555.0000000        2.4789762
     556.0000000        2.4799776
     557.0000000        2.4915516
     558.0000000        2.5014997
     559.0000000        2.5035872
     560.0000000        2.5018811
     561.0000000        2.4915805
     562.0000000        2.4723625
     563.0000000        2.4605522
     564.0000000        2.4503195
     565.0000000        2.4416001
     566.0000000        2.4302957
     567.0000000        2.4187684
     568.0000000        2.4110062
     569.0000000        2.4075239
     570.0000000        2.4065621
     571.0000000        2.4018140
     572.0000000        2.4028003
     573.0000000        2.4116187
     574.0000000        2.4093003
     575.0000000        2.4116702
     576.0000000        2.4210520
     577.0000000        2.4179125
     578.0000000        2.4175003
     579.0000000        2.4276190
     580.0000000        2.4324327
     581.0000000        2.4454980
     582.0000000        2.4503412
     583.0000000        2.4539084
     584.0000000        2.4668729
     585.0000000        2.4696519
     586.0000000        2.4760554
     587.0000000        2.4886980
     588.0000000        2.4976537
     589.0000000        2.5119433
     590.0000000        2.5189719
     591.0000000        2.5062716
     592.0000000        2.4880800
     593.0000000        2.4629977
     594.0000000        2.4561946
     595.0000000        2.4548020
     596.0000000        2.4698906
     597.0000000        2.4765639
     598.0000000        2.4717772
     599.0000000        2.4706073
     600.0000000        2.4848039
