       1.0000000        2.6268775
       2.0000000        2.6848854
       3.0000000        2.6951351
       4.0000000        2.6903633
       5.0000000        2.6799521
       6.0000000        2.6690624
       7.0000000        2.6581454
       8.0000000        2.6474024
       9.0000000        2.6358816
      10.0000000        2.6251473
      11.0000000        2.6161594
      12.0000000        2.6086967
      13.0000000        2.6032595
      14.0000000        2.5998017
      15.0000000        2.5958663
      16.0000000        2.5926277
      17.0000000        2.5894832
      18.0000000        2.5879447
      19.0000000        2.5856556
      20.0000000        2.5855398
      21.0000000        2.5864014
      22.0000000        2.5874825
      23.0000000        2.5868593
      24.0000000        2.5868639
      25.0000000        2.5895454
      26.0000000        2.5897918
      27.0000000        2.5896940
      28.0000000        2.5882240
      29.0000000        2.5874903
      30.0000000        2.5880292
      31.0000000        2.5872073
      32.0000000        2.5881820
      33.0000000        2.5886587
      34.0000000        2.5880114
      35.0000000        2.5882938
      36.0000000        2.5884693
      37.0000000        2.5874239
      38.0000000        2.5846991
      39.0000000        2.5810277
      40.0000000        2.5777495
      41.0000000        2.5752009
      42.0000000        2.5745933
      43.0000000        2.5751838
      44.0000000        2.5742943
      45.0000000        2.5756339
      46.0000000        2.5741082
      47.0000000        2.5724456
      48.0000000        2.5705572
      49.0000000        2.5675940
      50.0000000        2.5667547
      51.0000000        2.5657977
      52.0000000        2.5648811
      53.0000000        2.5633517
      54.0000000        2.5612246
      55.0000000        2.5591617
      56.0000000        2.5569458
      57.0000000        2.5576397
      58.0000000        2.5592741
      59.0000000        2.5620714
      60.0000000        2.5666315
      61.0000000        2.5709442
      62.0000000        2.5760680
      63.0000000        2.5804390
      64.0000000        2.5847988
      65.0000000        2.5888849
      66.0000000        2.5922534
      67.0000000        2.5936047
      68.0000000        2.5948477
      69.0000000        2.5956337
      70.0000000        2.5957455
      71.0000000        2.5955998
      72.0000000        2.5933595
      73.0000000        2.5940947
      74.0000000        2.5941853
      75.0000000        2.5931535
      76.0000000        2.5931685
      77.0000000        2.5927869
      78.0000000        2.5904302
      79.0000000        2.5890042
      80.0000000        2.5887047
      81.0000000        2.5884758
      82.0000000        2.5879838
      83.0000000        2.5865921
      84.0000000        2.5848334
      85.0000000        2.5833624
      86.0000000        2.5789803
      87.0000000        2.5763154
      88.0000000        2.5749679
      89.0000000        2.5736082
      90.0000000        2.5733338
      91.0000000        2.5745006
      92.0000000        2.5750159
      93.0000000        2.5784866
      94.0000000        2.5823287
      95.0000000        2.5838463
      96.0000000        2.5852442
      97.0000000        2.5866038
      98.0000000        2.5863734
      99.0000000        2.5859972
     100.0000000        2.5848702
     101.0000000        2.5834152
     102.0000000        2.5823316
     103.0000000        2.5802544
     104.0000000        2.5787959
     105.0000000        2.5776930
     106.0000000        2.5769785
     107.0000000        2.5765400
     108.0000000        2.5761960
     109.0000000        2.5760379
     110.0000000        2.5768188
     111.0000000        2.5771606
     112.0000000        2.5771272
     113.0000000        2.5760001
     114.0000000        2.5744685
     115.0000000        2.5739579
     116.0000000        2.5745161
     117.0000000        2.5745189
     118.0000000        2.5758419
     119.0000000        2.5777667
     120.0000000        2.5801611
     121.0000000        2.5824595
     122.0000000        2.5842008
     123.0000000        2.5846956
     124.0000000        2.5856937
     125.0000000        2.5897712
     126.0000000        2.5932953
     127.0000000        2.5994867
     128.0000000        2.6047794
     129.0000000        2.6103767
     130.0000000        2.6135941
     131.0000000        2.6161560
     132.0000000        2.6167488
     133.0000000        2.6163677
     134.0000000        2.6158900
     135.0000000        2.6142905
     136.0000000        2.6113907
     137.0000000        2.6069392
     138.0000000        2.6007795
     139.0000000        2.5950144
     140.0000000        2.5896409
     141.0000000        2.5862316
     142.0000000        2.5844716
     143.0000000        2.5823660
     144.0000000        2.5800605
     145.0000000        2.5776516
     146.0000000        2.5772000
     147.0000000        2.5786891
     148.0000000        2.5801330
     149.0000000        2.5819046
     150.0000000        2.5814622
     151.0000000        2.5794953
     152.0000000        2.5785677
     153.0000000        2.5784228
     154.0000000        2.5801464
     155.0000000        2.5834855
     156.0000000        2.5859439
     157.0000000        2.5899824
     158.0000000        2.5935208
     159.0000000        2.5948556
     160.0000000        2.5945674
     161.0000000        2.5930715
     162.0000000        2.5904918
     163.0000000        2.5867178
     164.0000000        2.5841793
     165.0000000        2.5821930
     166.0000000        2.5799686
     167.0000000        2.5770797
     168.0000000        2.5754170
     169.0000000        2.5746266
     170.0000000        2.5748666
     171.0000000        2.5747329
     172.0000000        2.5728710
     173.0000000        2.5701588
     174.0000000        2.5685077
     175.0000000        2.5687947
     176.0000000        2.5695351
     177.0000000        2.5710386
     178.0000000        2.5732472
     179.0000000        2.5743459
     180.0000000        2.5749515
     181.0000000        2.5744313
     182.0000000        2.5729658
     183.0000000        2.5724434
     184.0000000        2.5738055
     185.0000000        2.5762552
     186.0000000        2.5781896
     187.0000000        2.5799003
     188.0000000        2.5808949
     189.0000000        2.5828840
     190.0000000        2.5837877
     191.0000000        2.5829735
     192.0000000        2.5813980
     193.0000000        2.5816679
     194.0000000        2.5802048
     195.0000000        2.5805145
     196.0000000        2.5806799
     197.0000000        2.5817211
     198.0000000        2.5821492
     199.0000000        2.5810509
     200.0000000        2.5818688
     201.0000000        2.5829113
     202.0000000        2.5826508
     203.0000000        2.5814979
     204.0000000        2.5802212
     205.0000000        2.5803898
     206.0000000        2.5814633
     207.0000000        2.5825116
     208.0000000        2.5840467
     209.0000000        2.5854754
     210.0000000        2.5873157
     211.0000000        2.5882356
     212.0000000        2.5876062
     213.0000000        2.5868908
     214.0000000        2.5862947
     215.0000000        2.5873712
     216.0000000        2.5856607
     217.0000000        2.5862631
     218.0000000        2.5872563
     219.0000000        2.5872642
     220.0000000        2.5879581
     221.0000000        2.5895938
     222.0000000        2.5906388
     223.0000000        2.5923476
     224.0000000        2.5919796
     225.0000000        2.5931303
     226.0000000        2.5941150
     227.0000000        2.5948077
     228.0000000        2.5947432
     229.0000000        2.5934545
     230.0000000        2.5918498
     231.0000000        2.5892912
     232.0000000        2.5870263
     233.0000000        2.5847208
     234.0000000        2.5835660
     235.0000000        2.5826201
     236.0000000        2.5814398
     237.0000000        2.5804006
     238.0000000        2.5788644
     239.0000000        2.5772994
     240.0000000        2.5759839
     241.0000000        2.5753327
     242.0000000        2.5746928
     243.0000000        2.5775180
     244.0000000        2.5795389
     245.0000000        2.5807980
     246.0000000        2.5837624
     247.0000000        2.5877149
     248.0000000        2.5921750
     249.0000000        2.5964678
     250.0000000        2.5989453
     251.0000000        2.6022192
     252.0000000        2.6048236
     253.0000000        2.6064361
     254.0000000        2.6063179
     255.0000000        2.6053476
     256.0000000        2.6048811
     257.0000000        2.6037820
     258.0000000        2.6007400
     259.0000000        2.5978225
     260.0000000        2.5947213
     261.0000000        2.5919946
     262.0000000        2.5895860
     263.0000000        2.5865143
     264.0000000        2.5847991
     265.0000000        2.5849619
     266.0000000        2.5844574
     267.0000000        2.5864341
     268.0000000        2.5888764
     269.0000000        2.5926695
     270.0000000        2.5961947
     271.0000000        2.5991390
     272.0000000        2.6020743
     273.0000000        2.6041898
     274.0000000        2.6055317
     275.0000000        2.6058036
     276.0000000        2.6064403
     277.0000000        2.6057796
     278.0000000        2.6049914
     279.0000000        2.6035908
     280.0000000        2.6025035
     281.0000000        2.6000227
     282.0000000        2.5987817
     283.0000000        2.5978429
     284.0000000        2.5971705
     285.0000000        2.5982328
     286.0000000        2.5977297
     287.0000000        2.5952365
     288.0000000        2.5927579
     289.0000000        2.5914324
     290.0000000        2.5921489
     291.0000000        2.5933887
     292.0000000        2.5941341
     293.0000000        2.5965098
     294.0000000        2.5974909
     295.0000000        2.5981109
     296.0000000        2.5989159
     297.0000000        2.5971434
     298.0000000        2.5937985
     299.0000000        2.5921711
     300.0000000        2.5916950
     301.0000000        2.5912540
     302.0000000        2.5928594
     303.0000000        2.5935837
     304.0000000        2.5913739
     305.0000000        2.5881862
     306.0000000        2.5861169
     307.0000000        2.5837386
     308.0000000        2.5824445
     309.0000000        2.5809534
     310.0000000        2.5791291
     311.0000000        2.5784958
     312.0000000        2.5774464
     313.0000000        2.5772471
     314.0000000        2.5773211
     315.0000000        2.5773667
     316.0000000        2.5768849
     317.0000000        2.5778298
     318.0000000        2.5802560
     319.0000000        2.5829128
     320.0000000        2.5844998
     321.0000000        2.5851327
     322.0000000        2.5858047
     323.0000000        2.5858475
     324.0000000        2.5863150
     325.0000000        2.5868829
     326.0000000        2.5873979
     327.0000000        2.5874728
     328.0000000        2.5889836
     329.0000000        2.5917916
     330.0000000        2.5946936
     331.0000000        2.5967226
     332.0000000        2.5961373
     333.0000000        2.5955623
     334.0000000        2.5952485
     335.0000000        2.5965782
     336.0000000        2.5957092
     337.0000000        2.5965958
     338.0000000        2.5984681
     339.0000000        2.5989253
     340.0000000        2.5985157
     341.0000000        2.5977480
     342.0000000        2.5958963
     343.0000000        2.5943632
     344.0000000        2.5922390
     345.0000000        2.5896903
     346.0000000        2.5869511
     347.0000000        2.5829587
     348.0000000        2.5802743
     349.0000000        2.5782568
     350.0000000        2.5779632
     351.0000000        2.5775365
     352.0000000        2.5764236
     353.0000000        2.5773590
     354.0000000        2.5804813
     355.0000000        2.5846691
     356.0000000        2.5874263
     357.0000000        2.5879900
     358.0000000        2.5876371
     359.0000000        2.5841298
     360.0000000        2.5798112
     361.0000000        2.5773951
     362.0000000        2.5761562
     363.0000000        2.5763068
     364.0000000        2.5766103
     365.0000000        2.5759998
     366.0000000        2.5745417
     367.0000000        2.5718263
     368.0000000        2.5710437
     369.0000000        2.5702496
     370.0000000        2.5702640
     371.0000000        2.5700538
     372.0000000        2.5691144
     373.0000000        2.5712875
     374.0000000        2.5731188
     375.0000000        2.5747671
     376.0000000        2.5756162
     377.0000000        2.5757981
     378.0000000        2.5783018
     379.0000000        2.5810468
     380.0000000        2.5821812
     381.0000000        2.5822444
     382.0000000        2.5827046
     383.0000000        2.5853858
     384.0000000        2.5869684
     385.0000000        2.5877121
     386.0000000        2.5860028
     387.0000000        2.5847992
     388.0000000        2.5837538
     389.0000000        2.5823432
     390.0000000        2.5825556
     391.0000000        2.5820500
     392.0000000        2.5810674
     393.0000000        2.5800749
     394.0000000        2.5795705
     395.0000000        2.5794028
     396.0000000        2.5783507
     397.0000000        2.5764732
     398.0000000        2.5732995
     399.0000000        2.5716062
     400.0000000        2.5697328
     401.0000000        2.5689067
     402.0000000        2.5682633
     403.0000000        2.5686941
     404.0000000        2.5707023
     405.0000000        2.5722197
     406.0000000        2.5738111
     407.0000000        2.5769276
     408.0000000        2.5795902
     409.0000000        2.5812137
     410.0000000        2.5826051
     411.0000000        2.5829658
     412.0000000        2.5820668
     413.0000000        2.5811628
     414.0000000        2.5810557
     415.0000000        2.5826703
     416.0000000        2.5851249
     417.0000000        2.5874877
     418.0000000        2.5898866
     419.0000000        2.5943369
     420.0000000        2.5958923
     421.0000000        2.5973926
     422.0000000        2.5987190
     423.0000000        2.5995728
     424.0000000        2.6002576
     425.0000000        2.6015588
     426.0000000        2.6035761
     427.0000000        2.6032400
     428.0000000        2.6048487
     429.0000000        2.6061897
     430.0000000        2.6065997
     431.0000000        2.6051965
     432.0000000        2.6051797
     433.0000000        2.6045525
     434.0000000        2.6052416
     435.0000000        2.6070557
     436.0000000        2.6074394
     437.0000000        2.6067040
     438.0000000        2.6054114
     439.0000000        2.6024744
     440.0000000        2.5996809
     441.0000000        2.5971057
     442.0000000        2.5949672
     443.0000000        2.5938007
     444.0000000        2.5929733
     445.0000000        2.5929265
     446.0000000        2.5926097
     447.0000000        2.5931856
     448.0000000        2.5936220
     449.0000000        2.5936029
     450.0000000        2.5908582
     451.0000000        2.5891318
     452.0000000        2.5880946
     453.0000000        2.5880485
     454.0000000        2.5864872
     455.0000000        2.5858092
     456.0000000        2.5844984
     457.0000000        2.5829565
     458.0000000        2.5821635
     459.0000000        2.5829953
     460.0000000        2.5836859
     461.0000000        2.5836687
     462.0000000        2.5826884
     463.0000000        2.5845317
     464.0000000        2.5870419
     465.0000000        2.5892770
     466.0000000        2.5906223
     467.0000000        2.5908661
     468.0000000        2.5898011
     469.0000000        2.5882097
     470.0000000        2.5876493
     471.0000000        2.5867127
     472.0000000        2.5875356
     473.0000000        2.5882761
     474.0000000        2.5882717
     475.0000000        2.5894336
     476.0000000        2.5897978
     477.0000000        2.5901074
     478.0000000        2.5901153
     479.0000000        2.5880696
     480.0000000        2.5861283
     481.0000000        2.5839106
     482.0000000        2.5816679
     483.0000000        2.5809336
     484.0000000        2.5804119
     485.0000000        2.5805177
     486.0000000        2.5814622
     487.0000000        2.5828016
     488.0000000        2.5850837
     489.0000000        2.5865081
     490.0000000        2.5861995
     491.0000000        2.5854008
     492.0000000        2.5848690
     493.0000000        2.5863021
     494.0000000        2.5861064
     495.0000000        2.5861197
     496.0000000        2.5861185
     497.0000000        2.5860405
     498.0000000        2.5874707
     499.0000000        2.5889717
     500.0000000        2.5896517
     501.0000000        2.5892088
     502.0000000        2.5891721
     503.0000000        2.5887672
     504.0000000        2.5890747
     505.0000000        2.5888472
     506.0000000        2.5880332
     507.0000000        2.5871706
     508.0000000        2.5861100
     509.0000000        2.5855189
     510.0000000        2.5838425
     511.0000000        2.5828010
     512.0000000        2.5812208
     513.0000000        2.5816170
     514.0000000        2.5812043
     515.0000000        2.5829625
     516.0000000        2.5850441
     517.0000000        2.5865439
     518.0000000        2.5877074
     519.0000000        2.5884457
     520.0000000        2.5887972
     521.0000000        2.5884605
     522.0000000        2.5868404
     523.0000000        2.5848863
     524.0000000        2.5832779
     525.0000000        2.5827194
     526.0000000        2.5828169
     527.0000000        2.5816627
     528.0000000        2.5827186
     529.0000000        2.5832267
     530.0000000        2.5823999
     531.0000000        2.5808688
     532.0000000        2.5782634
     533.0000000        2.5755273
     534.0000000        2.5741933
     535.0000000        2.5737649
     536.0000000        2.5739734
     537.0000000        2.5739335
     538.0000000        2.5745214
     539.0000000        2.5736353
     540.0000000        2.5734921
     541.0000000        2.5739871
     542.0000000        2.5780159
     543.0000000        2.5808398
     544.0000000        2.5832157
     545.0000000        2.5855022
     546.0000000        2.5855440
     547.0000000        2.5872497
     548.0000000        2.5872952
     549.0000000        2.5883294
     550.0000000        2.5866925
     551.0000000        2.5853956
     552.0000000        2.5840602
     553.0000000        2.5842916
     554.0000000        2.5844912
     555.0000000        2.5841420
     556.0000000        2.5840436
     557.0000000        2.5833682
     558.0000000        2.5839023
     559.0000000        2.5840780
     560.0000000        2.5858996
     561.0000000        2.5856929
     562.0000000        2.5844318
     563.0000000        2.5814482
     564.0000000        2.5787124
     565.0000000        2.5762139
     566.0000000        2.5736176
     567.0000000        2.5721983
     568.0000000        2.5722902
     569.0000000        2.5725710
     570.0000000        2.5726498
     571.0000000        2.5723203
     572.0000000        2.5714398
     573.0000000        2.5702398
     574.0000000        2.5688991
     575.0000000        2.5674746
     576.0000000        2.5684396
     577.0000000        2.5686004
     578.0000000        2.5706334
     579.0000000        2.5715366
     580.0000000        2.5735867
     581.0000000        2.5775359
     582.0000000        2.5824703
     583.0000000        2.5881477
     584.0000000        2.5934323
     585.0000000        2.5973207
     586.0000000        2.5996554
     587.0000000        2.6003501
     588.0000000        2.5996065
     589.0000000        2.5976885
     590.0000000        2.5959575
     591.0000000        2.5942330
     592.0000000        2.5939575
     593.0000000        2.5921761
     594.0000000        2.5910975
     595.0000000        2.5915372
     596.0000000        2.5903555
     597.0000000        2.5901945
     598.0000000        2.5898818
     599.0000000        2.5913871
     600.0000000        2.5916249
