       1.0000000        2.1707160
       2.0000000        2.1707327
       3.0000000        2.1672695
       4.0000000        2.1596937
       5.0000000        2.1474349
       6.0000000        2.1294992
       7.0000000        2.1053433
       8.0000000        2.0771942
       9.0000000        2.0473878
      10.0000000        2.0153699
      11.0000000        1.9808744
      12.0000000        1.9474117
      13.0000000        1.9119028
      14.0000000        1.8775802
      15.0000000        1.8448148
      16.0000000        1.8136891
      17.0000000        1.7849263
      18.0000000        1.7587956
      19.0000000        1.7345725
      20.0000000        1.7122215
      21.0000000        1.6905516
      22.0000000        1.6701543
      23.0000000        1.6506470
      24.0000000        1.6314992
      25.0000000        1.6131938
      26.0000000        1.5958713
      27.0000000        1.5796224
      28.0000000        1.5650033
      29.0000000        1.5527242
      30.0000000        1.5429788
      31.0000000        1.5349259
      32.0000000        1.5275429
      33.0000000        1.5213200
      34.0000000        1.5168487
      35.0000000        1.5134189
      36.0000000        1.5103723
      37.0000000        1.5080208
      38.0000000        1.5057088
      39.0000000        1.5031846
      40.0000000        1.4997647
      41.0000000        1.4951662
      42.0000000        1.4894500
      43.0000000        1.4829737
      44.0000000        1.4760771
      45.0000000        1.4684957
      46.0000000        1.4605645
      47.0000000        1.4531176
      48.0000000        1.4461030
      49.0000000        1.4394209
      50.0000000        1.4333171
      51.0000000        1.4279841
      52.0000000        1.4234455
      53.0000000        1.4194713
      54.0000000        1.4156108
      55.0000000        1.4118856
      56.0000000        1.4076144
      57.0000000        1.4032397
      58.0000000        1.3984481
      59.0000000        1.3936106
      60.0000000        1.3882915
      61.0000000        1.3823365
      62.0000000        1.3761760
      63.0000000        1.3697840
      64.0000000        1.3630314
      65.0000000        1.3559316
      66.0000000        1.3488144
      67.0000000        1.3417774
      68.0000000        1.3344921
      69.0000000        1.3268783
      70.0000000        1.3189771
      71.0000000        1.3111706
      72.0000000        1.3033851
      73.0000000        1.2953098
      74.0000000        1.2870282
      75.0000000        1.2791454
      76.0000000        1.2716939
      77.0000000        1.2642632
      78.0000000        1.2567210
      79.0000000        1.2492367
      80.0000000        1.2413794
      81.0000000        1.2337437
      82.0000000        1.2265824
      83.0000000        1.2196867
      84.0000000        1.2132683
      85.0000000        1.2070221
      86.0000000        1.2009854
      87.0000000        1.1956019
      88.0000000        1.1907622
      89.0000000        1.1865615
      90.0000000        1.1830026
      91.0000000        1.1798130
      92.0000000        1.1767484
      93.0000000        1.1740162
      94.0000000        1.1714976
      95.0000000        1.1690141
      96.0000000        1.1670090
      97.0000000        1.1656424
      98.0000000        1.1652797
      99.0000000        1.1660426
     100.0000000        1.1680528
     101.0000000        1.1711109
     102.0000000        1.1751950
     103.0000000        1.1801816
     104.0000000        1.1860240
     105.0000000        1.1925361
     106.0000000        1.1994047
     107.0000000        1.2064523
     108.0000000        1.2136390
     109.0000000        1.2207960
     110.0000000        1.2278175
     111.0000000        1.2348344
     112.0000000        1.2418637
     113.0000000        1.2487469
     114.0000000        1.2555288
     115.0000000        1.2621888
     116.0000000        1.2685009
     117.0000000        1.2743316
     118.0000000        1.2795066
     119.0000000        1.2836108
     120.0000000        1.2864885
     121.0000000        1.2881335
     122.0000000        1.2889470
     123.0000000        1.2893878
     124.0000000        1.2895590
     125.0000000        1.2895576
     126.0000000        1.2892669
     127.0000000        1.2883459
     128.0000000        1.2869171
     129.0000000        1.2848138
     130.0000000        1.2823008
     131.0000000        1.2795581
     132.0000000        1.2767345
     133.0000000        1.2740400
     134.0000000        1.2716844
     135.0000000        1.2697800
     136.0000000        1.2683972
     137.0000000        1.2673277
     138.0000000        1.2664824
     139.0000000        1.2656815
     140.0000000        1.2645473
     141.0000000        1.2628254
     142.0000000        1.2601311
     143.0000000        1.2566187
     144.0000000        1.2522483
     145.0000000        1.2471144
     146.0000000        1.2412750
     147.0000000        1.2348374
     148.0000000        1.2279047
     149.0000000        1.2206286
     150.0000000        1.2130151
     151.0000000        1.2052736
     152.0000000        1.1970356
     153.0000000        1.1882114
     154.0000000        1.1787006
     155.0000000        1.1688048
     156.0000000        1.1586339
     157.0000000        1.1485347
     158.0000000        1.1384647
     159.0000000        1.1284783
     160.0000000        1.1187229
     161.0000000        1.1095380
     162.0000000        1.1009461
     163.0000000        1.0928618
     164.0000000        1.0856371
     165.0000000        1.0794123
     166.0000000        1.0742967
     167.0000000        1.0703321
     168.0000000        1.0672531
     169.0000000        1.0652670
     170.0000000        1.0641670
     171.0000000        1.0636013
     172.0000000        1.0634948
     173.0000000        1.0636834
     174.0000000        1.0641650
     175.0000000        1.0650957
     176.0000000        1.0663072
     177.0000000        1.0677484
     178.0000000        1.0693229
     179.0000000        1.0710412
     180.0000000        1.0727203
     181.0000000        1.0742710
     182.0000000        1.0755366
     183.0000000        1.0765297
     184.0000000        1.0770714
     185.0000000        1.0770129
     186.0000000        1.0764309
     187.0000000        1.0754106
     188.0000000        1.0740737
     189.0000000        1.0726436
     190.0000000        1.0713809
     191.0000000        1.0703019
     192.0000000        1.0696422
     193.0000000        1.0696130
     194.0000000        1.0702399
     195.0000000        1.0717371
     196.0000000        1.0740764
     197.0000000        1.0771594
     198.0000000        1.0807235
     199.0000000        1.0846980
     200.0000000        1.0890125
     201.0000000        1.0935068
     202.0000000        1.0979723
     203.0000000        1.1022338
     204.0000000        1.1061285
     205.0000000        1.1097615
     206.0000000        1.1129100
     207.0000000        1.1154335
     208.0000000        1.1173499
     209.0000000        1.1187083
     210.0000000        1.1195350
     211.0000000        1.1199130
     212.0000000        1.1200244
     213.0000000        1.1197746
     214.0000000        1.1191987
     215.0000000        1.1184497
     216.0000000        1.1174299
     217.0000000        1.1165498
     218.0000000        1.1160690
     219.0000000        1.1159250
     220.0000000        1.1160618
     221.0000000        1.1163316
     222.0000000        1.1169977
     223.0000000        1.1180997
     224.0000000        1.1196363
     225.0000000        1.1215677
     226.0000000        1.1237630
     227.0000000        1.1261073
     228.0000000        1.1284902
     229.0000000        1.1310005
     230.0000000        1.1335434
     231.0000000        1.1361692
     232.0000000        1.1388811
     233.0000000        1.1416707
     234.0000000        1.1447321
     235.0000000        1.1480017
     236.0000000        1.1514455
     237.0000000        1.1548619
     238.0000000        1.1581571
     239.0000000        1.1611739
     240.0000000        1.1638172
     241.0000000        1.1663011
     242.0000000        1.1684933
     243.0000000        1.1703725
     244.0000000        1.1720326
     245.0000000        1.1734467
     246.0000000        1.1748593
     247.0000000        1.1761171
     248.0000000        1.1767983
     249.0000000        1.1770563
     250.0000000        1.1769826
     251.0000000        1.1762149
     252.0000000        1.1751325
     253.0000000        1.1736494
     254.0000000        1.1716679
     255.0000000        1.1691840
     256.0000000        1.1666856
     257.0000000        1.1644353
     258.0000000        1.1621461
     259.0000000        1.1597643
     260.0000000        1.1571988
     261.0000000        1.1545799
     262.0000000        1.1521603
     263.0000000        1.1500236
     264.0000000        1.1479983
     265.0000000        1.1458188
     266.0000000        1.1435349
     267.0000000        1.1410571
     268.0000000        1.1382910
     269.0000000        1.1354080
     270.0000000        1.1324198
     271.0000000        1.1292579
     272.0000000        1.1260188
     273.0000000        1.1226404
     274.0000000        1.1193248
     275.0000000        1.1160369
     276.0000000        1.1126690
     277.0000000        1.1092610
     278.0000000        1.1057966
     279.0000000        1.1020046
     280.0000000        1.0978825
     281.0000000        1.0935966
     282.0000000        1.0890098
     283.0000000        1.0841092
     284.0000000        1.0790185
     285.0000000        1.0738014
     286.0000000        1.0684108
     287.0000000        1.0628016
     288.0000000        1.0570083
     289.0000000        1.0510817
     290.0000000        1.0450442
     291.0000000        1.0390885
     292.0000000        1.0332216
     293.0000000        1.0275288
     294.0000000        1.0221547
     295.0000000        1.0170133
     296.0000000        1.0120630
     297.0000000        1.0074481
     298.0000000        1.0032139
     299.0000000        0.9992799
     300.0000000        0.9958117
     301.0000000        0.9929345
     302.0000000        0.9907484
     303.0000000        0.9894143
     304.0000000        0.9888877
     305.0000000        0.9890698
     306.0000000        0.9901314
     307.0000000        0.9921675
     308.0000000        0.9951853
     309.0000000        0.9991370
     310.0000000        1.0039333
     311.0000000        1.0094821
     312.0000000        1.0156077
     313.0000000        1.0222743
     314.0000000        1.0294755
     315.0000000        1.0372137
     316.0000000        1.0456383
     317.0000000        1.0546468
     318.0000000        1.0640734
     319.0000000        1.0739186
     320.0000000        1.0842388
     321.0000000        1.0950789
     322.0000000        1.1063128
     323.0000000        1.1181083
     324.0000000        1.1305059
     325.0000000        1.1433865
     326.0000000        1.1567527
     327.0000000        1.1704825
     328.0000000        1.1842424
     329.0000000        1.1979364
     330.0000000        1.2116289
     331.0000000        1.2251680
     332.0000000        1.2385335
     333.0000000        1.2516361
     334.0000000        1.2643561
     335.0000000        1.2767270
     336.0000000        1.2888861
     337.0000000        1.3011028
     338.0000000        1.3134158
     339.0000000        1.3257990
     340.0000000        1.3383032
     341.0000000        1.3509370
     342.0000000        1.3633392
     343.0000000        1.3754106
     344.0000000        1.3871120
     345.0000000        1.3983094
     346.0000000        1.4083579
     347.0000000        1.4173571
     348.0000000        1.4253455
     349.0000000        1.4319764
     350.0000000        1.4370474
     351.0000000        1.4409468
     352.0000000        1.4440413
     353.0000000        1.4467076
     354.0000000        1.4485192
     355.0000000        1.4488530
     356.0000000        1.4478542
     357.0000000        1.4450706
     358.0000000        1.4396734
     359.0000000        1.4314601
     360.0000000        1.4209980
     361.0000000        1.4084904
     362.0000000        1.3943740
     363.0000000        1.3792547
     364.0000000        1.3630702
     365.0000000        1.3456035
     366.0000000        1.3274946
     367.0000000        1.3085232
     368.0000000        1.2893903
     369.0000000        1.2704171
     370.0000000        1.2513837
     371.0000000        1.2330168
     372.0000000        1.2153971
     373.0000000        1.1984565
     374.0000000        1.1823909
     375.0000000        1.1672400
     376.0000000        1.1531087
     377.0000000        1.1399277
     378.0000000        1.1276690
     379.0000000        1.1161201
     380.0000000        1.1054982
     381.0000000        1.0957057
     382.0000000        1.0868565
     383.0000000        1.0789030
     384.0000000        1.0715384
     385.0000000        1.0649130
     386.0000000        1.0590447
     387.0000000        1.0538710
     388.0000000        1.0492815
     389.0000000        1.0454042
     390.0000000        1.0423951
     391.0000000        1.0401592
     392.0000000        1.0387369
     393.0000000        1.0380827
     394.0000000        1.0379987
     395.0000000        1.0383679
     396.0000000        1.0391889
     397.0000000        1.0402920
     398.0000000        1.0416398
     399.0000000        1.0431970
     400.0000000        1.0450612
     401.0000000        1.0470577
     402.0000000        1.0491847
     403.0000000        1.0514946
     404.0000000        1.0540781
     405.0000000        1.0569998
     406.0000000        1.0604265
     407.0000000        1.0644822
     408.0000000        1.0691235
     409.0000000        1.0743594
     410.0000000        1.0800072
     411.0000000        1.0859557
     412.0000000        1.0919822
     413.0000000        1.0979840
     414.0000000        1.1035604
     415.0000000        1.1086044
     416.0000000        1.1130368
     417.0000000        1.1168604
     418.0000000        1.1199665
     419.0000000        1.1224860
     420.0000000        1.1244347
     421.0000000        1.1259342
     422.0000000        1.1270369
     423.0000000        1.1278332
     424.0000000        1.1283348
     425.0000000        1.1286283
     426.0000000        1.1286067
     427.0000000        1.1282389
     428.0000000        1.1275628
     429.0000000        1.1266559
     430.0000000        1.1256111
     431.0000000        1.1245075
     432.0000000        1.1233763
     433.0000000        1.1223396
     434.0000000        1.1214067
     435.0000000        1.1205466
     436.0000000        1.1198864
     437.0000000        1.1193470
     438.0000000        1.1186479
     439.0000000        1.1175842
     440.0000000        1.1160375
     441.0000000        1.1138774
     442.0000000        1.1114365
     443.0000000        1.1087723
     444.0000000        1.1060257
     445.0000000        1.1035205
     446.0000000        1.1016482
     447.0000000        1.1002898
     448.0000000        1.0994217
     449.0000000        1.0989062
     450.0000000        1.0986515
     451.0000000        1.0988261
     452.0000000        1.0999249
     453.0000000        1.1016943
     454.0000000        1.1040895
     455.0000000        1.1070650
     456.0000000        1.1105107
     457.0000000        1.1144478
     458.0000000        1.1189185
     459.0000000        1.1236955
     460.0000000        1.1287831
     461.0000000        1.1341633
     462.0000000        1.1399064
     463.0000000        1.1458989
     464.0000000        1.1521083
     465.0000000        1.1586046
     466.0000000        1.1655415
     467.0000000        1.1727940
     468.0000000        1.1802869
     469.0000000        1.1879715
     470.0000000        1.1958151
     471.0000000        1.2038887
     472.0000000        1.2123238
     473.0000000        1.2213314
     474.0000000        1.2308973
     475.0000000        1.2410209
     476.0000000        1.2517754
     477.0000000        1.2632440
     478.0000000        1.2752479
     479.0000000        1.2875791
     480.0000000        1.3000835
     481.0000000        1.3128252
     482.0000000        1.3256255
     483.0000000        1.3381541
     484.0000000        1.3500550
     485.0000000        1.3611290
     486.0000000        1.3708538
     487.0000000        1.3792715
     488.0000000        1.3862897
     489.0000000        1.3919069
     490.0000000        1.3958901
     491.0000000        1.3980485
     492.0000000        1.3983833
     493.0000000        1.3971950
     494.0000000        1.3943318
     495.0000000        1.3903366
     496.0000000        1.3854128
     497.0000000        1.3800784
     498.0000000        1.3742588
     499.0000000        1.3687048
     500.0000000        1.3637815
     501.0000000        1.3594221
     502.0000000        1.3554648
     503.0000000        1.3518524
     504.0000000        1.3488320
     505.0000000        1.3463076
     506.0000000        1.3443061
     507.0000000        1.3430629
     508.0000000        1.3425329
     509.0000000        1.3424214
     510.0000000        1.3425230
     511.0000000        1.3428755
     512.0000000        1.3437164
     513.0000000        1.3451316
     514.0000000        1.3474190
     515.0000000        1.3507364
     516.0000000        1.3552475
     517.0000000        1.3606477
     518.0000000        1.3671887
     519.0000000        1.3743631
     520.0000000        1.3819332
     521.0000000        1.3898951
     522.0000000        1.3981404
     523.0000000        1.4066938
     524.0000000        1.4157526
     525.0000000        1.4254923
     526.0000000        1.4359101
     527.0000000        1.4472146
     528.0000000        1.4592115
     529.0000000        1.4717501
     530.0000000        1.4844657
     531.0000000        1.4969546
     532.0000000        1.5091045
     533.0000000        1.5207773
     534.0000000        1.5318958
     535.0000000        1.5428250
     536.0000000        1.5535719
     537.0000000        1.5643804
     538.0000000        1.5755390
     539.0000000        1.5859909
     540.0000000        1.5960640
     541.0000000        1.6050621
     542.0000000        1.6125941
     543.0000000        1.6186484
     544.0000000        1.6243161
     545.0000000        1.6294733
     546.0000000        1.6345804
     547.0000000        1.6397417
     548.0000000        1.6440601
     549.0000000        1.6484411
     550.0000000        1.6539301
     551.0000000        1.6610821
     552.0000000        1.6686624
     553.0000000        1.6773677
     554.0000000        1.6880809
     555.0000000        1.6991217
     556.0000000        1.7099314
     557.0000000        1.7192822
     558.0000000        1.7266595
     559.0000000        1.7323792
     560.0000000        1.7365420
     561.0000000        1.7380323
     562.0000000        1.7371879
     563.0000000        1.7347169
     564.0000000        1.7313259
     565.0000000        1.7270257
     566.0000000        1.7229919
     567.0000000        1.7198467
     568.0000000        1.7165387
     569.0000000        1.7136372
     570.0000000        1.7113085
     571.0000000        1.7092510
     572.0000000        1.7061868
     573.0000000        1.7026280
     574.0000000        1.6989493
     575.0000000        1.6945078
     576.0000000        1.6903991
     577.0000000        1.6860782
     578.0000000        1.6820683
     579.0000000        1.6783289
     580.0000000        1.6755673
     581.0000000        1.6717488
     582.0000000        1.6670331
     583.0000000        1.6608119
     584.0000000        1.6544719
     585.0000000        1.6480694
     586.0000000        1.6417794
     587.0000000        1.6350917
     588.0000000        1.6274046
     589.0000000        1.6187125
     590.0000000        1.6101863
     591.0000000        1.6027130
     592.0000000        1.5962825
     593.0000000        1.5910302
     594.0000000        1.5881100
     595.0000000        1.5860592
     596.0000000        1.5847173
     597.0000000        1.5840892
     598.0000000        1.5848415
     599.0000000        1.5852920
     600.0000000        1.5849333
