       1.0000000        2.5287948
       2.0000000        2.5440004
       3.0000000        2.5629649
       4.0000000        2.5703487
       5.0000000        2.5736179
       6.0000000        2.5681169
       7.0000000        2.5622084
       8.0000000        2.5637577
       9.0000000        2.5553246
      10.0000000        2.5478442
      11.0000000        2.5355587
      12.0000000        2.5218890
      13.0000000        2.5084083
      14.0000000        2.5030022
      15.0000000        2.4989011
      16.0000000        2.4900334
      17.0000000        2.4802117
      18.0000000        2.4682467
      19.0000000        2.4593372
      20.0000000        2.4590614
      21.0000000        2.4629712
      22.0000000        2.4639854
      23.0000000        2.4516964
      24.0000000        2.4410923
      25.0000000        2.4435735
      26.0000000        2.4451487
      27.0000000        2.4378738
      28.0000000        2.4302793
      29.0000000        2.4363830
      30.0000000        2.4501517
      31.0000000        2.4665515
      32.0000000        2.4726400
      33.0000000        2.4755743
      34.0000000        2.4853480
      35.0000000        2.5002542
      36.0000000        2.5124664
      37.0000000        2.5201547
      38.0000000        2.5304527
      39.0000000        2.5278590
      40.0000000        2.5276666
      41.0000000        2.5285985
      42.0000000        2.5244396
      43.0000000        2.5137856
      44.0000000        2.5072801
      45.0000000        2.5054328
      46.0000000        2.5036495
      47.0000000        2.4972215
      48.0000000        2.4899113
      49.0000000        2.4876831
      50.0000000        2.4859076
      51.0000000        2.4902055
      52.0000000        2.5014844
      53.0000000        2.5070620
      54.0000000        2.5222468
      55.0000000        2.5168014
      56.0000000        2.5205598
      57.0000000        2.5272620
      58.0000000        2.5327220
      59.0000000        2.5375855
      60.0000000        2.5441518
      61.0000000        2.5540724
      62.0000000        2.5647457
      63.0000000        2.5745270
      64.0000000        2.5823646
      65.0000000        2.5872240
      66.0000000        2.5788245
      67.0000000        2.5678034
      68.0000000        2.5584040
      69.0000000        2.5499389
      70.0000000        2.5415897
      71.0000000        2.5242271
      72.0000000        2.5185308
      73.0000000        2.5114257
      74.0000000        2.5126405
      75.0000000        2.5170078
      76.0000000        2.5194182
      77.0000000        2.5231109
      78.0000000        2.5219541
      79.0000000        2.5157475
      80.0000000        2.5194924
      81.0000000        2.5161405
      82.0000000        2.5003071
      83.0000000        2.4972079
      84.0000000        2.4867787
      85.0000000        2.4811084
      86.0000000        2.4743226
      87.0000000        2.4768722
      88.0000000        2.4866090
      89.0000000        2.4946563
      90.0000000        2.5044107
      91.0000000        2.5083003
      92.0000000        2.5113389
      93.0000000        2.5099058
      94.0000000        2.5177739
      95.0000000        2.5242190
      96.0000000        2.5218635
      97.0000000        2.5102854
      98.0000000        2.4984403
      99.0000000        2.5067890
     100.0000000        2.5034530
     101.0000000        2.5058794
     102.0000000        2.5110323
     103.0000000        2.5280747
     104.0000000        2.5345848
     105.0000000        2.5361207
     106.0000000        2.5368171
     107.0000000        2.5307114
     108.0000000        2.5236619
     109.0000000        2.5167782
     110.0000000        2.5035353
     111.0000000        2.4972792
     112.0000000        2.4994895
     113.0000000        2.4935932
     114.0000000        2.5001156
     115.0000000        2.5134754
     116.0000000        2.5147591
     117.0000000        2.5191553
     118.0000000        2.5160160
     119.0000000        2.5169833
     120.0000000        2.5190010
     121.0000000        2.5181341
     122.0000000        2.5159447
     123.0000000        2.5095532
     124.0000000        2.5049748
     125.0000000        2.4977527
     126.0000000        2.4881349
     127.0000000        2.4799416
     128.0000000        2.4722106
     129.0000000        2.4740326
     130.0000000        2.4710648
     131.0000000        2.4754901
     132.0000000        2.4811132
     133.0000000        2.4864516
     134.0000000        2.4977577
     135.0000000        2.5143018
     136.0000000        2.5212708
     137.0000000        2.5210328
     138.0000000        2.5134535
     139.0000000        2.5224831
     140.0000000        2.5246720
     141.0000000        2.5142577
     142.0000000        2.5021348
     143.0000000        2.4890351
     144.0000000        2.4762776
     145.0000000        2.4621470
     146.0000000        2.4482965
     147.0000000        2.4396987
     148.0000000        2.4386685
     149.0000000        2.4314721
     150.0000000        2.4353044
     151.0000000        2.4357805
     152.0000000        2.4491141
     153.0000000        2.4615328
     154.0000000        2.4574368
     155.0000000        2.4584613
     156.0000000        2.4637575
     157.0000000        2.4619136
     158.0000000        2.4634297
     159.0000000        2.4745579
     160.0000000        2.4879353
     161.0000000        2.5020828
     162.0000000        2.5177956
     163.0000000        2.5311131
     164.0000000        2.5471592
     165.0000000        2.5520754
     166.0000000        2.5573111
     167.0000000        2.5817075
     168.0000000        2.5871959
     169.0000000        2.5882366
     170.0000000        2.5974503
     171.0000000        2.6014907
     172.0000000        2.6129251
     173.0000000        2.6277313
     174.0000000        2.6294343
     175.0000000        2.6332855
     176.0000000        2.6198277
     177.0000000        2.6105270
     178.0000000        2.6111228
     179.0000000        2.5992286
     180.0000000        2.5831015
     181.0000000        2.5772190
     182.0000000        2.5598814
     183.0000000        2.5568027
     184.0000000        2.5692616
     185.0000000        2.5756171
     186.0000000        2.5782871
     187.0000000        2.5865262
     188.0000000        2.5835085
     189.0000000        2.5733223
     190.0000000        2.5614290
     191.0000000        2.5607958
     192.0000000        2.5620558
     193.0000000        2.5585828
     194.0000000        2.5549183
     195.0000000        2.5580587
     196.0000000        2.5618815
     197.0000000        2.5613320
     198.0000000        2.5638080
     199.0000000        2.5590892
     200.0000000        2.5641899
     201.0000000        2.5571051
     202.0000000        2.5491970
     203.0000000        2.5393660
     204.0000000        2.5397799
     205.0000000        2.5371225
     206.0000000        2.5320661
     207.0000000        2.5359731
     208.0000000        2.5273261
     209.0000000        2.5308800
     210.0000000        2.5340290
     211.0000000        2.5354121
     212.0000000        2.5287731
     213.0000000        2.5273650
     214.0000000        2.5161085
     215.0000000        2.5108182
     216.0000000        2.5050533
     217.0000000        2.4966877
     218.0000000        2.4832220
     219.0000000        2.4803357
     220.0000000        2.4865148
     221.0000000        2.4848726
     222.0000000        2.4877145
     223.0000000        2.4920590
     224.0000000        2.4991758
     225.0000000        2.5098670
     226.0000000        2.5134408
     227.0000000        2.5098941
     228.0000000        2.5122786
     229.0000000        2.5142286
     230.0000000        2.5091305
     231.0000000        2.5023882
     232.0000000        2.4954946
     233.0000000        2.4921205
     234.0000000        2.5005524
     235.0000000        2.4975090
     236.0000000        2.5014186
     237.0000000        2.5008113
     238.0000000        2.5046942
     239.0000000        2.5067730
     240.0000000        2.5111184
     241.0000000        2.5236621
     242.0000000        2.5328107
     243.0000000        2.5278320
     244.0000000        2.5223377
     245.0000000        2.5184889
     246.0000000        2.5120068
     247.0000000        2.4943874
     248.0000000        2.4825947
     249.0000000        2.4848645
     250.0000000        2.4855661
     251.0000000        2.4843369
     252.0000000        2.4848602
     253.0000000        2.4929149
     254.0000000        2.5004866
     255.0000000        2.5118227
     256.0000000        2.5139370
     257.0000000        2.5284507
     258.0000000        2.5361123
     259.0000000        2.5536728
     260.0000000        2.5576861
     261.0000000        2.5482666
     262.0000000        2.5430493
     263.0000000        2.5384240
     264.0000000        2.5371428
     265.0000000        2.5417812
     266.0000000        2.5366957
     267.0000000        2.5385187
     268.0000000        2.5369437
     269.0000000        2.5355487
     270.0000000        2.5367494
     271.0000000        2.5314333
     272.0000000        2.5326037
     273.0000000        2.5479972
     274.0000000        2.5673637
     275.0000000        2.5707066
     276.0000000        2.5706899
     277.0000000        2.5815694
     278.0000000        2.5896242
     279.0000000        2.5917914
     280.0000000        2.5801802
     281.0000000        2.5639911
     282.0000000        2.5494156
     283.0000000        2.5337210
     284.0000000        2.5258811
     285.0000000        2.5199938
     286.0000000        2.5136034
     287.0000000        2.5162637
     288.0000000        2.5221980
     289.0000000        2.5125806
     290.0000000        2.5062637
     291.0000000        2.5021005
     292.0000000        2.4963727
     293.0000000        2.4962060
     294.0000000        2.4964933
     295.0000000        2.5000408
     296.0000000        2.4929433
     297.0000000        2.4967186
     298.0000000        2.4987650
     299.0000000        2.4901350
     300.0000000        2.4810560
     301.0000000        2.4866133
     302.0000000        2.4960463
     303.0000000        2.5054374
     304.0000000        2.5076451
     305.0000000        2.5069907
     306.0000000        2.5023589
     307.0000000        2.4917643
     308.0000000        2.4822488
     309.0000000        2.4780509
     310.0000000        2.4828315
     311.0000000        2.4737580
     312.0000000        2.4683409
     313.0000000        2.4704826
     314.0000000        2.4736199
     315.0000000        2.4693737
     316.0000000        2.4737449
     317.0000000        2.4798961
     318.0000000        2.4877439
     319.0000000        2.4859009
     320.0000000        2.4821901
     321.0000000        2.4796038
     322.0000000        2.4802880
     323.0000000        2.4740963
     324.0000000        2.4717908
     325.0000000        2.4677618
     326.0000000        2.4563422
     327.0000000        2.4578438
     328.0000000        2.4563038
     329.0000000        2.4568982
     330.0000000        2.4565191
     331.0000000        2.4573739
     332.0000000        2.4557486
     333.0000000        2.4591391
     334.0000000        2.4632475
     335.0000000        2.4819813
     336.0000000        2.4998016
     337.0000000        2.5145149
     338.0000000        2.5196786
     339.0000000        2.5337043
     340.0000000        2.5444944
     341.0000000        2.5521460
     342.0000000        2.5585070
     343.0000000        2.5682120
     344.0000000        2.5642028
     345.0000000        2.5635648
     346.0000000        2.5603321
     347.0000000        2.5543702
     348.0000000        2.5563354
     349.0000000        2.5551519
     350.0000000        2.5561941
     351.0000000        2.5576091
     352.0000000        2.5583105
     353.0000000        2.5477929
     354.0000000        2.5494845
     355.0000000        2.5503192
     356.0000000        2.5417738
     357.0000000        2.5346022
     358.0000000        2.5200922
     359.0000000        2.5061388
     360.0000000        2.4888368
     361.0000000        2.4800475
     362.0000000        2.4735641
     363.0000000        2.4653819
     364.0000000        2.4498439
     365.0000000        2.4469621
     366.0000000        2.4446545
     367.0000000        2.4469833
     368.0000000        2.4502552
     369.0000000        2.4585629
     370.0000000        2.4591267
     371.0000000        2.4584160
     372.0000000        2.4654641
     373.0000000        2.4836977
     374.0000000        2.5016179
     375.0000000        2.5291197
     376.0000000        2.5478387
     377.0000000        2.5505445
     378.0000000        2.5440629
     379.0000000        2.5444145
     380.0000000        2.5399814
     381.0000000        2.5401998
     382.0000000        2.5385737
     383.0000000        2.5397277
     384.0000000        2.5463963
     385.0000000        2.5476682
     386.0000000        2.5493445
     387.0000000        2.5384624
     388.0000000        2.5382113
     389.0000000        2.5331497
     390.0000000        2.5260587
     391.0000000        2.5211072
     392.0000000        2.5188365
     393.0000000        2.5203474
     394.0000000        2.5143611
     395.0000000        2.5082402
     396.0000000        2.5059390
     397.0000000        2.4969611
     398.0000000        2.4923186
     399.0000000        2.4862957
     400.0000000        2.4923072
     401.0000000        2.4931166
     402.0000000        2.4954035
     403.0000000        2.5080812
     404.0000000        2.5147693
     405.0000000        2.5221939
     406.0000000        2.5325227
     407.0000000        2.5368824
     408.0000000        2.5372939
     409.0000000        2.5323863
     410.0000000        2.5273311
     411.0000000        2.5264399
     412.0000000        2.5201676
     413.0000000        2.5080228
     414.0000000        2.4969063
     415.0000000        2.4884877
     416.0000000        2.4870141
     417.0000000        2.4922931
     418.0000000        2.4841259
     419.0000000        2.4881406
     420.0000000        2.5033796
     421.0000000        2.5014992
     422.0000000        2.4988616
     423.0000000        2.5004356
     424.0000000        2.4930780
     425.0000000        2.4721589
     426.0000000        2.4659109
     427.0000000        2.4662735
     428.0000000        2.4572189
     429.0000000        2.4345040
     430.0000000        2.4370947
     431.0000000        2.4389160
     432.0000000        2.4420938
     433.0000000        2.4494011
     434.0000000        2.4615088
     435.0000000        2.4759052
     436.0000000        2.4870536
     437.0000000        2.5088742
     438.0000000        2.5269823
     439.0000000        2.5373375
     440.0000000        2.5303924
     441.0000000        2.5309062
     442.0000000        2.5290897
     443.0000000        2.5255201
     444.0000000        2.5350075
     445.0000000        2.5503621
     446.0000000        2.5622380
     447.0000000        2.5692832
     448.0000000        2.5723667
     449.0000000        2.5692458
     450.0000000        2.5607612
     451.0000000        2.5512793
     452.0000000        2.5404639
     453.0000000        2.5230076
     454.0000000        2.5118151
     455.0000000        2.5061114
     456.0000000        2.4974246
     457.0000000        2.4849315
     458.0000000        2.4767747
     459.0000000        2.4748178
     460.0000000        2.4742599
     461.0000000        2.4760523
     462.0000000        2.4727888
     463.0000000        2.4771144
     464.0000000        2.4739132
     465.0000000        2.4727743
     466.0000000        2.4750311
     467.0000000        2.4677179
     468.0000000        2.4698880
     469.0000000        2.4749012
     470.0000000        2.4826925
     471.0000000        2.4856870
     472.0000000        2.4862778
     473.0000000        2.4894145
     474.0000000        2.4855723
     475.0000000        2.4822044
     476.0000000        2.4891768
     477.0000000        2.5042195
     478.0000000        2.5144849
     479.0000000        2.5119519
     480.0000000        2.5122035
     481.0000000        2.5153964
     482.0000000        2.5198410
     483.0000000        2.5241225
     484.0000000        2.5417097
     485.0000000        2.5407789
     486.0000000        2.5377362
     487.0000000        2.5381832
     488.0000000        2.5468030
     489.0000000        2.5611351
     490.0000000        2.5712368
     491.0000000        2.5947034
     492.0000000        2.6046331
     493.0000000        2.6081305
     494.0000000        2.6053796
     495.0000000        2.5993855
     496.0000000        2.6020815
     497.0000000        2.5914764
     498.0000000        2.5849345
     499.0000000        2.5819027
     500.0000000        2.5861645
     501.0000000        2.5824764
     502.0000000        2.5748739
     503.0000000        2.5577619
     504.0000000        2.5551155
     505.0000000        2.5469854
     506.0000000        2.5510499
     507.0000000        2.5491438
     508.0000000        2.5503807
     509.0000000        2.5587337
     510.0000000        2.5649745
     511.0000000        2.5644603
     512.0000000        2.5597148
     513.0000000        2.5603516
     514.0000000        2.5631075
     515.0000000        2.5677350
     516.0000000        2.5703053
     517.0000000        2.5705709
     518.0000000        2.5586798
     519.0000000        2.5486915
     520.0000000        2.5468030
     521.0000000        2.5470147
     522.0000000        2.5517695
     523.0000000        2.5465672
     524.0000000        2.5474577
     525.0000000        2.5482521
     526.0000000        2.5451913
     527.0000000        2.5320363
     528.0000000        2.5308752
     529.0000000        2.5273013
     530.0000000        2.5274448
     531.0000000        2.5271053
     532.0000000        2.5164073
     533.0000000        2.5125341
     534.0000000        2.5236640
     535.0000000        2.5346758
     536.0000000        2.5450406
     537.0000000        2.5554740
     538.0000000        2.5592616
     539.0000000        2.5596619
     540.0000000        2.5537665
     541.0000000        2.5440674
     542.0000000        2.5345781
     543.0000000        2.5241704
     544.0000000        2.5179842
     545.0000000        2.5196412
     546.0000000        2.5267339
     547.0000000        2.5362685
     548.0000000        2.5546346
     549.0000000        2.5597172
     550.0000000        2.5521505
     551.0000000        2.5472302
     552.0000000        2.5496657
     553.0000000        2.5610843
     554.0000000        2.5746205
     555.0000000        2.5864134
     556.0000000        2.5969832
     557.0000000        2.6145759
     558.0000000        2.6238728
     559.0000000        2.6299453
     560.0000000        2.6349251
     561.0000000        2.6402509
     562.0000000        2.6452770
     563.0000000        2.6406052
     564.0000000        2.6247325
     565.0000000        2.6169024
     566.0000000        2.6072609
     567.0000000        2.5861659
     568.0000000        2.5688632
     569.0000000        2.5574255
     570.0000000        2.5420358
     571.0000000        2.5343449
     572.0000000        2.5200682
     573.0000000        2.5240719
     574.0000000        2.5115573
     575.0000000        2.5054259
     576.0000000        2.5000350
     577.0000000        2.4940231
     578.0000000        2.4910183
     579.0000000        2.4860325
     580.0000000        2.4831386
     581.0000000        2.4797072
     582.0000000        2.4774940
     583.0000000        2.4700515
     584.0000000        2.4674814
     585.0000000        2.4713485
     586.0000000        2.4727485
     587.0000000        2.4712422
     588.0000000        2.4717872
     589.0000000        2.4628747
     590.0000000        2.4508879
     591.0000000        2.4483066
     592.0000000        2.4377794
     593.0000000        2.4326370
     594.0000000        2.4321866
     595.0000000        2.4254420
     596.0000000        2.4152224
     597.0000000        2.4202435
     598.0000000        2.4211917
     599.0000000        2.4188654
     600.0000000        2.4157124
