       1.0000000        5.2110627
       2.0000000        5.1258082
       3.0000000        5.0539924
       4.0000000        4.9897967
       5.0000000        4.9728034
       6.0000000        4.9761697
       7.0000000        4.9825448
       8.0000000        4.9847009
       9.0000000        4.9752652
      10.0000000        4.9505973
      11.0000000        4.9137749
      12.0000000        4.9249330
      13.0000000        4.9221523
      14.0000000        4.8988566
      15.0000000        4.8546069
      16.0000000        4.8249316
      17.0000000        4.7918203
      18.0000000        4.7906328
      19.0000000        4.8267390
      20.0000000        4.8887426
      21.0000000        4.9133793
      22.0000000        4.8710913
      23.0000000        4.8362310
      24.0000000        4.7794121
      25.0000000        4.7082209
      26.0000000        4.6447191
      27.0000000        4.6295528
      28.0000000        4.6252918
      29.0000000        4.6001363
      30.0000000        4.5839096
      31.0000000        4.5706951
      32.0000000        4.5399828
      33.0000000        4.5056666
      34.0000000        4.4889778
      35.0000000        4.4817041
      36.0000000        4.4996260
      37.0000000        4.5340304
      38.0000000        4.5738921
      39.0000000        4.5889748
      40.0000000        4.5968168
      41.0000000        4.6140962
      42.0000000        4.6311520
      43.0000000        4.6373963
      44.0000000        4.6372983
      45.0000000        4.6065030
      46.0000000        4.5925074
      47.0000000        4.5987567
      48.0000000        4.6017362
      49.0000000        4.6047425
      50.0000000        4.6152336
      51.0000000        4.6143355
      52.0000000        4.5988486
      53.0000000        4.5765513
      54.0000000        4.5537078
      55.0000000        4.5356985
      56.0000000        4.5234550
      57.0000000        4.5035823
      58.0000000        4.4699919
      59.0000000        4.4005458
      60.0000000        4.3590462
      61.0000000        4.3397304
      62.0000000        4.3525824
      63.0000000        4.3890685
      64.0000000        4.4082165
      65.0000000        4.4452068
      66.0000000        4.5146400
      67.0000000        4.5961288
      68.0000000        4.6977992
      69.0000000        4.8088552
      70.0000000        4.9370224
      71.0000000        5.0723492
      72.0000000        5.1799128
      73.0000000        5.3215622
      74.0000000        5.4252500
      75.0000000        5.5425114
      76.0000000        5.6906858
      77.0000000        5.7868477
      78.0000000        5.8663928
      79.0000000        5.9525504
      80.0000000        5.9914823
      81.0000000        6.0672949
      82.0000000        6.0847881
      83.0000000        6.1126948
      84.0000000        6.1076752
      85.0000000        6.1802005
      86.0000000        6.2727347
      87.0000000        6.3145078
      88.0000000        6.3170665
      89.0000000        6.3375136
      90.0000000        6.3359766
      91.0000000        6.3095728
      92.0000000        6.2134294
      93.0000000        6.0580016
      94.0000000        5.9521688
      95.0000000        5.8354075
      96.0000000        5.7404072
      97.0000000        5.6260829
      98.0000000        5.5050042
      99.0000000        5.3395356
     100.0000000        5.2192475
     101.0000000        5.0900071
     102.0000000        4.9253119
     103.0000000        4.8111096
     104.0000000        4.7091067
     105.0000000        4.6375558
     106.0000000        4.5629033
     107.0000000        4.5018794
     108.0000000        4.4584905
     109.0000000        4.4479281
     110.0000000        4.4392546
     111.0000000        4.4162157
     112.0000000        4.3775651
     113.0000000        4.3449990
     114.0000000        4.2997132
     115.0000000        4.2653123
     116.0000000        4.2672757
     117.0000000        4.2818371
     118.0000000        4.3001701
     119.0000000        4.3193647
     120.0000000        4.3070698
     121.0000000        4.2756520
     122.0000000        4.2772104
     123.0000000        4.3016927
     124.0000000        4.3354493
     125.0000000        4.3936987
     126.0000000        4.4728690
     127.0000000        4.5333065
     128.0000000        4.5896985
     129.0000000        4.6448836
     130.0000000        4.7433149
     131.0000000        4.8968204
     132.0000000        5.0201619
     133.0000000        5.1812700
     134.0000000        5.3825568
     135.0000000        5.5815103
     136.0000000        5.7397892
     137.0000000        5.8631925
     138.0000000        5.9333380
     139.0000000        5.9792680
     140.0000000        6.0855525
     141.0000000        6.2185897
     142.0000000        6.2874407
     143.0000000        6.2937716
     144.0000000        6.3673324
     145.0000000        6.4991901
     146.0000000        6.5897730
     147.0000000        6.6524221
     148.0000000        6.7231284
     149.0000000        6.7095975
     150.0000000        6.7088735
     151.0000000        6.7400920
     152.0000000        6.8095897
     153.0000000        6.8691236
     154.0000000        6.8446764
     155.0000000        6.8748182
     156.0000000        6.8595937
     157.0000000        6.7404079
     158.0000000        6.6362214
     159.0000000        6.5154070
     160.0000000        6.4248844
     161.0000000        6.3141109
     162.0000000        6.1696441
     163.0000000        6.0024057
     164.0000000        5.8160775
     165.0000000        5.7290220
     166.0000000        5.6255354
     167.0000000        5.4859319
     168.0000000        5.3503126
     169.0000000        5.2611105
     170.0000000        5.1505054
     171.0000000        5.0351230
     172.0000000        4.9525684
     173.0000000        4.8790013
     174.0000000        4.8144789
     175.0000000        4.7502286
     176.0000000        4.7315660
     177.0000000        4.6909802
     178.0000000        4.6383772
     179.0000000        4.6449649
     180.0000000        4.6761265
     181.0000000        4.7271756
     182.0000000        4.7936400
     183.0000000        4.8618829
     184.0000000        4.9072557
     185.0000000        4.9196590
     186.0000000        4.9757642
     187.0000000        5.0031018
     188.0000000        4.9794722
     189.0000000        4.9440709
     190.0000000        4.8947673
     191.0000000        4.8741949
     192.0000000        4.8185806
     193.0000000        4.7743971
     194.0000000        4.7330318
     195.0000000        4.7274408
     196.0000000        4.7490054
     197.0000000        4.7983300
     198.0000000        4.8747218
     199.0000000        4.9547168
     200.0000000        5.0493818
     201.0000000        5.1373570
     202.0000000        5.2370627
     203.0000000        5.2959205
     204.0000000        5.3703833
     205.0000000        5.4362269
     206.0000000        5.4948188
     207.0000000        5.5356124
     208.0000000        5.5201647
     209.0000000        5.4823523
     210.0000000        5.4647533
     211.0000000        5.4411764
     212.0000000        5.3761900
     213.0000000        5.2707253
     214.0000000        5.1261089
     215.0000000        4.9754394
     216.0000000        4.8444270
     217.0000000        4.7035160
     218.0000000        4.6022420
     219.0000000        4.5105837
     220.0000000        4.4232735
     221.0000000        4.3621699
     222.0000000        4.2970130
     223.0000000        4.2491998
     224.0000000        4.1822280
     225.0000000        4.1029903
     226.0000000        4.0456832
     227.0000000        4.0056952
     228.0000000        3.9968488
     229.0000000        3.9904221
     230.0000000        3.9657717
     231.0000000        3.9359907
     232.0000000        3.9247692
     233.0000000        3.9496664
     234.0000000        3.9865986
     235.0000000        4.0195806
     236.0000000        4.0564978
     237.0000000        4.0908014
     238.0000000        4.1199509
     239.0000000        4.1435452
     240.0000000        4.1767490
     241.0000000        4.2187718
     242.0000000        4.2813772
     243.0000000        4.3645545
     244.0000000        4.4291204
     245.0000000        4.5084503
     246.0000000        4.5774285
     247.0000000        4.6281756
     248.0000000        4.6782655
     249.0000000        4.7224320
     250.0000000        4.7433659
     251.0000000        4.7934567
     252.0000000        4.8263144
     253.0000000        4.8376554
     254.0000000        4.8687682
     255.0000000        4.8958173
     256.0000000        4.9008800
     257.0000000        4.8935679
     258.0000000        4.8876917
     259.0000000        4.9093424
     260.0000000        4.9162936
     261.0000000        4.8846941
     262.0000000        4.8403817
     263.0000000        4.8105634
     264.0000000        4.7979332
     265.0000000        4.7604649
     266.0000000        4.7146802
     267.0000000        4.7021211
     268.0000000        4.7325528
     269.0000000        4.8008085
     270.0000000        4.8511007
     271.0000000        4.8735394
     272.0000000        4.8892445
     273.0000000        4.9128686
     274.0000000        4.9398347
     275.0000000        4.9777417
     276.0000000        4.9698601
     277.0000000        4.9413871
     278.0000000        4.8838694
     279.0000000        4.8253404
     280.0000000        4.7382476
     281.0000000        4.6646748
     282.0000000        4.5778746
     283.0000000        4.4801493
     284.0000000        4.3656367
     285.0000000        4.2447462
     286.0000000        4.1256012
     287.0000000        4.0403707
     288.0000000        3.9600721
     289.0000000        3.9350911
     290.0000000        3.9310671
     291.0000000        3.9362721
     292.0000000        3.9662255
     293.0000000        4.0239938
     294.0000000        4.0921419
     295.0000000        4.1828856
     296.0000000        4.3108187
     297.0000000        4.4337077
     298.0000000        4.5292710
     299.0000000        4.6227344
     300.0000000        4.7243085
     301.0000000        4.7969584
     302.0000000        4.8432143
     303.0000000        4.9032827
     304.0000000        4.9786403
     305.0000000        5.0451349
     306.0000000        5.1199864
     307.0000000        5.2089871
     308.0000000        5.3016878
     309.0000000        5.4083967
     310.0000000        5.4798977
     311.0000000        5.4792518
     312.0000000        5.4879068
     313.0000000        5.5325222
     314.0000000        5.5509770
     315.0000000        5.6200109
     316.0000000        5.6335460
     317.0000000        5.6351267
     318.0000000        5.6129425
     319.0000000        5.5795120
     320.0000000        5.5758521
     321.0000000        5.5886996
     322.0000000        5.5676905
     323.0000000        5.5167939
     324.0000000        5.4763382
     325.0000000        5.4377193
     326.0000000        5.3359944
     327.0000000        5.2842081
     328.0000000        5.2277971
     329.0000000        5.1578515
     330.0000000        5.1513623
     331.0000000        5.1054369
     332.0000000        5.0368007
     333.0000000        4.9555517
     334.0000000        4.8501172
     335.0000000        4.7603391
     336.0000000        4.6737744
     337.0000000        4.5709344
     338.0000000        4.4780858
     339.0000000        4.3819992
     340.0000000        4.2573522
     341.0000000        4.1588132
     342.0000000        4.0860293
     343.0000000        4.0072120
     344.0000000        3.9173228
     345.0000000        3.8555489
     346.0000000        3.8096922
     347.0000000        3.7843163
     348.0000000        3.7901765
     349.0000000        3.8028937
     350.0000000        3.8054060
     351.0000000        3.7824932
     352.0000000        3.7390855
     353.0000000        3.7114654
     354.0000000        3.6960559
     355.0000000        3.6938371
     356.0000000        3.6820698
     357.0000000        3.6939309
     358.0000000        3.7344793
     359.0000000        3.7527809
     360.0000000        3.7277558
     361.0000000        3.6859083
     362.0000000        3.6564505
     363.0000000        3.6557153
     364.0000000        3.6656980
     365.0000000        3.6931528
     366.0000000        3.7022248
     367.0000000        3.7133474
     368.0000000        3.7621312
     369.0000000        3.8373985
     370.0000000        3.9359003
     371.0000000        4.0337628
     372.0000000        4.1588239
     373.0000000        4.2799380
     374.0000000        4.3827320
     375.0000000        4.4805313
     376.0000000        4.5974797
     377.0000000        4.7210388
     378.0000000        4.8490026
     379.0000000        5.0033373
     380.0000000        5.1647840
     381.0000000        5.2737550
     382.0000000        5.3567355
     383.0000000        5.4233179
     384.0000000        5.4539966
     385.0000000        5.4540139
     386.0000000        5.4286580
     387.0000000        5.3251467
     388.0000000        5.1987506
     389.0000000        5.0628381
     390.0000000        4.9314602
     391.0000000        4.8552204
     392.0000000        4.8035749
     393.0000000        4.7370196
     394.0000000        4.6557500
     395.0000000        4.5586557
     396.0000000        4.4492558
     397.0000000        4.3317147
     398.0000000        4.2275165
     399.0000000        4.1381237
     400.0000000        4.0597746
     401.0000000        3.9614076
     402.0000000        3.8699668
     403.0000000        3.8146089
     404.0000000        3.7650914
     405.0000000        3.7011417
     406.0000000        3.6593482
     407.0000000        3.6007634
     408.0000000        3.5438848
     409.0000000        3.5328232
     410.0000000        3.5465772
     411.0000000        3.6091774
     412.0000000        3.6614791
     413.0000000        3.6975848
     414.0000000        3.7537523
     415.0000000        3.8220179
     416.0000000        3.8968490
     417.0000000        3.9731911
     418.0000000        3.9926818
     419.0000000        3.9919982
     420.0000000        3.9681752
     421.0000000        3.9535632
     422.0000000        3.9931240
     423.0000000        4.0864312
     424.0000000        4.2047517
     425.0000000        4.3238609
     426.0000000        4.4230381
     427.0000000        4.4704097
     428.0000000        4.4975260
     429.0000000        4.5187243
     430.0000000        4.5527394
     431.0000000        4.6210144
     432.0000000        4.6741349
     433.0000000        4.7321827
     434.0000000        4.8038214
     435.0000000        4.8840828
     436.0000000        4.9342815
     437.0000000        4.9625712
     438.0000000        4.9271881
     439.0000000        4.9197385
     440.0000000        4.9711925
     441.0000000        5.0136932
     442.0000000        5.0700580
     443.0000000        5.0704248
     444.0000000        5.0466327
     445.0000000        5.0209660
     446.0000000        4.9929973
     447.0000000        4.9766775
     448.0000000        4.9899358
     449.0000000        5.0093292
     450.0000000        5.0397461
     451.0000000        5.0835378
     452.0000000        5.0978838
     453.0000000        5.0818878
     454.0000000        5.0858406
     455.0000000        5.0967136
     456.0000000        5.0869147
     457.0000000        5.0253005
     458.0000000        4.9695569
     459.0000000        4.8998527
     460.0000000        4.8316094
     461.0000000        4.7831957
     462.0000000        4.7276101
     463.0000000        4.6996978
     464.0000000        4.6667103
     465.0000000        4.6481615
     466.0000000        4.6166705
     467.0000000        4.5433542
     468.0000000        4.4644680
     469.0000000        4.3846136
     470.0000000        4.3145583
     471.0000000        4.2406341
     472.0000000        4.1777061
     473.0000000        4.0987477
     474.0000000        3.9991776
     475.0000000        3.9039678
     476.0000000        3.8503304
     477.0000000        3.8107351
     478.0000000        3.7583549
     479.0000000        3.7045249
     480.0000000        3.6722820
     481.0000000        3.6641494
     482.0000000        3.6833137
     483.0000000        3.6953883
     484.0000000        3.7004613
     485.0000000        3.7131128
     486.0000000        3.7132315
     487.0000000        3.7173874
     488.0000000        3.7301765
     489.0000000        3.7423661
     490.0000000        3.7571879
     491.0000000        3.7810293
     492.0000000        3.8036159
     493.0000000        3.8217692
     494.0000000        3.8316591
     495.0000000        3.8527585
     496.0000000        3.8789087
     497.0000000        3.9016512
     498.0000000        3.9269294
     499.0000000        3.9540999
     500.0000000        3.9944569
     501.0000000        4.0373272
     502.0000000        4.0861552
     503.0000000        4.1156873
     504.0000000        4.1518309
     505.0000000        4.1997961
     506.0000000        4.2575173
     507.0000000        4.3179636
     508.0000000        4.3705026
     509.0000000        4.4062191
     510.0000000        4.4270616
     511.0000000        4.4431122
     512.0000000        4.4594502
     513.0000000        4.4887146
     514.0000000        4.4901623
     515.0000000        4.4879626
     516.0000000        4.4718238
     517.0000000        4.4329236
     518.0000000        4.3706069
     519.0000000        4.2970199
     520.0000000        4.2450272
     521.0000000        4.2091703
     522.0000000        4.1964459
     523.0000000        4.1698667
     524.0000000        4.1380484
     525.0000000        4.0622803
     526.0000000        3.9757153
     527.0000000        3.9126052
     528.0000000        3.8609578
     529.0000000        3.8260393
     530.0000000        3.7815810
     531.0000000        3.7170717
     532.0000000        3.6266569
     533.0000000        3.5495508
     534.0000000        3.5103896
     535.0000000        3.4794160
     536.0000000        3.4547120
     537.0000000        3.4139122
     538.0000000        3.3585475
     539.0000000        3.3137537
     540.0000000        3.3023603
     541.0000000        3.2937878
     542.0000000        3.2745151
     543.0000000        3.2581236
     544.0000000        3.2554005
     545.0000000        3.2533860
     546.0000000        3.2179809
     547.0000000        3.2007248
     548.0000000        3.2002525
     549.0000000        3.2129322
     550.0000000        3.2456476
     551.0000000        3.2909279
     552.0000000        3.3397196
     553.0000000        3.3896451
     554.0000000        3.4594104
     555.0000000        3.5401533
     556.0000000        3.6005674
     557.0000000        3.6506710
     558.0000000        3.7003727
     559.0000000        3.7670255
     560.0000000        3.8165648
     561.0000000        3.8508571
     562.0000000        3.9028665
     563.0000000        3.9701781
     564.0000000        4.0689612
     565.0000000        4.2041164
     566.0000000        4.3585413
     567.0000000        4.5571139
     568.0000000        4.7026502
     569.0000000        4.8206847
     570.0000000        4.9435733
     571.0000000        5.0957585
     572.0000000        5.2375713
     573.0000000        5.3633048
     574.0000000        5.4891129
     575.0000000        5.6356829
     576.0000000        5.7521035
     577.0000000        5.8646993
     578.0000000        5.9531654
     579.0000000        5.9279184
     580.0000000        5.9245352
     581.0000000        5.9124418
     582.0000000        5.8574312
     583.0000000        5.7867904
     584.0000000        5.8104396
     585.0000000        5.8179442
     586.0000000        5.8292998
     587.0000000        5.8063055
     588.0000000        5.8064622
     589.0000000        5.8009767
     590.0000000        5.7567508
     591.0000000        5.6693876
     592.0000000        5.5600506
     593.0000000        5.4698460
     594.0000000        5.4196494
     595.0000000        5.4058913
     596.0000000        5.4094307
     597.0000000        5.3705135
     598.0000000        5.3153855
     599.0000000        5.2537938
     600.0000000        5.2346203
