       1.0000000        2.5132380
       2.0000000        2.5095680
       3.0000000        2.5167408
       4.0000000        2.5095103
       5.0000000        2.4874530
       6.0000000        2.4833605
       7.0000000        2.4795945
       8.0000000        2.4789720
       9.0000000        2.4727445
      10.0000000        2.4701223
      11.0000000        2.4700201
      12.0000000        2.4790838
      13.0000000        2.4838457
      14.0000000        2.4905374
      15.0000000        2.4930456
      16.0000000        2.5016072
      17.0000000        2.5113370
      18.0000000        2.5201147
      19.0000000        2.5104251
      20.0000000        2.5062141
      21.0000000        2.5040407
      22.0000000        2.5023544
      23.0000000        2.5044501
      24.0000000        2.5070951
      25.0000000        2.5135822
      26.0000000        2.5218182
      27.0000000        2.5270951
      28.0000000        2.5317018
      29.0000000        2.5382497
      30.0000000        2.5347085
      31.0000000        2.5325184
      32.0000000        2.5295873
      33.0000000        2.5276995
      34.0000000        2.5203598
      35.0000000        2.5108910
      36.0000000        2.5088069
      37.0000000        2.5017440
      38.0000000        2.4885230
      39.0000000        2.4833832
      40.0000000        2.4835103
      41.0000000        2.4886503
      42.0000000        2.4997134
      43.0000000        2.5108337
      44.0000000        2.5101295
      45.0000000        2.5065050
      46.0000000        2.4911747
      47.0000000        2.4800580
      48.0000000        2.4766970
      49.0000000        2.4742224
      50.0000000        2.4810367
      51.0000000        2.4847898
      52.0000000        2.4853735
      53.0000000        2.4851060
      54.0000000        2.4827883
      55.0000000        2.4869385
      56.0000000        2.4862771
      57.0000000        2.4932671
      58.0000000        2.5001369
      59.0000000        2.5087767
      60.0000000        2.5051203
      61.0000000        2.4980175
      62.0000000        2.4935119
      63.0000000        2.4889328
      64.0000000        2.4992220
      65.0000000        2.5110142
      66.0000000        2.5145423
      67.0000000        2.5102663
      68.0000000        2.5088763
      69.0000000        2.5214849
      70.0000000        2.5346093
      71.0000000        2.5514307
      72.0000000        2.5584972
      73.0000000        2.5626745
      74.0000000        2.5660927
      75.0000000        2.5658786
      76.0000000        2.5673354
      77.0000000        2.5732980
      78.0000000        2.5660570
      79.0000000        2.5638335
      80.0000000        2.5630171
      81.0000000        2.5608087
      82.0000000        2.5528228
      83.0000000        2.5560143
      84.0000000        2.5605693
      85.0000000        2.5669267
      86.0000000        2.5722744
      87.0000000        2.5703852
      88.0000000        2.5742812
      89.0000000        2.5749135
      90.0000000        2.5633535
      91.0000000        2.5425065
      92.0000000        2.5178769
      93.0000000        2.5042927
      94.0000000        2.4995680
      95.0000000        2.4908078
      96.0000000        2.4866385
      97.0000000        2.4785056
      98.0000000        2.4774129
      99.0000000        2.4743969
     100.0000000        2.4761136
     101.0000000        2.4883056
     102.0000000        2.4950330
     103.0000000        2.4929445
     104.0000000        2.5006282
     105.0000000        2.5136955
     106.0000000        2.5105691
     107.0000000        2.5174706
     108.0000000        2.5272088
     109.0000000        2.5388596
     110.0000000        2.5415237
     111.0000000        2.5364027
     112.0000000        2.5322206
     113.0000000        2.5236881
     114.0000000        2.5041459
     115.0000000        2.4876373
     116.0000000        2.4880693
     117.0000000        2.4890008
     118.0000000        2.4825814
     119.0000000        2.4827597
     120.0000000        2.4857192
     121.0000000        2.4890959
     122.0000000        2.4863946
     123.0000000        2.4906383
     124.0000000        2.4871309
     125.0000000        2.4800196
     126.0000000        2.4724710
     127.0000000        2.4679337
     128.0000000        2.4639552
     129.0000000        2.4547598
     130.0000000        2.4434304
     131.0000000        2.4442582
     132.0000000        2.4403965
     133.0000000        2.4488692
     134.0000000        2.4599721
     135.0000000        2.4648151
     136.0000000        2.4585948
     137.0000000        2.4452310
     138.0000000        2.4456577
     139.0000000        2.4443760
     140.0000000        2.4462585
     141.0000000        2.4488249
     142.0000000        2.4635937
     143.0000000        2.4649892
     144.0000000        2.4772937
     145.0000000        2.4824665
     146.0000000        2.4869394
     147.0000000        2.4905248
     148.0000000        2.4797862
     149.0000000        2.4747019
     150.0000000        2.4740906
     151.0000000        2.4799678
     152.0000000        2.4844315
     153.0000000        2.4841793
     154.0000000        2.4765093
     155.0000000        2.4784951
     156.0000000        2.4765546
     157.0000000        2.4870503
     158.0000000        2.4937286
     159.0000000        2.4947929
     160.0000000        2.4995391
     161.0000000        2.5075126
     162.0000000        2.4919243
     163.0000000        2.4840009
     164.0000000        2.4749963
     165.0000000        2.4732623
     166.0000000        2.4713354
     167.0000000        2.4717810
     168.0000000        2.4797537
     169.0000000        2.4898684
     170.0000000        2.4919109
     171.0000000        2.4936986
     172.0000000        2.4956250
     173.0000000        2.5035641
     174.0000000        2.5137691
     175.0000000        2.5329316
     176.0000000        2.5514026
     177.0000000        2.5580716
     178.0000000        2.5639772
     179.0000000        2.5633636
     180.0000000        2.5767026
     181.0000000        2.5791876
     182.0000000        2.5891788
     183.0000000        2.6027131
     184.0000000        2.5963840
     185.0000000        2.5983980
     186.0000000        2.6010222
     187.0000000        2.5995452
     188.0000000        2.5820017
     189.0000000        2.5793653
     190.0000000        2.5709374
     191.0000000        2.5662065
     192.0000000        2.5591726
     193.0000000        2.5558796
     194.0000000        2.5570252
     195.0000000        2.5563009
     196.0000000        2.5581527
     197.0000000        2.5590267
     198.0000000        2.5647929
     199.0000000        2.5495243
     200.0000000        2.5302050
     201.0000000        2.5257940
     202.0000000        2.5238960
     203.0000000        2.5062714
     204.0000000        2.4935567
     205.0000000        2.4905112
     206.0000000        2.4865899
     207.0000000        2.4801714
     208.0000000        2.4686952
     209.0000000        2.4742281
     210.0000000        2.4837816
     211.0000000        2.4844732
     212.0000000        2.4795170
     213.0000000        2.4764025
     214.0000000        2.4715693
     215.0000000        2.4651122
     216.0000000        2.4594364
     217.0000000        2.4545388
     218.0000000        2.4526119
     219.0000000        2.4507980
     220.0000000        2.4576011
     221.0000000        2.4652636
     222.0000000        2.4683542
     223.0000000        2.4719379
     224.0000000        2.4709547
     225.0000000        2.4762647
     226.0000000        2.4855957
     227.0000000        2.4869735
     228.0000000        2.4853649
     229.0000000        2.4789417
     230.0000000        2.4797053
     231.0000000        2.4810884
     232.0000000        2.4749520
     233.0000000        2.4728980
     234.0000000        2.4718425
     235.0000000        2.4698255
     236.0000000        2.4795821
     237.0000000        2.4703379
     238.0000000        2.4637756
     239.0000000        2.4620080
     240.0000000        2.4626603
     241.0000000        2.4672060
     242.0000000        2.4720337
     243.0000000        2.4736478
     244.0000000        2.4821529
     245.0000000        2.4980037
     246.0000000        2.5090997
     247.0000000        2.5256042
     248.0000000        2.5442183
     249.0000000        2.5647540
     250.0000000        2.5758066
     251.0000000        2.5853806
     252.0000000        2.5861592
     253.0000000        2.5802324
     254.0000000        2.5716815
     255.0000000        2.5626698
     256.0000000        2.5604379
     257.0000000        2.5570445
     258.0000000        2.5520451
     259.0000000        2.5332973
     260.0000000        2.5311418
     261.0000000        2.5281682
     262.0000000        2.5268517
     263.0000000        2.5260983
     264.0000000        2.5346792
     265.0000000        2.5425923
     266.0000000        2.5434844
     267.0000000        2.5495000
     268.0000000        2.5529315
     269.0000000        2.5549362
     270.0000000        2.5619864
     271.0000000        2.5731373
     272.0000000        2.5817847
     273.0000000        2.5770898
     274.0000000        2.5751393
     275.0000000        2.5616834
     276.0000000        2.5543406
     277.0000000        2.5356340
     278.0000000        2.5219243
     279.0000000        2.5205829
     280.0000000        2.5219569
     281.0000000        2.5159616
     282.0000000        2.5178025
     283.0000000        2.5172956
     284.0000000        2.5076888
     285.0000000        2.5071430
     286.0000000        2.5012555
     287.0000000        2.4910381
     288.0000000        2.4908977
     289.0000000        2.4937901
     290.0000000        2.4987917
     291.0000000        2.5120795
     292.0000000        2.5227761
     293.0000000        2.5226123
     294.0000000        2.5250785
     295.0000000        2.5222960
     296.0000000        2.5213501
     297.0000000        2.5249796
     298.0000000        2.5366869
     299.0000000        2.5394697
     300.0000000        2.5473840
     301.0000000        2.5460045
     302.0000000        2.5399377
     303.0000000        2.5352230
     304.0000000        2.5236721
     305.0000000        2.5092270
     306.0000000        2.4988730
     307.0000000        2.4919910
     308.0000000        2.4928768
     309.0000000        2.4945314
     310.0000000        2.4920430
     311.0000000        2.4907384
     312.0000000        2.4821086
     313.0000000        2.4854777
     314.0000000        2.4858823
     315.0000000        2.4935894
     316.0000000        2.5025036
     317.0000000        2.5183096
     318.0000000        2.5273097
     319.0000000        2.5389488
     320.0000000        2.5353274
     321.0000000        2.5421257
     322.0000000        2.5524435
     323.0000000        2.5711722
     324.0000000        2.5923655
     325.0000000        2.6025484
     326.0000000        2.6115127
     327.0000000        2.6203740
     328.0000000        2.6172178
     329.0000000        2.6033978
     330.0000000        2.5834064
     331.0000000        2.5699646
     332.0000000        2.5665696
     333.0000000        2.5573959
     334.0000000        2.5507107
     335.0000000        2.5353596
     336.0000000        2.5186591
     337.0000000        2.5163918
     338.0000000        2.5074749
     339.0000000        2.4929504
     340.0000000        2.4836347
     341.0000000        2.4809577
     342.0000000        2.4846218
     343.0000000        2.4996774
     344.0000000        2.5034568
     345.0000000        2.5067537
     346.0000000        2.5070543
     347.0000000        2.5090773
     348.0000000        2.5136662
     349.0000000        2.5241599
     350.0000000        2.5375566
     351.0000000        2.5409019
     352.0000000        2.5424049
     353.0000000        2.5414658
     354.0000000        2.5400944
     355.0000000        2.5270729
     356.0000000        2.5124192
     357.0000000        2.4958477
     358.0000000        2.4938931
     359.0000000        2.4819241
     360.0000000        2.4627817
     361.0000000        2.4495471
     362.0000000        2.4387662
     363.0000000        2.4335625
     364.0000000        2.4347322
     365.0000000        2.4321508
     366.0000000        2.4279156
     367.0000000        2.4322929
     368.0000000        2.4364705
     369.0000000        2.4428411
     370.0000000        2.4604881
     371.0000000        2.4746919
     372.0000000        2.4843254
     373.0000000        2.4818265
     374.0000000        2.4865961
     375.0000000        2.4903543
     376.0000000        2.5029945
     377.0000000        2.5209832
     378.0000000        2.5339537
     379.0000000        2.5424602
     380.0000000        2.5524707
     381.0000000        2.5480464
     382.0000000        2.5449681
     383.0000000        2.5436740
     384.0000000        2.5479550
     385.0000000        2.5574491
     386.0000000        2.5613046
     387.0000000        2.5580859
     388.0000000        2.5515068
     389.0000000        2.5450037
     390.0000000        2.5316308
     391.0000000        2.5236139
     392.0000000        2.5298443
     393.0000000        2.5256324
     394.0000000        2.5263555
     395.0000000        2.5316799
     396.0000000        2.5420728
     397.0000000        2.5392954
     398.0000000        2.5312021
     399.0000000        2.5138934
     400.0000000        2.4993727
     401.0000000        2.4911580
     402.0000000        2.4798048
     403.0000000        2.4792333
     404.0000000        2.4845181
     405.0000000        2.4885087
     406.0000000        2.4943137
     407.0000000        2.5085330
     408.0000000        2.5196018
     409.0000000        2.5223300
     410.0000000        2.5278702
     411.0000000        2.5396576
     412.0000000        2.5412557
     413.0000000        2.5351567
     414.0000000        2.5280485
     415.0000000        2.5188746
     416.0000000        2.5107408
     417.0000000        2.5122473
     418.0000000        2.5127611
     419.0000000        2.5053191
     420.0000000        2.4977808
     421.0000000        2.4961028
     422.0000000        2.4819510
     423.0000000        2.4703720
     424.0000000        2.4596083
     425.0000000        2.4544256
     426.0000000        2.4504638
     427.0000000        2.4536350
     428.0000000        2.4576020
     429.0000000        2.4589720
     430.0000000        2.4737177
     431.0000000        2.4877379
     432.0000000        2.4980626
     433.0000000        2.5052681
     434.0000000        2.5121703
     435.0000000        2.5072951
     436.0000000        2.5139949
     437.0000000        2.5177751
     438.0000000        2.5281429
     439.0000000        2.5376315
     440.0000000        2.5562184
     441.0000000        2.5619724
     442.0000000        2.5543466
     443.0000000        2.5609934
     444.0000000        2.5643907
     445.0000000        2.5791776
     446.0000000        2.5875287
     447.0000000        2.5923223
     448.0000000        2.5942006
     449.0000000        2.5946789
     450.0000000        2.5961959
     451.0000000        2.5732181
     452.0000000        2.5532765
     453.0000000        2.5387580
     454.0000000        2.5314863
     455.0000000        2.5260959
     456.0000000        2.5141015
     457.0000000        2.5024245
     458.0000000        2.4906781
     459.0000000        2.4915538
     460.0000000        2.4873345
     461.0000000        2.4808834
     462.0000000        2.4775763
     463.0000000        2.4779148
     464.0000000        2.4807956
     465.0000000        2.4830499
     466.0000000        2.4879632
     467.0000000        2.4997556
     468.0000000        2.5127487
     469.0000000        2.5234184
     470.0000000        2.5229926
     471.0000000        2.5104287
     472.0000000        2.5026560
     473.0000000        2.5017428
     474.0000000        2.5192208
     475.0000000        2.5270495
     476.0000000        2.5376937
     477.0000000        2.5451987
     478.0000000        2.5575552
     479.0000000        2.5568957
     480.0000000        2.5569119
     481.0000000        2.5541472
     482.0000000        2.5447967
     483.0000000        2.5370684
     484.0000000        2.5328605
     485.0000000        2.5290468
     486.0000000        2.5309489
     487.0000000        2.5354025
     488.0000000        2.5407498
     489.0000000        2.5436862
     490.0000000        2.5458348
     491.0000000        2.5448825
     492.0000000        2.5491731
     493.0000000        2.5585656
     494.0000000        2.5629058
     495.0000000        2.5681138
     496.0000000        2.5770366
     497.0000000        2.5738239
     498.0000000        2.5741367
     499.0000000        2.5686605
     500.0000000        2.5707829
     501.0000000        2.5730422
     502.0000000        2.5605955
     503.0000000        2.5527940
     504.0000000        2.5430062
     505.0000000        2.5422196
     506.0000000        2.5373485
     507.0000000        2.5313823
     508.0000000        2.5204458
     509.0000000        2.5091264
     510.0000000        2.5056028
     511.0000000        2.5046635
     512.0000000        2.5029883
     513.0000000        2.5082240
     514.0000000        2.5171151
     515.0000000        2.5239830
     516.0000000        2.5148904
     517.0000000        2.5236642
     518.0000000        2.5265102
     519.0000000        2.5319602
     520.0000000        2.5373743
     521.0000000        2.5469871
     522.0000000        2.5522056
     523.0000000        2.5570214
     524.0000000        2.5667315
     525.0000000        2.5729585
     526.0000000        2.5735826
     527.0000000        2.5651681
     528.0000000        2.5604405
     529.0000000        2.5556600
     530.0000000        2.5540755
     531.0000000        2.5529490
     532.0000000        2.5517604
     533.0000000        2.5489113
     534.0000000        2.5459955
     535.0000000        2.5404980
     536.0000000        2.5408139
     537.0000000        2.5299838
     538.0000000        2.5162041
     539.0000000        2.5134163
     540.0000000        2.5167058
     541.0000000        2.5179279
     542.0000000        2.5255682
     543.0000000        2.5313914
     544.0000000        2.5218995
     545.0000000        2.5136878
     546.0000000        2.5098994
     547.0000000        2.5051212
     548.0000000        2.5040665
     549.0000000        2.5100234
     550.0000000        2.5119324
     551.0000000        2.5071332
     552.0000000        2.4987602
     553.0000000        2.4908955
     554.0000000        2.4878938
     555.0000000        2.4809973
     556.0000000        2.4780343
     557.0000000        2.4892266
     558.0000000        2.4919665
     559.0000000        2.4976315
     560.0000000        2.5037913
     561.0000000        2.5190225
     562.0000000        2.5240326
     563.0000000        2.5293291
     564.0000000        2.5267475
     565.0000000        2.5309188
     566.0000000        2.5358210
     567.0000000        2.5365458
     568.0000000        2.5274177
     569.0000000        2.5137291
     570.0000000        2.5003910
     571.0000000        2.5022700
     572.0000000        2.5029349
     573.0000000        2.5033875
     574.0000000        2.4964588
     575.0000000        2.5032697
     576.0000000        2.5107334
     577.0000000        2.5198269
     578.0000000        2.5259297
     579.0000000        2.5369804
     580.0000000        2.5288272
     581.0000000        2.5216217
     582.0000000        2.5179083
     583.0000000        2.5111980
     584.0000000        2.4919181
     585.0000000        2.4777508
     586.0000000        2.4589429
     587.0000000        2.4437010
     588.0000000        2.4329338
     589.0000000        2.4328673
     590.0000000        2.4388900
     591.0000000        2.4536223
     592.0000000        2.4623334
     593.0000000        2.4570975
     594.0000000        2.4443073
     595.0000000        2.4299800
     596.0000000        2.4241633
     597.0000000        2.4255168
     598.0000000        2.4272995
     599.0000000        2.4317951
     600.0000000        2.4409208
