       1.0000000        6.0591777
       2.0000000        6.2380603
       3.0000000        6.2047478
       4.0000000        6.1086917
       5.0000000        5.9963397
       6.0000000        5.8889448
       7.0000000        5.7922625
       8.0000000        5.7106517
       9.0000000        5.6350325
      10.0000000        5.5661256
      11.0000000        5.5179348
      12.0000000        5.4737654
      13.0000000        5.4424038
      14.0000000        5.4275034
      15.0000000        5.4109061
      16.0000000        5.3941138
      17.0000000        5.3834397
      18.0000000        5.3736502
      19.0000000        5.3684145
      20.0000000        5.3666908
      21.0000000        5.3600212
      22.0000000        5.3486552
      23.0000000        5.3339014
      24.0000000        5.3214558
      25.0000000        5.3130402
      26.0000000        5.3054164
      27.0000000        5.3008259
      28.0000000        5.2980693
      29.0000000        5.2959851
      30.0000000        5.2984078
      31.0000000        5.3019616
      32.0000000        5.3077040
      33.0000000        5.3142155
      34.0000000        5.3204547
      35.0000000        5.3251535
      36.0000000        5.3324093
      37.0000000        5.3314992
      38.0000000        5.3317890
      39.0000000        5.3290676
      40.0000000        5.3277330
      41.0000000        5.3302010
      42.0000000        5.3343928
      43.0000000        5.3412651
      44.0000000        5.3476175
      45.0000000        5.3582927
      46.0000000        5.3606245
      47.0000000        5.3608483
      48.0000000        5.3550855
      49.0000000        5.3521151
      50.0000000        5.3585072
      51.0000000        5.3628690
      52.0000000        5.3603076
      53.0000000        5.3542727
      54.0000000        5.3498928
      55.0000000        5.3485050
      56.0000000        5.3543031
      57.0000000        5.3529726
      58.0000000        5.3553109
      59.0000000        5.3629466
      60.0000000        5.3748064
      61.0000000        5.3790672
      62.0000000        5.3751913
      63.0000000        5.3764037
      64.0000000        5.3853491
      65.0000000        5.3900380
      66.0000000        5.3958747
      67.0000000        5.4060444
      68.0000000        5.4135059
      69.0000000        5.4224255
      70.0000000        5.4275595
      71.0000000        5.4293483
      72.0000000        5.4294001
      73.0000000        5.4215502
      74.0000000        5.4122932
      75.0000000        5.3984107
      76.0000000        5.3830573
      77.0000000        5.3710152
      78.0000000        5.3628598
      79.0000000        5.3509666
      80.0000000        5.3477926
      81.0000000        5.3430420
      82.0000000        5.3349717
      83.0000000        5.3282925
      84.0000000        5.3283030
      85.0000000        5.3268415
      86.0000000        5.3242887
      87.0000000        5.3186497
      88.0000000        5.3107323
      89.0000000        5.3040338
      90.0000000        5.2934071
      91.0000000        5.2898217
      92.0000000        5.2856873
      93.0000000        5.2827344
      94.0000000        5.2835027
      95.0000000        5.2942083
      96.0000000        5.3000701
      97.0000000        5.3058709
      98.0000000        5.3066975
      99.0000000        5.3028506
     100.0000000        5.2963509
     101.0000000        5.2893105
     102.0000000        5.2869400
     103.0000000        5.2891667
     104.0000000        5.2923024
     105.0000000        5.2982627
     106.0000000        5.3031274
     107.0000000        5.3114913
     108.0000000        5.3159740
     109.0000000        5.3096514
     110.0000000        5.3099673
     111.0000000        5.3119964
     112.0000000        5.3177076
     113.0000000        5.3155986
     114.0000000        5.3218167
     115.0000000        5.3310089
     116.0000000        5.3381262
     117.0000000        5.3510244
     118.0000000        5.3637926
     119.0000000        5.3662839
     120.0000000        5.3688185
     121.0000000        5.3719033
     122.0000000        5.3664943
     123.0000000        5.3564831
     124.0000000        5.3482554
     125.0000000        5.3473804
     126.0000000        5.3437584
     127.0000000        5.3379464
     128.0000000        5.3304585
     129.0000000        5.3219208
     130.0000000        5.3194485
     131.0000000        5.3196420
     132.0000000        5.3169877
     133.0000000        5.3103417
     134.0000000        5.3080683
     135.0000000        5.3096788
     136.0000000        5.3070723
     137.0000000        5.3018998
     138.0000000        5.2976115
     139.0000000        5.2944099
     140.0000000        5.2866489
     141.0000000        5.2776990
     142.0000000        5.2674429
     143.0000000        5.2570217
     144.0000000        5.2456891
     145.0000000        5.2408254
     146.0000000        5.2409939
     147.0000000        5.2490967
     148.0000000        5.2542400
     149.0000000        5.2606920
     150.0000000        5.2681930
     151.0000000        5.2764907
     152.0000000        5.2740215
     153.0000000        5.2687370
     154.0000000        5.2644174
     155.0000000        5.2659623
     156.0000000        5.2729959
     157.0000000        5.2885675
     158.0000000        5.3026611
     159.0000000        5.3095829
     160.0000000        5.3115754
     161.0000000        5.3095487
     162.0000000        5.3124344
     163.0000000        5.3173039
     164.0000000        5.3295098
     165.0000000        5.3397325
     166.0000000        5.3422972
     167.0000000        5.3382311
     168.0000000        5.3248885
     169.0000000        5.3093980
     170.0000000        5.2871127
     171.0000000        5.2679657
     172.0000000        5.2450263
     173.0000000        5.2373715
     174.0000000        5.2398379
     175.0000000        5.2469298
     176.0000000        5.2538260
     177.0000000        5.2586427
     178.0000000        5.2598091
     179.0000000        5.2653148
     180.0000000        5.2759648
     181.0000000        5.2892756
     182.0000000        5.3029903
     183.0000000        5.3076844
     184.0000000        5.3116796
     185.0000000        5.3194718
     186.0000000        5.3235050
     187.0000000        5.3213687
     188.0000000        5.3241973
     189.0000000        5.3302833
     190.0000000        5.3329028
     191.0000000        5.3370188
     192.0000000        5.3429070
     193.0000000        5.3507930
     194.0000000        5.3518251
     195.0000000        5.3534089
     196.0000000        5.3532001
     197.0000000        5.3502395
     198.0000000        5.3467383
     199.0000000        5.3431962
     200.0000000        5.3404426
     201.0000000        5.3336391
     202.0000000        5.3255181
     203.0000000        5.3157158
     204.0000000        5.3121585
     205.0000000        5.3240753
     206.0000000        5.3419497
     207.0000000        5.3512483
     208.0000000        5.3556776
     209.0000000        5.3596953
     210.0000000        5.3628701
     211.0000000        5.3580339
     212.0000000        5.3524326
     213.0000000        5.3458437
     214.0000000        5.3444265
     215.0000000        5.3385466
     216.0000000        5.3409810
     217.0000000        5.3521421
     218.0000000        5.3704834
     219.0000000        5.3796359
     220.0000000        5.3868508
     221.0000000        5.3993327
     222.0000000        5.4052689
     223.0000000        5.4083211
     224.0000000        5.4045766
     225.0000000        5.4040382
     226.0000000        5.3980958
     227.0000000        5.3943885
     228.0000000        5.3953301
     229.0000000        5.3957438
     230.0000000        5.3967963
     231.0000000        5.3969470
     232.0000000        5.3968219
     233.0000000        5.3989297
     234.0000000        5.3985633
     235.0000000        5.4038042
     236.0000000        5.4101558
     237.0000000        5.4246475
     238.0000000        5.4357051
     239.0000000        5.4442712
     240.0000000        5.4515350
     241.0000000        5.4501328
     242.0000000        5.4414642
     243.0000000        5.4310194
     244.0000000        5.4185395
     245.0000000        5.4062670
     246.0000000        5.3978426
     247.0000000        5.3868695
     248.0000000        5.3775129
     249.0000000        5.3706097
     250.0000000        5.3636678
     251.0000000        5.3582149
     252.0000000        5.3576854
     253.0000000        5.3511317
     254.0000000        5.3452016
     255.0000000        5.3403473
     256.0000000        5.3346909
     257.0000000        5.3256962
     258.0000000        5.3190255
     259.0000000        5.3129332
     260.0000000        5.3092128
     261.0000000        5.3052650
     262.0000000        5.3051513
     263.0000000        5.3053526
     264.0000000        5.3121026
     265.0000000        5.3181616
     266.0000000        5.3187469
     267.0000000        5.3294366
     268.0000000        5.3359870
     269.0000000        5.3367993
     270.0000000        5.3443293
     271.0000000        5.3467343
     272.0000000        5.3397850
     273.0000000        5.3356397
     274.0000000        5.3302301
     275.0000000        5.3201477
     276.0000000        5.3057742
     277.0000000        5.2959180
     278.0000000        5.2784333
     279.0000000        5.2536084
     280.0000000        5.2417796
     281.0000000        5.2423906
     282.0000000        5.2506976
     283.0000000        5.2647756
     284.0000000        5.2821688
     285.0000000        5.2960518
     286.0000000        5.3174335
     287.0000000        5.3347768
     288.0000000        5.3539308
     289.0000000        5.3645604
     290.0000000        5.3713969
     291.0000000        5.3713290
     292.0000000        5.3651673
     293.0000000        5.3521264
     294.0000000        5.3350956
     295.0000000        5.3217381
     296.0000000        5.3096664
     297.0000000        5.3096111
     298.0000000        5.3202305
     299.0000000        5.3301790
     300.0000000        5.3379339
     301.0000000        5.3457800
     302.0000000        5.3518966
     303.0000000        5.3578030
     304.0000000        5.3598892
     305.0000000        5.3604409
     306.0000000        5.3584057
     307.0000000        5.3551950
     308.0000000        5.3590047
     309.0000000        5.3706558
     310.0000000        5.3865893
     311.0000000        5.3999678
     312.0000000        5.4185146
     313.0000000        5.4344910
     314.0000000        5.4398242
     315.0000000        5.4409181
     316.0000000        5.4392016
     317.0000000        5.4432557
     318.0000000        5.4474963
     319.0000000        5.4472150
     320.0000000        5.4454937
     321.0000000        5.4355043
     322.0000000        5.4238325
     323.0000000        5.4161179
     324.0000000        5.4131436
     325.0000000        5.4109387
     326.0000000        5.4146078
     327.0000000        5.4225934
     328.0000000        5.4177861
     329.0000000        5.4045278
     330.0000000        5.3884946
     331.0000000        5.3647846
     332.0000000        5.3444924
     333.0000000        5.3284244
     334.0000000        5.3089166
     335.0000000        5.2940941
     336.0000000        5.2851747
     337.0000000        5.2871540
     338.0000000        5.3014339
     339.0000000        5.3154389
     340.0000000        5.3298027
     341.0000000        5.3420797
     342.0000000        5.3440206
     343.0000000        5.3382594
     344.0000000        5.3363269
     345.0000000        5.3403595
     346.0000000        5.3479042
     347.0000000        5.3521150
     348.0000000        5.3549602
     349.0000000        5.3526368
     350.0000000        5.3565751
     351.0000000        5.3627938
     352.0000000        5.3748346
     353.0000000        5.3889461
     354.0000000        5.4030917
     355.0000000        5.4124782
     356.0000000        5.4174777
     357.0000000        5.4139486
     358.0000000        5.4156789
     359.0000000        5.4204945
     360.0000000        5.4216142
     361.0000000        5.4208380
     362.0000000        5.4104378
     363.0000000        5.3944503
     364.0000000        5.3769291
     365.0000000        5.3596974
     366.0000000        5.3461251
     367.0000000        5.3378503
     368.0000000        5.3345473
     369.0000000        5.3414399
     370.0000000        5.3478759
     371.0000000        5.3508490
     372.0000000        5.3449335
     373.0000000        5.3327951
     374.0000000        5.3220334
     375.0000000        5.3165806
     376.0000000        5.3136599
     377.0000000        5.3090922
     378.0000000        5.3025982
     379.0000000        5.2927114
     380.0000000        5.2834590
     381.0000000        5.2877631
     382.0000000        5.2922808
     383.0000000        5.2939782
     384.0000000        5.3008052
     385.0000000        5.3068589
     386.0000000        5.3132878
     387.0000000        5.3206257
     388.0000000        5.3306114
     389.0000000        5.3394098
     390.0000000        5.3404583
     391.0000000        5.3422911
     392.0000000        5.3318876
     393.0000000        5.3173928
     394.0000000        5.3007491
     395.0000000        5.2897669
     396.0000000        5.2880488
     397.0000000        5.2896742
     398.0000000        5.2944237
     399.0000000        5.2984412
     400.0000000        5.3008336
     401.0000000        5.3009771
     402.0000000        5.3010212
     403.0000000        5.3005083
     404.0000000        5.2984595
     405.0000000        5.2931921
     406.0000000        5.2861750
     407.0000000        5.2837381
     408.0000000        5.2789438
     409.0000000        5.2787297
     410.0000000        5.2795463
     411.0000000        5.2776146
     412.0000000        5.2794302
     413.0000000        5.2829747
     414.0000000        5.2825989
     415.0000000        5.2816643
     416.0000000        5.2802763
     417.0000000        5.2782226
     418.0000000        5.2876529
     419.0000000        5.3025456
     420.0000000        5.3095210
     421.0000000        5.3071085
     422.0000000        5.3101643
     423.0000000        5.3171370
     424.0000000        5.3317910
     425.0000000        5.3424066
     426.0000000        5.3452492
     427.0000000        5.3423650
     428.0000000        5.3313132
     429.0000000        5.3255609
     430.0000000        5.3206307
     431.0000000        5.3137172
     432.0000000        5.3076252
     433.0000000        5.3084624
     434.0000000        5.3114363
     435.0000000        5.3181368
     436.0000000        5.3238035
     437.0000000        5.3292561
     438.0000000        5.3330591
     439.0000000        5.3327184
     440.0000000        5.3257206
     441.0000000        5.3212825
     442.0000000        5.3159924
     443.0000000        5.3034358
     444.0000000        5.2908133
     445.0000000        5.2860215
     446.0000000        5.2873350
     447.0000000        5.2829487
     448.0000000        5.2823973
     449.0000000        5.2863604
     450.0000000        5.2880824
     451.0000000        5.2913083
     452.0000000        5.2920284
     453.0000000        5.2925673
     454.0000000        5.2916653
     455.0000000        5.2960227
     456.0000000        5.2991833
     457.0000000        5.3038058
     458.0000000        5.3009354
     459.0000000        5.2965676
     460.0000000        5.2923685
     461.0000000        5.2868988
     462.0000000        5.2787236
     463.0000000        5.2703348
     464.0000000        5.2630034
     465.0000000        5.2562800
     466.0000000        5.2573293
     467.0000000        5.2650235
     468.0000000        5.2703925
     469.0000000        5.2735815
     470.0000000        5.2780014
     471.0000000        5.2799255
     472.0000000        5.2817405
     473.0000000        5.2844653
     474.0000000        5.2847066
     475.0000000        5.2855558
     476.0000000        5.2832581
     477.0000000        5.2877127
     478.0000000        5.2934332
     479.0000000        5.3019324
     480.0000000        5.3225529
     481.0000000        5.3396067
     482.0000000        5.3483266
     483.0000000        5.3519269
     484.0000000        5.3569369
     485.0000000        5.3642227
     486.0000000        5.3718357
     487.0000000        5.3729704
     488.0000000        5.3756856
     489.0000000        5.3731905
     490.0000000        5.3637380
     491.0000000        5.3556115
     492.0000000        5.3523503
     493.0000000        5.3532579
     494.0000000        5.3562175
     495.0000000        5.3553194
     496.0000000        5.3484647
     497.0000000        5.3449929
     498.0000000        5.3351119
     499.0000000        5.3352214
     500.0000000        5.3288378
     501.0000000        5.3174776
     502.0000000        5.3094988
     503.0000000        5.3023903
     504.0000000        5.2948343
     505.0000000        5.2925730
     506.0000000        5.2994566
     507.0000000        5.3058601
     508.0000000        5.3161001
     509.0000000        5.3241528
     510.0000000        5.3359730
     511.0000000        5.3436757
     512.0000000        5.3437599
     513.0000000        5.3388222
     514.0000000        5.3340176
     515.0000000        5.3402606
     516.0000000        5.3475054
     517.0000000        5.3590811
     518.0000000        5.3639664
     519.0000000        5.3684822
     520.0000000        5.3700340
     521.0000000        5.3699603
     522.0000000        5.3719536
     523.0000000        5.3756750
     524.0000000        5.3801619
     525.0000000        5.3792231
     526.0000000        5.3718186
     527.0000000        5.3606268
     528.0000000        5.3542975
     529.0000000        5.3557514
     530.0000000        5.3536636
     531.0000000        5.3577586
     532.0000000        5.3683050
     533.0000000        5.3750408
     534.0000000        5.3821415
     535.0000000        5.3786059
     536.0000000        5.3705620
     537.0000000        5.3592632
     538.0000000        5.3504633
     539.0000000        5.3456925
     540.0000000        5.3506286
     541.0000000        5.3556799
     542.0000000        5.3599270
     543.0000000        5.3597450
     544.0000000        5.3601671
     545.0000000        5.3655944
     546.0000000        5.3794126
     547.0000000        5.3919953
     548.0000000        5.3980545
     549.0000000        5.4001318
     550.0000000        5.4042559
     551.0000000        5.4109289
     552.0000000        5.4144492
     553.0000000        5.4253746
     554.0000000        5.4334146
     555.0000000        5.4432939
     556.0000000        5.4427119
     557.0000000        5.4331563
     558.0000000        5.4220212
     559.0000000        5.4118768
     560.0000000        5.4010256
     561.0000000        5.3877267
     562.0000000        5.3765670
     563.0000000        5.3666274
     564.0000000        5.3559497
     565.0000000        5.3395093
     566.0000000        5.3266182
     567.0000000        5.3209729
     568.0000000        5.3137877
     569.0000000        5.3106163
     570.0000000        5.3102844
     571.0000000        5.3130700
     572.0000000        5.3194947
     573.0000000        5.3321502
     574.0000000        5.3445202
     575.0000000        5.3520900
     576.0000000        5.3570620
     577.0000000        5.3525371
     578.0000000        5.3438763
     579.0000000        5.3371103
     580.0000000        5.3367853
     581.0000000        5.3335366
     582.0000000        5.3401022
     583.0000000        5.3515368
     584.0000000        5.3575185
     585.0000000        5.3610322
     586.0000000        5.3593305
     587.0000000        5.3613205
     588.0000000        5.3605635
     589.0000000        5.3597336
     590.0000000        5.3568910
     591.0000000        5.3515959
     592.0000000        5.3472900
     593.0000000        5.3406531
     594.0000000        5.3291148
     595.0000000        5.3134973
     596.0000000        5.2961238
     597.0000000        5.2814909
     598.0000000        5.2769246
     599.0000000        5.2804365
     600.0000000        5.2908705
