       1.0000000        4.9714882
       2.0000000        4.8763196
       3.0000000        4.8205769
       4.0000000        4.7814733
       5.0000000        4.7475468
       6.0000000        4.7330789
       7.0000000        4.7279653
       8.0000000        4.7248359
       9.0000000        4.7182271
      10.0000000        4.7184084
      11.0000000        4.7182458
      12.0000000        4.7203717
      13.0000000        4.7292870
      14.0000000        4.7361232
      15.0000000        4.7413086
      16.0000000        4.7497757
      17.0000000        4.7569770
      18.0000000        4.7593898
      19.0000000        4.7626282
      20.0000000        4.7701681
      21.0000000        4.7794790
      22.0000000        4.7950382
      23.0000000        4.8072059
      24.0000000        4.8121889
      25.0000000        4.7986220
      26.0000000        4.7920514
      27.0000000        4.7849022
      28.0000000        4.7852458
      29.0000000        4.7888378
      30.0000000        4.7866064
      31.0000000        4.7811671
      32.0000000        4.7783058
      33.0000000        4.7705747
      34.0000000        4.7718207
      35.0000000        4.7793488
      36.0000000        4.7754742
      37.0000000        4.7695108
      38.0000000        4.7689898
      39.0000000        4.7760636
      40.0000000        4.7760393
      41.0000000        4.7782757
      42.0000000        4.7820913
      43.0000000        4.7930691
      44.0000000        4.8017830
      45.0000000        4.8030305
      46.0000000        4.8044272
      47.0000000        4.8051804
      48.0000000        4.8073740
      49.0000000        4.8129785
      50.0000000        4.8101628
      51.0000000        4.8068899
      52.0000000        4.8067257
      53.0000000        4.8033052
      54.0000000        4.7995616
      55.0000000        4.8053010
      56.0000000        4.8092950
      57.0000000        4.8033616
      58.0000000        4.7926204
      59.0000000        4.7776500
      60.0000000        4.7713905
      61.0000000        4.7711513
      62.0000000        4.7716156
      63.0000000        4.7726672
      64.0000000        4.7765083
      65.0000000        4.7697817
      66.0000000        4.7689795
      67.0000000        4.7748816
      68.0000000        4.7740989
      69.0000000        4.7743370
      70.0000000        4.7808125
      71.0000000        4.7867696
      72.0000000        4.7968586
      73.0000000        4.8029983
      74.0000000        4.8008707
      75.0000000        4.7977048
      76.0000000        4.7860100
      77.0000000        4.7801792
      78.0000000        4.7677838
      79.0000000        4.7630889
      80.0000000        4.7619201
      81.0000000        4.7687230
      82.0000000        4.7755572
      83.0000000        4.7727035
      84.0000000        4.7632267
      85.0000000        4.7477184
      86.0000000        4.7310070
      87.0000000        4.7239050
      88.0000000        4.7267710
      89.0000000        4.7361430
      90.0000000        4.7446734
      91.0000000        4.7525434
      92.0000000        4.7586628
      93.0000000        4.7591771
      94.0000000        4.7568522
      95.0000000        4.7658328
      96.0000000        4.7697887
      97.0000000        4.7776463
      98.0000000        4.7848264
      99.0000000        4.7925440
     100.0000000        4.8009790
     101.0000000        4.8121001
     102.0000000        4.8143198
     103.0000000        4.8166114
     104.0000000        4.8207012
     105.0000000        4.8205300
     106.0000000        4.8042784
     107.0000000        4.7926028
     108.0000000        4.7870691
     109.0000000        4.7807705
     110.0000000        4.7699633
     111.0000000        4.7615538
     112.0000000        4.7591438
     113.0000000        4.7557522
     114.0000000        4.7507228
     115.0000000        4.7543908
     116.0000000        4.7631126
     117.0000000        4.7767048
     118.0000000        4.7897705
     119.0000000        4.7915435
     120.0000000        4.7908420
     121.0000000        4.7964387
     122.0000000        4.8093528
     123.0000000        4.8263426
     124.0000000        4.8333620
     125.0000000        4.8390818
     126.0000000        4.8381690
     127.0000000        4.8456716
     128.0000000        4.8492925
     129.0000000        4.8495148
     130.0000000        4.8499250
     131.0000000        4.8495720
     132.0000000        4.8453584
     133.0000000        4.8374143
     134.0000000        4.8276794
     135.0000000        4.8150330
     136.0000000        4.8069367
     137.0000000        4.7987167
     138.0000000        4.7900938
     139.0000000        4.7848912
     140.0000000        4.7806408
     141.0000000        4.7765639
     142.0000000        4.7659838
     143.0000000        4.7666156
     144.0000000        4.7662644
     145.0000000        4.7717044
     146.0000000        4.7783676
     147.0000000        4.7778454
     148.0000000        4.7728928
     149.0000000        4.7757765
     150.0000000        4.7817198
     151.0000000        4.7841015
     152.0000000        4.7804777
     153.0000000        4.7770556
     154.0000000        4.7823386
     155.0000000        4.7868978
     156.0000000        4.7943837
     157.0000000        4.7981221
     158.0000000        4.7981392
     159.0000000        4.7998558
     160.0000000        4.7959712
     161.0000000        4.7863014
     162.0000000        4.7799355
     163.0000000        4.7652396
     164.0000000        4.7465237
     165.0000000        4.7317794
     166.0000000        4.7213813
     167.0000000        4.7192153
     168.0000000        4.7295309
     169.0000000        4.7380022
     170.0000000        4.7406830
     171.0000000        4.7433862
     172.0000000        4.7488553
     173.0000000        4.7572675
     174.0000000        4.7650162
     175.0000000        4.7746484
     176.0000000        4.7798853
     177.0000000        4.7831852
     178.0000000        4.7876695
     179.0000000        4.7792641
     180.0000000        4.7759162
     181.0000000        4.7827272
     182.0000000        4.7936739
     183.0000000        4.7963881
     184.0000000        4.7946485
     185.0000000        4.7901716
     186.0000000        4.7867593
     187.0000000        4.7918475
     188.0000000        4.7978247
     189.0000000        4.8000744
     190.0000000        4.7957284
     191.0000000        4.7912880
     192.0000000        4.7905905
     193.0000000        4.7896876
     194.0000000        4.7848905
     195.0000000        4.7760341
     196.0000000        4.7683277
     197.0000000        4.7660739
     198.0000000        4.7703420
     199.0000000        4.7736549
     200.0000000        4.7775515
     201.0000000        4.7839325
     202.0000000        4.7973358
     203.0000000        4.8020103
     204.0000000        4.8058670
     205.0000000        4.8065801
     206.0000000        4.8133257
     207.0000000        4.8184923
     208.0000000        4.8206810
     209.0000000        4.8214759
     210.0000000        4.8147772
     211.0000000        4.7990779
     212.0000000        4.7897428
     213.0000000        4.7750497
     214.0000000        4.7691539
     215.0000000        4.7665504
     216.0000000        4.7667115
     217.0000000        4.7642244
     218.0000000        4.7683305
     219.0000000        4.7739335
     220.0000000        4.7680762
     221.0000000        4.7624388
     222.0000000        4.7616880
     223.0000000        4.7651567
     224.0000000        4.7697467
     225.0000000        4.7776828
     226.0000000        4.7756809
     227.0000000        4.7722086
     228.0000000        4.7685450
     229.0000000        4.7656232
     230.0000000        4.7713565
     231.0000000        4.7881357
     232.0000000        4.8017580
     233.0000000        4.8043910
     234.0000000        4.8012066
     235.0000000        4.8010679
     236.0000000        4.8039746
     237.0000000        4.8136337
     238.0000000        4.8280544
     239.0000000        4.8349408
     240.0000000        4.8374381
     241.0000000        4.8370414
     242.0000000        4.8448021
     243.0000000        4.8593694
     244.0000000        4.8672071
     245.0000000        4.8727918
     246.0000000        4.8795311
     247.0000000        4.8844231
     248.0000000        4.8841964
     249.0000000        4.8853354
     250.0000000        4.8832486
     251.0000000        4.8860090
     252.0000000        4.8889080
     253.0000000        4.8894971
     254.0000000        4.8881648
     255.0000000        4.8858551
     256.0000000        4.8859544
     257.0000000        4.8799308
     258.0000000        4.8646162
     259.0000000        4.8482298
     260.0000000        4.8357959
     261.0000000        4.8311148
     262.0000000        4.8275897
     263.0000000        4.8219630
     264.0000000        4.8124022
     265.0000000        4.8026488
     266.0000000        4.7928946
     267.0000000        4.7789282
     268.0000000        4.7660733
     269.0000000        4.7508167
     270.0000000        4.7350382
     271.0000000        4.7256849
     272.0000000        4.7184700
     273.0000000        4.7069272
     274.0000000        4.7054727
     275.0000000        4.7068409
     276.0000000        4.7139997
     277.0000000        4.7229100
     278.0000000        4.7331268
     279.0000000        4.7379034
     280.0000000        4.7413625
     281.0000000        4.7435830
     282.0000000        4.7494179
     283.0000000        4.7636247
     284.0000000        4.7818562
     285.0000000        4.7987928
     286.0000000        4.8135334
     287.0000000        4.8227931
     288.0000000        4.8300831
     289.0000000        4.8293892
     290.0000000        4.8163465
     291.0000000        4.8013311
     292.0000000        4.7891848
     293.0000000        4.7896399
     294.0000000        4.7942901
     295.0000000        4.7995125
     296.0000000        4.8083153
     297.0000000        4.8142941
     298.0000000        4.8182721
     299.0000000        4.8139745
     300.0000000        4.8076332
     301.0000000        4.7964487
     302.0000000        4.7923053
     303.0000000        4.7820617
     304.0000000        4.7687499
     305.0000000        4.7628367
     306.0000000        4.7524467
     307.0000000        4.7539207
     308.0000000        4.7594975
     309.0000000        4.7623767
     310.0000000        4.7769395
     311.0000000        4.7940744
     312.0000000        4.8055684
     313.0000000        4.8037456
     314.0000000        4.8057148
     315.0000000        4.8007742
     316.0000000        4.7937099
     317.0000000        4.7849139
     318.0000000        4.7831055
     319.0000000        4.7837785
     320.0000000        4.7771306
     321.0000000        4.7724179
     322.0000000        4.7741441
     323.0000000        4.7669454
     324.0000000        4.7596976
     325.0000000        4.7510780
     326.0000000        4.7430386
     327.0000000        4.7327273
     328.0000000        4.7334932
     329.0000000        4.7418619
     330.0000000        4.7509971
     331.0000000        4.7577836
     332.0000000        4.7638962
     333.0000000        4.7715569
     334.0000000        4.7817204
     335.0000000        4.7900734
     336.0000000        4.7996926
     337.0000000        4.8090376
     338.0000000        4.8110314
     339.0000000        4.8145506
     340.0000000        4.8192799
     341.0000000        4.8201116
     342.0000000        4.8307309
     343.0000000        4.8331383
     344.0000000        4.8188790
     345.0000000        4.8042192
     346.0000000        4.8003417
     347.0000000        4.8026646
     348.0000000        4.8044183
     349.0000000        4.8054351
     350.0000000        4.8040485
     351.0000000        4.7990790
     352.0000000        4.7898053
     353.0000000        4.7897745
     354.0000000        4.7886211
     355.0000000        4.7905639
     356.0000000        4.8004629
     357.0000000        4.8058947
     358.0000000        4.8080718
     359.0000000        4.8104256
     360.0000000        4.8109951
     361.0000000        4.8090342
     362.0000000        4.8042136
     363.0000000        4.7935738
     364.0000000        4.7891757
     365.0000000        4.7922413
     366.0000000        4.8017439
     367.0000000        4.7999228
     368.0000000        4.7973551
     369.0000000        4.7882112
     370.0000000        4.7825410
     371.0000000        4.7818650
     372.0000000        4.7772764
     373.0000000        4.7742196
     374.0000000        4.7743829
     375.0000000        4.7754245
     376.0000000        4.7806880
     377.0000000        4.7865727
     378.0000000        4.8029948
     379.0000000        4.8090667
     380.0000000        4.8117989
     381.0000000        4.8088624
     382.0000000        4.8037508
     383.0000000        4.8057298
     384.0000000        4.8123781
     385.0000000        4.8241451
     386.0000000        4.8345705
     387.0000000        4.8472957
     388.0000000        4.8635839
     389.0000000        4.8675852
     390.0000000        4.8633254
     391.0000000        4.8612047
     392.0000000        4.8475826
     393.0000000        4.8362978
     394.0000000        4.8308708
     395.0000000        4.8284945
     396.0000000        4.8220105
     397.0000000        4.8177825
     398.0000000        4.8124385
     399.0000000        4.8125274
     400.0000000        4.8132736
     401.0000000        4.8145608
     402.0000000        4.8141062
     403.0000000        4.8118745
     404.0000000        4.8150032
     405.0000000        4.8173160
     406.0000000        4.8193858
     407.0000000        4.8241891
     408.0000000        4.8217519
     409.0000000        4.8191524
     410.0000000        4.8181917
     411.0000000        4.8163469
     412.0000000        4.8168602
     413.0000000        4.8103898
     414.0000000        4.7954063
     415.0000000        4.7848077
     416.0000000        4.7759329
     417.0000000        4.7738926
     418.0000000        4.7763327
     419.0000000        4.7828898
     420.0000000        4.7919128
     421.0000000        4.7978758
     422.0000000        4.8069077
     423.0000000        4.8129635
     424.0000000        4.8207327
     425.0000000        4.8300553
     426.0000000        4.8465067
     427.0000000        4.8610796
     428.0000000        4.8686109
     429.0000000        4.8734023
     430.0000000        4.8818556
     431.0000000        4.8910452
     432.0000000        4.8905328
     433.0000000        4.8905550
     434.0000000        4.9013368
     435.0000000        4.9066185
     436.0000000        4.9034930
     437.0000000        4.8865628
     438.0000000        4.8686745
     439.0000000        4.8452332
     440.0000000        4.8229890
     441.0000000        4.8098727
     442.0000000        4.8035057
     443.0000000        4.7981074
     444.0000000        4.7960318
     445.0000000        4.7936597
     446.0000000        4.7820300
     447.0000000        4.7697384
     448.0000000        4.7606697
     449.0000000        4.7500447
     450.0000000        4.7394986
     451.0000000        4.7348714
     452.0000000        4.7325288
     453.0000000        4.7310851
     454.0000000        4.7294740
     455.0000000        4.7206739
     456.0000000        4.7067826
     457.0000000        4.6987255
     458.0000000        4.6921798
     459.0000000        4.6955783
     460.0000000        4.6977853
     461.0000000        4.7140245
     462.0000000        4.7295875
     463.0000000        4.7376917
     464.0000000        4.7441151
     465.0000000        4.7537432
     466.0000000        4.7577198
     467.0000000        4.7604151
     468.0000000        4.7636022
     469.0000000        4.7630631
     470.0000000        4.7690987
     471.0000000        4.7814406
     472.0000000        4.7896907
     473.0000000        4.7934151
     474.0000000        4.7934730
     475.0000000        4.7974861
     476.0000000        4.8036099
     477.0000000        4.8100852
     478.0000000        4.8105371
     479.0000000        4.8125742
     480.0000000        4.8198981
     481.0000000        4.8296969
     482.0000000        4.8415563
     483.0000000        4.8415417
     484.0000000        4.8424252
     485.0000000        4.8462710
     486.0000000        4.8451682
     487.0000000        4.8326931
     488.0000000        4.8221621
     489.0000000        4.8249684
     490.0000000        4.8352038
     491.0000000        4.8382204
     492.0000000        4.8338021
     493.0000000        4.8280242
     494.0000000        4.8212384
     495.0000000        4.8153492
     496.0000000        4.8170973
     497.0000000        4.8254615
     498.0000000        4.8329880
     499.0000000        4.8373213
     500.0000000        4.8338446
     501.0000000        4.8177786
     502.0000000        4.8126866
     503.0000000        4.8130755
     504.0000000        4.8009771
     505.0000000        4.7900155
     506.0000000        4.7794271
     507.0000000        4.7768238
     508.0000000        4.7741866
     509.0000000        4.7756394
     510.0000000        4.7778490
     511.0000000        4.7770354
     512.0000000        4.7757468
     513.0000000        4.7671916
     514.0000000        4.7571982
     515.0000000        4.7513557
     516.0000000        4.7463984
     517.0000000        4.7410943
     518.0000000        4.7354260
     519.0000000        4.7355009
     520.0000000        4.7371698
     521.0000000        4.7406467
     522.0000000        4.7457255
     523.0000000        4.7518255
     524.0000000        4.7658336
     525.0000000        4.7816817
     526.0000000        4.7882838
     527.0000000        4.7967448
     528.0000000        4.7997781
     529.0000000        4.7969658
     530.0000000        4.7920313
     531.0000000        4.7751121
     532.0000000        4.7616908
     533.0000000        4.7536928
     534.0000000        4.7452369
     535.0000000        4.7376522
     536.0000000        4.7297652
     537.0000000        4.7239691
     538.0000000        4.7247388
     539.0000000        4.7261022
     540.0000000        4.7292552
     541.0000000        4.7412757
     542.0000000        4.7525239
     543.0000000        4.7569829
     544.0000000        4.7564990
     545.0000000        4.7530359
     546.0000000        4.7444781
     547.0000000        4.7376964
     548.0000000        4.7368853
     549.0000000        4.7315420
     550.0000000        4.7298018
     551.0000000        4.7249539
     552.0000000        4.7344311
     553.0000000        4.7391208
     554.0000000        4.7332321
     555.0000000        4.7357707
     556.0000000        4.7409383
     557.0000000        4.7475514
     558.0000000        4.7595712
     559.0000000        4.7718674
     560.0000000        4.7700439
     561.0000000        4.7671995
     562.0000000        4.7688275
     563.0000000        4.7731024
     564.0000000        4.7773675
     565.0000000        4.7715093
     566.0000000        4.7658651
     567.0000000        4.7648955
     568.0000000        4.7723700
     569.0000000        4.7733162
     570.0000000        4.7637244
     571.0000000        4.7611613
     572.0000000        4.7620663
     573.0000000        4.7625648
     574.0000000        4.7643991
     575.0000000        4.7612605
     576.0000000        4.7575873
     577.0000000        4.7654038
     578.0000000        4.7754007
     579.0000000        4.7886198
     580.0000000        4.7922245
     581.0000000        4.7874879
     582.0000000        4.7726696
     583.0000000        4.7615521
     584.0000000        4.7478627
     585.0000000        4.7394243
     586.0000000        4.7297938
     587.0000000        4.7238428
     588.0000000        4.7282043
     589.0000000        4.7385469
     590.0000000        4.7514474
     591.0000000        4.7626337
     592.0000000        4.7697704
     593.0000000        4.7685442
     594.0000000        4.7651813
     595.0000000        4.7644586
     596.0000000        4.7615578
     597.0000000        4.7562569
     598.0000000        4.7452954
     599.0000000        4.7316975
     600.0000000        4.7227944
