       1.0000000        5.1248680
       2.0000000        5.0444819
       3.0000000        4.9981348
       4.0000000        4.9537701
       5.0000000        4.9250895
       6.0000000        4.9342727
       7.0000000        4.9098845
       8.0000000        4.8686887
       9.0000000        4.8279883
      10.0000000        4.8555834
      11.0000000        4.9116474
      12.0000000        4.9527835
      13.0000000        4.9954722
      14.0000000        5.0515430
      15.0000000        5.0755481
      16.0000000        5.0842912
      17.0000000        5.0700395
      18.0000000        5.0460560
      19.0000000        5.0594337
      20.0000000        5.0656676
      21.0000000        5.0242286
      22.0000000        4.9672258
      23.0000000        4.9427729
      24.0000000        4.9228125
      25.0000000        4.8865231
      26.0000000        4.8517764
      27.0000000        4.8229974
      28.0000000        4.8175274
      29.0000000        4.7876340
      30.0000000        4.7533105
      31.0000000        4.7336740
      32.0000000        4.7488105
      33.0000000        4.7627719
      34.0000000        4.7078274
      35.0000000        4.6654453
      36.0000000        4.6382050
      37.0000000        4.5894256
      38.0000000        4.5427581
      39.0000000        4.4985540
      40.0000000        4.4917733
      41.0000000        4.4994565
      42.0000000        4.4870116
      43.0000000        4.4717190
      44.0000000        4.4586291
      45.0000000        4.4687237
      46.0000000        4.4595739
      47.0000000        4.4545524
      48.0000000        4.4622007
      49.0000000        4.4626382
      50.0000000        4.4844955
      51.0000000        4.4890985
      52.0000000        4.4733035
      53.0000000        4.4586398
      54.0000000        4.4685614
      55.0000000        4.5103731
      56.0000000        4.5822811
      57.0000000        4.6656002
      58.0000000        4.7546984
      59.0000000        4.7998308
      60.0000000        4.8109518
      61.0000000        4.8288877
      62.0000000        4.8331280
      63.0000000        4.8453564
      64.0000000        4.8914387
      65.0000000        4.9518487
      66.0000000        5.0287900
      67.0000000        5.0639689
      68.0000000        5.0373490
      69.0000000        4.9938917
      70.0000000        4.9788161
      71.0000000        4.9828286
      72.0000000        4.9654209
      73.0000000        4.9457988
      74.0000000        4.9506268
      75.0000000        4.9433441
      76.0000000        4.8946083
      77.0000000        4.7883269
      78.0000000        4.6860743
      79.0000000        4.6179064
      80.0000000        4.5621448
      81.0000000        4.5110144
      82.0000000        4.4529229
      83.0000000        4.3832789
      84.0000000        4.2697697
      85.0000000        4.1566400
      86.0000000        4.0221840
      87.0000000        3.8969869
      88.0000000        3.8087819
      89.0000000        3.7561856
      90.0000000        3.7396253
      91.0000000        3.7544193
      92.0000000        3.7577573
      93.0000000        3.7718671
      94.0000000        3.8137336
      95.0000000        3.8480405
      96.0000000        3.8748855
      97.0000000        3.9192868
      98.0000000        3.9753374
      99.0000000        4.0187585
     100.0000000        4.0632379
     101.0000000        4.1255744
     102.0000000        4.1855246
     103.0000000        4.2566405
     104.0000000        4.3562103
     105.0000000        4.4602897
     106.0000000        4.5675229
     107.0000000        4.6417183
     108.0000000        4.6989403
     109.0000000        4.7948999
     110.0000000        4.9132696
     111.0000000        5.0244417
     112.0000000        5.0819818
     113.0000000        5.1289960
     114.0000000        5.1778104
     115.0000000        5.2461540
     116.0000000        5.3535693
     117.0000000        5.4670895
     118.0000000        5.5458788
     119.0000000        5.6185737
     120.0000000        5.6177843
     121.0000000        5.5715382
     122.0000000        5.5543552
     123.0000000        5.5106035
     124.0000000        5.4703418
     125.0000000        5.3805082
     126.0000000        5.2819916
     127.0000000        5.1525389
     128.0000000        5.0269639
     129.0000000        4.9139884
     130.0000000        4.8256604
     131.0000000        4.7246927
     132.0000000        4.6572970
     133.0000000        4.5716073
     134.0000000        4.4950041
     135.0000000        4.4115116
     136.0000000        4.3189821
     137.0000000        4.2346256
     138.0000000        4.1845065
     139.0000000        4.1604758
     140.0000000        4.1523474
     141.0000000        4.1496382
     142.0000000        4.1504710
     143.0000000        4.1258655
     144.0000000        4.0857988
     145.0000000        4.0474689
     146.0000000        4.0248331
     147.0000000        4.0261051
     148.0000000        4.0513624
     149.0000000        4.0754318
     150.0000000        4.0941307
     151.0000000        4.1029456
     152.0000000        4.0750273
     153.0000000        4.0570117
     154.0000000        4.0554398
     155.0000000        4.0544004
     156.0000000        4.0575196
     157.0000000        4.0472468
     158.0000000        4.0419876
     159.0000000        4.0330032
     160.0000000        4.0170473
     161.0000000        4.0037516
     162.0000000        4.0003626
     163.0000000        4.0026253
     164.0000000        3.9993589
     165.0000000        3.9730674
     166.0000000        3.9732460
     167.0000000        4.0111314
     168.0000000        4.0416210
     169.0000000        4.0805912
     170.0000000        4.0998422
     171.0000000        4.0974294
     172.0000000        4.0771729
     173.0000000        4.0434378
     174.0000000        4.0031974
     175.0000000        3.9479964
     176.0000000        3.8992072
     177.0000000        3.8784210
     178.0000000        3.8886232
     179.0000000        3.9022838
     180.0000000        3.9151395
     181.0000000        3.9286935
     182.0000000        3.9596292
     183.0000000        3.9959847
     184.0000000        4.0211925
     185.0000000        4.0406908
     186.0000000        4.0617507
     187.0000000        4.1235504
     188.0000000        4.1857582
     189.0000000        4.2661514
     190.0000000        4.3363513
     191.0000000        4.3928876
     192.0000000        4.4064430
     193.0000000        4.3605226
     194.0000000        4.2890822
     195.0000000        4.2548790
     196.0000000        4.2574429
     197.0000000        4.2753371
     198.0000000        4.3011429
     199.0000000        4.3459624
     200.0000000        4.4206528
     201.0000000        4.4715664
     202.0000000        4.4999484
     203.0000000        4.5360486
     204.0000000        4.5930241
     205.0000000        4.6244257
     206.0000000        4.7001355
     207.0000000        4.8180486
     208.0000000        4.8939186
     209.0000000        5.0017890
     210.0000000        5.1101369
     211.0000000        5.1970793
     212.0000000        5.2275908
     213.0000000        5.2519517
     214.0000000        5.2475072
     215.0000000        5.1950490
     216.0000000        5.1291755
     217.0000000        5.0794586
     218.0000000        5.0356337
     219.0000000        5.0309887
     220.0000000        5.0209353
     221.0000000        5.0021395
     222.0000000        5.0294856
     223.0000000        5.0779162
     224.0000000        5.0883472
     225.0000000        5.0620451
     226.0000000        5.0618527
     227.0000000        5.0871106
     228.0000000        5.1118691
     229.0000000        5.1174038
     230.0000000        5.0769098
     231.0000000        5.0582350
     232.0000000        5.0185932
     233.0000000        4.9837810
     234.0000000        4.9580833
     235.0000000        4.9416459
     236.0000000        4.9106913
     237.0000000        4.8792567
     238.0000000        4.8511302
     239.0000000        4.8403698
     240.0000000        4.8359256
     241.0000000        4.8193620
     242.0000000        4.8163273
     243.0000000        4.8090221
     244.0000000        4.7775081
     245.0000000        4.7344618
     246.0000000        4.6888071
     247.0000000        4.6819791
     248.0000000        4.7004079
     249.0000000        4.7522192
     250.0000000        4.7683368
     251.0000000        4.7669571
     252.0000000        4.7840519
     253.0000000        4.8392565
     254.0000000        4.9050995
     255.0000000        4.9755865
     256.0000000        5.0330815
     257.0000000        5.0653817
     258.0000000        5.1230939
     259.0000000        5.2292998
     260.0000000        5.3807223
     261.0000000        5.5331739
     262.0000000        5.6384329
     263.0000000        5.7658084
     264.0000000        5.8340982
     265.0000000        5.8384514
     266.0000000        5.8338079
     267.0000000        5.8530856
     268.0000000        5.8617927
     269.0000000        5.8654714
     270.0000000        5.9131793
     271.0000000        5.9098400
     272.0000000        5.8351525
     273.0000000        5.7362642
     274.0000000        5.6790416
     275.0000000        5.6607818
     276.0000000        5.6222268
     277.0000000        5.5550558
     278.0000000        5.4650956
     279.0000000        5.3518057
     280.0000000        5.2299776
     281.0000000        5.1609587
     282.0000000        5.0691895
     283.0000000        4.9727368
     284.0000000        4.8910762
     285.0000000        4.8312398
     286.0000000        4.7656877
     287.0000000        4.6906770
     288.0000000        4.6159400
     289.0000000        4.5124976
     290.0000000        4.4076854
     291.0000000        4.3502362
     292.0000000        4.2862937
     293.0000000        4.1807299
     294.0000000        4.0866464
     295.0000000        3.9815897
     296.0000000        3.8833228
     297.0000000        3.7940421
     298.0000000        3.6812549
     299.0000000        3.5861211
     300.0000000        3.5091676
     301.0000000        3.4405016
     302.0000000        3.3928079
     303.0000000        3.3620934
     304.0000000        3.3101952
     305.0000000        3.2613270
     306.0000000        3.2398484
     307.0000000        3.2369818
     308.0000000        3.2340209
     309.0000000        3.2278795
     310.0000000        3.2200555
     311.0000000        3.2145392
     312.0000000        3.2149069
     313.0000000        3.2353565
     314.0000000        3.2863686
     315.0000000        3.3475452
     316.0000000        3.4199868
     317.0000000        3.4943236
     318.0000000        3.5518951
     319.0000000        3.6218898
     320.0000000        3.7145438
     321.0000000        3.8236313
     322.0000000        3.9590548
     323.0000000        4.1351604
     324.0000000        4.3290298
     325.0000000        4.5162515
     326.0000000        4.6825989
     327.0000000        4.8463044
     328.0000000        5.0030978
     329.0000000        5.1629238
     330.0000000        5.2616644
     331.0000000        5.3092338
     332.0000000        5.3538912
     333.0000000        5.3815260
     334.0000000        5.3592152
     335.0000000        5.2966626
     336.0000000        5.2234901
     337.0000000        5.1563483
     338.0000000        5.1036839
     339.0000000        5.0335350
     340.0000000        4.9767840
     341.0000000        4.8859084
     342.0000000        4.8435084
     343.0000000        4.8188784
     344.0000000        4.8041047
     345.0000000        4.7878610
     346.0000000        4.7525118
     347.0000000        4.7100584
     348.0000000        4.6633271
     349.0000000        4.6515806
     350.0000000        4.6225758
     351.0000000        4.5910046
     352.0000000        4.5483288
     353.0000000        4.5094515
     354.0000000        4.4568689
     355.0000000        4.4321752
     356.0000000        4.4071245
     357.0000000        4.3920146
     358.0000000        4.3745013
     359.0000000        4.3233341
     360.0000000        4.2612574
     361.0000000        4.2178316
     362.0000000        4.1799434
     363.0000000        4.1472368
     364.0000000        4.1387033
     365.0000000        4.1197446
     366.0000000        4.0794134
     367.0000000        4.0142894
     368.0000000        3.9235417
     369.0000000        3.8298323
     370.0000000        3.7690392
     371.0000000        3.7376567
     372.0000000        3.7133052
     373.0000000        3.6868537
     374.0000000        3.6388586
     375.0000000        3.5833832
     376.0000000        3.5445200
     377.0000000        3.5192844
     378.0000000        3.5051709
     379.0000000        3.5147596
     380.0000000        3.5198981
     381.0000000        3.4935171
     382.0000000        3.4642322
     383.0000000        3.4429850
     384.0000000        3.4378585
     385.0000000        3.4347011
     386.0000000        3.4304149
     387.0000000        3.4335911
     388.0000000        3.4596267
     389.0000000        3.5018414
     390.0000000        3.5505860
     391.0000000        3.5724799
     392.0000000        3.5783804
     393.0000000        3.5682522
     394.0000000        3.5708924
     395.0000000        3.5912702
     396.0000000        3.6113993
     397.0000000        3.6317124
     398.0000000        3.6751013
     399.0000000        3.7368471
     400.0000000        3.8097951
     401.0000000        3.8813014
     402.0000000        3.9729387
     403.0000000        4.0583028
     404.0000000        4.0927372
     405.0000000        4.1365945
     406.0000000        4.1621641
     407.0000000        4.1679981
     408.0000000        4.2076810
     409.0000000        4.2547988
     410.0000000        4.3068324
     411.0000000        4.3490684
     412.0000000        4.3856514
     413.0000000        4.4513617
     414.0000000        4.5503336
     415.0000000        4.6449825
     416.0000000        4.6974847
     417.0000000        4.7704379
     418.0000000        4.8427984
     419.0000000        4.9513914
     420.0000000        5.0798989
     421.0000000        5.2419262
     422.0000000        5.4128171
     423.0000000        5.6054730
     424.0000000        5.8394645
     425.0000000        6.0529616
     426.0000000        6.2394718
     427.0000000        6.3672589
     428.0000000        6.5092899
     429.0000000        6.5342974
     430.0000000        6.5014863
     431.0000000        6.4692429
     432.0000000        6.4234641
     433.0000000        6.3080671
     434.0000000        6.2287280
     435.0000000        6.1882928
     436.0000000        6.1753377
     437.0000000        6.1836372
     438.0000000        6.1676255
     439.0000000        6.1164956
     440.0000000        6.0637851
     441.0000000        6.0526338
     442.0000000        6.0123384
     443.0000000        5.9192959
     444.0000000        5.8598906
     445.0000000        5.8296577
     446.0000000        5.7925715
     447.0000000        5.7594591
     448.0000000        5.6732660
     449.0000000        5.5525776
     450.0000000        5.4606743
     451.0000000        5.4184565
     452.0000000        5.3698562
     453.0000000        5.3001489
     454.0000000        5.2165689
     455.0000000        5.1433412
     456.0000000        5.1058247
     457.0000000        5.0529425
     458.0000000        5.0231501
     459.0000000        4.9878097
     460.0000000        4.9683657
     461.0000000        4.9638382
     462.0000000        4.9427744
     463.0000000        4.9541099
     464.0000000        4.9444490
     465.0000000        4.9266905
     466.0000000        4.8783715
     467.0000000        4.8038358
     468.0000000        4.7738862
     469.0000000        4.7673016
     470.0000000        4.7717702
     471.0000000        4.8214641
     472.0000000        4.8568603
     473.0000000        4.9062393
     474.0000000        4.9447125
     475.0000000        4.9746006
     476.0000000        4.9711550
     477.0000000        4.9845857
     478.0000000        4.9530054
     479.0000000        4.9201883
     480.0000000        4.9030454
     481.0000000        4.9110697
     482.0000000        4.9589670
     483.0000000        5.0297283
     484.0000000        5.0941232
     485.0000000        5.1598245
     486.0000000        5.1768108
     487.0000000        5.1619206
     488.0000000        5.1136021
     489.0000000        5.0203406
     490.0000000        4.9258992
     491.0000000        4.8636410
     492.0000000        4.7805365
     493.0000000        4.6990106
     494.0000000        4.6238193
     495.0000000        4.5346730
     496.0000000        4.4474634
     497.0000000        4.3752801
     498.0000000        4.3065966
     499.0000000        4.2291578
     500.0000000        4.1516358
     501.0000000        4.1055682
     502.0000000        4.0612942
     503.0000000        3.9921849
     504.0000000        3.9119943
     505.0000000        3.8474791
     506.0000000        3.8339029
     507.0000000        3.8505541
     508.0000000        3.8808229
     509.0000000        3.9177019
     510.0000000        3.9582639
     511.0000000        4.0101916
     512.0000000        4.0500390
     513.0000000        4.0831050
     514.0000000        4.0917733
     515.0000000        4.1093586
     516.0000000        4.1767073
     517.0000000        4.2474970
     518.0000000        4.3002559
     519.0000000        4.3569046
     520.0000000        4.3963421
     521.0000000        4.4201520
     522.0000000        4.4204144
     523.0000000        4.4047173
     524.0000000        4.3810148
     525.0000000        4.3655174
     526.0000000        4.3588018
     527.0000000        4.3398457
     528.0000000        4.3474984
     529.0000000        4.3846387
     530.0000000        4.4100564
     531.0000000        4.4262585
     532.0000000        4.4350482
     533.0000000        4.4651122
     534.0000000        4.4969221
     535.0000000        4.5546081
     536.0000000        4.5853013
     537.0000000        4.5884682
     538.0000000        4.5820482
     539.0000000        4.6231540
     540.0000000        4.7113118
     541.0000000        4.8182043
     542.0000000        4.9239143
     543.0000000        4.9664461
     544.0000000        5.0106126
     545.0000000        5.1041713
     546.0000000        5.1719277
     547.0000000        5.1950792
     548.0000000        5.2832948
     549.0000000        5.3580335
     550.0000000        5.4100768
     551.0000000        5.4619782
     552.0000000        5.4736288
     553.0000000        5.4869311
     554.0000000        5.4837032
     555.0000000        5.4473089
     556.0000000        5.4069019
     557.0000000        5.4098308
     558.0000000        5.4033081
     559.0000000        5.3710423
     560.0000000        5.3657400
     561.0000000        5.3977332
     562.0000000        5.3781207
     563.0000000        5.3352295
     564.0000000        5.3139141
     565.0000000        5.2497671
     566.0000000        5.1676500
     567.0000000        5.0936621
     568.0000000        4.9874792
     569.0000000        4.8984882
     570.0000000        4.8162764
     571.0000000        4.7491086
     572.0000000        4.6554090
     573.0000000        4.5436666
     574.0000000        4.4467217
     575.0000000        4.3467313
     576.0000000        4.2637614
     577.0000000        4.1764052
     578.0000000        4.0855278
     579.0000000        3.9983062
     580.0000000        3.8806869
     581.0000000        3.7410795
     582.0000000        3.6452603
     583.0000000        3.5766494
     584.0000000        3.5258064
     585.0000000        3.5010164
     586.0000000        3.4853575
     587.0000000        3.4892077
     588.0000000        3.5037388
     589.0000000        3.5270398
     590.0000000        3.5506688
     591.0000000        3.5961148
     592.0000000        3.6421039
     593.0000000        3.6807556
     594.0000000        3.7022683
     595.0000000        3.7308057
     596.0000000        3.7590999
     597.0000000        3.7855061
     598.0000000        3.8141964
     599.0000000        3.8019137
     600.0000000        3.7760322
