       1.0000000        0.3124160
       2.0000000        0.3025064
       3.0000000        0.2973255
       4.0000000        0.2913812
       5.0000000        0.2876703
       6.0000000        0.2882960
       7.0000000        0.2852543
       8.0000000        0.2800005
       9.0000000        0.2750758
      10.0000000        0.2775383
      11.0000000        0.2851537
      12.0000000        0.2919277
      13.0000000        0.2980118
      14.0000000        0.3054472
      15.0000000        0.3100716
      16.0000000        0.3118483
      17.0000000        0.3099611
      18.0000000        0.3063223
      19.0000000        0.3078044
      20.0000000        0.3070548
      21.0000000        0.3009242
      22.0000000        0.2944566
      23.0000000        0.2915161
      24.0000000        0.2890039
      25.0000000        0.2852476
      26.0000000        0.2832875
      27.0000000        0.2809461
      28.0000000        0.2796205
      29.0000000        0.2753733
      30.0000000        0.2712075
      31.0000000        0.2691561
      32.0000000        0.2695299
      33.0000000        0.2705912
      34.0000000        0.2637101
      35.0000000        0.2585208
      36.0000000        0.2553707
      37.0000000        0.2511568
      38.0000000        0.2461042
      39.0000000        0.2411592
      40.0000000        0.2409304
      41.0000000        0.2430231
      42.0000000        0.2429891
      43.0000000        0.2423132
      44.0000000        0.2408496
      45.0000000        0.2414931
      46.0000000        0.2402278
      47.0000000        0.2397227
      48.0000000        0.2396255
      49.0000000        0.2385019
      50.0000000        0.2408467
      51.0000000        0.2417999
      52.0000000        0.2397034
      53.0000000        0.2364758
      54.0000000        0.2364522
      55.0000000        0.2406439
      56.0000000        0.2488996
      57.0000000        0.2588321
      58.0000000        0.2695387
      59.0000000        0.2738391
      60.0000000        0.2733653
      61.0000000        0.2761526
      62.0000000        0.2766586
      63.0000000        0.2780512
      64.0000000        0.2835338
      65.0000000        0.2904618
      66.0000000        0.2997296
      67.0000000        0.3033674
      68.0000000        0.2990744
      69.0000000        0.2932659
      70.0000000        0.2927492
      71.0000000        0.2940833
      72.0000000        0.2921237
      73.0000000        0.2913052
      74.0000000        0.2937071
      75.0000000        0.2942384
      76.0000000        0.2889143
      77.0000000        0.2757864
      78.0000000        0.2649548
      79.0000000        0.2577370
      80.0000000        0.2510984
      81.0000000        0.2451352
      82.0000000        0.2387978
      83.0000000        0.2314181
      84.0000000        0.2184208
      85.0000000        0.2054864
      86.0000000        0.1902508
      87.0000000        0.1781974
      88.0000000        0.1704275
      89.0000000        0.1660009
      90.0000000        0.1641316
      91.0000000        0.1646249
      92.0000000        0.1648907
      93.0000000        0.1670585
      94.0000000        0.1713819
      95.0000000        0.1746454
      96.0000000        0.1769136
      97.0000000        0.1813244
      98.0000000        0.1866049
      99.0000000        0.1911370
     100.0000000        0.1958857
     101.0000000        0.2018301
     102.0000000        0.2073785
     103.0000000        0.2149976
     104.0000000        0.2262444
     105.0000000        0.2369998
     106.0000000        0.2480781
     107.0000000        0.2552022
     108.0000000        0.2603694
     109.0000000        0.2709639
     110.0000000        0.2843391
     111.0000000        0.2966984
     112.0000000        0.3038390
     113.0000000        0.3086693
     114.0000000        0.3154409
     115.0000000        0.3251976
     116.0000000        0.3393488
     117.0000000        0.3552317
     118.0000000        0.3666529
     119.0000000        0.3762517
     120.0000000        0.3783545
     121.0000000        0.3741226
     122.0000000        0.3733738
     123.0000000        0.3689059
     124.0000000        0.3635088
     125.0000000        0.3508215
     126.0000000        0.3369958
     127.0000000        0.3210407
     128.0000000        0.3055920
     129.0000000        0.2913178
     130.0000000        0.2800827
     131.0000000        0.2682040
     132.0000000        0.2600981
     133.0000000        0.2497491
     134.0000000        0.2419423
     135.0000000        0.2326265
     136.0000000        0.2225696
     137.0000000        0.2139552
     138.0000000        0.2085289
     139.0000000        0.2057278
     140.0000000        0.2040800
     141.0000000        0.2025655
     142.0000000        0.2014249
     143.0000000        0.1981039
     144.0000000        0.1934252
     145.0000000        0.1903504
     146.0000000        0.1900566
     147.0000000        0.1907527
     148.0000000        0.1932840
     149.0000000        0.1958358
     150.0000000        0.1979865
     151.0000000        0.1989467
     152.0000000        0.1967533
     153.0000000        0.1961912
     154.0000000        0.1961907
     155.0000000        0.1958502
     156.0000000        0.1945246
     157.0000000        0.1918195
     158.0000000        0.1902022
     159.0000000        0.1883090
     160.0000000        0.1861463
     161.0000000        0.1846486
     162.0000000        0.1837465
     163.0000000        0.1834834
     164.0000000        0.1826258
     165.0000000        0.1805543
     166.0000000        0.1825528
     167.0000000        0.1882776
     168.0000000        0.1926104
     169.0000000        0.1975222
     170.0000000        0.1999137
     171.0000000        0.1981936
     172.0000000        0.1953488
     173.0000000        0.1924052
     174.0000000        0.1886803
     175.0000000        0.1836511
     176.0000000        0.1777199
     177.0000000        0.1757498
     178.0000000        0.1773142
     179.0000000        0.1782974
     180.0000000        0.1784673
     181.0000000        0.1795471
     182.0000000        0.1827625
     183.0000000        0.1864378
     184.0000000        0.1878522
     185.0000000        0.1905284
     186.0000000        0.1938915
     187.0000000        0.2001108
     188.0000000        0.2074828
     189.0000000        0.2159174
     190.0000000        0.2230575
     191.0000000        0.2287158
     192.0000000        0.2289547
     193.0000000        0.2227716
     194.0000000        0.2143183
     195.0000000        0.2116913
     196.0000000        0.2133460
     197.0000000        0.2151129
     198.0000000        0.2173157
     199.0000000        0.2209893
     200.0000000        0.2281292
     201.0000000        0.2325957
     202.0000000        0.2351745
     203.0000000        0.2383731
     204.0000000        0.2450808
     205.0000000        0.2485867
     206.0000000        0.2567837
     207.0000000        0.2695252
     208.0000000        0.2791330
     209.0000000        0.2947343
     210.0000000        0.3101065
     211.0000000        0.3228730
     212.0000000        0.3277856
     213.0000000        0.3329005
     214.0000000        0.3328163
     215.0000000        0.3253248
     216.0000000        0.3174821
     217.0000000        0.3112073
     218.0000000        0.3052024
     219.0000000        0.3042863
     220.0000000        0.3033870
     221.0000000        0.3003540
     222.0000000        0.3029496
     223.0000000        0.3096913
     224.0000000        0.3106860
     225.0000000        0.3082801
     226.0000000        0.3077484
     227.0000000        0.3111953
     228.0000000        0.3155846
     229.0000000        0.3153344
     230.0000000        0.3098149
     231.0000000        0.3086395
     232.0000000        0.3042464
     233.0000000        0.2993034
     234.0000000        0.2967592
     235.0000000        0.2930570
     236.0000000        0.2893012
     237.0000000        0.2865364
     238.0000000        0.2832075
     239.0000000        0.2826168
     240.0000000        0.2833079
     241.0000000        0.2816655
     242.0000000        0.2815029
     243.0000000        0.2800964
     244.0000000        0.2749948
     245.0000000        0.2694909
     246.0000000        0.2642472
     247.0000000        0.2638103
     248.0000000        0.2658314
     249.0000000        0.2724368
     250.0000000        0.2740652
     251.0000000        0.2741675
     252.0000000        0.2742849
     253.0000000        0.2803566
     254.0000000        0.2887698
     255.0000000        0.2967430
     256.0000000        0.3024642
     257.0000000        0.3038484
     258.0000000        0.3106323
     259.0000000        0.3241042
     260.0000000        0.3446872
     261.0000000        0.3650916
     262.0000000        0.3795364
     263.0000000        0.3958431
     264.0000000        0.4051755
     265.0000000        0.4067747
     266.0000000        0.4074942
     267.0000000        0.4122876
     268.0000000        0.4138724
     269.0000000        0.4134638
     270.0000000        0.4201269
     271.0000000        0.4193734
     272.0000000        0.4094858
     273.0000000        0.3954524
     274.0000000        0.3876198
     275.0000000        0.3840519
     276.0000000        0.3796686
     277.0000000        0.3712267
     278.0000000        0.3597759
     279.0000000        0.3453674
     280.0000000        0.3292772
     281.0000000        0.3214844
     282.0000000        0.3107079
     283.0000000        0.2992452
     284.0000000        0.2895627
     285.0000000        0.2828067
     286.0000000        0.2756543
     287.0000000        0.2653835
     288.0000000        0.2559898
     289.0000000        0.2438888
     290.0000000        0.2325718
     291.0000000        0.2270459
     292.0000000        0.2208284
     293.0000000        0.2087626
     294.0000000        0.1970610
     295.0000000        0.1850240
     296.0000000        0.1761024
     297.0000000        0.1673780
     298.0000000        0.1566750
     299.0000000        0.1486670
     300.0000000        0.1434938
     301.0000000        0.1382486
     302.0000000        0.1350971
     303.0000000        0.1306449
     304.0000000        0.1253461
     305.0000000        0.1226215
     306.0000000        0.1219080
     307.0000000        0.1212136
     308.0000000        0.1202193
     309.0000000        0.1183638
     310.0000000        0.1176084
     311.0000000        0.1178139
     312.0000000        0.1180928
     313.0000000        0.1204535
     314.0000000        0.1242838
     315.0000000        0.1289867
     316.0000000        0.1340808
     317.0000000        0.1385754
     318.0000000        0.1443407
     319.0000000        0.1503317
     320.0000000        0.1590996
     321.0000000        0.1693573
     322.0000000        0.1824443
     323.0000000        0.1997442
     324.0000000        0.2193615
     325.0000000        0.2385879
     326.0000000        0.2566218
     327.0000000        0.2756234
     328.0000000        0.2957466
     329.0000000        0.3167650
     330.0000000        0.3301399
     331.0000000        0.3366455
     332.0000000        0.3418052
     333.0000000        0.3451116
     334.0000000        0.3419223
     335.0000000        0.3347698
     336.0000000        0.3251869
     337.0000000        0.3175983
     338.0000000        0.3131772
     339.0000000        0.3042512
     340.0000000        0.2974009
     341.0000000        0.2870743
     342.0000000        0.2820446
     343.0000000        0.2787865
     344.0000000        0.2764196
     345.0000000        0.2733588
     346.0000000        0.2696978
     347.0000000        0.2644737
     348.0000000        0.2590269
     349.0000000        0.2582993
     350.0000000        0.2547452
     351.0000000        0.2512738
     352.0000000        0.2467658
     353.0000000        0.2421543
     354.0000000        0.2363647
     355.0000000        0.2333355
     356.0000000        0.2302052
     357.0000000        0.2277201
     358.0000000        0.2249706
     359.0000000        0.2193458
     360.0000000        0.2137836
     361.0000000        0.2095738
     362.0000000        0.2070423
     363.0000000        0.2054114
     364.0000000        0.2054213
     365.0000000        0.2026734
     366.0000000        0.1972844
     367.0000000        0.1893563
     368.0000000        0.1795196
     369.0000000        0.1713317
     370.0000000        0.1660075
     371.0000000        0.1644857
     372.0000000        0.1618323
     373.0000000        0.1574540
     374.0000000        0.1534334
     375.0000000        0.1478164
     376.0000000        0.1451449
     377.0000000        0.1443737
     378.0000000        0.1434859
     379.0000000        0.1438106
     380.0000000        0.1418151
     381.0000000        0.1389660
     382.0000000        0.1373935
     383.0000000        0.1370694
     384.0000000        0.1370013
     385.0000000        0.1360884
     386.0000000        0.1358407
     387.0000000        0.1373664
     388.0000000        0.1404971
     389.0000000        0.1442078
     390.0000000        0.1467979
     391.0000000        0.1470813
     392.0000000        0.1468757
     393.0000000        0.1473699
     394.0000000        0.1495377
     395.0000000        0.1516170
     396.0000000        0.1518971
     397.0000000        0.1535022
     398.0000000        0.1590431
     399.0000000        0.1662356
     400.0000000        0.1733286
     401.0000000        0.1805075
     402.0000000        0.1901805
     403.0000000        0.1983393
     404.0000000        0.2021862
     405.0000000        0.2064781
     406.0000000        0.2093279
     407.0000000        0.2103879
     408.0000000        0.2145537
     409.0000000        0.2193525
     410.0000000        0.2244484
     411.0000000        0.2285986
     412.0000000        0.2331457
     413.0000000        0.2407876
     414.0000000        0.2515292
     415.0000000        0.2610261
     416.0000000        0.2657845
     417.0000000        0.2717233
     418.0000000        0.2774821
     419.0000000        0.2874337
     420.0000000        0.3014242
     421.0000000        0.3200846
     422.0000000        0.3403529
     423.0000000        0.3680149
     424.0000000        0.4021017
     425.0000000        0.4328001
     426.0000000        0.4630693
     427.0000000        0.4829792
     428.0000000        0.5061533
     429.0000000        0.5106924
     430.0000000        0.5066727
     431.0000000        0.5038969
     432.0000000        0.4967071
     433.0000000        0.4803848
     434.0000000        0.4663252
     435.0000000        0.4591874
     436.0000000        0.4568117
     437.0000000        0.4575188
     438.0000000        0.4537616
     439.0000000        0.4469242
     440.0000000        0.4413882
     441.0000000        0.4378576
     442.0000000        0.4315256
     443.0000000        0.4188902
     444.0000000        0.4116662
     445.0000000        0.4082293
     446.0000000        0.4040718
     447.0000000        0.3992955
     448.0000000        0.3861219
     449.0000000        0.3693242
     450.0000000        0.3570803
     451.0000000        0.3500653
     452.0000000        0.3440287
     453.0000000        0.3349589
     454.0000000        0.3235571
     455.0000000        0.3138402
     456.0000000        0.3106485
     457.0000000        0.3054103
     458.0000000        0.3026632
     459.0000000        0.2983532
     460.0000000        0.2959256
     461.0000000        0.2954299
     462.0000000        0.2935272
     463.0000000        0.2939109
     464.0000000        0.2915257
     465.0000000        0.2878604
     466.0000000        0.2816664
     467.0000000        0.2727604
     468.0000000        0.2689884
     469.0000000        0.2673714
     470.0000000        0.2692849
     471.0000000        0.2763735
     472.0000000        0.2810087
     473.0000000        0.2872177
     474.0000000        0.2925573
     475.0000000        0.2976377
     476.0000000        0.2972640
     477.0000000        0.2988042
     478.0000000        0.2955674
     479.0000000        0.2904725
     480.0000000        0.2867431
     481.0000000        0.2877003
     482.0000000        0.2925174
     483.0000000        0.3011413
     484.0000000        0.3093531
     485.0000000        0.3182673
     486.0000000        0.3214791
     487.0000000        0.3195837
     488.0000000        0.3140399
     489.0000000        0.3026354
     490.0000000        0.2912829
     491.0000000        0.2848255
     492.0000000        0.2754994
     493.0000000        0.2655141
     494.0000000        0.2573711
     495.0000000        0.2472566
     496.0000000        0.2380476
     497.0000000        0.2299160
     498.0000000        0.2226657
     499.0000000        0.2155938
     500.0000000        0.2075120
     501.0000000        0.2018170
     502.0000000        0.1950214
     503.0000000        0.1860850
     504.0000000        0.1782182
     505.0000000        0.1725495
     506.0000000        0.1717881
     507.0000000        0.1728759
     508.0000000        0.1743396
     509.0000000        0.1774244
     510.0000000        0.1824416
     511.0000000        0.1881398
     512.0000000        0.1913373
     513.0000000        0.1937604
     514.0000000        0.1943707
     515.0000000        0.1968595
     516.0000000        0.2044679
     517.0000000        0.2123405
     518.0000000        0.2181926
     519.0000000        0.2240376
     520.0000000        0.2283524
     521.0000000        0.2323227
     522.0000000        0.2333687
     523.0000000        0.2313246
     524.0000000        0.2292650
     525.0000000        0.2272459
     526.0000000        0.2260264
     527.0000000        0.2234317
     528.0000000        0.2252185
     529.0000000        0.2289260
     530.0000000        0.2320421
     531.0000000        0.2341741
     532.0000000        0.2343778
     533.0000000        0.2368801
     534.0000000        0.2404877
     535.0000000        0.2471096
     536.0000000        0.2505709
     537.0000000        0.2493748
     538.0000000        0.2476673
     539.0000000        0.2511648
     540.0000000        0.2607361
     541.0000000        0.2741689
     542.0000000        0.2869437
     543.0000000        0.2908084
     544.0000000        0.2955134
     545.0000000        0.3064964
     546.0000000        0.3148251
     547.0000000        0.3176012
     548.0000000        0.3288870
     549.0000000        0.3384109
     550.0000000        0.3458038
     551.0000000        0.3541422
     552.0000000        0.3563260
     553.0000000        0.3578092
     554.0000000        0.3576036
     555.0000000        0.3529112
     556.0000000        0.3476838
     557.0000000        0.3491285
     558.0000000        0.3480208
     559.0000000        0.3426843
     560.0000000        0.3420354
     561.0000000        0.3476075
     562.0000000        0.3446903
     563.0000000        0.3395872
     564.0000000        0.3379164
     565.0000000        0.3303537
     566.0000000        0.3203670
     567.0000000        0.3112460
     568.0000000        0.2990564
     569.0000000        0.2883823
     570.0000000        0.2791615
     571.0000000        0.2724998
     572.0000000        0.2610380
     573.0000000        0.2483254
     574.0000000        0.2378042
     575.0000000        0.2265220
     576.0000000        0.2178660
     577.0000000        0.2082993
     578.0000000        0.1984649
     579.0000000        0.1887835
     580.0000000        0.1750191
     581.0000000        0.1620317
     582.0000000        0.1528874
     583.0000000        0.1472288
     584.0000000        0.1433410
     585.0000000        0.1420138
     586.0000000        0.1408099
     587.0000000        0.1414408
     588.0000000        0.1433905
     589.0000000        0.1459731
     590.0000000        0.1478768
     591.0000000        0.1506331
     592.0000000        0.1538798
     593.0000000        0.1574988
     594.0000000        0.1608547
     595.0000000        0.1646043
     596.0000000        0.1683142
     597.0000000        0.1714243
     598.0000000        0.1716645
     599.0000000        0.1684542
     600.0000000        0.1668328
