       1.0000000        3.6198533
       2.0000000        3.5560095
       3.0000000        3.4056613
       4.0000000        3.2610073
       5.0000000        3.1222069
       6.0000000        3.0179682
       7.0000000        2.9316187
       8.0000000        2.8638546
       9.0000000        2.8084023
      10.0000000        2.7588942
      11.0000000        2.7161436
      12.0000000        2.6780941
      13.0000000        2.6467524
      14.0000000        2.6208184
      15.0000000        2.5931668
      16.0000000        2.5728376
      17.0000000        2.5643985
      18.0000000        2.5561504
      19.0000000        2.5450292
      20.0000000        2.5375421
      21.0000000        2.5324583
      22.0000000        2.5320399
      23.0000000        2.5349824
      24.0000000        2.5332007
      25.0000000        2.5300572
      26.0000000        2.5288699
      27.0000000        2.5358975
      28.0000000        2.5397339
      29.0000000        2.5488925
      30.0000000        2.5556552
      31.0000000        2.5517132
      32.0000000        2.5515277
      33.0000000        2.5529315
      34.0000000        2.5602663
      35.0000000        2.5605438
      36.0000000        2.5644310
      37.0000000        2.5653117
      38.0000000        2.5754626
      39.0000000        2.5874765
      40.0000000        2.6050851
      41.0000000        2.6238003
      42.0000000        2.6351717
      43.0000000        2.6425169
      44.0000000        2.6416929
      45.0000000        2.6405077
      46.0000000        2.6304033
      47.0000000        2.6154408
      48.0000000        2.6086130
      49.0000000        2.6037431
      50.0000000        2.5987394
      51.0000000        2.6016254
      52.0000000        2.5975664
      53.0000000        2.5959153
      54.0000000        2.6019478
      55.0000000        2.6151512
      56.0000000        2.6269374
      57.0000000        2.6438622
      58.0000000        2.6585495
      59.0000000        2.6696179
      60.0000000        2.6820211
      61.0000000        2.6984837
      62.0000000        2.7047641
      63.0000000        2.7105470
      64.0000000        2.7140541
      65.0000000        2.7067268
      66.0000000        2.7079351
      67.0000000        2.6922083
      68.0000000        2.6730766
      69.0000000        2.6606679
      70.0000000        2.6517763
      71.0000000        2.6539705
      72.0000000        2.6450641
      73.0000000        2.6339967
      74.0000000        2.6208768
      75.0000000        2.6093135
      76.0000000        2.5967073
      77.0000000        2.5923791
      78.0000000        2.5932016
      79.0000000        2.5876055
      80.0000000        2.5852747
      81.0000000        2.5800726
      82.0000000        2.5847642
      83.0000000        2.5945010
      84.0000000        2.5973232
      85.0000000        2.5989106
      86.0000000        2.6002247
      87.0000000        2.6074944
      88.0000000        2.6152906
      89.0000000        2.6148713
      90.0000000        2.6124856
      91.0000000        2.6119359
      92.0000000        2.6103172
      93.0000000        2.6020429
      94.0000000        2.5898137
      95.0000000        2.5806174
      96.0000000        2.5691166
      97.0000000        2.5675356
      98.0000000        2.5672657
      99.0000000        2.5639746
     100.0000000        2.5631623
     101.0000000        2.5649805
     102.0000000        2.5602593
     103.0000000        2.5612926
     104.0000000        2.5634389
     105.0000000        2.5627131
     106.0000000        2.5509577
     107.0000000        2.5435154
     108.0000000        2.5444469
     109.0000000        2.5471241
     110.0000000        2.5603569
     111.0000000        2.5712407
     112.0000000        2.5842469
     113.0000000        2.5869071
     114.0000000        2.5856490
     115.0000000        2.5858996
     116.0000000        2.5829232
     117.0000000        2.5728807
     118.0000000        2.5668628
     119.0000000        2.5668769
     120.0000000        2.5697618
     121.0000000        2.5719056
     122.0000000        2.5695994
     123.0000000        2.5631115
     124.0000000        2.5549262
     125.0000000        2.5569267
     126.0000000        2.5571642
     127.0000000        2.5551646
     128.0000000        2.5549200
     129.0000000        2.5575724
     130.0000000        2.5624282
     131.0000000        2.5680523
     132.0000000        2.5742421
     133.0000000        2.5805328
     134.0000000        2.5751290
     135.0000000        2.5670078
     136.0000000        2.5582578
     137.0000000        2.5466726
     138.0000000        2.5449569
     139.0000000        2.5490632
     140.0000000        2.5493455
     141.0000000        2.5516558
     142.0000000        2.5545011
     143.0000000        2.5640490
     144.0000000        2.5720263
     145.0000000        2.5806308
     146.0000000        2.5829787
     147.0000000        2.5821400
     148.0000000        2.5749021
     149.0000000        2.5739167
     150.0000000        2.5753036
     151.0000000        2.5835226
     152.0000000        2.5899506
     153.0000000        2.5973434
     154.0000000        2.6083758
     155.0000000        2.6137872
     156.0000000        2.6202433
     157.0000000        2.6280477
     158.0000000        2.6445782
     159.0000000        2.6482570
     160.0000000        2.6540322
     161.0000000        2.6582553
     162.0000000        2.6541839
     163.0000000        2.6477556
     164.0000000        2.6389251
     165.0000000        2.6264932
     166.0000000        2.6161730
     167.0000000        2.6052525
     168.0000000        2.5955870
     169.0000000        2.5969281
     170.0000000        2.5930305
     171.0000000        2.5891542
     172.0000000        2.5909047
     173.0000000        2.5982895
     174.0000000        2.6143360
     175.0000000        2.6363578
     176.0000000        2.6540952
     177.0000000        2.6626091
     178.0000000        2.6686211
     179.0000000        2.6732628
     180.0000000        2.6779039
     181.0000000        2.6855383
     182.0000000        2.6875622
     183.0000000        2.6913877
     184.0000000        2.6938224
     185.0000000        2.6984212
     186.0000000        2.7098048
     187.0000000        2.7063699
     188.0000000        2.7005041
     189.0000000        2.6898165
     190.0000000        2.6707230
     191.0000000        2.6496661
     192.0000000        2.6339729
     193.0000000        2.6141746
     194.0000000        2.5932598
     195.0000000        2.5724816
     196.0000000        2.5609717
     197.0000000        2.5467579
     198.0000000        2.5337508
     199.0000000        2.5322118
     200.0000000        2.5310869
     201.0000000        2.5335877
     202.0000000        2.5408354
     203.0000000        2.5497565
     204.0000000        2.5600820
     205.0000000        2.5709710
     206.0000000        2.5760083
     207.0000000        2.5816064
     208.0000000        2.5889273
     209.0000000        2.5978825
     210.0000000        2.6066413
     211.0000000        2.6171808
     212.0000000        2.6235240
     213.0000000        2.6371279
     214.0000000        2.6508310
     215.0000000        2.6643329
     216.0000000        2.6744967
     217.0000000        2.6873980
     218.0000000        2.7021487
     219.0000000        2.7064919
     220.0000000        2.7050219
     221.0000000        2.7005141
     222.0000000        2.6948035
     223.0000000        2.6872270
     224.0000000        2.6810460
     225.0000000        2.6777537
     226.0000000        2.6757846
     227.0000000        2.6679459
     228.0000000        2.6606717
     229.0000000        2.6513519
     230.0000000        2.6456897
     231.0000000        2.6379337
     232.0000000        2.6336405
     233.0000000        2.6274371
     234.0000000        2.6260972
     235.0000000        2.6218965
     236.0000000        2.6235678
     237.0000000        2.6257758
     238.0000000        2.6249702
     239.0000000        2.6199462
     240.0000000        2.6134179
     241.0000000        2.6022193
     242.0000000        2.5983975
     243.0000000        2.5901747
     244.0000000        2.5838370
     245.0000000        2.5750287
     246.0000000        2.5757616
     247.0000000        2.5720460
     248.0000000        2.5718696
     249.0000000        2.5769472
     250.0000000        2.5920618
     251.0000000        2.6084909
     252.0000000        2.6216471
     253.0000000        2.6345508
     254.0000000        2.6408718
     255.0000000        2.6340435
     256.0000000        2.6216726
     257.0000000        2.6060898
     258.0000000        2.5945799
     259.0000000        2.5869575
     260.0000000        2.5784049
     261.0000000        2.5695658
     262.0000000        2.5587649
     263.0000000        2.5442269
     264.0000000        2.5340452
     265.0000000        2.5244474
     266.0000000        2.5207088
     267.0000000        2.5243773
     268.0000000        2.5311327
     269.0000000        2.5270674
     270.0000000        2.5253489
     271.0000000        2.5224826
     272.0000000        2.5207834
     273.0000000        2.5169444
     274.0000000        2.5170493
     275.0000000        2.5218177
     276.0000000        2.5311100
     277.0000000        2.5406802
     278.0000000        2.5550470
     279.0000000        2.5688992
     280.0000000        2.5830073
     281.0000000        2.5998337
     282.0000000        2.6103294
     283.0000000        2.6174748
     284.0000000        2.6264539
     285.0000000        2.6341922
     286.0000000        2.6378529
     287.0000000        2.6419220
     288.0000000        2.6455140
     289.0000000        2.6478825
     290.0000000        2.6537194
     291.0000000        2.6703429
     292.0000000        2.6864297
     293.0000000        2.6930747
     294.0000000        2.6910694
     295.0000000        2.6914301
     296.0000000        2.6931190
     297.0000000        2.6961493
     298.0000000        2.6855562
     299.0000000        2.6684337
     300.0000000        2.6421192
     301.0000000        2.6240649
     302.0000000        2.6158552
     303.0000000        2.6112359
     304.0000000        2.6138957
     305.0000000        2.6165066
     306.0000000        2.6184995
     307.0000000        2.6208351
     308.0000000        2.6200421
     309.0000000        2.6163387
     310.0000000        2.6100602
     311.0000000        2.5985742
     312.0000000        2.5841730
     313.0000000        2.5697904
     314.0000000        2.5584345
     315.0000000        2.5605881
     316.0000000        2.5540626
     317.0000000        2.5486546
     318.0000000        2.5439076
     319.0000000        2.5431151
     320.0000000        2.5482416
     321.0000000        2.5564873
     322.0000000        2.5571592
     323.0000000        2.5608480
     324.0000000        2.5635593
     325.0000000        2.5576046
     326.0000000        2.5553989
     327.0000000        2.5518966
     328.0000000        2.5498364
     329.0000000        2.5497446
     330.0000000        2.5468173
     331.0000000        2.5529683
     332.0000000        2.5600469
     333.0000000        2.5669444
     334.0000000        2.5692875
     335.0000000        2.5747766
     336.0000000        2.5777228
     337.0000000        2.5838952
     338.0000000        2.5922871
     339.0000000        2.5962369
     340.0000000        2.6045940
     341.0000000        2.6088161
     342.0000000        2.6080809
     343.0000000        2.6041758
     344.0000000        2.5968084
     345.0000000        2.5833411
     346.0000000        2.5741572
     347.0000000        2.5753665
     348.0000000        2.5707116
     349.0000000        2.5590079
     350.0000000        2.5521069
     351.0000000        2.5456216
     352.0000000        2.5406942
     353.0000000        2.5382061
     354.0000000        2.5377254
     355.0000000        2.5390561
     356.0000000        2.5421486
     357.0000000        2.5454209
     358.0000000        2.5502851
     359.0000000        2.5570245
     360.0000000        2.5661592
     361.0000000        2.5723219
     362.0000000        2.5767963
     363.0000000        2.5733480
     364.0000000        2.5735283
     365.0000000        2.5687039
     366.0000000        2.5652032
     367.0000000        2.5673130
     368.0000000        2.5682499
     369.0000000        2.5740731
     370.0000000        2.5787513
     371.0000000        2.5764966
     372.0000000        2.5747983
     373.0000000        2.5718713
     374.0000000        2.5606546
     375.0000000        2.5489156
     376.0000000        2.5451174
     377.0000000        2.5468111
     378.0000000        2.5469112
     379.0000000        2.5502203
     380.0000000        2.5529678
     381.0000000        2.5512834
     382.0000000        2.5479460
     383.0000000        2.5549028
     384.0000000        2.5622587
     385.0000000        2.5653477
     386.0000000        2.5720170
     387.0000000        2.5777841
     388.0000000        2.5779014
     389.0000000        2.5753932
     390.0000000        2.5678277
     391.0000000        2.5712869
     392.0000000        2.5833087
     393.0000000        2.5927308
     394.0000000        2.6014066
     395.0000000        2.6055930
     396.0000000        2.6047180
     397.0000000        2.6066170
     398.0000000        2.6090932
     399.0000000        2.6030433
     400.0000000        2.5977409
     401.0000000        2.5879462
     402.0000000        2.5711901
     403.0000000        2.5585272
     404.0000000        2.5432305
     405.0000000        2.5341537
     406.0000000        2.5319216
     407.0000000        2.5420160
     408.0000000        2.5533953
     409.0000000        2.5649674
     410.0000000        2.5727909
     411.0000000        2.5771732
     412.0000000        2.5753052
     413.0000000        2.5680027
     414.0000000        2.5643787
     415.0000000        2.5589826
     416.0000000        2.5583825
     417.0000000        2.5596249
     418.0000000        2.5627234
     419.0000000        2.5648656
     420.0000000        2.5674605
     421.0000000        2.5647569
     422.0000000        2.5641699
     423.0000000        2.5631003
     424.0000000        2.5632346
     425.0000000        2.5632238
     426.0000000        2.5570405
     427.0000000        2.5585220
     428.0000000        2.5584548
     429.0000000        2.5589004
     430.0000000        2.5549965
     431.0000000        2.5575316
     432.0000000        2.5474727
     433.0000000        2.5368993
     434.0000000        2.5245180
     435.0000000        2.5133288
     436.0000000        2.5077415
     437.0000000        2.5130014
     438.0000000        2.5228491
     439.0000000        2.5382659
     440.0000000        2.5520966
     441.0000000        2.5696182
     442.0000000        2.5862651
     443.0000000        2.6020329
     444.0000000        2.6211369
     445.0000000        2.6364529
     446.0000000        2.6484604
     447.0000000        2.6620455
     448.0000000        2.6679671
     449.0000000        2.6658626
     450.0000000        2.6667144
     451.0000000        2.6587625
     452.0000000        2.6516066
     453.0000000        2.6470015
     454.0000000        2.6459553
     455.0000000        2.6453459
     456.0000000        2.6429613
     457.0000000        2.6305006
     458.0000000        2.6148474
     459.0000000        2.6044340
     460.0000000        2.5898113
     461.0000000        2.5790563
     462.0000000        2.5733707
     463.0000000        2.5717034
     464.0000000        2.5788753
     465.0000000        2.5795209
     466.0000000        2.5795822
     467.0000000        2.5767746
     468.0000000        2.5706861
     469.0000000        2.5625761
     470.0000000        2.5604300
     471.0000000        2.5632401
     472.0000000        2.5666783
     473.0000000        2.5773523
     474.0000000        2.5879436
     475.0000000        2.5957174
     476.0000000        2.6014526
     477.0000000        2.5941412
     478.0000000        2.5898261
     479.0000000        2.5773466
     480.0000000        2.5664074
     481.0000000        2.5589726
     482.0000000        2.5597451
     483.0000000        2.5597246
     484.0000000        2.5599813
     485.0000000        2.5677383
     486.0000000        2.5767531
     487.0000000        2.5844100
     488.0000000        2.5862398
     489.0000000        2.5837069
     490.0000000        2.5812161
     491.0000000        2.5831668
     492.0000000        2.5854046
     493.0000000        2.5866561
     494.0000000        2.5854206
     495.0000000        2.5799088
     496.0000000        2.5739551
     497.0000000        2.5672023
     498.0000000        2.5659533
     499.0000000        2.5690386
     500.0000000        2.5758097
     501.0000000        2.5769303
     502.0000000        2.5820308
     503.0000000        2.5819468
     504.0000000        2.5830474
     505.0000000        2.5824208
     506.0000000        2.5745957
     507.0000000        2.5744998
     508.0000000        2.5704257
     509.0000000        2.5641112
     510.0000000        2.5602891
     511.0000000        2.5497475
     512.0000000        2.5474381
     513.0000000        2.5481765
     514.0000000        2.5435102
     515.0000000        2.5317948
     516.0000000        2.5279975
     517.0000000        2.5258558
     518.0000000        2.5247669
     519.0000000        2.5261736
     520.0000000        2.5259950
     521.0000000        2.5242896
     522.0000000        2.5294232
     523.0000000        2.5287375
     524.0000000        2.5275397
     525.0000000        2.5288551
     526.0000000        2.5299015
     527.0000000        2.5377793
     528.0000000        2.5488839
     529.0000000        2.5609109
     530.0000000        2.5718207
     531.0000000        2.5829959
     532.0000000        2.5881834
     533.0000000        2.5926516
     534.0000000        2.5937479
     535.0000000        2.5860388
     536.0000000        2.5687780
     537.0000000        2.5594642
     538.0000000        2.5561428
     539.0000000        2.5586317
     540.0000000        2.5533817
     541.0000000        2.5548606
     542.0000000        2.5575221
     543.0000000        2.5588202
     544.0000000        2.5658584
     545.0000000        2.5680981
     546.0000000        2.5689733
     547.0000000        2.5722797
     548.0000000        2.5840447
     549.0000000        2.5941648
     550.0000000        2.6091261
     551.0000000        2.6180391
     552.0000000        2.6212626
     553.0000000        2.6220369
     554.0000000        2.6243477
     555.0000000        2.6205702
     556.0000000        2.6191087
     557.0000000        2.6183019
     558.0000000        2.6199312
     559.0000000        2.6176934
     560.0000000        2.6213949
     561.0000000        2.6219478
     562.0000000        2.6222992
     563.0000000        2.6205852
     564.0000000        2.6242456
     565.0000000        2.6263108
     566.0000000        2.6247013
     567.0000000        2.6282458
     568.0000000        2.6303911
     569.0000000        2.6222060
     570.0000000        2.6122124
     571.0000000        2.6075234
     572.0000000        2.6032090
     573.0000000        2.6054602
     574.0000000        2.5998950
     575.0000000        2.5931046
     576.0000000        2.5927980
     577.0000000        2.5819995
     578.0000000        2.5678766
     579.0000000        2.5541804
     580.0000000        2.5488806
     581.0000000        2.5353286
     582.0000000        2.5174317
     583.0000000        2.5027673
     584.0000000        2.4831505
     585.0000000        2.4753802
     586.0000000        2.4680817
     587.0000000        2.4716198
     588.0000000        2.4715760
     589.0000000        2.4752011
     590.0000000        2.4809594
     591.0000000        2.4945021
     592.0000000        2.5113742
     593.0000000        2.5343106
     594.0000000        2.5534518
     595.0000000        2.5672925
     596.0000000        2.5641663
     597.0000000        2.5537384
     598.0000000        2.5433643
     599.0000000        2.5358255
     600.0000000        2.5357842
