       1.0000000        2.4039495
       2.0000000        2.3880609
       3.0000000        2.3639332
       4.0000000        2.3325361
       5.0000000        2.3060822
       6.0000000        2.2844153
       7.0000000        2.2648780
       8.0000000        2.2479672
       9.0000000        2.2342923
      10.0000000        2.2277029
      11.0000000        2.2200768
      12.0000000        2.2207505
      13.0000000        2.2277496
      14.0000000        2.2372713
      15.0000000        2.2459853
      16.0000000        2.2475680
      17.0000000        2.2499370
      18.0000000        2.2588955
      19.0000000        2.2631004
      20.0000000        2.2511498
      21.0000000        2.2371573
      22.0000000        2.2313561
      23.0000000        2.2443862
      24.0000000        2.2672219
      25.0000000        2.2815942
      26.0000000        2.2707414
      27.0000000        2.2569384
      28.0000000        2.2520916
      29.0000000        2.2520891
      30.0000000        2.2515292
      31.0000000        2.2505363
      32.0000000        2.2495130
      33.0000000        2.2487321
      34.0000000        2.2458187
      35.0000000        2.2485077
      36.0000000        2.2594634
      37.0000000        2.2573661
      38.0000000        2.2350015
      39.0000000        2.2122512
      40.0000000        2.1980224
      41.0000000        2.1867751
      42.0000000        2.1811346
      43.0000000        2.1775236
      44.0000000        2.1769640
      45.0000000        2.1737398
      46.0000000        2.1682384
      47.0000000        2.1615644
      48.0000000        2.1531555
      49.0000000        2.1462241
      50.0000000        2.1422994
      51.0000000        2.1376050
      52.0000000        2.1372727
      53.0000000        2.1421270
      54.0000000        2.1422265
      55.0000000        2.1372328
      56.0000000        2.1366486
      57.0000000        2.1475431
      58.0000000        2.1723635
      59.0000000        2.1921355
      60.0000000        2.1958950
      61.0000000        2.1886419
      62.0000000        2.1857960
      63.0000000        2.1833798
      64.0000000        2.1760405
      65.0000000        2.1724145
      66.0000000        2.1762214
      67.0000000        2.1855646
      68.0000000        2.1957226
      69.0000000        2.2127239
      70.0000000        2.2377828
      71.0000000        2.2595113
      72.0000000        2.2701064
      73.0000000        2.2666823
      74.0000000        2.2566426
      75.0000000        2.2440014
      76.0000000        2.2279379
      77.0000000        2.2138359
      78.0000000        2.2034846
      79.0000000        2.1967404
      80.0000000        2.2004614
      81.0000000        2.2162078
      82.0000000        2.2403161
      83.0000000        2.2599312
      84.0000000        2.2735563
      85.0000000        2.2832706
      86.0000000        2.2810705
      87.0000000        2.2834458
      88.0000000        2.2916992
      89.0000000        2.3020686
      90.0000000        2.3108183
      91.0000000        2.3144584
      92.0000000        2.3091121
      93.0000000        2.3097582
      94.0000000        2.3206510
      95.0000000        2.3341267
      96.0000000        2.3322338
      97.0000000        2.3158168
      98.0000000        2.3061470
      99.0000000        2.2959168
     100.0000000        2.2850149
     101.0000000        2.2814484
     102.0000000        2.2810028
     103.0000000        2.2713808
     104.0000000        2.2548915
     105.0000000        2.2431369
     106.0000000        2.2331312
     107.0000000        2.2185370
     108.0000000        2.1933666
     109.0000000        2.1670085
     110.0000000        2.1593351
     111.0000000        2.1682938
     112.0000000        2.1781481
     113.0000000        2.1841997
     114.0000000        2.1903664
     115.0000000        2.1973734
     116.0000000        2.2056327
     117.0000000        2.2107090
     118.0000000        2.2181400
     119.0000000        2.2284659
     120.0000000        2.2365482
     121.0000000        2.2438834
     122.0000000        2.2417692
     123.0000000        2.2438433
     124.0000000        2.2534913
     125.0000000        2.2583511
     126.0000000        2.2552296
     127.0000000        2.2615376
     128.0000000        2.2699988
     129.0000000        2.2814143
     130.0000000        2.2766800
     131.0000000        2.2625686
     132.0000000        2.2493789
     133.0000000        2.2396232
     134.0000000        2.2293300
     135.0000000        2.2211160
     136.0000000        2.2141004
     137.0000000        2.2019783
     138.0000000        2.1905266
     139.0000000        2.1891174
     140.0000000        2.1943990
     141.0000000        2.2008318
     142.0000000        2.2152335
     143.0000000        2.2307589
     144.0000000        2.2448615
     145.0000000        2.2471181
     146.0000000        2.2418648
     147.0000000        2.2341494
     148.0000000        2.2244603
     149.0000000        2.2160241
     150.0000000        2.2139937
     151.0000000        2.2158416
     152.0000000        2.2170704
     153.0000000        2.2169161
     154.0000000        2.2084697
     155.0000000        2.1974533
     156.0000000        2.1862252
     157.0000000        2.1814840
     158.0000000        2.1847160
     159.0000000        2.1937268
     160.0000000        2.2067108
     161.0000000        2.2092416
     162.0000000        2.2034631
     163.0000000        2.1986096
     164.0000000        2.1972314
     165.0000000        2.1990021
     166.0000000        2.2064836
     167.0000000        2.2070027
     168.0000000        2.2019770
     169.0000000        2.1986660
     170.0000000        2.1954932
     171.0000000        2.1905689
     172.0000000        2.1860914
     173.0000000        2.1817864
     174.0000000        2.1824247
     175.0000000        2.1889348
     176.0000000        2.1995883
     177.0000000        2.2158615
     178.0000000        2.2312839
     179.0000000        2.2442861
     180.0000000        2.2494264
     181.0000000        2.2494786
     182.0000000        2.2451020
     183.0000000        2.2394607
     184.0000000        2.2341040
     185.0000000        2.2269379
     186.0000000        2.2167700
     187.0000000        2.2166466
     188.0000000        2.2306188
     189.0000000        2.2454506
     190.0000000        2.2486190
     191.0000000        2.2385075
     192.0000000        2.2226663
     193.0000000        2.2065212
     194.0000000        2.2036598
     195.0000000        2.2118614
     196.0000000        2.2165087
     197.0000000        2.2105273
     198.0000000        2.1964991
     199.0000000        2.1771457
     200.0000000        2.1648970
     201.0000000        2.1570422
     202.0000000        2.1481361
     203.0000000        2.1411613
     204.0000000        2.1442002
     205.0000000        2.1463845
     206.0000000        2.1483107
     207.0000000        2.1566534
     208.0000000        2.1668862
     209.0000000        2.1733536
     210.0000000        2.1794162
     211.0000000        2.1881739
     212.0000000        2.2021768
     213.0000000        2.2218934
     214.0000000        2.2439050
     215.0000000        2.2614526
     216.0000000        2.2704032
     217.0000000        2.2685329
     218.0000000        2.2510645
     219.0000000        2.2314693
     220.0000000        2.2187734
     221.0000000        2.2103939
     222.0000000        2.2027847
     223.0000000        2.1982426
     224.0000000        2.1983431
     225.0000000        2.1961680
     226.0000000        2.1918979
     227.0000000        2.1869270
     228.0000000        2.1876542
     229.0000000        2.1894718
     230.0000000        2.1907087
     231.0000000        2.1939167
     232.0000000        2.2032660
     233.0000000        2.2075768
     234.0000000        2.2143670
     235.0000000        2.2186468
     236.0000000        2.2156732
     237.0000000        2.2067704
     238.0000000        2.1899095
     239.0000000        2.1673656
     240.0000000        2.1439189
     241.0000000        2.1326816
     242.0000000        2.1333667
     243.0000000        2.1470879
     244.0000000        2.1703907
     245.0000000        2.1972845
     246.0000000        2.2179353
     247.0000000        2.2196212
     248.0000000        2.2141997
     249.0000000        2.2069320
     250.0000000        2.2042300
     251.0000000        2.2106603
     252.0000000        2.2209665
     253.0000000        2.2286783
     254.0000000        2.2351665
     255.0000000        2.2590087
     256.0000000        2.2836258
     257.0000000        2.2924511
     258.0000000        2.2830416
     259.0000000        2.2663419
     260.0000000        2.2545053
     261.0000000        2.2503742
     262.0000000        2.2581923
     263.0000000        2.2712907
     264.0000000        2.2852112
     265.0000000        2.3015670
     266.0000000        2.3110780
     267.0000000        2.3083021
     268.0000000        2.3055391
     269.0000000        2.3086008
     270.0000000        2.2982657
     271.0000000        2.2804785
     272.0000000        2.2772760
     273.0000000        2.2842379
     274.0000000        2.2951896
     275.0000000        2.2969081
     276.0000000        2.2856119
     277.0000000        2.2779535
     278.0000000        2.2905809
     279.0000000        2.3119705
     280.0000000        2.3246127
     281.0000000        2.3219016
     282.0000000        2.3113212
     283.0000000        2.3032612
     284.0000000        2.3035616
     285.0000000        2.3041917
     286.0000000        2.2966321
     287.0000000        2.2865853
     288.0000000        2.2769203
     289.0000000        2.2728280
     290.0000000        2.2729893
     291.0000000        2.2702378
     292.0000000        2.2731469
     293.0000000        2.2852300
     294.0000000        2.2867922
     295.0000000        2.2692496
     296.0000000        2.2460308
     297.0000000        2.2265608
     298.0000000        2.2142240
     299.0000000        2.2186586
     300.0000000        2.2296126
     301.0000000        2.2365824
     302.0000000        2.2396112
     303.0000000        2.2409097
     304.0000000        2.2437335
     305.0000000        2.2468947
     306.0000000        2.2506286
     307.0000000        2.2499479
     308.0000000        2.2496206
     309.0000000        2.2548809
     310.0000000        2.2596999
     311.0000000        2.2588336
     312.0000000        2.2559377
     313.0000000        2.2598670
     314.0000000        2.2684155
     315.0000000        2.2779182
     316.0000000        2.2761016
     317.0000000        2.2694928
     318.0000000        2.2657669
     319.0000000        2.2595728
     320.0000000        2.2542229
     321.0000000        2.2524160
     322.0000000        2.2509312
     323.0000000        2.2371787
     324.0000000        2.2171890
     325.0000000        2.2106645
     326.0000000        2.2206117
     327.0000000        2.2338711
     328.0000000        2.2404869
     329.0000000        2.2393979
     330.0000000        2.2322227
     331.0000000        2.2244205
     332.0000000        2.2235305
     333.0000000        2.2254999
     334.0000000        2.2198072
     335.0000000        2.2177683
     336.0000000        2.2306874
     337.0000000        2.2632542
     338.0000000        2.2946579
     339.0000000        2.3120371
     340.0000000        2.3192102
     341.0000000        2.3188665
     342.0000000        2.3146088
     343.0000000        2.3172440
     344.0000000        2.3239519
     345.0000000        2.3176443
     346.0000000        2.3032499
     347.0000000        2.2874521
     348.0000000        2.2698920
     349.0000000        2.2568013
     350.0000000        2.2463649
     351.0000000        2.2346686
     352.0000000        2.2286121
     353.0000000        2.2301112
     354.0000000        2.2363788
     355.0000000        2.2463083
     356.0000000        2.2514982
     357.0000000        2.2558733
     358.0000000        2.2700997
     359.0000000        2.2878686
     360.0000000        2.2947577
     361.0000000        2.2893976
     362.0000000        2.2807941
     363.0000000        2.2824244
     364.0000000        2.2841808
     365.0000000        2.2746597
     366.0000000        2.2617344
     367.0000000        2.2548892
     368.0000000        2.2540252
     369.0000000        2.2554031
     370.0000000        2.2476561
     371.0000000        2.2380165
     372.0000000        2.2317477
     373.0000000        2.2328136
     374.0000000        2.2377697
     375.0000000        2.2474411
     376.0000000        2.2474156
     377.0000000        2.2396106
     378.0000000        2.2270338
     379.0000000        2.2157314
     380.0000000        2.2146765
     381.0000000        2.2190721
     382.0000000        2.2228193
     383.0000000        2.2255338
     384.0000000        2.2205659
     385.0000000        2.2195275
     386.0000000        2.2222884
     387.0000000        2.2275961
     388.0000000        2.2363624
     389.0000000        2.2509286
     390.0000000        2.2621908
     391.0000000        2.2589366
     392.0000000        2.2469946
     393.0000000        2.2281520
     394.0000000        2.2064145
     395.0000000        2.1912335
     396.0000000        2.1896490
     397.0000000        2.1873805
     398.0000000        2.1868443
     399.0000000        2.1939772
     400.0000000        2.2058660
     401.0000000        2.2200978
     402.0000000        2.2378246
     403.0000000        2.2627720
     404.0000000        2.2771766
     405.0000000        2.2862982
     406.0000000        2.2967728
     407.0000000        2.3022912
     408.0000000        2.3079573
     409.0000000        2.3138490
     410.0000000        2.3210256
     411.0000000        2.3193413
     412.0000000        2.3111777
     413.0000000        2.3058063
     414.0000000        2.3009160
     415.0000000        2.2852312
     416.0000000        2.2729023
     417.0000000        2.2809083
     418.0000000        2.2893298
     419.0000000        2.2912008
     420.0000000        2.3038714
     421.0000000        2.3213612
     422.0000000        2.3230346
     423.0000000        2.3151959
     424.0000000        2.2967107
     425.0000000        2.2658286
     426.0000000        2.2352059
     427.0000000        2.2142363
     428.0000000        2.1967983
     429.0000000        2.1854704
     430.0000000        2.1750847
     431.0000000        2.1762701
     432.0000000        2.1963226
     433.0000000        2.2267556
     434.0000000        2.2552576
     435.0000000        2.2690745
     436.0000000        2.2655210
     437.0000000        2.2549292
     438.0000000        2.2536080
     439.0000000        2.2622307
     440.0000000        2.2755145
     441.0000000        2.2889366
     442.0000000        2.2891670
     443.0000000        2.2782861
     444.0000000        2.2668119
     445.0000000        2.2564334
     446.0000000        2.2478425
     447.0000000        2.2372469
     448.0000000        2.2188771
     449.0000000        2.2014829
     450.0000000        2.1945910
     451.0000000        2.1953018
     452.0000000        2.1981632
     453.0000000        2.2040768
     454.0000000        2.2117524
     455.0000000        2.2294144
     456.0000000        2.2562478
     457.0000000        2.2798415
     458.0000000        2.2889890
     459.0000000        2.2772576
     460.0000000        2.2604292
     461.0000000        2.2425599
     462.0000000        2.2293402
     463.0000000        2.2176097
     464.0000000        2.2143672
     465.0000000        2.2173602
     466.0000000        2.2204947
     467.0000000        2.2258860
     468.0000000        2.2383066
     469.0000000        2.2500757
     470.0000000        2.2570847
     471.0000000        2.2540559
     472.0000000        2.2433987
     473.0000000        2.2292512
     474.0000000        2.2185824
     475.0000000        2.2175656
     476.0000000        2.2134530
     477.0000000        2.2037958
     478.0000000        2.1957116
     479.0000000        2.1927978
     480.0000000        2.1913381
     481.0000000        2.1889378
     482.0000000        2.1925533
     483.0000000        2.2042431
     484.0000000        2.2162992
     485.0000000        2.2232739
     486.0000000        2.2340509
     487.0000000        2.2480426
     488.0000000        2.2478253
     489.0000000        2.2342428
     490.0000000        2.2274987
     491.0000000        2.2356183
     492.0000000        2.2466202
     493.0000000        2.2601988
     494.0000000        2.2822372
     495.0000000        2.3030149
     496.0000000        2.3229734
     497.0000000        2.3434607
     498.0000000        2.3630333
     499.0000000        2.3827216
     500.0000000        2.3907489
     501.0000000        2.3808284
     502.0000000        2.3626224
     503.0000000        2.3376795
     504.0000000        2.3056344
     505.0000000        2.2789867
     506.0000000        2.2585169
     507.0000000        2.2405165
     508.0000000        2.2267036
     509.0000000        2.2186639
     510.0000000        2.2156984
     511.0000000        2.2225907
     512.0000000        2.2410805
     513.0000000        2.2682402
     514.0000000        2.2951298
     515.0000000        2.3154006
     516.0000000        2.3384801
     517.0000000        2.3557592
     518.0000000        2.3563330
     519.0000000        2.3494593
     520.0000000        2.3436994
     521.0000000        2.3344455
     522.0000000        2.3110808
     523.0000000        2.2868308
     524.0000000        2.2830442
     525.0000000        2.2875673
     526.0000000        2.2914915
     527.0000000        2.2927194
     528.0000000        2.2852949
     529.0000000        2.2718672
     530.0000000        2.2577471
     531.0000000        2.2521608
     532.0000000        2.2527902
     533.0000000        2.2561197
     534.0000000        2.2602984
     535.0000000        2.2669762
     536.0000000        2.2789099
     537.0000000        2.2901631
     538.0000000        2.2964341
     539.0000000        2.2983481
     540.0000000        2.2984055
     541.0000000        2.2927360
     542.0000000        2.2847649
     543.0000000        2.2727989
     544.0000000        2.2555189
     545.0000000        2.2495065
     546.0000000        2.2532132
     547.0000000        2.2505481
     548.0000000        2.2414445
     549.0000000        2.2417049
     550.0000000        2.2590723
     551.0000000        2.2729198
     552.0000000        2.2748229
     553.0000000        2.2741716
     554.0000000        2.2818023
     555.0000000        2.2949296
     556.0000000        2.3096871
     557.0000000        2.3250167
     558.0000000        2.3315608
     559.0000000        2.3130979
     560.0000000        2.2865803
     561.0000000        2.2614374
     562.0000000        2.2393627
     563.0000000        2.2243324
     564.0000000        2.2126306
     565.0000000        2.2077029
     566.0000000        2.2100055
     567.0000000        2.2101687
     568.0000000        2.2028681
     569.0000000        2.1984167
     570.0000000        2.1966618
     571.0000000        2.1942848
     572.0000000        2.1912417
     573.0000000        2.1889188
     574.0000000        2.1972103
     575.0000000        2.2068299
     576.0000000        2.2151132
     577.0000000        2.2310252
     578.0000000        2.2557724
     579.0000000        2.2823766
     580.0000000        2.3044429
     581.0000000        2.3270215
     582.0000000        2.3438622
     583.0000000        2.3450354
     584.0000000        2.3274441
     585.0000000        2.3073495
     586.0000000        2.2992981
     587.0000000        2.3034306
     588.0000000        2.3107035
     589.0000000        2.3136071
     590.0000000        2.3165398
     591.0000000        2.3205557
     592.0000000        2.3227464
     593.0000000        2.3217932
     594.0000000        2.3144785
     595.0000000        2.3063313
     596.0000000        2.2948567
     597.0000000        2.2779331
     598.0000000        2.2588742
     599.0000000        2.2481294
     600.0000000        2.2316871
