       1.0000000        7.1202226
       2.0000000        7.0471590
       3.0000000        7.0061626
       4.0000000        6.9735756
       5.0000000        6.9396244
       6.0000000        6.9232056
       7.0000000        6.9182240
       8.0000000        6.9182993
       9.0000000        6.9253994
      10.0000000        6.9383555
      11.0000000        6.9519117
      12.0000000        6.9684789
      13.0000000        6.9942326
      14.0000000        7.0063972
      15.0000000        7.0155029
      16.0000000        7.0173958
      17.0000000        7.0203279
      18.0000000        7.0233737
      19.0000000        7.0293302
      20.0000000        7.0281548
      21.0000000        7.0288763
      22.0000000        7.0241284
      23.0000000        7.0121850
      24.0000000        6.9958149
      25.0000000        6.9821903
      26.0000000        6.9664169
      27.0000000        6.9646900
      28.0000000        6.9551177
      29.0000000        6.9466932
      30.0000000        6.9505844
      31.0000000        6.9487292
      32.0000000        6.9385366
      33.0000000        6.9313721
      34.0000000        6.9266000
      35.0000000        6.9326307
      36.0000000        6.9470797
      37.0000000        6.9570097
      38.0000000        6.9592601
      39.0000000        6.9587176
      40.0000000        6.9522170
      41.0000000        6.9444433
      42.0000000        6.9380279
      43.0000000        6.9383818
      44.0000000        6.9507059
      45.0000000        6.9655580
      46.0000000        6.9826106
      47.0000000        6.9977995
      48.0000000        7.0127405
      49.0000000        7.0250140
      50.0000000        7.0194447
      51.0000000        6.9992732
      52.0000000        6.9957362
      53.0000000        6.9996128
      54.0000000        7.0060679
      55.0000000        6.9926445
      56.0000000        6.9855175
      57.0000000        6.9840032
      58.0000000        6.9788482
      59.0000000        6.9748568
      60.0000000        6.9718251
      61.0000000        6.9758731
      62.0000000        6.9735928
      63.0000000        6.9809062
      64.0000000        6.9766592
      65.0000000        6.9782448
      66.0000000        6.9757311
      67.0000000        6.9875881
      68.0000000        7.0051124
      69.0000000        7.0033193
      70.0000000        6.9888488
      71.0000000        6.9791044
      72.0000000        6.9702910
      73.0000000        6.9721299
      74.0000000        6.9835422
      75.0000000        6.9889141
      76.0000000        6.9903342
      77.0000000        6.9883164
      78.0000000        6.9929938
      79.0000000        7.0074418
      80.0000000        7.0153248
      81.0000000        7.0193942
      82.0000000        7.0313073
      83.0000000        7.0427498
      84.0000000        7.0479917
      85.0000000        7.0404428
      86.0000000        7.0237744
      87.0000000        7.0106432
      88.0000000        7.0063474
      89.0000000        6.9992468
      90.0000000        6.9961572
      91.0000000        6.9949758
      92.0000000        6.9963031
      93.0000000        6.9889451
      94.0000000        6.9760023
      95.0000000        6.9748729
      96.0000000        6.9806300
      97.0000000        6.9877418
      98.0000000        6.9985233
      99.0000000        7.0157306
     100.0000000        7.0317984
     101.0000000        7.0414388
     102.0000000        7.0416300
     103.0000000        7.0493201
     104.0000000        7.0477297
     105.0000000        7.0406048
     106.0000000        7.0338752
     107.0000000        7.0279612
     108.0000000        7.0237531
     109.0000000        7.0216201
     110.0000000        7.0159507
     111.0000000        7.0036239
     112.0000000        7.0028095
     113.0000000        7.0009132
     114.0000000        7.0007926
     115.0000000        6.9948103
     116.0000000        6.9839612
     117.0000000        6.9836139
     118.0000000        6.9834235
     119.0000000        6.9850760
     120.0000000        6.9912784
     121.0000000        7.0034988
     122.0000000        7.0007805
     123.0000000        6.9918243
     124.0000000        6.9848302
     125.0000000        6.9763688
     126.0000000        6.9768727
     127.0000000        6.9738773
     128.0000000        6.9765932
     129.0000000        6.9854525
     130.0000000        6.9977726
     131.0000000        7.0036288
     132.0000000        7.0021703
     133.0000000        7.0047768
     134.0000000        7.0038608
     135.0000000        7.0096313
     136.0000000        7.0110938
     137.0000000        7.0142369
     138.0000000        7.0198859
     139.0000000        7.0157102
     140.0000000        7.0030476
     141.0000000        6.9975159
     142.0000000        6.9941350
     143.0000000        6.9880090
     144.0000000        6.9818647
     145.0000000        6.9849889
     146.0000000        6.9808015
     147.0000000        6.9712768
     148.0000000        6.9758341
     149.0000000        6.9800093
     150.0000000        6.9872501
     151.0000000        6.9944389
     152.0000000        7.0079232
     153.0000000        7.0223850
     154.0000000        7.0438527
     155.0000000        7.0583113
     156.0000000        7.0611146
     157.0000000        7.0538801
     158.0000000        7.0582317
     159.0000000        7.0606508
     160.0000000        7.0597469
     161.0000000        7.0557064
     162.0000000        7.0552075
     163.0000000        7.0507657
     164.0000000        7.0402405
     165.0000000        7.0248335
     166.0000000        7.0120624
     167.0000000        6.9946513
     168.0000000        6.9795571
     169.0000000        6.9676859
     170.0000000        6.9541663
     171.0000000        6.9520972
     172.0000000        6.9542530
     173.0000000        6.9559328
     174.0000000        6.9618740
     175.0000000        6.9670343
     176.0000000        6.9802833
     177.0000000        6.9862111
     178.0000000        6.9961265
     179.0000000        7.0043029
     180.0000000        7.0045888
     181.0000000        7.0129419
     182.0000000        7.0264457
     183.0000000        7.0369177
     184.0000000        7.0511825
     185.0000000        7.0716688
     186.0000000        7.1004305
     187.0000000        7.1131257
     188.0000000        7.1175151
     189.0000000        7.1267723
     190.0000000        7.1343962
     191.0000000        7.1399024
     192.0000000        7.1382064
     193.0000000        7.1216672
     194.0000000        7.1086618
     195.0000000        7.0954949
     196.0000000        7.0837819
     197.0000000        7.0738408
     198.0000000        7.0673573
     199.0000000        7.0609558
     200.0000000        7.0576896
     201.0000000        7.0644542
     202.0000000        7.0670644
     203.0000000        7.0659990
     204.0000000        7.0677826
     205.0000000        7.0703262
     206.0000000        7.0700795
     207.0000000        7.0581487
     208.0000000        7.0497945
     209.0000000        7.0401337
     210.0000000        7.0216950
     211.0000000        6.9981474
     212.0000000        6.9830420
     213.0000000        6.9776001
     214.0000000        6.9804806
     215.0000000        6.9969607
     216.0000000        7.0112888
     217.0000000        7.0308853
     218.0000000        7.0442312
     219.0000000        7.0406095
     220.0000000        7.0331679
     221.0000000        7.0219451
     222.0000000        7.0151433
     223.0000000        7.0094040
     224.0000000        6.9971672
     225.0000000        6.9867624
     226.0000000        6.9754349
     227.0000000        6.9770309
     228.0000000        6.9795400
     229.0000000        6.9768738
     230.0000000        6.9776033
     231.0000000        6.9755320
     232.0000000        6.9771200
     233.0000000        6.9833651
     234.0000000        6.9948395
     235.0000000        7.0009906
     236.0000000        7.0045730
     237.0000000        7.0003320
     238.0000000        7.0044905
     239.0000000        6.9968675
     240.0000000        6.9827147
     241.0000000        6.9650417
     242.0000000        6.9576509
     243.0000000        6.9509728
     244.0000000        6.9454591
     245.0000000        6.9423065
     246.0000000        6.9441837
     247.0000000        6.9481483
     248.0000000        6.9516345
     249.0000000        6.9645759
     250.0000000        6.9752539
     251.0000000        6.9913551
     252.0000000        6.9947866
     253.0000000        6.9926807
     254.0000000        6.9986691
     255.0000000        7.0103561
     256.0000000        7.0283011
     257.0000000        7.0457591
     258.0000000        7.0536775
     259.0000000        7.0640925
     260.0000000        7.0746392
     261.0000000        7.0896420
     262.0000000        7.1021798
     263.0000000        7.1068837
     264.0000000        7.1113594
     265.0000000        7.1153942
     266.0000000        7.1128089
     267.0000000        7.1024364
     268.0000000        7.0982690
     269.0000000        7.0904933
     270.0000000        7.0927731
     271.0000000        7.1006036
     272.0000000        7.1002786
     273.0000000        7.0955096
     274.0000000        7.0940265
     275.0000000        7.0855796
     276.0000000        7.0737784
     277.0000000        7.0632451
     278.0000000        7.0575182
     279.0000000        7.0568240
     280.0000000        7.0621566
     281.0000000        7.0707305
     282.0000000        7.0671147
     283.0000000        7.0538464
     284.0000000        7.0433581
     285.0000000        7.0393224
     286.0000000        7.0342635
     287.0000000        7.0452773
     288.0000000        7.0643274
     289.0000000        7.0731019
     290.0000000        7.0787237
     291.0000000        7.0821556
     292.0000000        7.0902515
     293.0000000        7.0987650
     294.0000000        7.1080219
     295.0000000        7.1175139
     296.0000000        7.1187698
     297.0000000        7.1127899
     298.0000000        7.1102885
     299.0000000        7.1127053
     300.0000000        7.1045853
     301.0000000        7.0879492
     302.0000000        7.0629543
     303.0000000        7.0451716
     304.0000000        7.0357584
     305.0000000        7.0321942
     306.0000000        7.0328962
     307.0000000        7.0283035
     308.0000000        7.0305979
     309.0000000        7.0246312
     310.0000000        7.0166195
     311.0000000        7.0006436
     312.0000000        6.9931995
     313.0000000        6.9863079
     314.0000000        6.9795653
     315.0000000        6.9784495
     316.0000000        6.9772969
     317.0000000        6.9784637
     318.0000000        6.9847332
     319.0000000        6.9776712
     320.0000000        6.9782550
     321.0000000        6.9848260
     322.0000000        6.9851094
     323.0000000        6.9892517
     324.0000000        6.9815332
     325.0000000        6.9860123
     326.0000000        6.9940064
     327.0000000        7.0079079
     328.0000000        7.0210974
     329.0000000        7.0279371
     330.0000000        7.0335657
     331.0000000        7.0344343
     332.0000000        7.0328308
     333.0000000        7.0266450
     334.0000000        7.0263470
     335.0000000        7.0418040
     336.0000000        7.0613346
     337.0000000        7.0755789
     338.0000000        7.0926633
     339.0000000        7.1043614
     340.0000000        7.1069244
     341.0000000        7.1239247
     342.0000000        7.1324961
     343.0000000        7.1361362
     344.0000000        7.1282982
     345.0000000        7.1223145
     346.0000000        7.1176343
     347.0000000        7.1060085
     348.0000000        7.0905245
     349.0000000        7.0867184
     350.0000000        7.0847578
     351.0000000        7.0718395
     352.0000000        7.0585224
     353.0000000        7.0476751
     354.0000000        7.0365817
     355.0000000        7.0304688
     356.0000000        7.0293227
     357.0000000        7.0284596
     358.0000000        7.0255366
     359.0000000        7.0157623
     360.0000000        7.0078696
     361.0000000        6.9888513
     362.0000000        6.9683417
     363.0000000        6.9546265
     364.0000000        6.9479548
     365.0000000        6.9493020
     366.0000000        6.9549100
     367.0000000        6.9610882
     368.0000000        6.9778607
     369.0000000        6.9780806
     370.0000000        6.9772222
     371.0000000        6.9679432
     372.0000000        6.9699239
     373.0000000        6.9758100
     374.0000000        6.9848353
     375.0000000        6.9926452
     376.0000000        6.9995041
     377.0000000        7.0097249
     378.0000000        7.0178920
     379.0000000        7.0276020
     380.0000000        7.0257278
     381.0000000        7.0111314
     382.0000000        6.9996106
     383.0000000        6.9885115
     384.0000000        6.9855715
     385.0000000        6.9882288
     386.0000000        7.0022607
     387.0000000        7.0115411
     388.0000000        7.0195357
     389.0000000        7.0143124
     390.0000000        7.0196206
     391.0000000        7.0253673
     392.0000000        7.0339938
     393.0000000        7.0388366
     394.0000000        7.0412984
     395.0000000        7.0401331
     396.0000000        7.0339447
     397.0000000        7.0327551
     398.0000000        7.0301040
     399.0000000        7.0270574
     400.0000000        7.0284000
     401.0000000        7.0275066
     402.0000000        7.0193120
     403.0000000        7.0120034
     404.0000000        7.0033700
     405.0000000        7.0042770
     406.0000000        7.0047169
     407.0000000        7.0009998
     408.0000000        7.0043775
     409.0000000        7.0202346
     410.0000000        7.0352757
     411.0000000        7.0450551
     412.0000000        7.0545380
     413.0000000        7.0717200
     414.0000000        7.0798195
     415.0000000        7.0787306
     416.0000000        7.0731335
     417.0000000        7.0658679
     418.0000000        7.0582872
     419.0000000        7.0538187
     420.0000000        7.0510536
     421.0000000        7.0490481
     422.0000000        7.0495787
     423.0000000        7.0472356
     424.0000000        7.0434501
     425.0000000        7.0360986
     426.0000000        7.0394633
     427.0000000        7.0482318
     428.0000000        7.0545484
     429.0000000        7.0571605
     430.0000000        7.0467867
     431.0000000        7.0399863
     432.0000000        7.0419040
     433.0000000        7.0429103
     434.0000000        7.0322988
     435.0000000        7.0212954
     436.0000000        7.0025683
     437.0000000        6.9862450
     438.0000000        6.9737410
     439.0000000        6.9646720
     440.0000000        6.9485499
     441.0000000        6.9362053
     442.0000000        6.9344581
     443.0000000        6.9446240
     444.0000000        6.9533017
     445.0000000        6.9678704
     446.0000000        6.9745458
     447.0000000        6.9772743
     448.0000000        6.9723252
     449.0000000        6.9687346
     450.0000000        6.9741749
     451.0000000        6.9744344
     452.0000000        6.9735101
     453.0000000        6.9756284
     454.0000000        6.9836995
     455.0000000        6.9890977
     456.0000000        6.9943217
     457.0000000        7.0108930
     458.0000000        7.0307132
     459.0000000        7.0378483
     460.0000000        7.0445435
     461.0000000        7.0573795
     462.0000000        7.0614788
     463.0000000        7.0627074
     464.0000000        7.0557569
     465.0000000        7.0476774
     466.0000000        7.0350729
     467.0000000        7.0249059
     468.0000000        7.0157323
     469.0000000        7.0087256
     470.0000000        7.0011984
     471.0000000        6.9949922
     472.0000000        6.9829297
     473.0000000        6.9742270
     474.0000000        6.9696054
     475.0000000        6.9726212
     476.0000000        6.9806153
     477.0000000        6.9927089
     478.0000000        6.9969395
     479.0000000        6.9981769
     480.0000000        7.0014956
     481.0000000        7.0171036
     482.0000000        7.0237825
     483.0000000        7.0188880
     484.0000000        7.0122548
     485.0000000        6.9972850
     486.0000000        6.9850634
     487.0000000        6.9750565
     488.0000000        6.9828832
     489.0000000        6.9879753
     490.0000000        6.9892687
     491.0000000        7.0022022
     492.0000000        7.0119998
     493.0000000        7.0178391
     494.0000000        7.0220623
     495.0000000        7.0307101
     496.0000000        7.0363561
     497.0000000        7.0404409
     498.0000000        7.0516886
     499.0000000        7.0544201
     500.0000000        7.0535411
     501.0000000        7.0499953
     502.0000000        7.0373797
     503.0000000        7.0280257
     504.0000000        7.0215942
     505.0000000        7.0291643
     506.0000000        7.0280874
     507.0000000        7.0223271
     508.0000000        7.0228048
     509.0000000        7.0161279
     510.0000000        7.0172447
     511.0000000        7.0125268
     512.0000000        7.0080383
     513.0000000        7.0125615
     514.0000000        7.0167657
     515.0000000        7.0224902
     516.0000000        7.0256821
     517.0000000        7.0294547
     518.0000000        7.0254926
     519.0000000        7.0219891
     520.0000000        7.0214110
     521.0000000        7.0180153
     522.0000000        7.0124417
     523.0000000        7.0034535
     524.0000000        6.9940469
     525.0000000        6.9963272
     526.0000000        6.9931207
     527.0000000        6.9928066
     528.0000000        6.9921933
     529.0000000        7.0003341
     530.0000000        7.0088439
     531.0000000        7.0095493
     532.0000000        7.0130889
     533.0000000        7.0150705
     534.0000000        7.0154851
     535.0000000        7.0025495
     536.0000000        6.9955569
     537.0000000        6.9896809
     538.0000000        6.9841954
     539.0000000        6.9839421
     540.0000000        6.9891083
     541.0000000        6.9910210
     542.0000000        6.9950627
     543.0000000        6.9960830
     544.0000000        6.9989109
     545.0000000        6.9997880
     546.0000000        6.9862937
     547.0000000        6.9764490
     548.0000000        6.9682697
     549.0000000        6.9607206
     550.0000000        6.9623271
     551.0000000        6.9693327
     552.0000000        6.9782227
     553.0000000        6.9825777
     554.0000000        6.9929975
     555.0000000        6.9963007
     556.0000000        6.9998533
     557.0000000        6.9950801
     558.0000000        6.9752912
     559.0000000        6.9597356
     560.0000000        6.9549159
     561.0000000        6.9497656
     562.0000000        6.9429041
     563.0000000        6.9324180
     564.0000000        6.9367342
     565.0000000        6.9468211
     566.0000000        6.9519078
     567.0000000        6.9531197
     568.0000000        6.9567024
     569.0000000        6.9686544
     570.0000000        6.9707072
     571.0000000        6.9660518
     572.0000000        6.9632617
     573.0000000        6.9575603
     574.0000000        6.9659963
     575.0000000        6.9657228
     576.0000000        6.9613028
     577.0000000        6.9529388
     578.0000000        6.9468537
     579.0000000        6.9433638
     580.0000000        6.9414155
     581.0000000        6.9437820
     582.0000000        6.9475235
     583.0000000        6.9529826
     584.0000000        6.9545091
     585.0000000        6.9515940
     586.0000000        6.9565995
     587.0000000        6.9607050
     588.0000000        6.9631538
     589.0000000        6.9599808
     590.0000000        6.9648434
     591.0000000        6.9794685
     592.0000000        7.0006126
     593.0000000        7.0257623
     594.0000000        7.0506246
     595.0000000        7.0642828
     596.0000000        7.0688755
     597.0000000        7.0639399
     598.0000000        7.0649592
     599.0000000        7.0655840
     600.0000000        7.0688737
