       1.0000000        5.1130015
       2.0000000        4.9909053
       3.0000000        4.9300836
       4.0000000        4.9260764
       5.0000000        4.9069441
       6.0000000        4.8776513
       7.0000000        4.8985225
       8.0000000        4.9056152
       9.0000000        4.9038236
      10.0000000        4.8906414
      11.0000000        4.8850538
      12.0000000        4.8657592
      13.0000000        4.8912885
      14.0000000        4.9096371
      15.0000000        4.9388096
      16.0000000        4.9351878
      17.0000000        4.9493340
      18.0000000        4.9779619
      19.0000000        4.9901106
      20.0000000        5.0082623
      21.0000000        5.0357835
      22.0000000        5.0600459
      23.0000000        5.0583013
      24.0000000        5.0061238
      25.0000000        4.9750136
      26.0000000        4.9792510
      27.0000000        4.9903716
      28.0000000        4.9933774
      29.0000000        4.9739399
      30.0000000        4.9840087
      31.0000000        4.9791999
      32.0000000        5.0003948
      33.0000000        5.0167232
      34.0000000        4.9910446
      35.0000000        4.9794603
      36.0000000        4.9906980
      37.0000000        5.0004583
      38.0000000        5.0241207
      39.0000000        5.0100210
      40.0000000        4.9893267
      41.0000000        4.9784373
      42.0000000        4.9537573
      43.0000000        4.9864574
      44.0000000        5.0369539
      45.0000000        5.1462893
      46.0000000        5.2093609
      47.0000000        5.2586749
      48.0000000        5.2965032
      49.0000000        5.3496364
      50.0000000        5.3238086
      51.0000000        5.3161289
      52.0000000        5.2933513
      53.0000000        5.2598568
      54.0000000        5.2120405
      55.0000000        5.1530124
      56.0000000        5.1182175
      57.0000000        5.0884108
      58.0000000        5.0520246
      59.0000000        5.0373912
      60.0000000        5.0272664
      61.0000000        5.0271305
      62.0000000        5.0097722
      63.0000000        4.9579391
      64.0000000        4.9035486
      65.0000000        4.8683647
      66.0000000        4.8422054
      67.0000000        4.8649748
      68.0000000        4.8997111
      69.0000000        4.9114361
      70.0000000        4.8962795
      71.0000000        4.9098390
      72.0000000        4.9245983
      73.0000000        4.9539250
      74.0000000        4.9895961
      75.0000000        5.0220496
      76.0000000        5.0644917
      77.0000000        5.1001121
      78.0000000        5.0941092
      79.0000000        5.1166565
      80.0000000        5.1458252
      81.0000000        5.1552123
      82.0000000        5.1370389
      83.0000000        5.1377240
      84.0000000        5.1426858
      85.0000000        5.1113225
      86.0000000        5.1001588
      87.0000000        5.1291945
      88.0000000        5.1644050
      89.0000000        5.1451386
      90.0000000        5.1351542
      91.0000000        5.1315391
      92.0000000        5.1334489
      93.0000000        5.1543679
      94.0000000        5.1776951
      95.0000000        5.1777324
      96.0000000        5.1592160
      97.0000000        5.1080412
      98.0000000        5.1098269
      99.0000000        5.1136464
     100.0000000        5.1090367
     101.0000000        5.0626023
     102.0000000        5.0177723
     103.0000000        5.0042405
     104.0000000        4.9811895
     105.0000000        4.9743755
     106.0000000        4.9531557
     107.0000000        4.9639613
     108.0000000        4.9572505
     109.0000000        4.9761695
     110.0000000        5.0035326
     111.0000000        4.9825151
     112.0000000        4.9242823
     113.0000000        4.9227676
     114.0000000        4.9354411
     115.0000000        4.9357964
     116.0000000        4.8696439
     117.0000000        4.8424593
     118.0000000        4.8834928
     119.0000000        4.9775818
     120.0000000        5.0548937
     121.0000000        5.0907408
     122.0000000        5.1082040
     123.0000000        5.1418734
     124.0000000        5.1575796
     125.0000000        5.1648087
     126.0000000        5.1783469
     127.0000000        5.2193626
     128.0000000        5.2596663
     129.0000000        5.2765309
     130.0000000        5.2741078
     131.0000000        5.2673298
     132.0000000        5.2513748
     133.0000000        5.2157062
     134.0000000        5.1835244
     135.0000000        5.1379752
     136.0000000        5.0850230
     137.0000000        5.0647540
     138.0000000        5.0542329
     139.0000000        5.0272864
     140.0000000        5.0396320
     141.0000000        5.0660266
     142.0000000        5.0836139
     143.0000000        5.0761548
     144.0000000        5.0514953
     145.0000000        5.0516769
     146.0000000        5.0395300
     147.0000000        4.9981294
     148.0000000        5.0006914
     149.0000000        4.9990731
     150.0000000        4.9960795
     151.0000000        5.0157454
     152.0000000        5.0227822
     153.0000000        5.0151126
     154.0000000        5.0062959
     155.0000000        4.9651245
     156.0000000        4.9209962
     157.0000000        4.9315836
     158.0000000        4.9329735
     159.0000000        4.8948626
     160.0000000        4.8543870
     161.0000000        4.7902424
     162.0000000        4.7338369
     163.0000000        4.7200451
     164.0000000        4.6980992
     165.0000000        4.6348802
     166.0000000        4.6447920
     167.0000000        4.6309067
     168.0000000        4.6327775
     169.0000000        4.6348472
     170.0000000        4.6660393
     171.0000000        4.7092437
     172.0000000        4.7871634
     173.0000000        4.8637126
     174.0000000        4.9207762
     175.0000000        5.0052205
     176.0000000        5.0881162
     177.0000000        5.1046715
     178.0000000        5.1202685
     179.0000000        5.1175524
     180.0000000        5.1009877
     181.0000000        5.1187374
     182.0000000        5.1762891
     183.0000000        5.2621946
     184.0000000        5.3096070
     185.0000000        5.3277384
     186.0000000        5.3507003
     187.0000000        5.3285187
     188.0000000        5.2996378
     189.0000000        5.2889512
     190.0000000        5.2501817
     191.0000000        5.2118005
     192.0000000        5.2161790
     193.0000000        5.2499921
     194.0000000        5.2302130
     195.0000000        5.1908057
     196.0000000        5.1599274
     197.0000000        5.1220296
     198.0000000        5.0887725
     199.0000000        5.0902354
     200.0000000        5.0854489
     201.0000000        5.0531967
     202.0000000        5.0213582
     203.0000000        4.9827810
     204.0000000        4.9678204
     205.0000000        4.9554934
     206.0000000        4.9676147
     207.0000000        4.9561737
     208.0000000        4.9182612
     209.0000000        4.8928855
     210.0000000        4.8880649
     211.0000000        4.8651560
     212.0000000        4.8715886
     213.0000000        4.8554090
     214.0000000        4.8290965
     215.0000000        4.8555960
     216.0000000        4.9141172
     217.0000000        4.9269684
     218.0000000        4.9360615
     219.0000000        4.9300715
     220.0000000        4.9021578
     221.0000000        4.8735736
     222.0000000        4.8797445
     223.0000000        4.8828683
     224.0000000        4.8698992
     225.0000000        4.8305586
     226.0000000        4.7501675
     227.0000000        4.6654880
     228.0000000        4.6323277
     229.0000000        4.6171082
     230.0000000        4.6224853
     231.0000000        4.5933794
     232.0000000        4.5994934
     233.0000000        4.6419997
     234.0000000        4.6797586
     235.0000000        4.7133790
     236.0000000        4.7346156
     237.0000000        4.7587705
     238.0000000        4.7920811
     239.0000000        4.8393212
     240.0000000        4.8928495
     241.0000000        4.8723545
     242.0000000        4.8734000
     243.0000000        4.9002723
     244.0000000        4.9301289
     245.0000000        4.9752028
     246.0000000        4.9823029
     247.0000000        5.0013191
     248.0000000        5.0258224
     249.0000000        5.1158201
     250.0000000        5.2090010
     251.0000000        5.2581696
     252.0000000        5.2454901
     253.0000000        5.2117528
     254.0000000        5.1832660
     255.0000000        5.1354460
     256.0000000        5.0995781
     257.0000000        5.0821338
     258.0000000        5.0830469
     259.0000000        5.0912513
     260.0000000        5.1084049
     261.0000000        5.1416588
     262.0000000        5.1715631
     263.0000000        5.2233978
     264.0000000        5.2642778
     265.0000000        5.2557309
     266.0000000        5.2320683
     267.0000000        5.1421712
     268.0000000        5.0541759
     269.0000000        4.9642112
     270.0000000        4.9482221
     271.0000000        4.9428218
     272.0000000        4.9573728
     273.0000000        4.9773500
     274.0000000        4.9713484
     275.0000000        4.9575700
     276.0000000        4.9253308
     277.0000000        4.9165251
     278.0000000        4.9163819
     279.0000000        4.9262160
     280.0000000        4.9180531
     281.0000000        4.9285211
     282.0000000        4.9222602
     283.0000000        4.9462855
     284.0000000        4.9775940
     285.0000000        5.0162110
     286.0000000        5.0715460
     287.0000000        5.1202528
     288.0000000        5.1716094
     289.0000000        5.1854487
     290.0000000        5.2267915
     291.0000000        5.2595546
     292.0000000        5.2894034
     293.0000000        5.3000095
     294.0000000        5.3238605
     295.0000000        5.3020920
     296.0000000        5.2886501
     297.0000000        5.2001951
     298.0000000        5.1799734
     299.0000000        5.1883109
     300.0000000        5.2040848
     301.0000000        5.1901654
     302.0000000        5.1996786
     303.0000000        5.1551133
     304.0000000        5.1140517
     305.0000000        5.0812837
     306.0000000        5.0250999
     307.0000000        4.9598277
     308.0000000        4.9038083
     309.0000000        4.9006424
     310.0000000        4.8962264
     311.0000000        4.9107256
     312.0000000        4.8813762
     313.0000000        4.8461365
     314.0000000        4.8164111
     315.0000000        4.8112292
     316.0000000        4.8339494
     317.0000000        4.8458874
     318.0000000        4.8701628
     319.0000000        4.8882070
     320.0000000        4.8987409
     321.0000000        4.9185636
     322.0000000        4.9464514
     323.0000000        4.9994772
     324.0000000        5.0449430
     325.0000000        5.0980921
     326.0000000        5.1727187
     327.0000000        5.2212707
     328.0000000        5.2139178
     329.0000000        5.1637356
     330.0000000        5.1151721
     331.0000000        5.0890349
     332.0000000        5.0822593
     333.0000000        5.1001624
     334.0000000        5.1045657
     335.0000000        5.1484121
     336.0000000        5.1833672
     337.0000000        5.1899916
     338.0000000        5.2307111
     339.0000000        5.2632108
     340.0000000        5.2397259
     341.0000000        5.2525324
     342.0000000        5.2390456
     343.0000000        5.2098312
     344.0000000        5.2221416
     345.0000000        5.2328629
     346.0000000        5.2170110
     347.0000000        5.1838490
     348.0000000        5.1304093
     349.0000000        5.0630636
     350.0000000        5.0063743
     351.0000000        4.9138152
     352.0000000        4.8366052
     353.0000000        4.8078152
     354.0000000        4.7966546
     355.0000000        4.7623458
     356.0000000        4.7360133
     357.0000000        4.7476451
     358.0000000        4.7421534
     359.0000000        4.6949586
     360.0000000        4.6639312
     361.0000000        4.6536010
     362.0000000        4.6359687
     363.0000000        4.6422283
     364.0000000        4.6545933
     365.0000000        4.6980175
     366.0000000        4.7510849
     367.0000000        4.8310282
     368.0000000        4.8811107
     369.0000000        4.9121168
     370.0000000        4.9108216
     371.0000000        4.8629936
     372.0000000        4.8188935
     373.0000000        4.8223343
     374.0000000        4.8277895
     375.0000000        4.8424944
     376.0000000        4.8518502
     377.0000000        4.8739986
     378.0000000        4.8809192
     379.0000000        4.9038191
     380.0000000        4.9271244
     381.0000000        4.9240328
     382.0000000        4.9200043
     383.0000000        4.9394382
     384.0000000        4.9139980
     385.0000000        4.8627577
     386.0000000        4.8322270
     387.0000000        4.8605460
     388.0000000        4.8834455
     389.0000000        4.9242877
     390.0000000        4.9548395
     391.0000000        5.0156646
     392.0000000        5.0665946
     393.0000000        5.1094403
     394.0000000        5.1254901
     395.0000000        5.1667658
     396.0000000        5.1810307
     397.0000000        5.2261830
     398.0000000        5.2559054
     399.0000000        5.2787878
     400.0000000        5.3023910
     401.0000000        5.2931371
     402.0000000        5.2502905
     403.0000000        5.1848140
     404.0000000        5.1213107
     405.0000000        5.0203332
     406.0000000        4.9741570
     407.0000000        4.9038466
     408.0000000        4.8787559
     409.0000000        4.8768538
     410.0000000        4.8732720
     411.0000000        4.8535119
     412.0000000        4.8817972
     413.0000000        4.9440799
     414.0000000        4.9971073
     415.0000000        5.0551856
     416.0000000        5.0137553
     417.0000000        4.9839840
     418.0000000        4.9428904
     419.0000000        4.9127996
     420.0000000        4.9135003
     421.0000000        4.8761171
     422.0000000        4.8735747
     423.0000000        4.8979272
     424.0000000        4.9301529
     425.0000000        4.9409574
     426.0000000        4.9671337
     427.0000000        5.0082621
     428.0000000        5.0715612
     429.0000000        5.1328740
     430.0000000        5.1179551
     431.0000000        5.0859940
     432.0000000        5.0902742
     433.0000000        5.1150620
     434.0000000        5.0936545
     435.0000000        5.0625393
     436.0000000        4.9989622
     437.0000000        4.9255427
     438.0000000        4.8779223
     439.0000000        4.8602342
     440.0000000        4.8893733
     441.0000000        4.9274219
     442.0000000        4.9356846
     443.0000000        4.9826557
     444.0000000        4.9905838
     445.0000000        4.9496825
     446.0000000        4.8925889
     447.0000000        4.8411054
     448.0000000        4.7720081
     449.0000000        4.7444455
     450.0000000        4.7418319
     451.0000000        4.7403069
     452.0000000        4.7015234
     453.0000000        4.6123730
     454.0000000        4.5322379
     455.0000000        4.4729886
     456.0000000        4.4644546
     457.0000000        4.5092720
     458.0000000        4.5394183
     459.0000000        4.5735880
     460.0000000        4.6123664
     461.0000000        4.6119100
     462.0000000        4.5872034
     463.0000000        4.5992939
     464.0000000        4.6227457
     465.0000000        4.6512245
     466.0000000        4.6652292
     467.0000000        4.6661231
     468.0000000        4.6766841
     469.0000000        4.7041600
     470.0000000        4.7335548
     471.0000000        4.7407009
     472.0000000        4.7409919
     473.0000000        4.7883250
     474.0000000        4.8134527
     475.0000000        4.8072998
     476.0000000        4.8066364
     477.0000000        4.7766920
     478.0000000        4.7358235
     479.0000000        4.7028481
     480.0000000        4.6957456
     481.0000000        4.6983084
     482.0000000        4.7197140
     483.0000000        4.7640900
     484.0000000        4.7664339
     485.0000000        4.7685675
     486.0000000        4.7894825
     487.0000000        4.8209941
     488.0000000        4.8836385
     489.0000000        4.9859845
     490.0000000        5.0936811
     491.0000000        5.1513125
     492.0000000        5.1229729
     493.0000000        5.1063494
     494.0000000        5.0833797
     495.0000000        5.0778961
     496.0000000        5.0760370
     497.0000000        5.1185234
     498.0000000        5.1596422
     499.0000000        5.2041892
     500.0000000        5.2379080
     501.0000000        5.2837466
     502.0000000        5.3148842
     503.0000000        5.3325863
     504.0000000        5.3605901
     505.0000000        5.4017836
     506.0000000        5.4027442
     507.0000000        5.3935715
     508.0000000        5.3803623
     509.0000000        5.3700269
     510.0000000        5.3464553
     511.0000000        5.2923672
     512.0000000        5.2480054
     513.0000000        5.2146123
     514.0000000        5.1582621
     515.0000000        5.1277456
     516.0000000        5.1386342
     517.0000000        5.1653726
     518.0000000        5.1463978
     519.0000000        5.1045486
     520.0000000        5.0573470
     521.0000000        5.0189709
     522.0000000        5.0179403
     523.0000000        5.0307490
     524.0000000        5.0094919
     525.0000000        5.0026224
     526.0000000        4.9893037
     527.0000000        4.9556573
     528.0000000        4.9182085
     529.0000000        4.9310969
     530.0000000        4.9811621
     531.0000000        5.0145483
     532.0000000        5.0372361
     533.0000000        5.0258547
     534.0000000        5.0069500
     535.0000000        4.9973352
     536.0000000        4.9521855
     537.0000000        4.9182080
     538.0000000        4.9130653
     539.0000000        4.9450474
     540.0000000        4.9957063
     541.0000000        5.0274992
     542.0000000        5.0772457
     543.0000000        5.1071176
     544.0000000        5.1243044
     545.0000000        5.1452875
     546.0000000        5.1713337
     547.0000000        5.1794355
     548.0000000        5.1720199
     549.0000000        5.1415818
     550.0000000        5.1313166
     551.0000000        5.1308714
     552.0000000        5.0951544
     553.0000000        5.0210938
     554.0000000        4.9540496
     555.0000000        4.9261394
     556.0000000        4.9062920
     557.0000000        4.9278699
     558.0000000        4.9476329
     559.0000000        4.9626416
     560.0000000        4.9969366
     561.0000000        5.0269755
     562.0000000        5.0289222
     563.0000000        5.0077914
     564.0000000        4.9408213
     565.0000000        4.9024574
     566.0000000        4.8657697
     567.0000000        4.8284979
     568.0000000        4.8454432
     569.0000000        4.8309850
     570.0000000        4.8098430
     571.0000000        4.8041304
     572.0000000        4.8036363
     573.0000000        4.8190325
     574.0000000        4.8277394
     575.0000000        4.8157487
     576.0000000        4.7544603
     577.0000000        4.7224568
     578.0000000        4.7052603
     579.0000000        4.7209551
     580.0000000        4.7241711
     581.0000000        4.7022849
     582.0000000        4.7255582
     583.0000000        4.7604183
     584.0000000        4.7979543
     585.0000000        4.8422107
     586.0000000        4.8907196
     587.0000000        4.9310752
     588.0000000        4.9702267
     589.0000000        5.0391438
     590.0000000        5.0650617
     591.0000000        5.1065964
     592.0000000        5.1557748
     593.0000000        5.1231234
     594.0000000        5.0769631
     595.0000000        5.0407558
     596.0000000        5.0251672
     597.0000000        5.0121804
     598.0000000        5.0008365
     599.0000000        5.0213246
     600.0000000        5.0454868
