       1.0000000        0.3118438
       2.0000000        0.2964568
       3.0000000        0.2896414
       4.0000000        0.2911501
       5.0000000        0.2896968
       6.0000000        0.2858960
       7.0000000        0.2888736
       8.0000000        0.2896466
       9.0000000        0.2889968
      10.0000000        0.2866782
      11.0000000        0.2850680
      12.0000000        0.2814354
      13.0000000        0.2833049
      14.0000000        0.2855762
      15.0000000        0.2901667
      16.0000000        0.2905135
      17.0000000        0.2929902
      18.0000000        0.2970699
      19.0000000        0.2995805
      20.0000000        0.3025080
      21.0000000        0.3059451
      22.0000000        0.3093009
      23.0000000        0.3081493
      24.0000000        0.3007706
      25.0000000        0.2969986
      26.0000000        0.2964611
      27.0000000        0.2965130
      28.0000000        0.2964172
      29.0000000        0.2942057
      30.0000000        0.2964150
      31.0000000        0.2979223
      32.0000000        0.3013276
      33.0000000        0.3034934
      34.0000000        0.2996333
      35.0000000        0.2978263
      36.0000000        0.2994362
      37.0000000        0.3005232
      38.0000000        0.3018999
      39.0000000        0.2998675
      40.0000000        0.2977001
      41.0000000        0.2971042
      42.0000000        0.2941655
      43.0000000        0.2979350
      44.0000000        0.3029282
      45.0000000        0.3153768
      46.0000000        0.3236334
      47.0000000        0.3306599
      48.0000000        0.3351424
      49.0000000        0.3424103
      50.0000000        0.3378957
      51.0000000        0.3376091
      52.0000000        0.3348902
      53.0000000        0.3321454
      54.0000000        0.3276207
      55.0000000        0.3209453
      56.0000000        0.3164444
      57.0000000        0.3132359
      58.0000000        0.3076308
      59.0000000        0.3055512
      60.0000000        0.3030348
      61.0000000        0.3022464
      62.0000000        0.3006187
      63.0000000        0.2938859
      64.0000000        0.2876290
      65.0000000        0.2844507
      66.0000000        0.2821945
      67.0000000        0.2862265
      68.0000000        0.2901616
      69.0000000        0.2899748
      70.0000000        0.2881320
      71.0000000        0.2900862
      72.0000000        0.2908655
      73.0000000        0.2936775
      74.0000000        0.2979596
      75.0000000        0.3012168
      76.0000000        0.3063754
      77.0000000        0.3104110
      78.0000000        0.3102524
      79.0000000        0.3145981
      80.0000000        0.3178290
      81.0000000        0.3181438
      82.0000000        0.3161923
      83.0000000        0.3163178
      84.0000000        0.3167079
      85.0000000        0.3119339
      86.0000000        0.3100066
      87.0000000        0.3134184
      88.0000000        0.3181124
      89.0000000        0.3165456
      90.0000000        0.3144726
      91.0000000        0.3133003
      92.0000000        0.3140222
      93.0000000        0.3179404
      94.0000000        0.3202011
      95.0000000        0.3200483
      96.0000000        0.3183858
      97.0000000        0.3129789
      98.0000000        0.3125783
      99.0000000        0.3121945
     100.0000000        0.3108927
     101.0000000        0.3053555
     102.0000000        0.2991326
     103.0000000        0.2968539
     104.0000000        0.2939130
     105.0000000        0.2931298
     106.0000000        0.2907963
     107.0000000        0.2922786
     108.0000000        0.2923058
     109.0000000        0.2958119
     110.0000000        0.2995547
     111.0000000        0.2972757
     112.0000000        0.2908239
     113.0000000        0.2905406
     114.0000000        0.2893313
     115.0000000        0.2883767
     116.0000000        0.2795459
     117.0000000        0.2768943
     118.0000000        0.2818438
     119.0000000        0.2934620
     120.0000000        0.3040307
     121.0000000        0.3091854
     122.0000000        0.3117947
     123.0000000        0.3150641
     124.0000000        0.3163725
     125.0000000        0.3187571
     126.0000000        0.3207245
     127.0000000        0.3269571
     128.0000000        0.3330614
     129.0000000        0.3356381
     130.0000000        0.3354995
     131.0000000        0.3347779
     132.0000000        0.3330873
     133.0000000        0.3278972
     134.0000000        0.3224280
     135.0000000        0.3148205
     136.0000000        0.3081626
     137.0000000        0.3041633
     138.0000000        0.3023295
     139.0000000        0.2990870
     140.0000000        0.3014334
     141.0000000        0.3057767
     142.0000000        0.3079417
     143.0000000        0.3086437
     144.0000000        0.3072040
     145.0000000        0.3084731
     146.0000000        0.3086090
     147.0000000        0.3044390
     148.0000000        0.3034088
     149.0000000        0.3024437
     150.0000000        0.3022367
     151.0000000        0.3036440
     152.0000000        0.3037787
     153.0000000        0.3020062
     154.0000000        0.3004751
     155.0000000        0.2955804
     156.0000000        0.2904153
     157.0000000        0.2919062
     158.0000000        0.2932710
     159.0000000        0.2889001
     160.0000000        0.2846280
     161.0000000        0.2787359
     162.0000000        0.2723391
     163.0000000        0.2693725
     164.0000000        0.2661836
     165.0000000        0.2586087
     166.0000000        0.2584741
     167.0000000        0.2567724
     168.0000000        0.2577133
     169.0000000        0.2588989
     170.0000000        0.2623251
     171.0000000        0.2673638
     172.0000000        0.2756725
     173.0000000        0.2844875
     174.0000000        0.2903555
     175.0000000        0.2992554
     176.0000000        0.3091750
     177.0000000        0.3106234
     178.0000000        0.3126949
     179.0000000        0.3122290
     180.0000000        0.3100350
     181.0000000        0.3123612
     182.0000000        0.3198144
     183.0000000        0.3303303
     184.0000000        0.3357771
     185.0000000        0.3374148
     186.0000000        0.3401332
     187.0000000        0.3359376
     188.0000000        0.3316770
     189.0000000        0.3307677
     190.0000000        0.3252592
     191.0000000        0.3213725
     192.0000000        0.3223333
     193.0000000        0.3273961
     194.0000000        0.3257726
     195.0000000        0.3222204
     196.0000000        0.3190166
     197.0000000        0.3143447
     198.0000000        0.3101236
     199.0000000        0.3110644
     200.0000000        0.3110090
     201.0000000        0.3061636
     202.0000000        0.3015659
     203.0000000        0.2958861
     204.0000000        0.2940285
     205.0000000        0.2936188
     206.0000000        0.2953362
     207.0000000        0.2931572
     208.0000000        0.2887413
     209.0000000        0.2863217
     210.0000000        0.2858814
     211.0000000        0.2827231
     212.0000000        0.2838912
     213.0000000        0.2824247
     214.0000000        0.2795337
     215.0000000        0.2831384
     216.0000000        0.2898685
     217.0000000        0.2912567
     218.0000000        0.2926344
     219.0000000        0.2929418
     220.0000000        0.2886273
     221.0000000        0.2839816
     222.0000000        0.2849103
     223.0000000        0.2864321
     224.0000000        0.2847117
     225.0000000        0.2805145
     226.0000000        0.2715071
     227.0000000        0.2608466
     228.0000000        0.2567420
     229.0000000        0.2546823
     230.0000000        0.2560404
     231.0000000        0.2525749
     232.0000000        0.2530605
     233.0000000        0.2579971
     234.0000000        0.2618063
     235.0000000        0.2655217
     236.0000000        0.2691392
     237.0000000        0.2722474
     238.0000000        0.2747892
     239.0000000        0.2800544
     240.0000000        0.2863644
     241.0000000        0.2832994
     242.0000000        0.2831109
     243.0000000        0.2862396
     244.0000000        0.2897106
     245.0000000        0.2954194
     246.0000000        0.2966696
     247.0000000        0.2992715
     248.0000000        0.3038625
     249.0000000        0.3166344
     250.0000000        0.3300209
     251.0000000        0.3370577
     252.0000000        0.3347183
     253.0000000        0.3294770
     254.0000000        0.3253494
     255.0000000        0.3179650
     256.0000000        0.3117502
     257.0000000        0.3086668
     258.0000000        0.3077857
     259.0000000        0.3087015
     260.0000000        0.3113270
     261.0000000        0.3150167
     262.0000000        0.3191401
     263.0000000        0.3262673
     264.0000000        0.3330505
     265.0000000        0.3330785
     266.0000000        0.3303817
     267.0000000        0.3180045
     268.0000000        0.3059914
     269.0000000        0.2940683
     270.0000000        0.2919923
     271.0000000        0.2914925
     272.0000000        0.2938929
     273.0000000        0.2972705
     274.0000000        0.2969284
     275.0000000        0.2953025
     276.0000000        0.2912389
     277.0000000        0.2908075
     278.0000000        0.2908525
     279.0000000        0.2911714
     280.0000000        0.2889509
     281.0000000        0.2900611
     282.0000000        0.2890605
     283.0000000        0.2913333
     284.0000000        0.2943265
     285.0000000        0.2982946
     286.0000000        0.3049067
     287.0000000        0.3107707
     288.0000000        0.3168113
     289.0000000        0.3193246
     290.0000000        0.3250115
     291.0000000        0.3290235
     292.0000000        0.3321432
     293.0000000        0.3341904
     294.0000000        0.3378924
     295.0000000        0.3354022
     296.0000000        0.3333709
     297.0000000        0.3216511
     298.0000000        0.3181250
     299.0000000        0.3191764
     300.0000000        0.3214304
     301.0000000        0.3194420
     302.0000000        0.3223038
     303.0000000        0.3177509
     304.0000000        0.3119023
     305.0000000        0.3074475
     306.0000000        0.3007422
     307.0000000        0.2941267
     308.0000000        0.2875204
     309.0000000        0.2876617
     310.0000000        0.2870862
     311.0000000        0.2886255
     312.0000000        0.2849449
     313.0000000        0.2804085
     314.0000000        0.2761332
     315.0000000        0.2758765
     316.0000000        0.2790376
     317.0000000        0.2793894
     318.0000000        0.2806166
     319.0000000        0.2816557
     320.0000000        0.2823452
     321.0000000        0.2842887
     322.0000000        0.2869321
     323.0000000        0.2933274
     324.0000000        0.2991949
     325.0000000        0.3066548
     326.0000000        0.3178547
     327.0000000        0.3240692
     328.0000000        0.3227755
     329.0000000        0.3163415
     330.0000000        0.3115598
     331.0000000        0.3086897
     332.0000000        0.3071194
     333.0000000        0.3088692
     334.0000000        0.3090268
     335.0000000        0.3153197
     336.0000000        0.3205457
     337.0000000        0.3219937
     338.0000000        0.3268523
     339.0000000        0.3306529
     340.0000000        0.3271516
     341.0000000        0.3287945
     342.0000000        0.3284651
     343.0000000        0.3236522
     344.0000000        0.3258867
     345.0000000        0.3288341
     346.0000000        0.3278654
     347.0000000        0.3235652
     348.0000000        0.3183142
     349.0000000        0.3095233
     350.0000000        0.3022607
     351.0000000        0.2909869
     352.0000000        0.2824797
     353.0000000        0.2790044
     354.0000000        0.2778787
     355.0000000        0.2738571
     356.0000000        0.2708936
     357.0000000        0.2717961
     358.0000000        0.2710309
     359.0000000        0.2645081
     360.0000000        0.2601357
     361.0000000        0.2587932
     362.0000000        0.2558160
     363.0000000        0.2563977
     364.0000000        0.2589063
     365.0000000        0.2638567
     366.0000000        0.2688513
     367.0000000        0.2773130
     368.0000000        0.2833900
     369.0000000        0.2875526
     370.0000000        0.2873135
     371.0000000        0.2812268
     372.0000000        0.2761054
     373.0000000        0.2766159
     374.0000000        0.2769688
     375.0000000        0.2787513
     376.0000000        0.2799458
     377.0000000        0.2820208
     378.0000000        0.2839938
     379.0000000        0.2866755
     380.0000000        0.2901263
     381.0000000        0.2900495
     382.0000000        0.2886185
     383.0000000        0.2904454
     384.0000000        0.2863831
     385.0000000        0.2803659
     386.0000000        0.2766302
     387.0000000        0.2795644
     388.0000000        0.2829479
     389.0000000        0.2866439
     390.0000000        0.2900953
     391.0000000        0.2974523
     392.0000000        0.3043529
     393.0000000        0.3091217
     394.0000000        0.3119308
     395.0000000        0.3173786
     396.0000000        0.3193648
     397.0000000        0.3246884
     398.0000000        0.3295700
     399.0000000        0.3333245
     400.0000000        0.3373286
     401.0000000        0.3368823
     402.0000000        0.3337341
     403.0000000        0.3265624
     404.0000000        0.3174611
     405.0000000        0.3025987
     406.0000000        0.2963869
     407.0000000        0.2866889
     408.0000000        0.2827755
     409.0000000        0.2814923
     410.0000000        0.2811510
     411.0000000        0.2788777
     412.0000000        0.2821778
     413.0000000        0.2909872
     414.0000000        0.2985004
     415.0000000        0.3057407
     416.0000000        0.3022176
     417.0000000        0.2983078
     418.0000000        0.2937954
     419.0000000        0.2912851
     420.0000000        0.2921612
     421.0000000        0.2867043
     422.0000000        0.2850143
     423.0000000        0.2864668
     424.0000000        0.2897590
     425.0000000        0.2908484
     426.0000000        0.2944353
     427.0000000        0.3011608
     428.0000000        0.3085612
     429.0000000        0.3172595
     430.0000000        0.3163278
     431.0000000        0.3142044
     432.0000000        0.3147742
     433.0000000        0.3171408
     434.0000000        0.3148782
     435.0000000        0.3098479
     436.0000000        0.3015328
     437.0000000        0.2915849
     438.0000000        0.2842358
     439.0000000        0.2808219
     440.0000000        0.2841854
     441.0000000        0.2897852
     442.0000000        0.2925941
     443.0000000        0.2990811
     444.0000000        0.3008389
     445.0000000        0.2947637
     446.0000000        0.2887574
     447.0000000        0.2822179
     448.0000000        0.2733964
     449.0000000        0.2714820
     450.0000000        0.2720548
     451.0000000        0.2715750
     452.0000000        0.2671239
     453.0000000        0.2562149
     454.0000000        0.2456592
     455.0000000        0.2394570
     456.0000000        0.2391439
     457.0000000        0.2442807
     458.0000000        0.2476613
     459.0000000        0.2511324
     460.0000000        0.2550742
     461.0000000        0.2549037
     462.0000000        0.2517733
     463.0000000        0.2526752
     464.0000000        0.2552519
     465.0000000        0.2577004
     466.0000000        0.2589858
     467.0000000        0.2585551
     468.0000000        0.2597869
     469.0000000        0.2622642
     470.0000000        0.2654301
     471.0000000        0.2652979
     472.0000000        0.2650135
     473.0000000        0.2706160
     474.0000000        0.2746528
     475.0000000        0.2743500
     476.0000000        0.2733638
     477.0000000        0.2697640
     478.0000000        0.2652395
     479.0000000        0.2619184
     480.0000000        0.2609658
     481.0000000        0.2614228
     482.0000000        0.2631931
     483.0000000        0.2681779
     484.0000000        0.2679977
     485.0000000        0.2687618
     486.0000000        0.2717301
     487.0000000        0.2763655
     488.0000000        0.2842082
     489.0000000        0.2981692
     490.0000000        0.3117624
     491.0000000        0.3187205
     492.0000000        0.3151250
     493.0000000        0.3136219
     494.0000000        0.3125285
     495.0000000        0.3127528
     496.0000000        0.3118332
     497.0000000        0.3156987
     498.0000000        0.3195375
     499.0000000        0.3247995
     500.0000000        0.3278433
     501.0000000        0.3330326
     502.0000000        0.3366443
     503.0000000        0.3387224
     504.0000000        0.3420906
     505.0000000        0.3480750
     506.0000000        0.3493697
     507.0000000        0.3496407
     508.0000000        0.3469294
     509.0000000        0.3466113
     510.0000000        0.3451458
     511.0000000        0.3388203
     512.0000000        0.3327705
     513.0000000        0.3277197
     514.0000000        0.3206078
     515.0000000        0.3157181
     516.0000000        0.3164768
     517.0000000        0.3198559
     518.0000000        0.3176492
     519.0000000        0.3117310
     520.0000000        0.3064659
     521.0000000        0.3036395
     522.0000000        0.3036387
     523.0000000        0.3042814
     524.0000000        0.3015667
     525.0000000        0.3003096
     526.0000000        0.2983709
     527.0000000        0.2953521
     528.0000000        0.2914958
     529.0000000        0.2930862
     530.0000000        0.2994537
     531.0000000        0.3037694
     532.0000000        0.3061052
     533.0000000        0.3048017
     534.0000000        0.3021740
     535.0000000        0.3009866
     536.0000000        0.2942705
     537.0000000        0.2899746
     538.0000000        0.2900238
     539.0000000        0.2925825
     540.0000000        0.2980269
     541.0000000        0.3029406
     542.0000000        0.3091934
     543.0000000        0.3128794
     544.0000000        0.3145846
     545.0000000        0.3174735
     546.0000000        0.3214111
     547.0000000        0.3222455
     548.0000000        0.3217021
     549.0000000        0.3188826
     550.0000000        0.3185217
     551.0000000        0.3188532
     552.0000000        0.3146155
     553.0000000        0.3051315
     554.0000000        0.2964976
     555.0000000        0.2922700
     556.0000000        0.2894867
     557.0000000        0.2908953
     558.0000000        0.2927798
     559.0000000        0.2952661
     560.0000000        0.2998715
     561.0000000        0.3031777
     562.0000000        0.3030681
     563.0000000        0.3002823
     564.0000000        0.2914617
     565.0000000        0.2874437
     566.0000000        0.2834663
     567.0000000        0.2803669
     568.0000000        0.2823729
     569.0000000        0.2804571
     570.0000000        0.2778595
     571.0000000        0.2767023
     572.0000000        0.2769208
     573.0000000        0.2802005
     574.0000000        0.2822282
     575.0000000        0.2800222
     576.0000000        0.2736435
     577.0000000        0.2702601
     578.0000000        0.2681390
     579.0000000        0.2695589
     580.0000000        0.2690218
     581.0000000        0.2661945
     582.0000000        0.2676879
     583.0000000        0.2707303
     584.0000000        0.2736812
     585.0000000        0.2791083
     586.0000000        0.2848699
     587.0000000        0.2883798
     588.0000000        0.2921837
     589.0000000        0.3005265
     590.0000000        0.3040467
     591.0000000        0.3100640
     592.0000000        0.3171973
     593.0000000        0.3128772
     594.0000000        0.3061377
     595.0000000        0.3020231
     596.0000000        0.3002948
     597.0000000        0.2991823
     598.0000000        0.2984741
     599.0000000        0.3009992
     600.0000000        0.3034360
