       1.0000000        0.3307282
       2.0000000        0.3160953
       3.0000000        0.3151560
       4.0000000        0.3134304
       5.0000000        0.3044351
       6.0000000        0.2969999
       7.0000000        0.2907958
       8.0000000        0.2856578
       9.0000000        0.2816378
      10.0000000        0.2782435
      11.0000000        0.2740501
      12.0000000        0.2685643
      13.0000000        0.2616879
      14.0000000        0.2574730
      15.0000000        0.2518831
      16.0000000        0.2488335
      17.0000000        0.2503900
      18.0000000        0.2571243
      19.0000000        0.2614442
      20.0000000        0.2661745
      21.0000000        0.2715953
      22.0000000        0.2756698
      23.0000000        0.2802042
      24.0000000        0.2845163
      25.0000000        0.2867341
      26.0000000        0.2837085
      27.0000000        0.2818819
      28.0000000        0.2814999
      29.0000000        0.2780689
      30.0000000        0.2720892
      31.0000000        0.2655619
      32.0000000        0.2565508
      33.0000000        0.2502965
      34.0000000        0.2443607
      35.0000000        0.2401355
      36.0000000        0.2379235
      37.0000000        0.2395576
      38.0000000        0.2441953
      39.0000000        0.2469866
      40.0000000        0.2520545
      41.0000000        0.2579526
      42.0000000        0.2656161
      43.0000000        0.2702038
      44.0000000        0.2734399
      45.0000000        0.2735227
      46.0000000        0.2745756
      47.0000000        0.2741945
      48.0000000        0.2760844
      49.0000000        0.2749550
      50.0000000        0.2754140
      51.0000000        0.2757122
      52.0000000        0.2801650
      53.0000000        0.2853666
      54.0000000        0.2890180
      55.0000000        0.2887765
      56.0000000        0.2840762
      57.0000000        0.2754957
      58.0000000        0.2670157
      59.0000000        0.2608169
      60.0000000        0.2588530
      61.0000000        0.2573515
      62.0000000        0.2586675
      63.0000000        0.2644451
      64.0000000        0.2728545
      65.0000000        0.2742714
      66.0000000        0.2733367
      67.0000000        0.2751916
      68.0000000        0.2731522
      69.0000000        0.2731635
      70.0000000        0.2727067
      71.0000000        0.2712700
      72.0000000        0.2694945
      73.0000000        0.2656328
      74.0000000        0.2662433
      75.0000000        0.2658549
      76.0000000        0.2693412
      77.0000000        0.2722931
      78.0000000        0.2710496
      79.0000000        0.2726648
      80.0000000        0.2763732
      81.0000000        0.2778074
      82.0000000        0.2792746
      83.0000000        0.2746573
      84.0000000        0.2729903
      85.0000000        0.2728686
      86.0000000        0.2671065
      87.0000000        0.2635450
      88.0000000        0.2625193
      89.0000000        0.2631570
      90.0000000        0.2652087
      91.0000000        0.2661180
      92.0000000        0.2677088
      93.0000000        0.2684428
      94.0000000        0.2683944
      95.0000000        0.2680705
      96.0000000        0.2674127
      97.0000000        0.2638376
      98.0000000        0.2572310
      99.0000000        0.2532262
     100.0000000        0.2489018
     101.0000000        0.2434378
     102.0000000        0.2409089
     103.0000000        0.2437741
     104.0000000        0.2472490
     105.0000000        0.2519283
     106.0000000        0.2557694
     107.0000000        0.2601867
     108.0000000        0.2662514
     109.0000000        0.2705675
     110.0000000        0.2751872
     111.0000000        0.2811380
     112.0000000        0.2838134
     113.0000000        0.2820772
     114.0000000        0.2833081
     115.0000000        0.2815592
     116.0000000        0.2784259
     117.0000000        0.2783400
     118.0000000        0.2755134
     119.0000000        0.2751149
     120.0000000        0.2709154
     121.0000000        0.2671996
     122.0000000        0.2648511
     123.0000000        0.2596733
     124.0000000        0.2573715
     125.0000000        0.2574950
     126.0000000        0.2573974
     127.0000000        0.2583631
     128.0000000        0.2604392
     129.0000000        0.2645031
     130.0000000        0.2654418
     131.0000000        0.2621115
     132.0000000        0.2579894
     133.0000000        0.2548833
     134.0000000        0.2500094
     135.0000000        0.2471738
     136.0000000        0.2490576
     137.0000000        0.2467949
     138.0000000        0.2452405
     139.0000000        0.2472861
     140.0000000        0.2510759
     141.0000000        0.2531689
     142.0000000        0.2520894
     143.0000000        0.2485632
     144.0000000        0.2422892
     145.0000000        0.2370590
     146.0000000        0.2340322
     147.0000000        0.2329524
     148.0000000        0.2322472
     149.0000000        0.2299988
     150.0000000        0.2280437
     151.0000000        0.2258502
     152.0000000        0.2250161
     153.0000000        0.2249654
     154.0000000        0.2275949
     155.0000000        0.2316416
     156.0000000        0.2358334
     157.0000000        0.2433489
     158.0000000        0.2474398
     159.0000000        0.2436347
     160.0000000        0.2402655
     161.0000000        0.2396360
     162.0000000        0.2390240
     163.0000000        0.2375887
     164.0000000        0.2347469
     165.0000000        0.2328458
     166.0000000        0.2289875
     167.0000000        0.2226805
     168.0000000        0.2217678
     169.0000000        0.2228727
     170.0000000        0.2248536
     171.0000000        0.2267628
     172.0000000        0.2290876
     173.0000000        0.2320262
     174.0000000        0.2369841
     175.0000000        0.2405365
     176.0000000        0.2450234
     177.0000000        0.2486703
     178.0000000        0.2508571
     179.0000000        0.2533516
     180.0000000        0.2576475
     181.0000000        0.2624869
     182.0000000        0.2615398
     183.0000000        0.2611133
     184.0000000        0.2606986
     185.0000000        0.2621420
     186.0000000        0.2569664
     187.0000000        0.2500419
     188.0000000        0.2437121
     189.0000000        0.2362340
     190.0000000        0.2313885
     191.0000000        0.2304165
     192.0000000        0.2235314
     193.0000000        0.2172329
     194.0000000        0.2151591
     195.0000000        0.2159125
     196.0000000        0.2165491
     197.0000000        0.2181551
     198.0000000        0.2258320
     199.0000000        0.2335561
     200.0000000        0.2398445
     201.0000000        0.2461201
     202.0000000        0.2506624
     203.0000000        0.2539245
     204.0000000        0.2640480
     205.0000000        0.2746968
     206.0000000        0.2798814
     207.0000000        0.2873499
     208.0000000        0.2921439
     209.0000000        0.2902151
     210.0000000        0.2842169
     211.0000000        0.2824708
     212.0000000        0.2841553
     213.0000000        0.2827467
     214.0000000        0.2809628
     215.0000000        0.2777902
     216.0000000        0.2742544
     217.0000000        0.2703201
     218.0000000        0.2648265
     219.0000000        0.2587082
     220.0000000        0.2569237
     221.0000000        0.2643492
     222.0000000        0.2658618
     223.0000000        0.2668441
     224.0000000        0.2652050
     225.0000000        0.2674402
     226.0000000        0.2700633
     227.0000000        0.2727291
     228.0000000        0.2739285
     229.0000000        0.2689358
     230.0000000        0.2640420
     231.0000000        0.2616254
     232.0000000        0.2663420
     233.0000000        0.2687129
     234.0000000        0.2688638
     235.0000000        0.2664434
     236.0000000        0.2609236
     237.0000000        0.2567135
     238.0000000        0.2542824
     239.0000000        0.2535732
     240.0000000        0.2486681
     241.0000000        0.2488769
     242.0000000        0.2509028
     243.0000000        0.2542467
     244.0000000        0.2586833
     245.0000000        0.2606057
     246.0000000        0.2587834
     247.0000000        0.2580070
     248.0000000        0.2536897
     249.0000000        0.2497921
     250.0000000        0.2458688
     251.0000000        0.2450673
     252.0000000        0.2462313
     253.0000000        0.2488265
     254.0000000        0.2528238
     255.0000000        0.2556189
     256.0000000        0.2549638
     257.0000000        0.2555764
     258.0000000        0.2566759
     259.0000000        0.2558233
     260.0000000        0.2538333
     261.0000000        0.2522602
     262.0000000        0.2499163
     263.0000000        0.2508895
     264.0000000        0.2542006
     265.0000000        0.2551677
     266.0000000        0.2507774
     267.0000000        0.2491623
     268.0000000        0.2486242
     269.0000000        0.2487758
     270.0000000        0.2484182
     271.0000000        0.2497525
     272.0000000        0.2515369
     273.0000000        0.2531877
     274.0000000        0.2569069
     275.0000000        0.2562022
     276.0000000        0.2584034
     277.0000000        0.2608999
     278.0000000        0.2609075
     279.0000000        0.2622524
     280.0000000        0.2656995
     281.0000000        0.2675723
     282.0000000        0.2718256
     283.0000000        0.2731689
     284.0000000        0.2703134
     285.0000000        0.2709474
     286.0000000        0.2772877
     287.0000000        0.2835114
     288.0000000        0.2851977
     289.0000000        0.2822680
     290.0000000        0.2819312
     291.0000000        0.2824004
     292.0000000        0.2843193
     293.0000000        0.2843709
     294.0000000        0.2824274
     295.0000000        0.2796727
     296.0000000        0.2768182
     297.0000000        0.2667100
     298.0000000        0.2608855
     299.0000000        0.2576917
     300.0000000        0.2504156
     301.0000000        0.2442520
     302.0000000        0.2437853
     303.0000000        0.2407485
     304.0000000        0.2374361
     305.0000000        0.2390225
     306.0000000        0.2436643
     307.0000000        0.2485455
     308.0000000        0.2497604
     309.0000000        0.2519542
     310.0000000        0.2508038
     311.0000000        0.2499686
     312.0000000        0.2499053
     313.0000000        0.2512643
     314.0000000        0.2517864
     315.0000000        0.2531772
     316.0000000        0.2489838
     317.0000000        0.2429794
     318.0000000        0.2429533
     319.0000000        0.2417784
     320.0000000        0.2394412
     321.0000000        0.2377727
     322.0000000        0.2366397
     323.0000000        0.2365972
     324.0000000        0.2340187
     325.0000000        0.2287998
     326.0000000        0.2231732
     327.0000000        0.2193207
     328.0000000        0.2173048
     329.0000000        0.2183888
     330.0000000        0.2208535
     331.0000000        0.2226410
     332.0000000        0.2255612
     333.0000000        0.2306406
     334.0000000        0.2280322
     335.0000000        0.2226786
     336.0000000        0.2214001
     337.0000000        0.2260337
     338.0000000        0.2323908
     339.0000000        0.2372776
     340.0000000        0.2392867
     341.0000000        0.2440489
     342.0000000        0.2466459
     343.0000000        0.2494624
     344.0000000        0.2505862
     345.0000000        0.2483804
     346.0000000        0.2472700
     347.0000000        0.2469753
     348.0000000        0.2446674
     349.0000000        0.2453110
     350.0000000        0.2464909
     351.0000000        0.2487109
     352.0000000        0.2482120
     353.0000000        0.2526472
     354.0000000        0.2557183
     355.0000000        0.2582872
     356.0000000        0.2607083
     357.0000000        0.2645348
     358.0000000        0.2650813
     359.0000000        0.2603176
     360.0000000        0.2552890
     361.0000000        0.2528098
     362.0000000        0.2521940
     363.0000000        0.2522628
     364.0000000        0.2553725
     365.0000000        0.2545089
     366.0000000        0.2539870
     367.0000000        0.2569955
     368.0000000        0.2592692
     369.0000000        0.2621813
     370.0000000        0.2642632
     371.0000000        0.2670472
     372.0000000        0.2670518
     373.0000000        0.2697320
     374.0000000        0.2742635
     375.0000000        0.2778888
     376.0000000        0.2778800
     377.0000000        0.2726624
     378.0000000        0.2736574
     379.0000000        0.2741797
     380.0000000        0.2707241
     381.0000000        0.2683153
     382.0000000        0.2648054
     383.0000000        0.2649760
     384.0000000        0.2699040
     385.0000000        0.2720455
     386.0000000        0.2742529
     387.0000000        0.2707948
     388.0000000        0.2692707
     389.0000000        0.2694351
     390.0000000        0.2705872
     391.0000000        0.2701888
     392.0000000        0.2711891
     393.0000000        0.2731036
     394.0000000        0.2709979
     395.0000000        0.2729546
     396.0000000        0.2722185
     397.0000000        0.2722941
     398.0000000        0.2704748
     399.0000000        0.2672761
     400.0000000        0.2614879
     401.0000000        0.2553870
     402.0000000        0.2531488
     403.0000000        0.2526307
     404.0000000        0.2503692
     405.0000000        0.2462405
     406.0000000        0.2427627
     407.0000000        0.2407191
     408.0000000        0.2377621
     409.0000000        0.2348609
     410.0000000        0.2360086
     411.0000000        0.2370600
     412.0000000        0.2375165
     413.0000000        0.2424786
     414.0000000        0.2457190
     415.0000000        0.2443511
     416.0000000        0.2421345
     417.0000000        0.2433848
     418.0000000        0.2443596
     419.0000000        0.2463417
     420.0000000        0.2439363
     421.0000000        0.2416983
     422.0000000        0.2433404
     423.0000000        0.2450315
     424.0000000        0.2433345
     425.0000000        0.2439637
     426.0000000        0.2466775
     427.0000000        0.2512900
     428.0000000        0.2545219
     429.0000000        0.2561563
     430.0000000        0.2604345
     431.0000000        0.2674564
     432.0000000        0.2703146
     433.0000000        0.2751564
     434.0000000        0.2776671
     435.0000000        0.2784270
     436.0000000        0.2762656
     437.0000000        0.2741929
     438.0000000        0.2787443
     439.0000000        0.2787992
     440.0000000        0.2797707
     441.0000000        0.2777622
     442.0000000        0.2771841
     443.0000000        0.2738923
     444.0000000        0.2701515
     445.0000000        0.2674981
     446.0000000        0.2640308
     447.0000000        0.2575791
     448.0000000        0.2517709
     449.0000000        0.2477725
     450.0000000        0.2451084
     451.0000000        0.2416974
     452.0000000        0.2382320
     453.0000000        0.2340017
     454.0000000        0.2336152
     455.0000000        0.2318050
     456.0000000        0.2329685
     457.0000000        0.2334737
     458.0000000        0.2357457
     459.0000000        0.2345594
     460.0000000        0.2325954
     461.0000000        0.2307530
     462.0000000        0.2257623
     463.0000000        0.2261268
     464.0000000        0.2282076
     465.0000000        0.2294556
     466.0000000        0.2297064
     467.0000000        0.2310349
     468.0000000        0.2328020
     469.0000000        0.2359597
     470.0000000        0.2381500
     471.0000000        0.2418674
     472.0000000        0.2452389
     473.0000000        0.2496196
     474.0000000        0.2509131
     475.0000000        0.2502853
     476.0000000        0.2532659
     477.0000000        0.2581828
     478.0000000        0.2576713
     479.0000000        0.2531579
     480.0000000        0.2524276
     481.0000000        0.2544649
     482.0000000        0.2574343
     483.0000000        0.2602353
     484.0000000        0.2666321
     485.0000000        0.2659446
     486.0000000        0.2666579
     487.0000000        0.2654414
     488.0000000        0.2654070
     489.0000000        0.2622252
     490.0000000        0.2569245
     491.0000000        0.2523298
     492.0000000        0.2491888
     493.0000000        0.2478502
     494.0000000        0.2461982
     495.0000000        0.2464217
     496.0000000        0.2499090
     497.0000000        0.2533686
     498.0000000        0.2578608
     499.0000000        0.2606524
     500.0000000        0.2654585
     501.0000000        0.2662673
     502.0000000        0.2634408
     503.0000000        0.2641942
     504.0000000        0.2630183
     505.0000000        0.2594799
     506.0000000        0.2540177
     507.0000000        0.2501470
     508.0000000        0.2508846
     509.0000000        0.2521404
     510.0000000        0.2551073
     511.0000000        0.2522527
     512.0000000        0.2474031
     513.0000000        0.2440943
     514.0000000        0.2465104
     515.0000000        0.2475879
     516.0000000        0.2488800
     517.0000000        0.2507598
     518.0000000        0.2569271
     519.0000000        0.2634813
     520.0000000        0.2684169
     521.0000000        0.2643734
     522.0000000        0.2584270
     523.0000000        0.2547994
     524.0000000        0.2555523
     525.0000000        0.2537424
     526.0000000        0.2484727
     527.0000000        0.2449818
     528.0000000        0.2435516
     529.0000000        0.2437790
     530.0000000        0.2427939
     531.0000000        0.2398282
     532.0000000        0.2359379
     533.0000000        0.2310163
     534.0000000        0.2270393
     535.0000000        0.2267977
     536.0000000        0.2295153
     537.0000000        0.2322584
     538.0000000        0.2343690
     539.0000000        0.2376760
     540.0000000        0.2444643
     541.0000000        0.2538875
     542.0000000        0.2638003
     543.0000000        0.2757997
     544.0000000        0.2825409
     545.0000000        0.2835763
     546.0000000        0.2818131
     547.0000000        0.2826034
     548.0000000        0.2835696
     549.0000000        0.2835392
     550.0000000        0.2825873
     551.0000000        0.2814087
     552.0000000        0.2771398
     553.0000000        0.2686147
     554.0000000        0.2645611
     555.0000000        0.2587076
     556.0000000        0.2522757
     557.0000000        0.2453138
     558.0000000        0.2434511
     559.0000000        0.2438004
     560.0000000        0.2478297
     561.0000000        0.2570915
     562.0000000        0.2636371
     563.0000000        0.2639288
     564.0000000        0.2656823
     565.0000000        0.2700547
     566.0000000        0.2709467
     567.0000000        0.2727425
     568.0000000        0.2745138
     569.0000000        0.2730476
     570.0000000        0.2724109
     571.0000000        0.2698503
     572.0000000        0.2682251
     573.0000000        0.2654567
     574.0000000        0.2597578
     575.0000000        0.2539931
     576.0000000        0.2512991
     577.0000000        0.2526924
     578.0000000        0.2559369
     579.0000000        0.2544599
     580.0000000        0.2523132
     581.0000000        0.2501129
     582.0000000        0.2502506
     583.0000000        0.2483569
     584.0000000        0.2496482
     585.0000000        0.2533668
     586.0000000        0.2582554
     587.0000000        0.2608297
     588.0000000        0.2615627
     589.0000000        0.2598211
     590.0000000        0.2537855
     591.0000000        0.2438493
     592.0000000        0.2338878
     593.0000000        0.2279966
     594.0000000        0.2203869
     595.0000000        0.2155859
     596.0000000        0.2113926
     597.0000000        0.2105496
     598.0000000        0.2117968
     599.0000000        0.2133984
     600.0000000        0.2155424
