       1.0000000        2.1681075
       2.0000000        2.1623340
       3.0000000        2.1610703
       4.0000000        2.1617258
       5.0000000        2.1649389
       6.0000000        2.1674533
       7.0000000        2.1682994
       8.0000000        2.1672091
       9.0000000        2.1677625
      10.0000000        2.1674328
      11.0000000        2.1655588
      12.0000000        2.1585412
      13.0000000        2.1470377
      14.0000000        2.1380277
      15.0000000        2.1283085
      16.0000000        2.1149361
      17.0000000        2.1025336
      18.0000000        2.0884893
      19.0000000        2.0739818
      20.0000000        2.0615203
      21.0000000        2.0496721
      22.0000000        2.0404327
      23.0000000        2.0345042
      24.0000000        2.0314448
      25.0000000        2.0306280
      26.0000000        2.0299404
      27.0000000        2.0256724
      28.0000000        2.0182190
      29.0000000        2.0103602
      30.0000000        2.0025280
      31.0000000        1.9951303
      32.0000000        1.9848914
      33.0000000        1.9751832
      34.0000000        1.9633489
      35.0000000        1.9522933
      36.0000000        1.9417700
      37.0000000        1.9294636
      38.0000000        1.9161078
      39.0000000        1.9018587
      40.0000000        1.8881716
      41.0000000        1.8730062
      42.0000000        1.8563510
      43.0000000        1.8401085
      44.0000000        1.8249463
      45.0000000        1.8107604
      46.0000000        1.7997773
      47.0000000        1.7910502
      48.0000000        1.7832823
      49.0000000        1.7769469
      50.0000000        1.7723362
      51.0000000        1.7681422
      52.0000000        1.7632484
      53.0000000        1.7568038
      54.0000000        1.7488670
      55.0000000        1.7404048
      56.0000000        1.7330186
      57.0000000        1.7267163
      58.0000000        1.7207389
      59.0000000        1.7142266
      60.0000000        1.7074411
      61.0000000        1.7011431
      62.0000000        1.6950331
      63.0000000        1.6881353
      64.0000000        1.6826080
      65.0000000        1.6771853
      66.0000000        1.6709160
      67.0000000        1.6658640
      68.0000000        1.6608196
      69.0000000        1.6543561
      70.0000000        1.6474372
      71.0000000        1.6392400
      72.0000000        1.6308519
      73.0000000        1.6235693
      74.0000000        1.6167431
      75.0000000        1.6106416
      76.0000000        1.6050892
      77.0000000        1.6003925
      78.0000000        1.5967683
      79.0000000        1.5943266
      80.0000000        1.5931194
      81.0000000        1.5938398
      82.0000000        1.5962721
      83.0000000        1.5989132
      84.0000000        1.6023422
      85.0000000        1.6075873
      86.0000000        1.6143482
      87.0000000        1.6223238
      88.0000000        1.6298670
      89.0000000        1.6374954
      90.0000000        1.6448237
      91.0000000        1.6517004
      92.0000000        1.6585066
      93.0000000        1.6659769
      94.0000000        1.6729685
      95.0000000        1.6795273
      96.0000000        1.6856059
      97.0000000        1.6920687
      98.0000000        1.6995587
      99.0000000        1.7086654
     100.0000000        1.7173710
     101.0000000        1.7262654
     102.0000000        1.7352339
     103.0000000        1.7459815
     104.0000000        1.7573578
     105.0000000        1.7689251
     106.0000000        1.7811161
     107.0000000        1.7931573
     108.0000000        1.8053223
     109.0000000        1.8179356
     110.0000000        1.8304261
     111.0000000        1.8438144
     112.0000000        1.8573338
     113.0000000        1.8724838
     114.0000000        1.8874668
     115.0000000        1.9019420
     116.0000000        1.9155698
     117.0000000        1.9279501
     118.0000000        1.9390994
     119.0000000        1.9484513
     120.0000000        1.9540546
     121.0000000        1.9586065
     122.0000000        1.9623370
     123.0000000        1.9649489
     124.0000000        1.9649216
     125.0000000        1.9658397
     126.0000000        1.9685277
     127.0000000        1.9745660
     128.0000000        1.9821477
     129.0000000        1.9898328
     130.0000000        1.9960032
     131.0000000        1.9993643
     132.0000000        1.9990259
     133.0000000        1.9952542
     134.0000000        1.9901516
     135.0000000        1.9836397
     136.0000000        1.9747983
     137.0000000        1.9650036
     138.0000000        1.9555606
     139.0000000        1.9486616
     140.0000000        1.9432390
     141.0000000        1.9377639
     142.0000000        1.9348892
     143.0000000        1.9332598
     144.0000000        1.9328735
     145.0000000        1.9361675
     146.0000000        1.9423094
     147.0000000        1.9497122
     148.0000000        1.9574542
     149.0000000        1.9653533
     150.0000000        1.9736214
     151.0000000        1.9818494
     152.0000000        1.9900962
     153.0000000        1.9982234
     154.0000000        2.0058157
     155.0000000        2.0145988
     156.0000000        2.0232265
     157.0000000        2.0297358
     158.0000000        2.0318151
     159.0000000        2.0312407
     160.0000000        2.0288966
     161.0000000        2.0229573
     162.0000000        2.0155520
     163.0000000        2.0073051
     164.0000000        1.9958189
     165.0000000        1.9852480
     166.0000000        1.9736452
     167.0000000        1.9642889
     168.0000000        1.9560688
     169.0000000        1.9517362
     170.0000000        1.9479371
     171.0000000        1.9453874
     172.0000000        1.9423511
     173.0000000        1.9387455
     174.0000000        1.9351443
     175.0000000        1.9297996
     176.0000000        1.9252853
     177.0000000        1.9250946
     178.0000000        1.9250324
     179.0000000        1.9247704
     180.0000000        1.9256279
     181.0000000        1.9243110
     182.0000000        1.9212495
     183.0000000        1.9172479
     184.0000000        1.9111441
     185.0000000        1.9045948
     186.0000000        1.8986202
     187.0000000        1.8919297
     188.0000000        1.8863103
     189.0000000        1.8803763
     190.0000000        1.8760231
     191.0000000        1.8710141
     192.0000000        1.8668619
     193.0000000        1.8623952
     194.0000000        1.8580624
     195.0000000        1.8538373
     196.0000000        1.8509586
     197.0000000        1.8483976
     198.0000000        1.8462102
     199.0000000        1.8453239
     200.0000000        1.8448983
     201.0000000        1.8457552
     202.0000000        1.8471769
     203.0000000        1.8511317
     204.0000000        1.8555621
     205.0000000        1.8613455
     206.0000000        1.8688600
     207.0000000        1.8757523
     208.0000000        1.8823420
     209.0000000        1.8881861
     210.0000000        1.8950099
     211.0000000        1.9009933
     212.0000000        1.9061219
     213.0000000        1.9116938
     214.0000000        1.9156135
     215.0000000        1.9189657
     216.0000000        1.9227395
     217.0000000        1.9271716
     218.0000000        1.9297097
     219.0000000        1.9317046
     220.0000000        1.9328872
     221.0000000        1.9316742
     222.0000000        1.9270325
     223.0000000        1.9203708
     224.0000000        1.9118800
     225.0000000        1.9021071
     226.0000000        1.8910463
     227.0000000        1.8791010
     228.0000000        1.8681841
     229.0000000        1.8585081
     230.0000000        1.8527108
     231.0000000        1.8474605
     232.0000000        1.8453579
     233.0000000        1.8432531
     234.0000000        1.8387530
     235.0000000        1.8337829
     236.0000000        1.8293142
     237.0000000        1.8252851
     238.0000000        1.8228818
     239.0000000        1.8222009
     240.0000000        1.8234180
     241.0000000        1.8254694
     242.0000000        1.8272276
     243.0000000        1.8301283
     244.0000000        1.8346837
     245.0000000        1.8412461
     246.0000000        1.8479091
     247.0000000        1.8537325
     248.0000000        1.8580316
     249.0000000        1.8603419
     250.0000000        1.8621893
     251.0000000        1.8646096
     252.0000000        1.8676232
     253.0000000        1.8709122
     254.0000000        1.8718088
     255.0000000        1.8715885
     256.0000000        1.8705448
     257.0000000        1.8668160
     258.0000000        1.8599341
     259.0000000        1.8495873
     260.0000000        1.8344054
     261.0000000        1.8158931
     262.0000000        1.7949902
     263.0000000        1.7732276
     264.0000000        1.7515514
     265.0000000        1.7309401
     266.0000000        1.7123756
     267.0000000        1.6940963
     268.0000000        1.6767161
     269.0000000        1.6600022
     270.0000000        1.6438128
     271.0000000        1.6295962
     272.0000000        1.6160663
     273.0000000        1.6038780
     274.0000000        1.5939852
     275.0000000        1.5866174
     276.0000000        1.5829337
     277.0000000        1.5823710
     278.0000000        1.5838256
     279.0000000        1.5870123
     280.0000000        1.5918489
     281.0000000        1.5983547
     282.0000000        1.6067033
     283.0000000        1.6161497
     284.0000000        1.6272484
     285.0000000        1.6390966
     286.0000000        1.6513543
     287.0000000        1.6649323
     288.0000000        1.6787068
     289.0000000        1.6925571
     290.0000000        1.7056495
     291.0000000        1.7166839
     292.0000000        1.7259756
     293.0000000        1.7347817
     294.0000000        1.7427028
     295.0000000        1.7493404
     296.0000000        1.7540195
     297.0000000        1.7571192
     298.0000000        1.7606447
     299.0000000        1.7632005
     300.0000000        1.7650915
     301.0000000        1.7672619
     302.0000000        1.7682470
     303.0000000        1.7686440
     304.0000000        1.7711021
     305.0000000        1.7742877
     306.0000000        1.7767303
     307.0000000        1.7793595
     308.0000000        1.7817801
     309.0000000        1.7853051
     310.0000000        1.7889810
     311.0000000        1.7948570
     312.0000000        1.8020712
     313.0000000        1.8109219
     314.0000000        1.8206695
     315.0000000        1.8325711
     316.0000000        1.8455240
     317.0000000        1.8589642
     318.0000000        1.8734620
     319.0000000        1.8869513
     320.0000000        1.8989779
     321.0000000        1.9100903
     322.0000000        1.9214166
     323.0000000        1.9294670
     324.0000000        1.9358931
     325.0000000        1.9386792
     326.0000000        1.9393443
     327.0000000        1.9381751
     328.0000000        1.9376731
     329.0000000        1.9403750
     330.0000000        1.9445496
     331.0000000        1.9467263
     332.0000000        1.9495018
     333.0000000        1.9514275
     334.0000000        1.9513528
     335.0000000        1.9504145
     336.0000000        1.9488230
     337.0000000        1.9471623
     338.0000000        1.9446585
     339.0000000        1.9429666
     340.0000000        1.9444215
     341.0000000        1.9470260
     342.0000000        1.9520802
     343.0000000        1.9588598
     344.0000000        1.9681472
     345.0000000        1.9800749
     346.0000000        1.9916706
     347.0000000        2.0036047
     348.0000000        2.0153940
     349.0000000        2.0273256
     350.0000000        2.0385458
     351.0000000        2.0477641
     352.0000000        2.0531566
     353.0000000        2.0549815
     354.0000000        2.0517790
     355.0000000        2.0430763
     356.0000000        2.0313990
     357.0000000        2.0194311
     358.0000000        2.0048106
     359.0000000        1.9893076
     360.0000000        1.9755925
     361.0000000        1.9628049
     362.0000000        1.9497902
     363.0000000        1.9369404
     364.0000000        1.9221473
     365.0000000        1.9078181
     366.0000000        1.8928093
     367.0000000        1.8758100
     368.0000000        1.8578281
     369.0000000        1.8400075
     370.0000000        1.8203274
     371.0000000        1.8004606
     372.0000000        1.7812769
     373.0000000        1.7627037
     374.0000000        1.7465587
     375.0000000        1.7326182
     376.0000000        1.7192271
     377.0000000        1.7083261
     378.0000000        1.7000095
     379.0000000        1.6913712
     380.0000000        1.6827137
     381.0000000        1.6738085
     382.0000000        1.6643844
     383.0000000        1.6549342
     384.0000000        1.6479261
     385.0000000        1.6424712
     386.0000000        1.6388236
     387.0000000        1.6362237
     388.0000000        1.6325133
     389.0000000        1.6288823
     390.0000000        1.6248760
     391.0000000        1.6204771
     392.0000000        1.6151534
     393.0000000        1.6103774
     394.0000000        1.6071330
     395.0000000        1.6052483
     396.0000000        1.6046823
     397.0000000        1.6054238
     398.0000000        1.6069189
     399.0000000        1.6081865
     400.0000000        1.6078922
     401.0000000        1.6068597
     402.0000000        1.6062460
     403.0000000        1.6055073
     404.0000000        1.6040555
     405.0000000        1.6027318
     406.0000000        1.6019809
     407.0000000        1.6021253
     408.0000000        1.6038187
     409.0000000        1.6077791
     410.0000000        1.6126555
     411.0000000        1.6178877
     412.0000000        1.6225520
     413.0000000        1.6273748
     414.0000000        1.6315045
     415.0000000        1.6350509
     416.0000000        1.6399106
     417.0000000        1.6469181
     418.0000000        1.6543010
     419.0000000        1.6619473
     420.0000000        1.6714183
     421.0000000        1.6812741
     422.0000000        1.6929357
     423.0000000        1.7054354
     424.0000000        1.7184657
     425.0000000        1.7315044
     426.0000000        1.7438387
     427.0000000        1.7562912
     428.0000000        1.7687389
     429.0000000        1.7820168
     430.0000000        1.7957809
     431.0000000        1.8111038
     432.0000000        1.8273001
     433.0000000        1.8438077
     434.0000000        1.8618076
     435.0000000        1.8800783
     436.0000000        1.8989886
     437.0000000        1.9178174
     438.0000000        1.9361080
     439.0000000        1.9538058
     440.0000000        1.9710968
     441.0000000        1.9878067
     442.0000000        2.0033376
     443.0000000        2.0163763
     444.0000000        2.0279391
     445.0000000        2.0360031
     446.0000000        2.0387321
     447.0000000        2.0382953
     448.0000000        2.0339859
     449.0000000        2.0286255
     450.0000000        2.0236013
     451.0000000        2.0201886
     452.0000000        2.0174174
     453.0000000        2.0141947
     454.0000000        2.0103827
     455.0000000        2.0042665
     456.0000000        1.9971688
     457.0000000        1.9875885
     458.0000000        1.9781559
     459.0000000        1.9691998
     460.0000000        1.9625542
     461.0000000        1.9565263
     462.0000000        1.9535249
     463.0000000        1.9524621
     464.0000000        1.9492555
     465.0000000        1.9486567
     466.0000000        1.9478683
     467.0000000        1.9470898
     468.0000000        1.9451156
     469.0000000        1.9437244
     470.0000000        1.9404864
     471.0000000        1.9384975
     472.0000000        1.9356008
     473.0000000        1.9335179
     474.0000000        1.9320892
     475.0000000        1.9292232
     476.0000000        1.9237303
     477.0000000        1.9160734
     478.0000000        1.9068667
     479.0000000        1.8997700
     480.0000000        1.8961502
     481.0000000        1.8926172
     482.0000000        1.8908184
     483.0000000        1.8896878
     484.0000000        1.8898445
     485.0000000        1.8916837
     486.0000000        1.8946985
     487.0000000        1.9006109
     488.0000000        1.9073385
     489.0000000        1.9133606
     490.0000000        1.9183269
     491.0000000        1.9226464
     492.0000000        1.9263844
     493.0000000        1.9296211
     494.0000000        1.9332718
     495.0000000        1.9348956
     496.0000000        1.9352505
     497.0000000        1.9346073
     498.0000000        1.9331636
     499.0000000        1.9335450
     500.0000000        1.9336272
     501.0000000        1.9328749
     502.0000000        1.9321455
     503.0000000        1.9314655
     504.0000000        1.9314111
     505.0000000        1.9307815
     506.0000000        1.9303796
     507.0000000        1.9291012
     508.0000000        1.9260544
     509.0000000        1.9227438
     510.0000000        1.9209592
     511.0000000        1.9197905
     512.0000000        1.9177445
     513.0000000        1.9153299
     514.0000000        1.9131603
     515.0000000        1.9127239
     516.0000000        1.9131798
     517.0000000        1.9127797
     518.0000000        1.9118127
     519.0000000        1.9095820
     520.0000000        1.9072460
     521.0000000        1.9064566
     522.0000000        1.9075553
     523.0000000        1.9102355
     524.0000000        1.9140905
     525.0000000        1.9179853
     526.0000000        1.9220641
     527.0000000        1.9277401
     528.0000000        1.9339871
     529.0000000        1.9409039
     530.0000000        1.9498814
     531.0000000        1.9595977
     532.0000000        1.9691083
     533.0000000        1.9804199
     534.0000000        1.9924556
     535.0000000        2.0059152
     536.0000000        2.0196683
     537.0000000        2.0330377
     538.0000000        2.0465887
     539.0000000        2.0568993
     540.0000000        2.0629165
     541.0000000        2.0689197
     542.0000000        2.0741735
     543.0000000        2.0798593
     544.0000000        2.0837450
     545.0000000        2.0860488
     546.0000000        2.0872433
     547.0000000        2.0881968
     548.0000000        2.0897417
     549.0000000        2.0930274
     550.0000000        2.0965605
     551.0000000        2.0983346
     552.0000000        2.1001916
     553.0000000        2.1008437
     554.0000000        2.1024144
     555.0000000        2.1010563
     556.0000000        2.0987687
     557.0000000        2.0981798
     558.0000000        2.1005592
     559.0000000        2.1057661
     560.0000000        2.1148148
     561.0000000        2.1224272
     562.0000000        2.1296561
     563.0000000        2.1397469
     564.0000000        2.1511347
     565.0000000        2.1628139
     566.0000000        2.1738846
     567.0000000        2.1810560
     568.0000000        2.1872125
     569.0000000        2.1928215
     570.0000000        2.1964810
     571.0000000        2.2008915
     572.0000000        2.2063186
     573.0000000        2.2114034
     574.0000000        2.2161369
     575.0000000        2.2205107
     576.0000000        2.2231798
     577.0000000        2.2273104
     578.0000000        2.2323647
     579.0000000        2.2382343
     580.0000000        2.2487454
     581.0000000        2.2593856
     582.0000000        2.2711737
     583.0000000        2.2798274
     584.0000000        2.2857184
     585.0000000        2.2894619
     586.0000000        2.2899165
     587.0000000        2.2875080
     588.0000000        2.2784348
     589.0000000        2.2663665
     590.0000000        2.2487850
     591.0000000        2.2345688
     592.0000000        2.2231781
     593.0000000        2.2124128
     594.0000000        2.2037618
     595.0000000        2.1922677
     596.0000000        2.1839187
     597.0000000        2.1746299
     598.0000000        2.1655474
     599.0000000        2.1592715
     600.0000000        2.1520934
