       1.0000000        6.7342722
       2.0000000        6.6714733
       3.0000000        6.6850608
       4.0000000        6.6992934
       5.0000000        6.7163923
       6.0000000        6.7527454
       7.0000000        6.8137460
       8.0000000        6.8518202
       9.0000000        6.8242078
      10.0000000        6.7741834
      11.0000000        6.6869197
      12.0000000        6.6115536
      13.0000000        6.5017027
      14.0000000        6.4013431
      15.0000000        6.3093400
      16.0000000        6.1594095
      17.0000000        6.0153489
      18.0000000        5.8949984
      19.0000000        5.7745090
      20.0000000        5.6334793
      21.0000000        5.4858640
      22.0000000        5.3324670
      23.0000000        5.1728675
      24.0000000        5.0021762
      25.0000000        4.8353870
      26.0000000        4.6699515
      27.0000000        4.5252425
      28.0000000        4.3847103
      29.0000000        4.2389000
      30.0000000        4.1081040
      31.0000000        4.0003628
      32.0000000        3.9003839
      33.0000000        3.7968434
      34.0000000        3.6967593
      35.0000000        3.6017876
      36.0000000        3.5170553
      37.0000000        3.4401882
      38.0000000        3.3594643
      39.0000000        3.2804698
      40.0000000        3.2041945
      41.0000000        3.1311161
      42.0000000        3.0640767
      43.0000000        3.0055144
      44.0000000        2.9575458
      45.0000000        2.9234665
      46.0000000        2.8992591
      47.0000000        2.8840702
      48.0000000        2.8769840
      49.0000000        2.8752790
      50.0000000        2.8743406
      51.0000000        2.8748901
      52.0000000        2.8800544
      53.0000000        2.8869978
      54.0000000        2.8919283
      55.0000000        2.8932116
      56.0000000        2.8942390
      57.0000000        2.8961210
      58.0000000        2.9047486
      59.0000000        2.9198635
      60.0000000        2.9345094
      61.0000000        2.9471496
      62.0000000        2.9593281
      63.0000000        2.9714886
      64.0000000        2.9838459
      65.0000000        2.9973239
      66.0000000        3.0103189
      67.0000000        3.0233493
      68.0000000        3.0383041
      69.0000000        3.0510916
      70.0000000        3.0552355
      71.0000000        3.0454698
      72.0000000        3.0266537
      73.0000000        2.9990566
      74.0000000        2.9688014
      75.0000000        2.9375256
      76.0000000        2.9031348
      77.0000000        2.8673922
      78.0000000        2.8384717
      79.0000000        2.8192787
      80.0000000        2.8044301
      81.0000000        2.7925538
      82.0000000        2.7865792
      83.0000000        2.7842508
      84.0000000        2.7792247
      85.0000000        2.7733100
      86.0000000        2.7723088
      87.0000000        2.7734721
      88.0000000        2.7764184
      89.0000000        2.7807493
      90.0000000        2.7871876
      91.0000000        2.7973593
      92.0000000        2.8071086
      93.0000000        2.8138853
      94.0000000        2.8134680
      95.0000000        2.8040697
      96.0000000        2.7855695
      97.0000000        2.7621132
      98.0000000        2.7367600
      99.0000000        2.7121065
     100.0000000        2.6862839
     101.0000000        2.6583080
     102.0000000        2.6302764
     103.0000000        2.6014391
     104.0000000        2.5679241
     105.0000000        2.5285599
     106.0000000        2.4839316
     107.0000000        2.4365768
     108.0000000        2.3902075
     109.0000000        2.3482853
     110.0000000        2.3083167
     111.0000000        2.2691371
     112.0000000        2.2326621
     113.0000000        2.1988719
     114.0000000        2.1677875
     115.0000000        2.1392233
     116.0000000        2.1132833
     117.0000000        2.0920375
     118.0000000        2.0771701
     119.0000000        2.0678742
     120.0000000        2.0638092
     121.0000000        2.0649098
     122.0000000        2.0693434
     123.0000000        2.0739803
     124.0000000        2.0766148
     125.0000000        2.0775008
     126.0000000        2.0782318
     127.0000000        2.0792593
     128.0000000        2.0798013
     129.0000000        2.0800757
     130.0000000        2.0813752
     131.0000000        2.0844320
     132.0000000        2.0887260
     133.0000000        2.0931308
     134.0000000        2.0971226
     135.0000000        2.1007103
     136.0000000        2.1036714
     137.0000000        2.1053737
     138.0000000        2.1056696
     139.0000000        2.1047454
     140.0000000        2.1046931
     141.0000000        2.1079845
     142.0000000        2.1144213
     143.0000000        2.1228431
     144.0000000        2.1329476
     145.0000000        2.1437704
     146.0000000        2.1553064
     147.0000000        2.1683025
     148.0000000        2.1822763
     149.0000000        2.1960381
     150.0000000        2.2087893
     151.0000000        2.2210269
     152.0000000        2.2332476
     153.0000000        2.2446984
     154.0000000        2.2545800
     155.0000000        2.2629190
     156.0000000        2.2705363
     157.0000000        2.2781340
     158.0000000        2.2843874
     159.0000000        2.2872108
     160.0000000        2.2861336
     161.0000000        2.2821416
     162.0000000        2.2761602
     163.0000000        2.2672824
     164.0000000        2.2541887
     165.0000000        2.2367336
     166.0000000        2.2149013
     167.0000000        2.1893749
     168.0000000        2.1615002
     169.0000000        2.1329650
     170.0000000        2.1054436
     171.0000000        2.0796429
     172.0000000        2.0551314
     173.0000000        2.0313035
     174.0000000        2.0074769
     175.0000000        1.9839678
     176.0000000        1.9616693
     177.0000000        1.9412382
     178.0000000        1.9229372
     179.0000000        1.9061649
     180.0000000        1.8899566
     181.0000000        1.8734182
     182.0000000        1.8557239
     183.0000000        1.8363878
     184.0000000        1.8150316
     185.0000000        1.7915423
     186.0000000        1.7661527
     187.0000000        1.7394911
     188.0000000        1.7123400
     189.0000000        1.6851020
     190.0000000        1.6580554
     191.0000000        1.6314972
     192.0000000        1.6057115
     193.0000000        1.5808760
     194.0000000        1.5570713
     195.0000000        1.5343517
     196.0000000        1.5127616
     197.0000000        1.4923540
     198.0000000        1.4730929
     199.0000000        1.4548788
     200.0000000        1.4376522
     201.0000000        1.4214014
     202.0000000        1.4061695
     203.0000000        1.3921221
     204.0000000        1.3794605
     205.0000000        1.3682720
     206.0000000        1.3585693
     207.0000000        1.3503446
     208.0000000        1.3435303
     209.0000000        1.3380177
     210.0000000        1.3337593
     211.0000000        1.3307703
     212.0000000        1.3291172
     213.0000000        1.3289050
     214.0000000        1.3301558
     215.0000000        1.3327796
     216.0000000        1.3366653
     217.0000000        1.3416992
     218.0000000        1.3478019
     219.0000000        1.3549318
     220.0000000        1.3629880
     221.0000000        1.3717800
     222.0000000        1.3811397
     223.0000000        1.3909828
     224.0000000        1.4012592
     225.0000000        1.4118887
     226.0000000        1.4227312
     227.0000000        1.4335839
     228.0000000        1.4442051
     229.0000000        1.4543622
     230.0000000        1.4638638
     231.0000000        1.4725589
     232.0000000        1.4803399
     233.0000000        1.4871483
     234.0000000        1.4929518
     235.0000000        1.4977276
     236.0000000        1.5014651
     237.0000000        1.5041894
     238.0000000        1.5060245
     239.0000000        1.5071973
     240.0000000        1.5079237
     241.0000000        1.5083112
     242.0000000        1.5083586
     243.0000000        1.5080130
     244.0000000        1.5072571
     245.0000000        1.5061588
     246.0000000        1.5048385
     247.0000000        1.5034329
     248.0000000        1.5020764
     249.0000000        1.5008832
     250.0000000        1.4999501
     251.0000000        1.4993755
     252.0000000        1.4992778
     253.0000000        1.4997586
     254.0000000        1.5008336
     255.0000000        1.5024113
     256.0000000        1.5043880
     257.0000000        1.5067962
     258.0000000        1.5098345
     259.0000000        1.5137159
     260.0000000        1.5185077
     261.0000000        1.5241319
     262.0000000        1.5304603
     263.0000000        1.5373809
     264.0000000        1.5447312
     265.0000000        1.5522341
     266.0000000        1.5595507
     267.0000000        1.5663792
     268.0000000        1.5725067
     269.0000000        1.5778100
     270.0000000        1.5822357
     271.0000000        1.5858223
     272.0000000        1.5887809
     273.0000000        1.5914511
     274.0000000        1.5941414
     275.0000000        1.5970979
     276.0000000        1.6005873
     277.0000000        1.6049243
     278.0000000        1.6104095
     279.0000000        1.6172427
     280.0000000        1.6256610
     281.0000000        1.6359951
     282.0000000        1.6485222
     283.0000000        1.6633490
     284.0000000        1.6802329
     285.0000000        1.6985870
     286.0000000        1.7176951
     287.0000000        1.7368621
     288.0000000        1.7554976
     289.0000000        1.7730277
     290.0000000        1.7891294
     291.0000000        1.8035332
     292.0000000        1.8159008
     293.0000000        1.8260090
     294.0000000        1.8338017
     295.0000000        1.8395424
     296.0000000        1.8440254
     297.0000000        1.8482979
     298.0000000        1.8533079
     299.0000000        1.8595993
     300.0000000        1.8670342
     301.0000000        1.8756014
     302.0000000        1.8859765
     303.0000000        1.8982877
     304.0000000        1.9120745
     305.0000000        1.9263792
     306.0000000        1.9408129
     307.0000000        1.9554421
     308.0000000        1.9707900
     309.0000000        1.9873338
     310.0000000        2.0055418
     311.0000000        2.0256059
     312.0000000        2.0482275
     313.0000000        2.0758796
     314.0000000        2.1104727
     315.0000000        2.1530679
     316.0000000        2.2036382
     317.0000000        2.2611021
     318.0000000        2.3242546
     319.0000000        2.3925348
     320.0000000        2.4663964
     321.0000000        2.5465904
     322.0000000        2.6314901
     323.0000000        2.7191594
     324.0000000        2.8083942
     325.0000000        2.8981058
     326.0000000        2.9875557
     327.0000000        3.0761753
     328.0000000        3.1612693
     329.0000000        3.2417648
     330.0000000        3.3201789
     331.0000000        3.4006483
     332.0000000        3.4810348
     333.0000000        3.5618547
     334.0000000        3.6440274
     335.0000000        3.7324764
     336.0000000        3.8219264
     337.0000000        3.9047122
     338.0000000        3.9898533
     339.0000000        4.0814544
     340.0000000        4.1757249
     341.0000000        4.2512926
     342.0000000        4.2983527
     343.0000000        4.3348104
     344.0000000        4.3639309
     345.0000000        4.3820086
     346.0000000        4.3904671
     347.0000000        4.4004318
     348.0000000        4.4009489
     349.0000000        4.3976005
     350.0000000        4.3904104
     351.0000000        4.3768871
     352.0000000        4.3369174
     353.0000000        4.2806078
     354.0000000        4.2180320
     355.0000000        4.1634338
     356.0000000        4.1125833
     357.0000000        4.0364218
     358.0000000        3.9615513
     359.0000000        3.9085818
     360.0000000        3.8736456
     361.0000000        3.8449855
     362.0000000        3.8178385
     363.0000000        3.7880979
     364.0000000        3.7531029
     365.0000000        3.7210284
     366.0000000        3.6916076
     367.0000000        3.6584056
     368.0000000        3.6295599
     369.0000000        3.6111991
     370.0000000        3.5974624
     371.0000000        3.5876720
     372.0000000        3.5809030
     373.0000000        3.5685274
     374.0000000        3.5417735
     375.0000000        3.5217551
     376.0000000        3.5156173
     377.0000000        3.5218646
     378.0000000        3.5290970
     379.0000000        3.5345793
     380.0000000        3.5355580
     381.0000000        3.5311952
     382.0000000        3.5235442
     383.0000000        3.5129333
     384.0000000        3.4949847
     385.0000000        3.4739394
     386.0000000        3.4511309
     387.0000000        3.4249462
     388.0000000        3.4019640
     389.0000000        3.3815349
     390.0000000        3.3690178
     391.0000000        3.3612429
     392.0000000        3.3584159
     393.0000000        3.3528873
     394.0000000        3.3433140
     395.0000000        3.3258484
     396.0000000        3.2943610
     397.0000000        3.2490379
     398.0000000        3.2082612
     399.0000000        3.1808788
     400.0000000        3.1745806
     401.0000000        3.1818029
     402.0000000        3.1961388
     403.0000000        3.2137223
     404.0000000        3.2287328
     405.0000000        3.2349847
     406.0000000        3.2352480
     407.0000000        3.2270133
     408.0000000        3.2156709
     409.0000000        3.2053825
     410.0000000        3.1954412
     411.0000000        3.1816704
     412.0000000        3.1630343
     413.0000000        3.1445175
     414.0000000        3.1284061
     415.0000000        3.1125679
     416.0000000        3.0925652
     417.0000000        3.0666599
     418.0000000        3.0383421
     419.0000000        3.0051833
     420.0000000        2.9679440
     421.0000000        2.9273833
     422.0000000        2.8844141
     423.0000000        2.8386628
     424.0000000        2.7913007
     425.0000000        2.7406975
     426.0000000        2.6848176
     427.0000000        2.6238160
     428.0000000        2.5584568
     429.0000000        2.4910999
     430.0000000        2.4244992
     431.0000000        2.3610274
     432.0000000        2.3037793
     433.0000000        2.2528750
     434.0000000        2.2066649
     435.0000000        2.1648160
     436.0000000        2.1265892
     437.0000000        2.0902091
     438.0000000        2.0549862
     439.0000000        2.0233563
     440.0000000        1.9967061
     441.0000000        1.9745980
     442.0000000        1.9565300
     443.0000000        1.9417748
     444.0000000        1.9302802
     445.0000000        1.9218268
     446.0000000        1.9154370
     447.0000000        1.9116580
     448.0000000        1.9110461
     449.0000000        1.9130833
     450.0000000        1.9166703
     451.0000000        1.9210422
     452.0000000        1.9259755
     453.0000000        1.9311603
     454.0000000        1.9360494
     455.0000000        1.9400662
     456.0000000        1.9428628
     457.0000000        1.9441596
     458.0000000        1.9445987
     459.0000000        1.9453299
     460.0000000        1.9468118
     461.0000000        1.9491513
     462.0000000        1.9523176
     463.0000000        1.9560100
     464.0000000        1.9598766
     465.0000000        1.9632147
     466.0000000        1.9653290
     467.0000000        1.9661241
     468.0000000        1.9660284
     469.0000000        1.9653730
     470.0000000        1.9648315
     471.0000000        1.9656343
     472.0000000        1.9685728
     473.0000000        1.9738712
     474.0000000        1.9817088
     475.0000000        1.9920987
     476.0000000        2.0049095
     477.0000000        2.0198890
     478.0000000        2.0366464
     479.0000000        2.0548039
     480.0000000        2.0734737
     481.0000000        2.0910666
     482.0000000        2.1062618
     483.0000000        2.1187225
     484.0000000        2.1281244
     485.0000000        2.1339819
     486.0000000        2.1372202
     487.0000000        2.1393279
     488.0000000        2.1409403
     489.0000000        2.1423854
     490.0000000        2.1441002
     491.0000000        2.1458456
     492.0000000        2.1472130
     493.0000000        2.1485348
     494.0000000        2.1488292
     495.0000000        2.1471494
     496.0000000        2.1434142
     497.0000000        2.1386282
     498.0000000        2.1335751
     499.0000000        2.1285767
     500.0000000        2.1229115
     501.0000000        2.1149388
     502.0000000        2.1041833
     503.0000000        2.0914897
     504.0000000        2.0780227
     505.0000000        2.0640939
     506.0000000        2.0482719
     507.0000000        2.0303214
     508.0000000        2.0124241
     509.0000000        1.9949606
     510.0000000        1.9784276
     511.0000000        1.9630970
     512.0000000        1.9481864
     513.0000000        1.9323713
     514.0000000        1.9159699
     515.0000000        1.8999229
     516.0000000        1.8846229
     517.0000000        1.8703549
     518.0000000        1.8571405
     519.0000000        1.8448624
     520.0000000        1.8332753
     521.0000000        1.8221372
     522.0000000        1.8111212
     523.0000000        1.8004388
     524.0000000        1.7905516
     525.0000000        1.7817725
     526.0000000        1.7738369
     527.0000000        1.7666809
     528.0000000        1.7605888
     529.0000000        1.7553769
     530.0000000        1.7515142
     531.0000000        1.7497130
     532.0000000        1.7494110
     533.0000000        1.7496456
     534.0000000        1.7499152
     535.0000000        1.7493162
     536.0000000        1.7474675
     537.0000000        1.7441306
     538.0000000        1.7386179
     539.0000000        1.7318404
     540.0000000        1.7250571
     541.0000000        1.7191084
     542.0000000        1.7151957
     543.0000000        1.7140149
     544.0000000        1.7155041
     545.0000000        1.7195370
     546.0000000        1.7269026
     547.0000000        1.7390605
     548.0000000        1.7567984
     549.0000000        1.7796072
     550.0000000        1.8062311
     551.0000000        1.8352369
     552.0000000        1.8650056
     553.0000000        1.8945595
     554.0000000        1.9236254
     555.0000000        1.9522630
     556.0000000        1.9817007
     557.0000000        2.0124975
     558.0000000        2.0443734
     559.0000000        2.0768966
     560.0000000        2.1099090
     561.0000000        2.1439693
     562.0000000        2.1797222
     563.0000000        2.2166785
     564.0000000        2.2538740
     565.0000000        2.2918112
     566.0000000        2.3317065
     567.0000000        2.3741446
     568.0000000        2.4183631
     569.0000000        2.4639010
     570.0000000        2.5099474
     571.0000000        2.5536724
     572.0000000        2.5951776
     573.0000000        2.6354938
     574.0000000        2.6733810
     575.0000000        2.7102578
     576.0000000        2.7503091
     577.0000000        2.7955827
     578.0000000        2.8434111
     579.0000000        2.8931076
     580.0000000        2.9446870
     581.0000000        2.9989774
     582.0000000        3.0611417
     583.0000000        3.1328998
     584.0000000        3.2129665
     585.0000000        3.2997691
     586.0000000        3.3904644
     587.0000000        3.4809959
     588.0000000        3.5671959
     589.0000000        3.6492011
     590.0000000        3.7241445
     591.0000000        3.8014438
     592.0000000        3.8864959
     593.0000000        3.9801283
     594.0000000        4.0719177
     595.0000000        4.1545298
     596.0000000        4.2290035
     597.0000000        4.3013793
     598.0000000        4.3656066
     599.0000000        4.4202145
     600.0000000        4.4886789
