       1.0000000        0.2856998
       2.0000000        0.2810578
       3.0000000        0.2804427
       4.0000000        0.2797121
       5.0000000        0.2854660
       6.0000000        0.2919741
       7.0000000        0.2954128
       8.0000000        0.2973748
       9.0000000        0.2957819
      10.0000000        0.3028871
      11.0000000        0.3084898
      12.0000000        0.3106251
      13.0000000        0.3159214
      14.0000000        0.3194645
      15.0000000        0.3165537
      16.0000000        0.3063179
      17.0000000        0.3013139
      18.0000000        0.2980719
      19.0000000        0.2957799
      20.0000000        0.2948825
      21.0000000        0.2973858
      22.0000000        0.2970509
      23.0000000        0.2961716
      24.0000000        0.2940951
      25.0000000        0.2930828
      26.0000000        0.2944446
      27.0000000        0.2923662
      28.0000000        0.2863063
      29.0000000        0.2810725
      30.0000000        0.2771996
      31.0000000        0.2737606
      32.0000000        0.2733301
      33.0000000        0.2758025
      34.0000000        0.2798906
      35.0000000        0.2826862
      36.0000000        0.2834631
      37.0000000        0.2884499
      38.0000000        0.2965435
      39.0000000        0.3017565
      40.0000000        0.3056298
      41.0000000        0.3086610
      42.0000000        0.3159857
      43.0000000        0.3242483
      44.0000000        0.3231414
      45.0000000        0.3155429
      46.0000000        0.3079079
      47.0000000        0.3009538
      48.0000000        0.2970592
      49.0000000        0.2907943
      50.0000000        0.2866965
      51.0000000        0.2846077
      52.0000000        0.2858647
      53.0000000        0.2834935
      54.0000000        0.2857173
      55.0000000        0.2858840
      56.0000000        0.2826935
      57.0000000        0.2829336
      58.0000000        0.2846706
      59.0000000        0.2835677
      60.0000000        0.2847353
      61.0000000        0.2886256
      62.0000000        0.2877896
      63.0000000        0.2809601
      64.0000000        0.2795934
      65.0000000        0.2775829
      66.0000000        0.2761732
      67.0000000        0.2840340
      68.0000000        0.2901708
      69.0000000        0.2966811
      70.0000000        0.2969870
      71.0000000        0.2966368
      72.0000000        0.2967905
      73.0000000        0.2989520
      74.0000000        0.3026680
      75.0000000        0.3038707
      76.0000000        0.3094765
      77.0000000        0.3144228
      78.0000000        0.3132107
      79.0000000        0.3113842
      80.0000000        0.3112732
      81.0000000        0.3174504
      82.0000000        0.3194531
      83.0000000        0.3227006
      84.0000000        0.3226984
      85.0000000        0.3166460
      86.0000000        0.3087244
      87.0000000        0.3058447
      88.0000000        0.3038990
      89.0000000        0.3026280
      90.0000000        0.2949075
      91.0000000        0.2890629
      92.0000000        0.2844149
      93.0000000        0.2809790
      94.0000000        0.2780017
      95.0000000        0.2758815
      96.0000000        0.2750193
      97.0000000        0.2747293
      98.0000000        0.2750323
      99.0000000        0.2732036
     100.0000000        0.2696675
     101.0000000        0.2689629
     102.0000000        0.2691532
     103.0000000        0.2681740
     104.0000000        0.2707209
     105.0000000        0.2786384
     106.0000000        0.2846444
     107.0000000        0.2890163
     108.0000000        0.2932514
     109.0000000        0.2939513
     110.0000000        0.2871520
     111.0000000        0.2881464
     112.0000000        0.2868644
     113.0000000        0.2875519
     114.0000000        0.2915315
     115.0000000        0.2936582
     116.0000000        0.2956969
     117.0000000        0.2896639
     118.0000000        0.2823839
     119.0000000        0.2775815
     120.0000000        0.2773319
     121.0000000        0.2798097
     122.0000000        0.2763891
     123.0000000        0.2687984
     124.0000000        0.2661639
     125.0000000        0.2677806
     126.0000000        0.2700583
     127.0000000        0.2726325
     128.0000000        0.2786272
     129.0000000        0.2867583
     130.0000000        0.2952293
     131.0000000        0.3016129
     132.0000000        0.2967118
     133.0000000        0.2910718
     134.0000000        0.2929851
     135.0000000        0.2955116
     136.0000000        0.2988008
     137.0000000        0.2990683
     138.0000000        0.3017835
     139.0000000        0.3030450
     140.0000000        0.3041942
     141.0000000        0.2993992
     142.0000000        0.3017383
     143.0000000        0.3022595
     144.0000000        0.3039945
     145.0000000        0.3082094
     146.0000000        0.3095685
     147.0000000        0.3124216
     148.0000000        0.3136655
     149.0000000        0.3094399
     150.0000000        0.3061679
     151.0000000        0.3067075
     152.0000000        0.3064448
     153.0000000        0.3025504
     154.0000000        0.2983512
     155.0000000        0.2970527
     156.0000000        0.2972413
     157.0000000        0.2901408
     158.0000000        0.2860739
     159.0000000        0.2832659
     160.0000000        0.2820038
     161.0000000        0.2815865
     162.0000000        0.2856295
     163.0000000        0.2859448
     164.0000000        0.2860010
     165.0000000        0.2848534
     166.0000000        0.2832415
     167.0000000        0.2828933
     168.0000000        0.2843785
     169.0000000        0.2790741
     170.0000000        0.2747554
     171.0000000        0.2748629
     172.0000000        0.2791906
     173.0000000        0.2809685
     174.0000000        0.2829467
     175.0000000        0.2865456
     176.0000000        0.2924048
     177.0000000        0.2977718
     178.0000000        0.3023857
     179.0000000        0.3038181
     180.0000000        0.3064738
     181.0000000        0.3161829
     182.0000000        0.3207558
     183.0000000        0.3266032
     184.0000000        0.3255949
     185.0000000        0.3191869
     186.0000000        0.3165138
     187.0000000        0.3161418
     188.0000000        0.3103099
     189.0000000        0.3107808
     190.0000000        0.3109446
     191.0000000        0.3099544
     192.0000000        0.3081155
     193.0000000        0.3067980
     194.0000000        0.3017116
     195.0000000        0.2971700
     196.0000000        0.2957926
     197.0000000        0.2939892
     198.0000000        0.2932077
     199.0000000        0.2946720
     200.0000000        0.2975514
     201.0000000        0.2998159
     202.0000000        0.3022542
     203.0000000        0.3046175
     204.0000000        0.3094043
     205.0000000        0.3162460
     206.0000000        0.3210840
     207.0000000        0.3276322
     208.0000000        0.3352561
     209.0000000        0.3357782
     210.0000000        0.3332327
     211.0000000        0.3316863
     212.0000000        0.3325205
     213.0000000        0.3362138
     214.0000000        0.3331136
     215.0000000        0.3291720
     216.0000000        0.3265298
     217.0000000        0.3219488
     218.0000000        0.3202882
     219.0000000        0.3212848
     220.0000000        0.3272306
     221.0000000        0.3293954
     222.0000000        0.3290559
     223.0000000        0.3296025
     224.0000000        0.3261267
     225.0000000        0.3250624
     226.0000000        0.3181146
     227.0000000        0.3094972
     228.0000000        0.3034317
     229.0000000        0.3007794
     230.0000000        0.3069583
     231.0000000        0.3147148
     232.0000000        0.3148084
     233.0000000        0.3155946
     234.0000000        0.3117540
     235.0000000        0.3054501
     236.0000000        0.3022660
     237.0000000        0.2979125
     238.0000000        0.2885318
     239.0000000        0.2799475
     240.0000000        0.2760183
     241.0000000        0.2766074
     242.0000000        0.2793142
     243.0000000        0.2812784
     244.0000000        0.2815936
     245.0000000        0.2845718
     246.0000000        0.2917839
     247.0000000        0.3006479
     248.0000000        0.3074096
     249.0000000        0.3055351
     250.0000000        0.2978112
     251.0000000        0.2929306
     252.0000000        0.2962520
     253.0000000        0.3013147
     254.0000000        0.3003562
     255.0000000        0.3033636
     256.0000000        0.3054959
     257.0000000        0.3057256
     258.0000000        0.3026450
     259.0000000        0.3033178
     260.0000000        0.3030721
     261.0000000        0.3018451
     262.0000000        0.3012212
     263.0000000        0.2948314
     264.0000000        0.2887135
     265.0000000        0.2867781
     266.0000000        0.2909165
     267.0000000        0.2927341
     268.0000000        0.2905600
     269.0000000        0.2880834
     270.0000000        0.2839820
     271.0000000        0.2793245
     272.0000000        0.2784703
     273.0000000        0.2795391
     274.0000000        0.2781098
     275.0000000        0.2700820
     276.0000000        0.2656830
     277.0000000        0.2635719
     278.0000000        0.2665722
     279.0000000        0.2699959
     280.0000000        0.2782432
     281.0000000        0.2818265
     282.0000000        0.2881252
     283.0000000        0.2947285
     284.0000000        0.2999767
     285.0000000        0.3027870
     286.0000000        0.3054853
     287.0000000        0.3040396
     288.0000000        0.3019002
     289.0000000        0.2989024
     290.0000000        0.2970438
     291.0000000        0.2988020
     292.0000000        0.2957813
     293.0000000        0.2930027
     294.0000000        0.2889102
     295.0000000        0.2851604
     296.0000000        0.2800832
     297.0000000        0.2753593
     298.0000000        0.2707867
     299.0000000        0.2681250
     300.0000000        0.2703305
     301.0000000        0.2701750
     302.0000000        0.2712897
     303.0000000        0.2727957
     304.0000000        0.2776220
     305.0000000        0.2792712
     306.0000000        0.2799668
     307.0000000        0.2821321
     308.0000000        0.2796280
     309.0000000        0.2715822
     310.0000000        0.2668372
     311.0000000        0.2660435
     312.0000000        0.2667317
     313.0000000        0.2683920
     314.0000000        0.2680079
     315.0000000        0.2627540
     316.0000000        0.2587174
     317.0000000        0.2571558
     318.0000000        0.2625873
     319.0000000        0.2661285
     320.0000000        0.2706783
     321.0000000        0.2809707
     322.0000000        0.2877280
     323.0000000        0.2957431
     324.0000000        0.2978790
     325.0000000        0.2960581
     326.0000000        0.2960418
     327.0000000        0.2986033
     328.0000000        0.2933406
     329.0000000        0.2913379
     330.0000000        0.2943953
     331.0000000        0.3000243
     332.0000000        0.3008893
     333.0000000        0.2963307
     334.0000000        0.2962558
     335.0000000        0.2954658
     336.0000000        0.2960223
     337.0000000        0.2955405
     338.0000000        0.2970871
     339.0000000        0.2971118
     340.0000000        0.2962872
     341.0000000        0.2951638
     342.0000000        0.2924854
     343.0000000        0.2992866
     344.0000000        0.3027182
     345.0000000        0.3031442
     346.0000000        0.3057960
     347.0000000        0.3096795
     348.0000000        0.3090799
     349.0000000        0.3145870
     350.0000000        0.3160433
     351.0000000        0.3202659
     352.0000000        0.3218733
     353.0000000        0.3203722
     354.0000000        0.3223018
     355.0000000        0.3268443
     356.0000000        0.3323258
     357.0000000        0.3331995
     358.0000000        0.3240070
     359.0000000        0.3139256
     360.0000000        0.3063450
     361.0000000        0.3007505
     362.0000000        0.2947010
     363.0000000        0.2923665
     364.0000000        0.2899360
     365.0000000        0.2863310
     366.0000000        0.2862807
     367.0000000        0.2865337
     368.0000000        0.2898316
     369.0000000        0.2918542
     370.0000000        0.2886011
     371.0000000        0.2824022
     372.0000000        0.2788259
     373.0000000        0.2792659
     374.0000000        0.2772316
     375.0000000        0.2737654
     376.0000000        0.2685016
     377.0000000        0.2626517
     378.0000000        0.2572680
     379.0000000        0.2544365
     380.0000000        0.2546823
     381.0000000        0.2575725
     382.0000000        0.2581652
     383.0000000        0.2619909
     384.0000000        0.2644890
     385.0000000        0.2673340
     386.0000000        0.2681957
     387.0000000        0.2733169
     388.0000000        0.2685023
     389.0000000        0.2673306
     390.0000000        0.2658277
     391.0000000        0.2609404
     392.0000000        0.2593672
     393.0000000        0.2583181
     394.0000000        0.2568157
     395.0000000        0.2585133
     396.0000000        0.2633140
     397.0000000        0.2674935
     398.0000000        0.2712952
     399.0000000        0.2737030
     400.0000000        0.2769793
     401.0000000        0.2814256
     402.0000000        0.2870146
     403.0000000        0.2958030
     404.0000000        0.3032714
     405.0000000        0.3087535
     406.0000000        0.3092015
     407.0000000        0.3101720
     408.0000000        0.3085621
     409.0000000        0.3057931
     410.0000000        0.3070446
     411.0000000        0.3084453
     412.0000000        0.3086472
     413.0000000        0.3051007
     414.0000000        0.2995763
     415.0000000        0.2947201
     416.0000000        0.2912119
     417.0000000        0.2903199
     418.0000000        0.2892995
     419.0000000        0.2889711
     420.0000000        0.2795736
     421.0000000        0.2739059
     422.0000000        0.2754689
     423.0000000        0.2772833
     424.0000000        0.2805524
     425.0000000        0.2798743
     426.0000000        0.2785115
     427.0000000        0.2785917
     428.0000000        0.2826684
     429.0000000        0.2844791
     430.0000000        0.2817328
     431.0000000        0.2786529
     432.0000000        0.2824512
     433.0000000        0.2882052
     434.0000000        0.2940165
     435.0000000        0.2958592
     436.0000000        0.2988550
     437.0000000        0.3011243
     438.0000000        0.3084938
     439.0000000        0.3141580
     440.0000000        0.3161901
     441.0000000        0.3163833
     442.0000000        0.3138518
     443.0000000        0.3142645
     444.0000000        0.3160492
     445.0000000        0.3151252
     446.0000000        0.3153831
     447.0000000        0.3110977
     448.0000000        0.3074055
     449.0000000        0.3069565
     450.0000000        0.3049404
     451.0000000        0.3053969
     452.0000000        0.3077899
     453.0000000        0.3030949
     454.0000000        0.3026807
     455.0000000        0.3020175
     456.0000000        0.2993821
     457.0000000        0.2987624
     458.0000000        0.3010957
     459.0000000        0.2990642
     460.0000000        0.2997521
     461.0000000        0.3041418
     462.0000000        0.3053760
     463.0000000        0.3057769
     464.0000000        0.3078320
     465.0000000        0.3043142
     466.0000000        0.3025826
     467.0000000        0.3037499
     468.0000000        0.3062571
     469.0000000        0.3044541
     470.0000000        0.2986687
     471.0000000        0.2984911
     472.0000000        0.2978761
     473.0000000        0.3008170
     474.0000000        0.3100697
     475.0000000        0.3177477
     476.0000000        0.3192332
     477.0000000        0.3155282
     478.0000000        0.3068052
     479.0000000        0.2984466
     480.0000000        0.2919518
     481.0000000        0.2857872
     482.0000000        0.2831508
     483.0000000        0.2806676
     484.0000000        0.2760080
     485.0000000        0.2725715
     486.0000000        0.2731053
     487.0000000        0.2709214
     488.0000000        0.2733733
     489.0000000        0.2795056
     490.0000000        0.2898168
     491.0000000        0.2959126
     492.0000000        0.2908795
     493.0000000        0.2853330
     494.0000000        0.2841026
     495.0000000        0.2857155
     496.0000000        0.2857833
     497.0000000        0.2869420
     498.0000000        0.2811885
     499.0000000        0.2791327
     500.0000000        0.2796403
     501.0000000        0.2778978
     502.0000000        0.2732102
     503.0000000        0.2692160
     504.0000000        0.2670894
     505.0000000        0.2669455
     506.0000000        0.2662696
     507.0000000        0.2687246
     508.0000000        0.2718205
     509.0000000        0.2756661
     510.0000000        0.2781450
     511.0000000        0.2776786
     512.0000000        0.2768995
     513.0000000        0.2710284
     514.0000000        0.2696225
     515.0000000        0.2683935
     516.0000000        0.2634145
     517.0000000        0.2626057
     518.0000000        0.2656557
     519.0000000        0.2717831
     520.0000000        0.2767297
     521.0000000        0.2801392
     522.0000000        0.2814994
     523.0000000        0.2777749
     524.0000000        0.2759394
     525.0000000        0.2746454
     526.0000000        0.2756553
     527.0000000        0.2795244
     528.0000000        0.2842030
     529.0000000        0.2877848
     530.0000000        0.2856619
     531.0000000        0.2853692
     532.0000000        0.2865415
     533.0000000        0.2895746
     534.0000000        0.2912067
     535.0000000        0.2922328
     536.0000000        0.2947384
     537.0000000        0.2965672
     538.0000000        0.2961284
     539.0000000        0.2906954
     540.0000000        0.2933986
     541.0000000        0.2991637
     542.0000000        0.3060237
     543.0000000        0.3152075
     544.0000000        0.3248010
     545.0000000        0.3326072
     546.0000000        0.3380398
     547.0000000        0.3431685
     548.0000000        0.3380216
     549.0000000        0.3351869
     550.0000000        0.3353356
     551.0000000        0.3295267
     552.0000000        0.3204051
     553.0000000        0.3085365
     554.0000000        0.2957547
     555.0000000        0.2828158
     556.0000000        0.2693153
     557.0000000        0.2615528
     558.0000000        0.2558549
     559.0000000        0.2556101
     560.0000000        0.2546648
     561.0000000        0.2541421
     562.0000000        0.2533676
     563.0000000        0.2561963
     564.0000000        0.2612407
     565.0000000        0.2671630
     566.0000000        0.2724206
     567.0000000        0.2731931
     568.0000000        0.2759550
     569.0000000        0.2779958
     570.0000000        0.2777722
     571.0000000        0.2779669
     572.0000000        0.2807578
     573.0000000        0.2886806
     574.0000000        0.2987911
     575.0000000        0.3082790
     576.0000000        0.3159410
     577.0000000        0.3236551
     578.0000000        0.3316274
     579.0000000        0.3394113
     580.0000000        0.3432514
     581.0000000        0.3408794
     582.0000000        0.3331701
     583.0000000        0.3255918
     584.0000000        0.3169334
     585.0000000        0.3085581
     586.0000000        0.3031745
     587.0000000        0.2993237
     588.0000000        0.2935866
     589.0000000        0.2876362
     590.0000000        0.2833603
     591.0000000        0.2787621
     592.0000000        0.2726829
     593.0000000        0.2671919
     594.0000000        0.2714710
     595.0000000        0.2780376
     596.0000000        0.2820191
     597.0000000        0.2888869
     598.0000000        0.2976701
     599.0000000        0.2981089
     600.0000000        0.2955454
