       1.0000000       13.0829420
       2.0000000       12.0175310
       3.0000000       11.4076350
       4.0000000       11.0016930
       5.0000000       10.7808440
       6.0000000       10.5523610
       7.0000000       10.3003850
       8.0000000       10.2595640
       9.0000000       10.2737170
      10.0000000       10.2312020
      11.0000000       10.1477270
      12.0000000       10.0347690
      13.0000000        9.8708865
      14.0000000        9.6606876
      15.0000000        9.4671917
      16.0000000        9.3341897
      17.0000000        9.2489939
      18.0000000        9.1465055
      19.0000000        9.0344576
      20.0000000        8.8676935
      21.0000000        8.7513032
      22.0000000        8.6268464
      23.0000000        8.4687300
      24.0000000        8.2795422
      25.0000000        8.0747178
      26.0000000        7.9077603
      27.0000000        7.7820820
      28.0000000        7.6260340
      29.0000000        7.4406428
      30.0000000        7.2694525
      31.0000000        7.1389614
      32.0000000        7.0162853
      33.0000000        6.8974713
      34.0000000        6.8177670
      35.0000000        6.7306353
      36.0000000        6.6221132
      37.0000000        6.5271561
      38.0000000        6.4881892
      39.0000000        6.4915786
      40.0000000        6.4965262
      41.0000000        6.5123300
      42.0000000        6.5248701
      43.0000000        6.5881045
      44.0000000        6.6768173
      45.0000000        6.7799042
      46.0000000        6.8657835
      47.0000000        6.8960438
      48.0000000        6.9327482
      49.0000000        7.0164215
      50.0000000        7.0805646
      51.0000000        7.1072891
      52.0000000        7.1877174
      53.0000000        7.3008239
      54.0000000        7.4120701
      55.0000000        7.5187381
      56.0000000        7.5940252
      57.0000000        7.6636381
      58.0000000        7.7547161
      59.0000000        7.8320297
      60.0000000        7.8933234
      61.0000000        7.9546116
      62.0000000        7.9865997
      63.0000000        7.9599233
      64.0000000        7.9840848
      65.0000000        8.0457881
      66.0000000        8.0612278
      67.0000000        7.9872661
      68.0000000        7.9555418
      69.0000000        7.9282019
      70.0000000        7.9170659
      71.0000000        8.0351077
      72.0000000        8.1536782
      73.0000000        8.2407165
      74.0000000        8.3724012
      75.0000000        8.4249958
      76.0000000        8.4185262
      77.0000000        8.4314236
      78.0000000        8.4014639
      79.0000000        8.3780280
      80.0000000        8.4211947
      81.0000000        8.4467376
      82.0000000        8.4453985
      83.0000000        8.4720342
      84.0000000        8.4788998
      85.0000000        8.4418674
      86.0000000        8.4012961
      87.0000000        8.4089090
      88.0000000        8.3994025
      89.0000000        8.3209893
      90.0000000        8.1711824
      91.0000000        7.9920034
      92.0000000        7.8973521
      93.0000000        7.8234388
      94.0000000        7.6978801
      95.0000000        7.6627297
      96.0000000        7.6371576
      97.0000000        7.5976853
      98.0000000        7.4787968
      99.0000000        7.3612299
     100.0000000        7.3414184
     101.0000000        7.2991511
     102.0000000        7.2635408
     103.0000000        7.2409993
     104.0000000        7.2223917
     105.0000000        7.1970063
     106.0000000        7.1289340
     107.0000000        7.0730153
     108.0000000        7.0966327
     109.0000000        7.1669452
     110.0000000        7.1955404
     111.0000000        7.2238341
     112.0000000        7.2460483
     113.0000000        7.2249374
     114.0000000        7.2467038
     115.0000000        7.3582892
     116.0000000        7.5089931
     117.0000000        7.5665020
     118.0000000        7.5859903
     119.0000000        7.5787108
     120.0000000        7.5447808
     121.0000000        7.5558760
     122.0000000        7.5711112
     123.0000000        7.5831910
     124.0000000        7.5600350
     125.0000000        7.5038012
     126.0000000        7.4779411
     127.0000000        7.4380606
     128.0000000        7.3442125
     129.0000000        7.2523016
     130.0000000        7.1908080
     131.0000000        7.1206563
     132.0000000        6.9986089
     133.0000000        6.8849152
     134.0000000        6.7836201
     135.0000000        6.7068830
     136.0000000        6.6593411
     137.0000000        6.5796902
     138.0000000        6.4978263
     139.0000000        6.4186022
     140.0000000        6.3291270
     141.0000000        6.2141591
     142.0000000        6.1511555
     143.0000000        6.0713450
     144.0000000        6.0091128
     145.0000000        5.9695706
     146.0000000        5.9288879
     147.0000000        5.8741456
     148.0000000        5.7835383
     149.0000000        5.6905342
     150.0000000        5.6037930
     151.0000000        5.5246547
     152.0000000        5.5020060
     153.0000000        5.4893554
     154.0000000        5.4704325
     155.0000000        5.4538442
     156.0000000        5.4630671
     157.0000000        5.4640396
     158.0000000        5.4550418
     159.0000000        5.4432497
     160.0000000        5.4228156
     161.0000000        5.3930261
     162.0000000        5.3774214
     163.0000000        5.3706304
     164.0000000        5.4221227
     165.0000000        5.4443404
     166.0000000        5.4235047
     167.0000000        5.3950542
     168.0000000        5.3933599
     169.0000000        5.4161608
     170.0000000        5.4355560
     171.0000000        5.4058877
     172.0000000        5.3644868
     173.0000000        5.3397070
     174.0000000        5.3199730
     175.0000000        5.3178404
     176.0000000        5.3226610
     177.0000000        5.3091605
     178.0000000        5.2674891
     179.0000000        5.2220147
     180.0000000        5.1718495
     181.0000000        5.1231701
     182.0000000        5.0775797
     183.0000000        5.0750890
     184.0000000        5.0967058
     185.0000000        5.1183627
     186.0000000        5.1232325
     187.0000000        5.1759065
     188.0000000        5.2456239
     189.0000000        5.3185886
     190.0000000        5.4044823
     191.0000000        5.4962366
     192.0000000        5.5936461
     193.0000000        5.6678167
     194.0000000        5.7539643
     195.0000000        5.8113366
     196.0000000        5.8814066
     197.0000000        5.9921158
     198.0000000        6.1003449
     199.0000000        6.2198581
     200.0000000        6.3196462
     201.0000000        6.4347303
     202.0000000        6.4612521
     203.0000000        6.4649637
     204.0000000        6.5077679
     205.0000000        6.5942838
     206.0000000        6.6535921
     207.0000000        6.7001798
     208.0000000        6.7174702
     209.0000000        6.7044238
     210.0000000        6.6949713
     211.0000000        6.6815050
     212.0000000        6.6372166
     213.0000000        6.5604476
     214.0000000        6.4755403
     215.0000000        6.4242774
     216.0000000        6.3823099
     217.0000000        6.3198710
     218.0000000        6.2814400
     219.0000000        6.3089153
     220.0000000        6.3339924
     221.0000000        6.3185687
     222.0000000        6.2976075
     223.0000000        6.2880662
     224.0000000        6.3167320
     225.0000000        6.3294812
     226.0000000        6.3130585
     227.0000000        6.3426745
     228.0000000        6.3864131
     229.0000000        6.4360067
     230.0000000        6.5150713
     231.0000000        6.5698607
     232.0000000        6.5903945
     233.0000000        6.5782464
     234.0000000        6.5518417
     235.0000000        6.5095917
     236.0000000        6.4802217
     237.0000000        6.5123440
     238.0000000        6.5705953
     239.0000000        6.5795432
     240.0000000        6.5505805
     241.0000000        6.5454310
     242.0000000        6.5116707
     243.0000000        6.4443569
     244.0000000        6.3831606
     245.0000000        6.3219851
     246.0000000        6.2511637
     247.0000000        6.1623684
     248.0000000        6.0301544
     249.0000000        5.8923282
     250.0000000        5.7486882
     251.0000000        5.6282051
     252.0000000        5.5095291
     253.0000000        5.3715075
     254.0000000        5.2295236
     255.0000000        5.1144172
     256.0000000        5.0290416
     257.0000000        5.0043614
     258.0000000        5.0004008
     259.0000000        4.9829317
     260.0000000        4.9810544
     261.0000000        4.9709703
     262.0000000        4.9518474
     263.0000000        4.9272845
     264.0000000        4.9085696
     265.0000000        4.8795813
     266.0000000        4.8399109
     267.0000000        4.8114912
     268.0000000        4.7912497
     269.0000000        4.8056939
     270.0000000        4.8607133
     271.0000000        4.9254597
     272.0000000        4.9279969
     273.0000000        4.8930692
     274.0000000        4.8446698
     275.0000000        4.8310904
     276.0000000        4.8525527
     277.0000000        4.8549084
     278.0000000        4.7849002
     279.0000000        4.6572388
     280.0000000        4.5319488
     281.0000000        4.4309011
     282.0000000        4.3306439
     283.0000000        4.2832499
     284.0000000        4.2289933
     285.0000000        4.1582344
     286.0000000        4.1206291
     287.0000000        4.0833652
     288.0000000        4.0164421
     289.0000000        3.9311831
     290.0000000        3.8548170
     291.0000000        3.8094944
     292.0000000        3.7879839
     293.0000000        3.7566001
     294.0000000        3.7083716
     295.0000000        3.6359938
     296.0000000        3.5790533
     297.0000000        3.5302322
     298.0000000        3.4818872
     299.0000000        3.4551421
     300.0000000        3.4487818
     301.0000000        3.4361454
     302.0000000        3.4070995
     303.0000000        3.3984248
     304.0000000        3.4112049
     305.0000000        3.4379606
     306.0000000        3.4402704
     307.0000000        3.4350710
     308.0000000        3.4136452
     309.0000000        3.4009981
     310.0000000        3.4253029
     311.0000000        3.4538322
     312.0000000        3.4895479
     313.0000000        3.5339944
     314.0000000        3.5848580
     315.0000000        3.6253621
     316.0000000        3.6468889
     317.0000000        3.6819643
     318.0000000        3.7472682
     319.0000000        3.8275076
     320.0000000        3.9078254
     321.0000000        4.0116194
     322.0000000        4.1117644
     323.0000000        4.1719681
     324.0000000        4.2152216
     325.0000000        4.3087448
     326.0000000        4.4434842
     327.0000000        4.5751854
     328.0000000        4.7014684
     329.0000000        4.8487181
     330.0000000        4.9751316
     331.0000000        5.1232397
     332.0000000        5.2875798
     333.0000000        5.4655108
     334.0000000        5.6311348
     335.0000000        5.8010866
     336.0000000        5.9935425
     337.0000000        6.1796271
     338.0000000        6.3697817
     339.0000000        6.5582558
     340.0000000        6.6712488
     341.0000000        6.7426556
     342.0000000        6.8680237
     343.0000000        6.9651109
     344.0000000        7.0280681
     345.0000000        7.1482014
     346.0000000        7.2137090
     347.0000000        7.3007080
     348.0000000        7.4198294
     349.0000000        7.4575858
     350.0000000        7.4341227
     351.0000000        7.4017487
     352.0000000        7.3751639
     353.0000000        7.2929408
     354.0000000        7.2252812
     355.0000000        7.1588135
     356.0000000        7.0818563
     357.0000000        7.0069527
     358.0000000        6.9306416
     359.0000000        6.9065888
     360.0000000        6.8664752
     361.0000000        6.8391289
     362.0000000        6.8855838
     363.0000000        6.9606685
     364.0000000        6.9914286
     365.0000000        7.0188692
     366.0000000        7.0479196
     367.0000000        7.0651849
     368.0000000        7.0873189
     369.0000000        7.0532102
     370.0000000        7.0305519
     371.0000000        7.0250891
     372.0000000        6.9892002
     373.0000000        6.9748125
     374.0000000        6.9218869
     375.0000000        6.8408173
     376.0000000        6.7513281
     377.0000000        6.6411325
     378.0000000        6.5242858
     379.0000000        6.4180853
     380.0000000        6.3464201
     381.0000000        6.2984682
     382.0000000        6.2245228
     383.0000000        6.1308313
     384.0000000        6.0232595
     385.0000000        5.9498577
     386.0000000        5.8754712
     387.0000000        5.8045311
     388.0000000        5.7210309
     389.0000000        5.6663678
     390.0000000        5.6150847
     391.0000000        5.5663612
     392.0000000        5.5212974
     393.0000000        5.5085232
     394.0000000        5.5284856
     395.0000000        5.5806033
     396.0000000        5.6461123
     397.0000000        5.6544780
     398.0000000        5.6265182
     399.0000000        5.5863136
     400.0000000        5.5548381
     401.0000000        5.5370860
     402.0000000        5.5412363
     403.0000000        5.5641729
     404.0000000        5.5715283
     405.0000000        5.5591077
     406.0000000        5.5434237
     407.0000000        5.5387432
     408.0000000        5.5257950
     409.0000000        5.4918062
     410.0000000        5.4832726
     411.0000000        5.4476856
     412.0000000        5.4257674
     413.0000000        5.4304533
     414.0000000        5.4318783
     415.0000000        5.4645622
     416.0000000        5.5069750
     417.0000000        5.5234512
     418.0000000        5.5187707
     419.0000000        5.4677489
     420.0000000        5.4595950
     421.0000000        5.4682909
     422.0000000        5.4293187
     423.0000000        5.3966886
     424.0000000        5.3747434
     425.0000000        5.4128408
     426.0000000        5.4661811
     427.0000000        5.5360027
     428.0000000        5.5746864
     429.0000000        5.6168242
     430.0000000        5.6466609
     431.0000000        5.6901779
     432.0000000        5.7670231
     433.0000000        5.8389608
     434.0000000        5.9262783
     435.0000000        6.0402430
     436.0000000        6.1750177
     437.0000000        6.3065649
     438.0000000        6.3948092
     439.0000000        6.4393851
     440.0000000        6.5351156
     441.0000000        6.6381606
     442.0000000        6.7232618
     443.0000000        6.8648588
     444.0000000        7.0254630
     445.0000000        7.2053212
     446.0000000        7.4119393
     447.0000000        7.5701727
     448.0000000        7.6746603
     449.0000000        7.7578221
     450.0000000        7.8522687
     451.0000000        7.9008371
     452.0000000        7.8933686
     453.0000000        7.8790263
     454.0000000        7.8864359
     455.0000000        7.7791950
     456.0000000        7.6686920
     457.0000000        7.4886360
     458.0000000        7.3561612
     459.0000000        7.2541818
     460.0000000        7.1828853
     461.0000000        7.2188099
     462.0000000        7.2931703
     463.0000000        7.3607845
     464.0000000        7.4464416
     465.0000000        7.5683872
     466.0000000        7.7195438
     467.0000000        7.8640852
     468.0000000        7.9237884
     469.0000000        7.9315510
     470.0000000        7.9753119
     471.0000000        8.0428534
     472.0000000        8.1252883
     473.0000000        8.2103625
     474.0000000        8.3103081
     475.0000000        8.3882061
     476.0000000        8.4936241
     477.0000000        8.5931566
     478.0000000        8.7219997
     479.0000000        8.7937913
     480.0000000        8.8811971
     481.0000000        8.9639820
     482.0000000        8.9394969
     483.0000000        8.7865090
     484.0000000        8.7162735
     485.0000000        8.6524656
     486.0000000        8.5317703
     487.0000000        8.3922543
     488.0000000        8.2603460
     489.0000000        8.1271876
     490.0000000        8.0088446
     491.0000000        7.8843148
     492.0000000        7.7833900
     493.0000000        7.7450817
     494.0000000        7.7761622
     495.0000000        7.7663540
     496.0000000        7.6936022
     497.0000000        7.6140443
     498.0000000        7.5598986
     499.0000000        7.4736543
     500.0000000        7.3842630
     501.0000000        7.2930369
     502.0000000        7.1617683
     503.0000000        7.0432256
     504.0000000        6.9253397
     505.0000000        6.7947825
     506.0000000        6.6646830
     507.0000000        6.5463682
     508.0000000        6.3893186
     509.0000000        6.1746258
     510.0000000        6.0044644
     511.0000000        5.8394882
     512.0000000        5.6635672
     513.0000000        5.5198052
     514.0000000        5.3955655
     515.0000000        5.2930855
     516.0000000        5.1707276
     517.0000000        5.0489794
     518.0000000        4.9590958
     519.0000000        4.9113838
     520.0000000        4.8724059
     521.0000000        4.9085308
     522.0000000        4.9465950
     523.0000000        4.9833118
     524.0000000        5.0458651
     525.0000000        5.1281274
     526.0000000        5.1938159
     527.0000000        5.2725608
     528.0000000        5.3771486
     529.0000000        5.5244864
     530.0000000        5.6372147
     531.0000000        5.7123858
     532.0000000        5.8184397
     533.0000000        5.9308889
     534.0000000        6.0487171
     535.0000000        6.1247513
     536.0000000        6.2302568
     537.0000000        6.3488039
     538.0000000        6.4880725
     539.0000000        6.6165229
     540.0000000        6.7387853
     541.0000000        6.7973547
     542.0000000        6.8551518
     543.0000000        6.9106912
     544.0000000        6.9843230
     545.0000000        7.0726178
     546.0000000        7.1747270
     547.0000000        7.2417485
     548.0000000        7.3238672
     549.0000000        7.4460672
     550.0000000        7.5188551
     551.0000000        7.5245667
     552.0000000        7.5475826
     553.0000000        7.5414818
     554.0000000        7.5591702
     555.0000000        7.5894881
     556.0000000        7.5896303
     557.0000000        7.5844529
     558.0000000        7.5499403
     559.0000000        7.4570149
     560.0000000        7.4109056
     561.0000000        7.4389946
     562.0000000        7.4855667
     563.0000000        7.5163419
     564.0000000        7.4943940
     565.0000000        7.4668233
     566.0000000        7.4561883
     567.0000000        7.4201098
     568.0000000        7.3801381
     569.0000000        7.4012565
     570.0000000        7.4309218
     571.0000000        7.4838827
     572.0000000        7.5394071
     573.0000000        7.6320775
     574.0000000        7.6403747
     575.0000000        7.6989279
     576.0000000        7.7458564
     577.0000000        7.7360895
     578.0000000        7.6479459
     579.0000000        7.5311322
     580.0000000        7.3963838
     581.0000000        7.2852841
     582.0000000        7.1797782
     583.0000000        7.0600998
     584.0000000        6.9548671
     585.0000000        6.8790804
     586.0000000        6.8312180
     587.0000000        6.7582289
     588.0000000        6.6475622
     589.0000000        6.5831643
     590.0000000        6.5261498
     591.0000000        6.5366613
     592.0000000        6.5489712
     593.0000000        6.5565013
     594.0000000        6.6157884
     595.0000000        6.7061896
     596.0000000        6.8098002
     597.0000000        6.9173015
     598.0000000        6.9584595
     599.0000000        6.9900140
     600.0000000        7.0294111
