       1.0000000        6.9471770
       2.0000000        6.8941074
       3.0000000        6.8773909
       4.0000000        6.8820590
       5.0000000        6.9534097
       6.0000000        7.0173593
       7.0000000        7.0448156
       8.0000000        7.0548210
       9.0000000        7.0981476
      10.0000000        7.1863439
      11.0000000        7.2367712
      12.0000000        7.2626182
      13.0000000        7.3149770
      14.0000000        7.4022257
      15.0000000        7.4402554
      16.0000000        7.4280841
      17.0000000        7.4101483
      18.0000000        7.2980147
      19.0000000        7.2044291
      20.0000000        7.1513821
      21.0000000        7.1409331
      22.0000000        7.1023325
      23.0000000        7.0133906
      24.0000000        6.9373982
      25.0000000        6.8709138
      26.0000000        6.8027030
      27.0000000        6.7410798
      28.0000000        6.6382147
      29.0000000        6.6124130
      30.0000000        6.6283436
      31.0000000        6.6481290
      32.0000000        6.6814921
      33.0000000        6.6929747
      34.0000000        6.6679912
      35.0000000        6.6247288
      36.0000000        6.5876967
      37.0000000        6.5362952
      38.0000000        6.5453994
      39.0000000        6.5573960
      40.0000000        6.5716454
      41.0000000        6.5879893
      42.0000000        6.6049005
      43.0000000        6.5820090
      44.0000000        6.5728301
      45.0000000        6.5626484
      46.0000000        6.5731615
      47.0000000        6.6345462
      48.0000000        6.6977511
      49.0000000        6.7094209
      50.0000000        6.6703465
      51.0000000        6.6152536
      52.0000000        6.5669124
      53.0000000        6.5581256
      54.0000000        6.5467685
      55.0000000        6.4896112
      56.0000000        6.4897218
      57.0000000        6.5168314
      58.0000000        6.5340011
      59.0000000        6.5686286
      60.0000000        6.5811745
      61.0000000        6.6040741
      62.0000000        6.6606499
      63.0000000        6.7355794
      64.0000000        6.7787809
      65.0000000        6.8468020
      66.0000000        6.9035170
      67.0000000        6.9289690
      68.0000000        6.9479416
      69.0000000        6.9412857
      70.0000000        6.9123879
      71.0000000        6.8953363
      72.0000000        6.9145117
      73.0000000        6.9976102
      74.0000000        7.0955690
      75.0000000        7.0966090
      76.0000000        7.0392035
      77.0000000        6.9551370
      78.0000000        6.8829095
      79.0000000        6.8188875
      80.0000000        6.7532844
      81.0000000        6.6901162
      82.0000000        6.6533262
      83.0000000        6.6262598
      84.0000000        6.5849940
      85.0000000        6.5419100
      86.0000000        6.4974110
      87.0000000        6.4768269
      88.0000000        6.5173189
      89.0000000        6.5610998
      90.0000000        6.6254782
      91.0000000        6.6565877
      92.0000000        6.6907514
      93.0000000        6.7088249
      94.0000000        6.7166344
      95.0000000        6.7862586
      96.0000000        6.8415918
      97.0000000        6.8615784
      98.0000000        6.8607517
      99.0000000        6.8315858
     100.0000000        6.8101100
     101.0000000        6.7976770
     102.0000000        6.8032761
     103.0000000        6.7926862
     104.0000000        6.7851905
     105.0000000        6.8049525
     106.0000000        6.8581632
     107.0000000        6.8312970
     108.0000000        6.8374358
     109.0000000        6.8490901
     110.0000000        6.8231491
     111.0000000        6.8470955
     112.0000000        6.9193456
     113.0000000        6.9407033
     114.0000000        6.9347257
     115.0000000        6.9725333
     116.0000000        7.0419757
     117.0000000        7.1356537
     118.0000000        7.2109069
     119.0000000        7.3335744
     120.0000000        7.3776899
     121.0000000        7.3743429
     122.0000000        7.3919909
     123.0000000        7.4003405
     124.0000000        7.3705032
     125.0000000        7.2961181
     126.0000000        7.2360691
     127.0000000        7.1394449
     128.0000000        7.0801728
     129.0000000        7.0473899
     130.0000000        7.0089904
     131.0000000        7.0003918
     132.0000000        7.0046089
     133.0000000        6.9816912
     134.0000000        6.9665481
     135.0000000        6.9659520
     136.0000000        6.9099192
     137.0000000        6.9551768
     138.0000000        7.0136029
     139.0000000        7.0579590
     140.0000000        7.0669870
     141.0000000        7.1061595
     142.0000000        7.1265944
     143.0000000        7.1139717
     144.0000000        7.0561058
     145.0000000        7.0373883
     146.0000000        7.0455887
     147.0000000        7.0582372
     148.0000000        7.0643689
     149.0000000        7.1149567
     150.0000000        7.1541368
     151.0000000        7.1710913
     152.0000000        7.2032794
     153.0000000        7.2664879
     154.0000000        7.3346369
     155.0000000        7.3305604
     156.0000000        7.3253711
     157.0000000        7.3549570
     158.0000000        7.3711264
     159.0000000        7.3307893
     160.0000000        7.2815564
     161.0000000        7.2057343
     162.0000000        7.1880545
     163.0000000        7.1793951
     164.0000000        7.1253776
     165.0000000        6.9931770
     166.0000000        6.8717957
     167.0000000        6.7448922
     168.0000000        6.6504828
     169.0000000        6.6373632
     170.0000000        6.6573077
     171.0000000        6.7028589
     172.0000000        6.7760827
     173.0000000        6.8933427
     174.0000000        7.0129381
     175.0000000        7.0825382
     176.0000000        7.1614619
     177.0000000        7.2567543
     178.0000000        7.3719020
     179.0000000        7.4027220
     180.0000000        7.3775481
     181.0000000        7.3343814
     182.0000000        7.3255096
     183.0000000        7.3403654
     184.0000000        7.3639957
     185.0000000        7.3536933
     186.0000000        7.3381770
     187.0000000        7.3817306
     188.0000000        7.4195544
     189.0000000        7.4269798
     190.0000000        7.4551097
     191.0000000        7.4434901
     192.0000000        7.4491466
     193.0000000        7.4252154
     194.0000000        7.3644416
     195.0000000        7.3044162
     196.0000000        7.2447650
     197.0000000        7.2069821
     198.0000000        7.2394610
     199.0000000        7.2701286
     200.0000000        7.2908421
     201.0000000        7.2972014
     202.0000000        7.3293753
     203.0000000        7.2757941
     204.0000000        7.2248079
     205.0000000        7.1359802
     206.0000000        7.0777306
     207.0000000        7.0015522
     208.0000000        6.9394683
     209.0000000        6.8434822
     210.0000000        6.7810512
     211.0000000        6.7386873
     212.0000000        6.6215616
     213.0000000        6.5649505
     214.0000000        6.5435996
     215.0000000        6.5701764
     216.0000000        6.6151628
     217.0000000        6.6430503
     218.0000000        6.7125432
     219.0000000        6.7569965
     220.0000000        6.7609399
     221.0000000        6.7939405
     222.0000000        6.8318399
     223.0000000        6.8485645
     224.0000000        6.8318516
     225.0000000        6.8823097
     226.0000000        6.9713078
     227.0000000        7.0942680
     228.0000000        7.1928478
     229.0000000        7.1863639
     230.0000000        7.1825245
     231.0000000        7.1268625
     232.0000000        7.1411384
     233.0000000        7.1435368
     234.0000000        7.1205327
     235.0000000        7.0753356
     236.0000000        7.0161395
     237.0000000        6.9766701
     238.0000000        6.9613378
     239.0000000        6.9466159
     240.0000000        6.9334760
     241.0000000        6.9516989
     242.0000000        6.9284544
     243.0000000        6.9010298
     244.0000000        6.9012236
     245.0000000        6.9607561
     246.0000000        6.9474351
     247.0000000        6.8870099
     248.0000000        6.8895664
     249.0000000        6.8799547
     250.0000000        6.8652042
     251.0000000        6.8414438
     252.0000000        6.8495176
     253.0000000        6.8822074
     254.0000000        6.8941575
     255.0000000        6.8925637
     256.0000000        6.8699012
     257.0000000        6.8362642
     258.0000000        6.8311048
     259.0000000        6.7334351
     260.0000000        6.6629329
     261.0000000        6.6632005
     262.0000000        6.6359290
     263.0000000        6.6411388
     264.0000000        6.6666004
     265.0000000        6.7277576
     266.0000000        6.7774818
     267.0000000        6.7765714
     268.0000000        6.8101517
     269.0000000        6.8163532
     270.0000000        6.7938625
     271.0000000        6.7367798
     272.0000000        6.7304858
     273.0000000        6.7329167
     274.0000000        6.7502545
     275.0000000        6.7611299
     276.0000000        6.8031322
     277.0000000        6.8558030
     278.0000000        6.8934634
     279.0000000        6.9511366
     280.0000000        7.0126019
     281.0000000        7.0413418
     282.0000000        7.0211498
     283.0000000        6.9563122
     284.0000000        6.9199761
     285.0000000        6.8709658
     286.0000000        6.8562862
     287.0000000        6.8746968
     288.0000000        6.8867855
     289.0000000        6.9008936
     290.0000000        6.9465797
     291.0000000        7.0067020
     292.0000000        7.0873353
     293.0000000        7.1713631
     294.0000000        7.2573643
     295.0000000        7.3269639
     296.0000000        7.3678809
     297.0000000        7.3627118
     298.0000000        7.3558311
     299.0000000        7.3530224
     300.0000000        7.3404726
     301.0000000        7.2801920
     302.0000000        7.2101376
     303.0000000        7.1806864
     304.0000000        7.1622145
     305.0000000        7.1304864
     306.0000000        7.0556331
     307.0000000        6.9932038
     308.0000000        6.9024689
     309.0000000        6.7982667
     310.0000000        6.7718012
     311.0000000        6.7790676
     312.0000000        6.7893675
     313.0000000        6.8177143
     314.0000000        6.7869274
     315.0000000        6.8035905
     316.0000000        6.8141781
     317.0000000        6.9138310
     318.0000000        7.0513437
     319.0000000        7.1409899
     320.0000000        7.1490393
     321.0000000        7.1388301
     322.0000000        7.1409412
     323.0000000        7.1154647
     324.0000000        7.0754541
     325.0000000        7.0215140
     326.0000000        6.9845951
     327.0000000        6.9702173
     328.0000000        6.9134611
     329.0000000        6.8794135
     330.0000000        6.8858354
     331.0000000        6.9036114
     332.0000000        6.9187228
     333.0000000        6.9109449
     334.0000000        6.9296901
     335.0000000        6.9341959
     336.0000000        6.9449847
     337.0000000        6.9831211
     338.0000000        7.0054268
     339.0000000        6.9833371
     340.0000000        6.9571369
     341.0000000        6.9474563
     342.0000000        6.9891191
     343.0000000        7.0142101
     344.0000000        6.9935973
     345.0000000        6.9653943
     346.0000000        6.9554869
     347.0000000        6.9372207
     348.0000000        6.9114672
     349.0000000        6.8902169
     350.0000000        6.8731870
     351.0000000        6.8882948
     352.0000000        6.9185298
     353.0000000        6.9202489
     354.0000000        6.8503577
     355.0000000        6.8920203
     356.0000000        6.9366827
     357.0000000        7.0031011
     358.0000000        7.0896085
     359.0000000        7.1662694
     360.0000000        7.2588142
     361.0000000        7.3594677
     362.0000000        7.3624086
     363.0000000        7.3340080
     364.0000000        7.2550121
     365.0000000        7.1195357
     366.0000000        7.0142360
     367.0000000        6.9060311
     368.0000000        6.8818456
     369.0000000        6.9020304
     370.0000000        6.9581025
     371.0000000        7.0275192
     372.0000000        7.0717877
     373.0000000        7.0572684
     374.0000000        7.0030754
     375.0000000        6.9532861
     376.0000000        6.8710407
     377.0000000        6.8083012
     378.0000000        6.7220701
     379.0000000        6.6502076
     380.0000000        6.6032066
     381.0000000        6.5799791
     382.0000000        6.6305086
     383.0000000        6.7031421
     384.0000000        6.8036155
     385.0000000        6.8194131
     386.0000000        6.8238817
     387.0000000        6.8204462
     388.0000000        6.8294226
     389.0000000        6.9016866
     390.0000000        6.9523174
     391.0000000        6.9530310
     392.0000000        7.0004705
     393.0000000        7.0544626
     394.0000000        7.1028057
     395.0000000        7.1657951
     396.0000000        7.1971337
     397.0000000        7.2048940
     398.0000000        7.1598993
     399.0000000        7.1950846
     400.0000000        7.2118332
     401.0000000        7.2864158
     402.0000000        7.3064564
     403.0000000        7.3170380
     404.0000000        7.3107674
     405.0000000        7.2320615
     406.0000000        7.0553146
     407.0000000        6.9505543
     408.0000000        6.8807192
     409.0000000        6.8626956
     410.0000000        6.7884170
     411.0000000        6.7107492
     412.0000000        6.6628356
     413.0000000        6.6283749
     414.0000000        6.6323876
     415.0000000        6.6545557
     416.0000000        6.6505411
     417.0000000        6.6496657
     418.0000000        6.6431071
     419.0000000        6.6418813
     420.0000000        6.5832793
     421.0000000        6.5537850
     422.0000000        6.5297036
     423.0000000        6.5706553
     424.0000000        6.6471455
     425.0000000        6.7170430
     426.0000000        6.7280433
     427.0000000        6.7457550
     428.0000000        6.7713902
     429.0000000        6.7562244
     430.0000000        6.7662239
     431.0000000        6.8256356
     432.0000000        6.8800607
     433.0000000        6.9410799
     434.0000000        6.9866369
     435.0000000        6.9996731
     436.0000000        7.0017725
     437.0000000        6.9760246
     438.0000000        6.9842504
     439.0000000        7.0447964
     440.0000000        7.0920692
     441.0000000        7.1274765
     442.0000000        7.1477185
     443.0000000        7.1348041
     444.0000000        7.0905852
     445.0000000        7.0876959
     446.0000000        7.0281382
     447.0000000        6.9691810
     448.0000000        6.9127073
     449.0000000        6.8727266
     450.0000000        6.8821900
     451.0000000        6.8710922
     452.0000000        6.8314715
     453.0000000        6.7771441
     454.0000000        6.7791305
     455.0000000        6.7750675
     456.0000000        6.7550606
     457.0000000        6.7963471
     458.0000000        6.8473751
     459.0000000        6.9415995
     460.0000000        7.0169663
     461.0000000        7.0370553
     462.0000000        7.0744811
     463.0000000        7.0826078
     464.0000000        7.0922687
     465.0000000        7.1459296
     466.0000000        7.1008918
     467.0000000        7.0477050
     468.0000000        7.0244330
     469.0000000        7.0531722
     470.0000000        7.0823599
     471.0000000        7.0771669
     472.0000000        6.9756071
     473.0000000        6.9067557
     474.0000000        6.8944265
     475.0000000        6.8803353
     476.0000000        6.8859958
     477.0000000        6.8830338
     478.0000000        6.8537611
     479.0000000        6.8456581
     480.0000000        6.8708458
     481.0000000        6.9088905
     482.0000000        6.8867015
     483.0000000        6.8510524
     484.0000000        6.8247318
     485.0000000        6.8146702
     486.0000000        6.8030543
     487.0000000        6.8434425
     488.0000000        6.9394105
     489.0000000        6.9996269
     490.0000000        7.0426130
     491.0000000        7.0768591
     492.0000000        7.1234829
     493.0000000        7.1362341
     494.0000000        7.1683371
     495.0000000        7.1408558
     496.0000000        7.1299391
     497.0000000        7.1198895
     498.0000000        7.0549190
     499.0000000        7.0319867
     500.0000000        7.0155406
     501.0000000        6.9546181
     502.0000000        6.9007620
     503.0000000        6.8458646
     504.0000000        6.8431800
     505.0000000        6.8865868
     506.0000000        6.8873610
     507.0000000        6.8401276
     508.0000000        6.8269680
     509.0000000        6.8357076
     510.0000000        6.8399034
     511.0000000        6.8891645
     512.0000000        6.9270122
     513.0000000        6.9724927
     514.0000000        7.0384914
     515.0000000        7.0583812
     516.0000000        7.0744822
     517.0000000        7.1150780
     518.0000000        7.1217157
     519.0000000        7.1323056
     520.0000000        7.1234099
     521.0000000        7.1252920
     522.0000000        7.1180169
     523.0000000        7.1286568
     524.0000000        7.1449934
     525.0000000        7.1817380
     526.0000000        7.1974436
     527.0000000        7.1338107
     528.0000000        6.9996148
     529.0000000        6.8597917
     530.0000000        6.8107538
     531.0000000        6.8325692
     532.0000000        6.8657908
     533.0000000        6.8603335
     534.0000000        6.8250034
     535.0000000        6.8150679
     536.0000000        6.8136116
     537.0000000        6.8262306
     538.0000000        6.8488932
     539.0000000        6.8650623
     540.0000000        6.8807339
     541.0000000        6.8525112
     542.0000000        6.8257580
     543.0000000        6.8574383
     544.0000000        6.9417185
     545.0000000        7.0017612
     546.0000000        6.9984521
     547.0000000        7.0148132
     548.0000000        7.0253739
     549.0000000        7.0586026
     550.0000000        7.0807202
     551.0000000        7.1009839
     552.0000000        7.1533500
     553.0000000        7.1409148
     554.0000000        7.1355315
     555.0000000        7.1420865
     556.0000000        7.1005950
     557.0000000        7.0210492
     558.0000000        6.9954383
     559.0000000        7.0199239
     560.0000000        7.0683582
     561.0000000        7.1337893
     562.0000000        7.1404599
     563.0000000        7.1356154
     564.0000000        7.1077745
     565.0000000        7.1227492
     566.0000000        7.1247620
     567.0000000        7.0636982
     568.0000000        7.0342971
     569.0000000        6.9934624
     570.0000000        6.9802470
     571.0000000        6.9725322
     572.0000000        6.9787659
     573.0000000        6.9097650
     574.0000000        6.8430742
     575.0000000        6.7894644
     576.0000000        6.7717753
     577.0000000        6.7538433
     578.0000000        6.7453500
     579.0000000        6.7231335
     580.0000000        6.7552733
     581.0000000        6.7671311
     582.0000000        6.7207387
     583.0000000        6.6777342
     584.0000000        6.6475391
     585.0000000        6.6665489
     586.0000000        6.7208062
     587.0000000        6.7759041
     588.0000000        6.8318626
     589.0000000        6.8730085
     590.0000000        6.9289923
     591.0000000        6.9844006
     592.0000000        6.9942298
     593.0000000        6.9985063
     594.0000000        7.0311494
     595.0000000        7.0654991
     596.0000000        7.0918980
     597.0000000        7.1110328
     598.0000000        7.1507962
     599.0000000        7.1745932
     600.0000000        7.1422811
