       1.0000000        2.4861882
       2.0000000        2.4773579
       3.0000000        2.4771149
       4.0000000        2.4764004
       5.0000000        2.4680600
       6.0000000        2.4546878
       7.0000000        2.4468789
       8.0000000        2.4476626
       9.0000000        2.4363351
      10.0000000        2.4242575
      11.0000000        2.4107261
      12.0000000        2.4034207
      13.0000000        2.3976760
      14.0000000        2.3919091
      15.0000000        2.3851037
      16.0000000        2.3863976
      17.0000000        2.3893766
      18.0000000        2.3902709
      19.0000000        2.3988605
      20.0000000        2.4124699
      21.0000000        2.4243588
      22.0000000        2.4374406
      23.0000000        2.4497623
      24.0000000        2.4557364
      25.0000000        2.4524727
      26.0000000        2.4517636
      27.0000000        2.4486458
      28.0000000        2.4453387
      29.0000000        2.4414849
      30.0000000        2.4398518
      31.0000000        2.4341483
      32.0000000        2.4339426
      33.0000000        2.4330595
      34.0000000        2.4283512
      35.0000000        2.4281044
      36.0000000        2.4200857
      37.0000000        2.4255974
      38.0000000        2.4421570
      39.0000000        2.4472289
      40.0000000        2.4436984
      41.0000000        2.4509177
      42.0000000        2.4548030
      43.0000000        2.4574225
      44.0000000        2.4580088
      45.0000000        2.4590278
      46.0000000        2.4602900
      47.0000000        2.4526525
      48.0000000        2.4428678
      49.0000000        2.4296248
      50.0000000        2.4043064
      51.0000000        2.3911688
      52.0000000        2.3844390
      53.0000000        2.3783703
      54.0000000        2.3750095
      55.0000000        2.3768551
      56.0000000        2.3835990
      57.0000000        2.3874142
      58.0000000        2.4012721
      59.0000000        2.4137106
      60.0000000        2.4229722
      61.0000000        2.4260607
      62.0000000        2.4266064
      63.0000000        2.4170861
      64.0000000        2.4086642
      65.0000000        2.3896112
      66.0000000        2.3770666
      67.0000000        2.3743865
      68.0000000        2.3733723
      69.0000000        2.3781049
      70.0000000        2.3756380
      71.0000000        2.3785634
      72.0000000        2.3820884
      73.0000000        2.3859096
      74.0000000        2.3864472
      75.0000000        2.3848038
      76.0000000        2.3826914
      77.0000000        2.3863788
      78.0000000        2.3883719
      79.0000000        2.3916502
      80.0000000        2.3927288
      81.0000000        2.3930941
      82.0000000        2.3929789
      83.0000000        2.3947599
      84.0000000        2.3976967
      85.0000000        2.4087081
      86.0000000        2.4131005
      87.0000000        2.4211063
      88.0000000        2.4371383
      89.0000000        2.4392560
      90.0000000        2.4376726
      91.0000000        2.4414611
      92.0000000        2.4443572
      93.0000000        2.4466898
      94.0000000        2.4458048
      95.0000000        2.4429452
      96.0000000        2.4334071
      97.0000000        2.4091942
      98.0000000        2.3960681
      99.0000000        2.3839188
     100.0000000        2.3752174
     101.0000000        2.3808455
     102.0000000        2.3858280
     103.0000000        2.4005425
     104.0000000        2.4197922
     105.0000000        2.4297307
     106.0000000        2.4290864
     107.0000000        2.4320376
     108.0000000        2.4313145
     109.0000000        2.4279425
     110.0000000        2.4283094
     111.0000000        2.4195628
     112.0000000        2.4062691
     113.0000000        2.3972905
     114.0000000        2.3855207
     115.0000000        2.3755355
     116.0000000        2.3768256
     117.0000000        2.3793192
     118.0000000        2.3656979
     119.0000000        2.3469505
     120.0000000        2.3374436
     121.0000000        2.3311205
     122.0000000        2.3290775
     123.0000000        2.3310702
     124.0000000        2.3364639
     125.0000000        2.3439806
     126.0000000        2.3515253
     127.0000000        2.3570428
     128.0000000        2.3579876
     129.0000000        2.3641827
     130.0000000        2.3694551
     131.0000000        2.3711252
     132.0000000        2.3728187
     133.0000000        2.3761666
     134.0000000        2.3795078
     135.0000000        2.3830061
     136.0000000        2.3862667
     137.0000000        2.3939078
     138.0000000        2.3998692
     139.0000000        2.3984740
     140.0000000        2.3996177
     141.0000000        2.4137371
     142.0000000        2.4240525
     143.0000000        2.4405520
     144.0000000        2.4624419
     145.0000000        2.4742792
     146.0000000        2.4840808
     147.0000000        2.4879975
     148.0000000        2.4790857
     149.0000000        2.4721782
     150.0000000        2.4666650
     151.0000000        2.4564638
     152.0000000        2.4607720
     153.0000000        2.4716949
     154.0000000        2.4758821
     155.0000000        2.4767065
     156.0000000        2.4686656
     157.0000000        2.4641488
     158.0000000        2.4629748
     159.0000000        2.4452240
     160.0000000        2.4236410
     161.0000000        2.4025228
     162.0000000        2.3968341
     163.0000000        2.3902695
     164.0000000        2.3912795
     165.0000000        2.3841805
     166.0000000        2.3803909
     167.0000000        2.3850741
     168.0000000        2.3905499
     169.0000000        2.3902199
     170.0000000        2.3921111
     171.0000000        2.4000921
     172.0000000        2.4097090
     173.0000000        2.4128268
     174.0000000        2.4152946
     175.0000000        2.4245977
     176.0000000        2.4276936
     177.0000000        2.4395287
     178.0000000        2.4463773
     179.0000000        2.4546762
     180.0000000        2.4661713
     181.0000000        2.4788165
     182.0000000        2.4901645
     183.0000000        2.4914083
     184.0000000        2.4870787
     185.0000000        2.4878592
     186.0000000        2.4882851
     187.0000000        2.4855561
     188.0000000        2.4856334
     189.0000000        2.4823127
     190.0000000        2.4820685
     191.0000000        2.4807060
     192.0000000        2.4816639
     193.0000000        2.4805634
     194.0000000        2.4730263
     195.0000000        2.4704273
     196.0000000        2.4717500
     197.0000000        2.4651990
     198.0000000        2.4626870
     199.0000000        2.4618149
     200.0000000        2.4602032
     201.0000000        2.4599719
     202.0000000        2.4563658
     203.0000000        2.4544103
     204.0000000        2.4466293
     205.0000000        2.4374068
     206.0000000        2.4334409
     207.0000000        2.4351237
     208.0000000        2.4364946
     209.0000000        2.4374182
     210.0000000        2.4267907
     211.0000000        2.4151735
     212.0000000        2.4064298
     213.0000000        2.4014037
     214.0000000        2.4064922
     215.0000000        2.4076860
     216.0000000        2.4065278
     217.0000000        2.4003263
     218.0000000        2.3896465
     219.0000000        2.3790543
     220.0000000        2.3638465
     221.0000000        2.3537898
     222.0000000        2.3573849
     223.0000000        2.3625009
     224.0000000        2.3672380
     225.0000000        2.3749690
     226.0000000        2.3804989
     227.0000000        2.3956268
     228.0000000        2.4103370
     229.0000000        2.4186101
     230.0000000        2.4221747
     231.0000000        2.4281390
     232.0000000        2.4422522
     233.0000000        2.4586344
     234.0000000        2.4776874
     235.0000000        2.4883869
     236.0000000        2.4842587
     237.0000000        2.4804187
     238.0000000        2.4816499
     239.0000000        2.4862781
     240.0000000        2.4831192
     241.0000000        2.4756687
     242.0000000        2.4661086
     243.0000000        2.4570019
     244.0000000        2.4521775
     245.0000000        2.4430656
     246.0000000        2.4375987
     247.0000000        2.4318693
     248.0000000        2.4315293
     249.0000000        2.4292662
     250.0000000        2.4328988
     251.0000000        2.4339294
     252.0000000        2.4390504
     253.0000000        2.4453027
     254.0000000        2.4470510
     255.0000000        2.4513376
     256.0000000        2.4545062
     257.0000000        2.4478114
     258.0000000        2.4423440
     259.0000000        2.4381545
     260.0000000        2.4353130
     261.0000000        2.4326649
     262.0000000        2.4270887
     263.0000000        2.4291956
     264.0000000        2.4280820
     265.0000000        2.4349122
     266.0000000        2.4335918
     267.0000000        2.4188631
     268.0000000        2.4036365
     269.0000000        2.3972511
     270.0000000        2.4074655
     271.0000000        2.4170897
     272.0000000        2.4296577
     273.0000000        2.4308140
     274.0000000        2.4313247
     275.0000000        2.4329040
     276.0000000        2.4322994
     277.0000000        2.4350555
     278.0000000        2.4362886
     279.0000000        2.4320109
     280.0000000        2.4232457
     281.0000000        2.4158068
     282.0000000        2.4022002
     283.0000000        2.4040470
     284.0000000        2.4119260
     285.0000000        2.4172857
     286.0000000        2.4178438
     287.0000000        2.4161894
     288.0000000        2.4201128
     289.0000000        2.4236860
     290.0000000        2.4208815
     291.0000000        2.4232671
     292.0000000        2.4300377
     293.0000000        2.4345882
     294.0000000        2.4317908
     295.0000000        2.4336901
     296.0000000        2.4280183
     297.0000000        2.4280934
     298.0000000        2.4326181
     299.0000000        2.4419968
     300.0000000        2.4406102
     301.0000000        2.4245639
     302.0000000        2.4131217
     303.0000000        2.4050255
     304.0000000        2.4035296
     305.0000000        2.3959782
     306.0000000        2.3842216
     307.0000000        2.3802330
     308.0000000        2.3837636
     309.0000000        2.3904490
     310.0000000        2.3952556
     311.0000000        2.3966513
     312.0000000        2.3941479
     313.0000000        2.3993239
     314.0000000        2.4100976
     315.0000000        2.4125950
     316.0000000        2.4235346
     317.0000000        2.4273169
     318.0000000        2.4283366
     319.0000000        2.4332881
     320.0000000        2.4229670
     321.0000000        2.4050114
     322.0000000        2.3977735
     323.0000000        2.3824019
     324.0000000        2.3776324
     325.0000000        2.3784778
     326.0000000        2.3871384
     327.0000000        2.3861468
     328.0000000        2.3827763
     329.0000000        2.3842969
     330.0000000        2.3886080
     331.0000000        2.3944035
     332.0000000        2.4017656
     333.0000000        2.4169779
     334.0000000        2.4297464
     335.0000000        2.4371703
     336.0000000        2.4482229
     337.0000000        2.4529927
     338.0000000        2.4447608
     339.0000000        2.4306979
     340.0000000        2.4204159
     341.0000000        2.4081974
     342.0000000        2.4070890
     343.0000000        2.4050846
     344.0000000        2.3988514
     345.0000000        2.3880954
     346.0000000        2.3752804
     347.0000000        2.3673429
     348.0000000        2.3693378
     349.0000000        2.3775830
     350.0000000        2.3904448
     351.0000000        2.3993924
     352.0000000        2.4049430
     353.0000000        2.4104292
     354.0000000        2.4152658
     355.0000000        2.4211471
     356.0000000        2.4292171
     357.0000000        2.4435930
     358.0000000        2.4535484
     359.0000000        2.4556231
     360.0000000        2.4465067
     361.0000000        2.4447420
     362.0000000        2.4520032
     363.0000000        2.4564691
     364.0000000        2.4636259
     365.0000000        2.4711864
     366.0000000        2.4828560
     367.0000000        2.4809358
     368.0000000        2.4832783
     369.0000000        2.4768314
     370.0000000        2.4706447
     371.0000000        2.4714444
     372.0000000        2.4639778
     373.0000000        2.4621415
     374.0000000        2.4615622
     375.0000000        2.4641995
     376.0000000        2.4723330
     377.0000000        2.4728727
     378.0000000        2.4795234
     379.0000000        2.4826927
     380.0000000        2.4845247
     381.0000000        2.4916489
     382.0000000        2.4916801
     383.0000000        2.4875932
     384.0000000        2.4869840
     385.0000000        2.4809117
     386.0000000        2.4768085
     387.0000000        2.4748011
     388.0000000        2.4729357
     389.0000000        2.4718828
     390.0000000        2.4697366
     391.0000000        2.4605675
     392.0000000        2.4454737
     393.0000000        2.4301040
     394.0000000        2.4098620
     395.0000000        2.3909359
     396.0000000        2.3836300
     397.0000000        2.3795819
     398.0000000        2.3658538
     399.0000000        2.3584385
     400.0000000        2.3589032
     401.0000000        2.3600633
     402.0000000        2.3644836
     403.0000000        2.3773005
     404.0000000        2.3953342
     405.0000000        2.4117813
     406.0000000        2.4328580
     407.0000000        2.4530265
     408.0000000        2.4698174
     409.0000000        2.4710104
     410.0000000        2.4683030
     411.0000000        2.4568908
     412.0000000        2.4421034
     413.0000000        2.4286315
     414.0000000        2.4165394
     415.0000000        2.4030039
     416.0000000        2.3935189
     417.0000000        2.3857400
     418.0000000        2.3905590
     419.0000000        2.3996265
     420.0000000        2.4160197
     421.0000000        2.4253552
     422.0000000        2.4285614
     423.0000000        2.4394505
     424.0000000        2.4539399
     425.0000000        2.4706359
     426.0000000        2.4921637
     427.0000000        2.5135665
     428.0000000        2.5188556
     429.0000000        2.5090940
     430.0000000        2.5047848
     431.0000000        2.4989212
     432.0000000        2.4971154
     433.0000000        2.4905114
     434.0000000        2.4930370
     435.0000000        2.4988887
     436.0000000        2.4966633
     437.0000000        2.4877169
     438.0000000        2.4743824
     439.0000000        2.4409084
     440.0000000        2.4131515
     441.0000000        2.3883297
     442.0000000        2.3688514
     443.0000000        2.3625805
     444.0000000        2.3631260
     445.0000000        2.3662755
     446.0000000        2.3716738
     447.0000000        2.3778057
     448.0000000        2.3867416
     449.0000000        2.3962023
     450.0000000        2.4031355
     451.0000000        2.4068217
     452.0000000        2.4128089
     453.0000000        2.4171877
     454.0000000        2.4217267
     455.0000000        2.4323096
     456.0000000        2.4431579
     457.0000000        2.4564137
     458.0000000        2.4597383
     459.0000000        2.4564414
     460.0000000        2.4562871
     461.0000000        2.4488747
     462.0000000        2.4397449
     463.0000000        2.4303648
     464.0000000        2.4232576
     465.0000000        2.4186749
     466.0000000        2.4156234
     467.0000000        2.4160609
     468.0000000        2.4121251
     469.0000000        2.4063423
     470.0000000        2.4070280
     471.0000000        2.4168220
     472.0000000        2.4249320
     473.0000000        2.4270916
     474.0000000        2.4209409
     475.0000000        2.4230134
     476.0000000        2.4294486
     477.0000000        2.4353209
     478.0000000        2.4355519
     479.0000000        2.4366419
     480.0000000        2.4396956
     481.0000000        2.4476516
     482.0000000        2.4533603
     483.0000000        2.4519005
     484.0000000        2.4519267
     485.0000000        2.4491796
     486.0000000        2.4532025
     487.0000000        2.4554276
     488.0000000        2.4612854
     489.0000000        2.4644692
     490.0000000        2.4554272
     491.0000000        2.4438102
     492.0000000        2.4320717
     493.0000000        2.4259799
     494.0000000        2.4190233
     495.0000000        2.4188395
     496.0000000        2.4184134
     497.0000000        2.4171815
     498.0000000        2.4196346
     499.0000000        2.4258850
     500.0000000        2.4332848
     501.0000000        2.4282322
     502.0000000        2.4215443
     503.0000000        2.4168999
     504.0000000        2.4121692
     505.0000000        2.4127719
     506.0000000        2.4107547
     507.0000000        2.4175308
     508.0000000        2.4323182
     509.0000000        2.4442463
     510.0000000        2.4504893
     511.0000000        2.4458168
     512.0000000        2.4524632
     513.0000000        2.4517975
     514.0000000        2.4327621
     515.0000000        2.4182637
     516.0000000        2.4125118
     517.0000000        2.4033988
     518.0000000        2.3972671
     519.0000000        2.3837197
     520.0000000        2.3727520
     521.0000000        2.3659954
     522.0000000        2.3599558
     523.0000000        2.3578432
     524.0000000        2.3542609
     525.0000000        2.3543668
     526.0000000        2.3569508
     527.0000000        2.3603754
     528.0000000        2.3627698
     529.0000000        2.3630106
     530.0000000        2.3584046
     531.0000000        2.3606486
     532.0000000        2.3591182
     533.0000000        2.3612645
     534.0000000        2.3574986
     535.0000000        2.3485675
     536.0000000        2.3463047
     537.0000000        2.3459334
     538.0000000        2.3464921
     539.0000000        2.3515956
     540.0000000        2.3507144
     541.0000000        2.3373561
     542.0000000        2.3268940
     543.0000000        2.3201091
     544.0000000        2.3114948
     545.0000000        2.3096650
     546.0000000        2.3060958
     547.0000000        2.3067079
     548.0000000        2.3069930
     549.0000000        2.3076425
     550.0000000        2.3119051
     551.0000000        2.3244460
     552.0000000        2.3253770
     553.0000000        2.3210373
     554.0000000        2.3217843
     555.0000000        2.3282230
     556.0000000        2.3373168
     557.0000000        2.3530989
     558.0000000        2.3713453
     559.0000000        2.3912675
     560.0000000        2.4017999
     561.0000000        2.4024072
     562.0000000        2.4001930
     563.0000000        2.3955884
     564.0000000        2.3935361
     565.0000000        2.3980291
     566.0000000        2.4019125
     567.0000000        2.4082890
     568.0000000        2.4238474
     569.0000000        2.4450121
     570.0000000        2.4537060
     571.0000000        2.4538643
     572.0000000        2.4574947
     573.0000000        2.4579546
     574.0000000        2.4499617
     575.0000000        2.4428940
     576.0000000        2.4405270
     577.0000000        2.4373193
     578.0000000        2.4343295
     579.0000000        2.4330106
     580.0000000        2.4358492
     581.0000000        2.4453359
     582.0000000        2.4439476
     583.0000000        2.4367468
     584.0000000        2.4310308
     585.0000000        2.4324195
     586.0000000        2.4194686
     587.0000000        2.4039142
     588.0000000        2.4005194
     589.0000000        2.4024048
     590.0000000        2.4067380
     591.0000000        2.4086881
     592.0000000        2.4146242
     593.0000000        2.4214532
     594.0000000        2.4279981
     595.0000000        2.4353404
     596.0000000        2.4264398
     597.0000000        2.4290271
     598.0000000        2.4177024
     599.0000000        2.4091697
     600.0000000        2.4039812
