       1.0000000       17.9621240
       2.0000000       12.6952660
       3.0000000       10.5045850
       4.0000000        9.2844945
       5.0000000        8.3511360
       6.0000000        7.5498218
       7.0000000        7.0128586
       8.0000000        6.6109032
       9.0000000        6.2892992
      10.0000000        6.0678633
      11.0000000        5.8754943
      12.0000000        5.7265995
      13.0000000        5.6270104
      14.0000000        5.5721883
      15.0000000        5.5638913
      16.0000000        5.5342918
      17.0000000        5.4297829
      18.0000000        5.3077866
      19.0000000        5.1934504
      20.0000000        5.1153310
      21.0000000        5.0820615
      22.0000000        5.0443642
      23.0000000        5.0064369
      24.0000000        4.9515781
      25.0000000        4.8758758
      26.0000000        4.8371541
      27.0000000        4.8340685
      28.0000000        4.8521217
      29.0000000        4.8737288
      30.0000000        4.9446012
      31.0000000        4.9879783
      32.0000000        4.9778385
      33.0000000        4.9978765
      34.0000000        5.0135165
      35.0000000        5.0335700
      36.0000000        5.0686358
      37.0000000        5.0879559
      38.0000000        5.1375348
      39.0000000        5.1592374
      40.0000000        5.1429232
      41.0000000        5.1521603
      42.0000000        5.1875054
      43.0000000        5.1847316
      44.0000000        5.1891609
      45.0000000        5.1766085
      46.0000000        5.1223591
      47.0000000        5.0664735
      48.0000000        5.0127522
      49.0000000        4.9377564
      50.0000000        4.8645006
      51.0000000        4.8610870
      52.0000000        4.8816328
      53.0000000        4.8888068
      54.0000000        4.8735921
      55.0000000        4.8941884
      56.0000000        4.9400643
      57.0000000        5.0094349
      58.0000000        5.0548147
      59.0000000        5.0777095
      60.0000000        5.0891151
      61.0000000        5.0969167
      62.0000000        5.1146663
      63.0000000        5.1273720
      64.0000000        5.1265072
      65.0000000        5.1017269
      66.0000000        5.0825029
      67.0000000        5.0535151
      68.0000000        5.0480215
      69.0000000        5.0470061
      70.0000000        5.0200551
      71.0000000        4.9690107
      72.0000000        4.9321440
      73.0000000        4.9247341
      74.0000000        4.9303128
      75.0000000        4.9271037
      76.0000000        4.8930242
      77.0000000        4.8739931
      78.0000000        4.8738440
      79.0000000        4.8789460
      80.0000000        4.9212802
      81.0000000        4.9237584
      82.0000000        4.9166766
      83.0000000        4.9452369
      84.0000000        4.9719885
      85.0000000        4.9962679
      86.0000000        4.9731645
      87.0000000        4.9204774
      88.0000000        4.9209186
      89.0000000        4.9396552
      90.0000000        4.9525485
      91.0000000        4.9542275
      92.0000000        4.9937895
      93.0000000        5.0120511
      94.0000000        5.0241594
      95.0000000        5.0406294
      96.0000000        5.0210859
      97.0000000        4.9876051
      98.0000000        4.9360512
      99.0000000        4.8845627
     100.0000000        4.8564639
     101.0000000        4.8376297
     102.0000000        4.8365948
     103.0000000        4.8698432
     104.0000000        4.8793915
     105.0000000        4.8530351
     106.0000000        4.8408531
     107.0000000        4.8406372
     108.0000000        4.8794791
     109.0000000        4.9103572
     110.0000000        4.9173236
     111.0000000        4.8840603
     112.0000000        4.8591601
     113.0000000        4.8660932
     114.0000000        4.9080562
     115.0000000        4.9241904
     116.0000000        4.8935259
     117.0000000        4.8798970
     118.0000000        4.8621083
     119.0000000        4.8398739
     120.0000000        4.8222130
     121.0000000        4.8156512
     122.0000000        4.8311994
     123.0000000        4.8460764
     124.0000000        4.8860666
     125.0000000        4.9072970
     126.0000000        4.9234268
     127.0000000        4.9185380
     128.0000000        4.9003670
     129.0000000        4.8909948
     130.0000000        4.9140566
     131.0000000        4.9239408
     132.0000000        4.9600100
     133.0000000        4.9668617
     134.0000000        4.9608214
     135.0000000        4.9119801
     136.0000000        4.8497154
     137.0000000        4.8549880
     138.0000000        4.8616194
     139.0000000        4.8707449
     140.0000000        4.8748335
     141.0000000        4.9071218
     142.0000000        4.9502570
     143.0000000        4.9900835
     144.0000000        5.0167397
     145.0000000        5.0349482
     146.0000000        4.9982254
     147.0000000        4.9703545
     148.0000000        4.9677801
     149.0000000        4.9489454
     150.0000000        4.9273910
     151.0000000        4.9191180
     152.0000000        4.9205167
     153.0000000        4.8844963
     154.0000000        4.8381717
     155.0000000        4.8120989
     156.0000000        4.7960394
     157.0000000        4.8110201
     158.0000000        4.8444074
     159.0000000        4.8945742
     160.0000000        4.9273535
     161.0000000        4.9471664
     162.0000000        5.0294225
     163.0000000        5.1165524
     164.0000000        5.1592378
     165.0000000        5.1697813
     166.0000000        5.1544039
     167.0000000        5.1151730
     168.0000000        5.0893617
     169.0000000        5.0439809
     170.0000000        4.9660471
     171.0000000        4.9085105
     172.0000000        4.8804423
     173.0000000        4.8492741
     174.0000000        4.8067442
     175.0000000        4.7538438
     176.0000000        4.7045249
     177.0000000        4.6729654
     178.0000000        4.6718623
     179.0000000        4.6612642
     180.0000000        4.6513305
     181.0000000        4.6446044
     182.0000000        4.6686212
     183.0000000        4.6936510
     184.0000000        4.7226225
     185.0000000        4.7561586
     186.0000000        4.8332172
     187.0000000        4.9554560
     188.0000000        5.0496029
     189.0000000        5.0809977
     190.0000000        5.0834548
     191.0000000        5.0429899
     192.0000000        4.9979946
     193.0000000        4.9477484
     194.0000000        4.9312070
     195.0000000        4.9528800
     196.0000000        4.9598519
     197.0000000        4.9467510
     198.0000000        4.9739760
     199.0000000        4.9890747
     200.0000000        5.0156874
     201.0000000        5.0293273
     202.0000000        5.0468599
     203.0000000        5.0493493
     204.0000000        5.0125798
     205.0000000        4.9946825
     206.0000000        4.9684399
     207.0000000        4.9371481
     208.0000000        4.9087347
     209.0000000        4.8927953
     210.0000000        4.8797623
     211.0000000        4.8888484
     212.0000000        4.9305770
     213.0000000        4.9533123
     214.0000000        4.9619445
     215.0000000        5.0163067
     216.0000000        5.0874221
     217.0000000        5.1090981
     218.0000000        5.0843380
     219.0000000        5.0297930
     220.0000000        5.0156714
     221.0000000        5.0192529
     222.0000000        5.0505546
     223.0000000        5.0676288
     224.0000000        5.0945510
     225.0000000        5.1139534
     226.0000000        5.1309689
     227.0000000        5.1463463
     228.0000000        5.1868949
     229.0000000        5.2317030
     230.0000000        5.2461060
     231.0000000        5.2211806
     232.0000000        5.1871848
     233.0000000        5.1609910
     234.0000000        5.1096413
     235.0000000        5.0713243
     236.0000000        5.0677364
     237.0000000        5.0931763
     238.0000000        5.1149704
     239.0000000        5.1618275
     240.0000000        5.1754730
     241.0000000        5.1648509
     242.0000000        5.0954939
     243.0000000        5.0098566
     244.0000000        4.9689232
     245.0000000        4.9783922
     246.0000000        4.9939069
     247.0000000        5.0283951
     248.0000000        5.0618276
     249.0000000        5.0778991
     250.0000000        5.0847831
     251.0000000        5.0787978
     252.0000000        5.0813520
     253.0000000        5.0777626
     254.0000000        5.0588694
     255.0000000        5.0577265
     256.0000000        5.0496537
     257.0000000        5.0100160
     258.0000000        4.9524335
     259.0000000        4.9009712
     260.0000000        4.8492203
     261.0000000        4.8473304
     262.0000000        4.9033767
     263.0000000        4.9508434
     264.0000000        4.9904730
     265.0000000        5.0050627
     266.0000000        5.0052210
     267.0000000        5.0207514
     268.0000000        5.0199987
     269.0000000        4.9864196
     270.0000000        4.9634424
     271.0000000        4.9332982
     272.0000000        4.8925015
     273.0000000        4.8946864
     274.0000000        4.9053180
     275.0000000        4.9037504
     276.0000000        4.9216815
     277.0000000        4.9507478
     278.0000000        4.9707703
     279.0000000        4.9726201
     280.0000000        4.9493315
     281.0000000        4.9285008
     282.0000000        4.9052356
     283.0000000        4.9205056
     284.0000000        4.9581528
     285.0000000        4.9961896
     286.0000000        4.9947846
     287.0000000        5.0008029
     288.0000000        5.0485250
     289.0000000        5.0564909
     290.0000000        5.0655281
     291.0000000        5.0772447
     292.0000000        5.0605528
     293.0000000        5.0158894
     294.0000000        4.9816205
     295.0000000        4.9365261
     296.0000000        4.8679477
     297.0000000        4.8290259
     298.0000000        4.8198143
     299.0000000        4.7996596
     300.0000000        4.7693633
     301.0000000        4.7954387
     302.0000000        4.8655243
     303.0000000        4.8709909
     304.0000000        4.8937289
     305.0000000        4.9327745
     306.0000000        4.9556742
     307.0000000        4.9586993
     308.0000000        4.9440072
     309.0000000        4.9266021
     310.0000000        4.9045147
     311.0000000        4.8949950
     312.0000000        4.8948385
     313.0000000        4.8787579
     314.0000000        4.8716040
     315.0000000        4.8669169
     316.0000000        4.8719810
     317.0000000        4.9111701
     318.0000000        4.9468981
     319.0000000        4.9363477
     320.0000000        4.8689366
     321.0000000        4.7915864
     322.0000000        4.7522862
     323.0000000        4.7586332
     324.0000000        4.7864546
     325.0000000        4.8325809
     326.0000000        4.9055587
     327.0000000        4.9756455
     328.0000000        5.0408836
     329.0000000        5.0743668
     330.0000000        5.0994475
     331.0000000        5.1276181
     332.0000000        5.1675822
     333.0000000        5.2119870
     334.0000000        5.2396386
     335.0000000        5.2241398
     336.0000000        5.1862617
     337.0000000        5.1810771
     338.0000000        5.1970801
     339.0000000        5.2168407
     340.0000000        5.2178104
     341.0000000        5.1830323
     342.0000000        5.1363410
     343.0000000        5.0628552
     344.0000000        5.0336910
     345.0000000        5.0193743
     346.0000000        4.9810413
     347.0000000        4.9011792
     348.0000000        4.8203514
     349.0000000        4.7915732
     350.0000000        4.7575997
     351.0000000        4.7285435
     352.0000000        4.7462431
     353.0000000        4.7814345
     354.0000000        4.8004367
     355.0000000        4.8031587
     356.0000000        4.7792893
     357.0000000        4.7935762
     358.0000000        4.8656780
     359.0000000        4.9231154
     360.0000000        4.9898474
     361.0000000        5.0651373
     362.0000000        5.1033136
     363.0000000        5.1249279
     364.0000000        5.1034615
     365.0000000        5.0932967
     366.0000000        5.0391790
     367.0000000        4.9550871
     368.0000000        4.8837041
     369.0000000        4.8199051
     370.0000000        4.7707783
     371.0000000        4.7520146
     372.0000000        4.7115690
     373.0000000        4.7028377
     374.0000000        4.7240269
     375.0000000        4.7687627
     376.0000000        4.7652033
     377.0000000        4.7388591
     378.0000000        4.7040724
     379.0000000        4.7006377
     380.0000000        4.6816373
     381.0000000        4.6555769
     382.0000000        4.6656246
     383.0000000        4.6831277
     384.0000000        4.7121815
     385.0000000        4.7138620
     386.0000000        4.7069648
     387.0000000        4.6929210
     388.0000000        4.7072114
     389.0000000        4.7090786
     390.0000000        4.7324867
     391.0000000        4.7672363
     392.0000000        4.8594777
     393.0000000        4.9505903
     394.0000000        5.0431022
     395.0000000        5.1093934
     396.0000000        5.0798152
     397.0000000        5.0255657
     398.0000000        4.9431254
     399.0000000        4.8856034
     400.0000000        4.8591479
     401.0000000        4.8642227
     402.0000000        4.8770253
     403.0000000        4.8896504
     404.0000000        4.8978140
     405.0000000        4.8810801
     406.0000000        4.8230784
     407.0000000        4.7844194
     408.0000000        4.7979095
     409.0000000        4.8079713
     410.0000000        4.8447354
     411.0000000        4.8581664
     412.0000000        4.9004398
     413.0000000        4.9304926
     414.0000000        4.9589778
     415.0000000        4.9501126
     416.0000000        4.9333451
     417.0000000        4.8996693
     418.0000000        4.9019015
     419.0000000        4.9336181
     420.0000000        4.9533497
     421.0000000        4.9702654
     422.0000000        4.9266344
     423.0000000        4.8822725
     424.0000000        4.8547678
     425.0000000        4.8200686
     426.0000000        4.8329668
     427.0000000        4.8443601
     428.0000000        4.8574505
     429.0000000        4.9006066
     430.0000000        4.9372512
     431.0000000        4.9489625
     432.0000000        4.9557667
     433.0000000        4.9192924
     434.0000000        4.9073432
     435.0000000        4.9160932
     436.0000000        4.9390643
     437.0000000        4.9632149
     438.0000000        4.9691549
     439.0000000        4.9883971
     440.0000000        5.0166437
     441.0000000        5.0076349
     442.0000000        5.0217992
     443.0000000        5.0240792
     444.0000000        5.0229369
     445.0000000        5.0449389
     446.0000000        5.0854495
     447.0000000        5.1227423
     448.0000000        5.1493246
     449.0000000        5.1891223
     450.0000000        5.2248834
     451.0000000        5.2673539
     452.0000000        5.3114829
     453.0000000        5.3356744
     454.0000000        5.3739562
     455.0000000        5.3710371
     456.0000000        5.3789988
     457.0000000        5.4214650
     458.0000000        5.4534253
     459.0000000        5.4448784
     460.0000000        5.3936593
     461.0000000        5.3854225
     462.0000000        5.4091602
     463.0000000        5.3934114
     464.0000000        5.3562982
     465.0000000        5.3321481
     466.0000000        5.2702139
     467.0000000        5.2146977
     468.0000000        5.1509718
     469.0000000        5.1024259
     470.0000000        5.0605896
     471.0000000        5.0722946
     472.0000000        5.1064898
     473.0000000        5.1303110
     474.0000000        5.1509527
     475.0000000        5.1650313
     476.0000000        5.1498118
     477.0000000        5.1174542
     478.0000000        5.1197408
     479.0000000        5.1077002
     480.0000000        5.0522222
     481.0000000        5.0259928
     482.0000000        5.0116999
     483.0000000        5.0021894
     484.0000000        5.0017037
     485.0000000        5.0095606
     486.0000000        5.0083011
     487.0000000        5.0066605
     488.0000000        5.0238795
     489.0000000        5.0406577
     490.0000000        5.0607083
     491.0000000        5.0961608
     492.0000000        5.1242964
     493.0000000        5.1548432
     494.0000000        5.1745323
     495.0000000        5.1388645
     496.0000000        5.1158088
     497.0000000        5.0722139
     498.0000000        5.0086097
     499.0000000        4.9407782
     500.0000000        4.8974248
     501.0000000        4.8675204
     502.0000000        4.8598941
     503.0000000        4.8672915
     504.0000000        4.8473079
     505.0000000        4.8052195
     506.0000000        4.7959566
     507.0000000        4.8123392
     508.0000000        4.8219965
     509.0000000        4.8736485
     510.0000000        4.9418078
     511.0000000        4.9927898
     512.0000000        4.9889910
     513.0000000        4.9363641
     514.0000000        4.8673154
     515.0000000        4.8145378
     516.0000000        4.7725768
     517.0000000        4.7574726
     518.0000000        4.8123213
     519.0000000        4.8795584
     520.0000000        4.8881815
     521.0000000        4.9287300
     522.0000000        4.9738013
     523.0000000        5.0038924
     524.0000000        5.0480061
     525.0000000        5.0699877
     526.0000000        5.0508429
     527.0000000        4.9939077
     528.0000000        4.9259045
     529.0000000        4.8907599
     530.0000000        4.8962677
     531.0000000        4.8441343
     532.0000000        4.8247183
     533.0000000        4.8382991
     534.0000000        4.8868402
     535.0000000        4.9234848
     536.0000000        4.9507880
     537.0000000        4.9830666
     538.0000000        5.0031392
     539.0000000        5.0010609
     540.0000000        4.9785583
     541.0000000        4.9928112
     542.0000000        5.0535551
     543.0000000        5.0848281
     544.0000000        5.1036491
     545.0000000        5.0639141
     546.0000000        5.0383524
     547.0000000        5.0561978
     548.0000000        5.1100593
     549.0000000        5.1958482
     550.0000000        5.2904276
     551.0000000        5.3618714
     552.0000000        5.3807252
     553.0000000        5.3138833
     554.0000000        5.2494888
     555.0000000        5.1539010
     556.0000000        5.0924516
     557.0000000        5.0314036
     558.0000000        4.9596783
     559.0000000        4.9402896
     560.0000000        4.9333406
     561.0000000        4.9204830
     562.0000000        4.9143425
     563.0000000        4.8853982
     564.0000000        4.8660487
     565.0000000        4.8629687
     566.0000000        4.8644792
     567.0000000        4.8827818
     568.0000000        4.8844988
     569.0000000        4.8803663
     570.0000000        4.8707973
     571.0000000        4.8961078
     572.0000000        4.9173991
     573.0000000        4.9514144
     574.0000000        4.9468180
     575.0000000        4.9827392
     576.0000000        4.9350322
     577.0000000        4.8613594
     578.0000000        4.8029786
     579.0000000        4.7876916
     580.0000000        4.8065099
     581.0000000        4.8372372
     582.0000000        4.8424315
     583.0000000        4.8945974
     584.0000000        4.9719208
     585.0000000        5.0288441
     586.0000000        5.0985948
     587.0000000        5.1357683
     588.0000000        5.1363147
     589.0000000        5.0697042
     590.0000000        5.0067020
     591.0000000        4.9730967
     592.0000000        4.9685373
     593.0000000        4.9707937
     594.0000000        4.9482366
     595.0000000        4.9123848
     596.0000000        4.8889491
     597.0000000        4.8891171
     598.0000000        4.8674848
     599.0000000        4.8662617
     600.0000000        4.9047964
