       1.0000000        4.2889137
       2.0000000        3.8036668
       3.0000000        3.5264928
       4.0000000        3.3774981
       5.0000000        3.3024642
       6.0000000        3.2538650
       7.0000000        3.2123871
       8.0000000        3.1667831
       9.0000000        3.1025419
      10.0000000        3.0503948
      11.0000000        2.9967349
      12.0000000        2.9544415
      13.0000000        2.9047558
      14.0000000        2.8584633
      15.0000000        2.8228955
      16.0000000        2.7789717
      17.0000000        2.7315896
      18.0000000        2.6952374
      19.0000000        2.6659207
      20.0000000        2.6511285
      21.0000000        2.6328354
      22.0000000        2.6113908
      23.0000000        2.5824151
      24.0000000        2.5654018
      25.0000000        2.5498016
      26.0000000        2.5407994
      27.0000000        2.5276372
      28.0000000        2.5108268
      29.0000000        2.4955184
      30.0000000        2.4881094
      31.0000000        2.4847567
      32.0000000        2.4748409
      33.0000000        2.4573259
      34.0000000        2.4319293
      35.0000000        2.4003477
      36.0000000        2.3737090
      37.0000000        2.3473785
      38.0000000        2.3209345
      39.0000000        2.2956259
      40.0000000        2.2697113
      41.0000000        2.2417753
      42.0000000        2.2077174
      43.0000000        2.1744609
      44.0000000        2.1424615
      45.0000000        2.1161118
      46.0000000        2.0972333
      47.0000000        2.0823801
      48.0000000        2.0729971
      49.0000000        2.0609894
      50.0000000        2.0429807
      51.0000000        2.0224719
      52.0000000        2.0072253
      53.0000000        1.9877133
      54.0000000        1.9680010
      55.0000000        1.9595789
      56.0000000        1.9612173
      57.0000000        1.9663324
      58.0000000        1.9652134
      59.0000000        1.9637041
      60.0000000        1.9596938
      61.0000000        1.9558471
      62.0000000        1.9541907
      63.0000000        1.9483383
      64.0000000        1.9437828
      65.0000000        1.9459860
      66.0000000        1.9539893
      67.0000000        1.9694225
      68.0000000        1.9829996
      69.0000000        1.9940910
      70.0000000        2.0007842
      71.0000000        2.0073550
      72.0000000        2.0165584
      73.0000000        2.0303817
      74.0000000        2.0512998
      75.0000000        2.0715568
      76.0000000        2.0912857
      77.0000000        2.1062670
      78.0000000        2.1150353
      79.0000000        2.1199706
      80.0000000        2.1243172
      81.0000000        2.1298661
      82.0000000        2.1385086
      83.0000000        2.1516573
      84.0000000        2.1621764
      85.0000000        2.1647847
      86.0000000        2.1682928
      87.0000000        2.1748135
      88.0000000        2.1808717
      89.0000000        2.1925993
      90.0000000        2.2021260
      91.0000000        2.1974323
      92.0000000        2.1852832
      93.0000000        2.1671014
      94.0000000        2.1597669
      95.0000000        2.1460199
      96.0000000        2.1330965
      97.0000000        2.1217210
      98.0000000        2.1155078
      99.0000000        2.1097507
     100.0000000        2.1061051
     101.0000000        2.1015565
     102.0000000        2.0962563
     103.0000000        2.0927584
     104.0000000        2.0889583
     105.0000000        2.0919805
     106.0000000        2.1009054
     107.0000000        2.1137967
     108.0000000        2.1305134
     109.0000000        2.1499410
     110.0000000        2.1679411
     111.0000000        2.1882231
     112.0000000        2.2056589
     113.0000000        2.2258477
     114.0000000        2.2415011
     115.0000000        2.2544854
     116.0000000        2.2697392
     117.0000000        2.2806308
     118.0000000        2.2868912
     119.0000000        2.2975800
     120.0000000        2.3021924
     121.0000000        2.3059595
     122.0000000        2.3066797
     123.0000000        2.3048811
     124.0000000        2.3004251
     125.0000000        2.2990639
     126.0000000        2.2981024
     127.0000000        2.2930453
     128.0000000        2.2946978
     129.0000000        2.3029339
     130.0000000        2.3169389
     131.0000000        2.3272798
     132.0000000        2.3289974
     133.0000000        2.3277369
     134.0000000        2.3204820
     135.0000000        2.3129020
     136.0000000        2.2980251
     137.0000000        2.2829101
     138.0000000        2.2688124
     139.0000000        2.2430410
     140.0000000        2.2180212
     141.0000000        2.2017710
     142.0000000        2.1905098
     143.0000000        2.1870468
     144.0000000        2.1816945
     145.0000000        2.1690159
     146.0000000        2.1547883
     147.0000000        2.1413140
     148.0000000        2.1361756
     149.0000000        2.1348214
     150.0000000        2.1319292
     151.0000000        2.1276610
     152.0000000        2.1260462
     153.0000000        2.1321771
     154.0000000        2.1335456
     155.0000000        2.1242366
     156.0000000        2.1146445
     157.0000000        2.1027098
     158.0000000        2.0924916
     159.0000000        2.0912786
     160.0000000        2.0993414
     161.0000000        2.1031795
     162.0000000        2.0955801
     163.0000000        2.0855329
     164.0000000        2.0764952
     165.0000000        2.0698948
     166.0000000        2.0696292
     167.0000000        2.0732734
     168.0000000        2.0759556
     169.0000000        2.0751092
     170.0000000        2.0689695
     171.0000000        2.0646336
     172.0000000        2.0658815
     173.0000000        2.0716655
     174.0000000        2.0749402
     175.0000000        2.0803001
     176.0000000        2.0869591
     177.0000000        2.0950077
     178.0000000        2.1145656
     179.0000000        2.1315157
     180.0000000        2.1378181
     181.0000000        2.1361446
     182.0000000        2.1352084
     183.0000000        2.1297870
     184.0000000        2.1343310
     185.0000000        2.1450789
     186.0000000        2.1594172
     187.0000000        2.1738214
     188.0000000        2.1921899
     189.0000000        2.2073557
     190.0000000        2.2153616
     191.0000000        2.2212083
     192.0000000        2.2238705
     193.0000000        2.2219329
     194.0000000        2.2224050
     195.0000000        2.2290826
     196.0000000        2.2357826
     197.0000000        2.2375810
     198.0000000        2.2346995
     199.0000000        2.2351952
     200.0000000        2.2432280
     201.0000000        2.2484126
     202.0000000        2.2539005
     203.0000000        2.2577324
     204.0000000        2.2568188
     205.0000000        2.2528656
     206.0000000        2.2496090
     207.0000000        2.2479861
     208.0000000        2.2419388
     209.0000000        2.2368362
     210.0000000        2.2334981
     211.0000000        2.2264731
     212.0000000        2.2195380
     213.0000000        2.2146966
     214.0000000        2.2158699
     215.0000000        2.2081838
     216.0000000        2.1976933
     217.0000000        2.1859486
     218.0000000        2.1714199
     219.0000000        2.1656833
     220.0000000        2.1561174
     221.0000000        2.1424031
     222.0000000        2.1301355
     223.0000000        2.1188354
     224.0000000        2.1137676
     225.0000000        2.1120417
     226.0000000        2.1107552
     227.0000000        2.1113687
     228.0000000        2.1063178
     229.0000000        2.0976129
     230.0000000        2.0911045
     231.0000000        2.0926499
     232.0000000        2.0943506
     233.0000000        2.0868454
     234.0000000        2.0827563
     235.0000000        2.0776792
     236.0000000        2.0758786
     237.0000000        2.0741651
     238.0000000        2.0710692
     239.0000000        2.0684254
     240.0000000        2.0682907
     241.0000000        2.0713859
     242.0000000        2.0757046
     243.0000000        2.0801086
     244.0000000        2.0848503
     245.0000000        2.0830975
     246.0000000        2.0815277
     247.0000000        2.0821497
     248.0000000        2.0930324
     249.0000000        2.1050348
     250.0000000        2.1175346
     251.0000000        2.1252463
     252.0000000        2.1338422
     253.0000000        2.1440501
     254.0000000        2.1587517
     255.0000000        2.1731415
     256.0000000        2.1817272
     257.0000000        2.1885543
     258.0000000        2.1933887
     259.0000000        2.2064519
     260.0000000        2.2188191
     261.0000000        2.2339485
     262.0000000        2.2449536
     263.0000000        2.2578087
     264.0000000        2.2838240
     265.0000000        2.3080270
     266.0000000        2.3241537
     267.0000000        2.3352671
     268.0000000        2.3457313
     269.0000000        2.3444514
     270.0000000        2.3446934
     271.0000000        2.3416984
     272.0000000        2.3300443
     273.0000000        2.3173311
     274.0000000        2.3021646
     275.0000000        2.2857757
     276.0000000        2.2710969
     277.0000000        2.2543757
     278.0000000        2.2331612
     279.0000000        2.2152526
     280.0000000        2.2038624
     281.0000000        2.2005062
     282.0000000        2.2000914
     283.0000000        2.2018862
     284.0000000        2.2045128
     285.0000000        2.2122812
     286.0000000        2.2185395
     287.0000000        2.2218342
     288.0000000        2.2297804
     289.0000000        2.2386837
     290.0000000        2.2449510
     291.0000000        2.2552736
     292.0000000        2.2676783
     293.0000000        2.2807469
     294.0000000        2.2970698
     295.0000000        2.3138163
     296.0000000        2.3265350
     297.0000000        2.3340259
     298.0000000        2.3364561
     299.0000000        2.3442442
     300.0000000        2.3582780
     301.0000000        2.3650749
     302.0000000        2.3718956
     303.0000000        2.3793762
     304.0000000        2.3777070
     305.0000000        2.3846984
     306.0000000        2.3949487
     307.0000000        2.4042251
     308.0000000        2.4126198
     309.0000000        2.4182913
     310.0000000        2.4250371
     311.0000000        2.4309804
     312.0000000        2.4294212
     313.0000000        2.4349859
     314.0000000        2.4449947
     315.0000000        2.4498365
     316.0000000        2.4613724
     317.0000000        2.4707580
     318.0000000        2.4731007
     319.0000000        2.4725721
     320.0000000        2.4730983
     321.0000000        2.4735017
     322.0000000        2.4735942
     323.0000000        2.4700363
     324.0000000        2.4584115
     325.0000000        2.4433017
     326.0000000        2.4235876
     327.0000000        2.3989508
     328.0000000        2.3779645
     329.0000000        2.3614435
     330.0000000        2.3400059
     331.0000000        2.3217390
     332.0000000        2.3002601
     333.0000000        2.2820768
     334.0000000        2.2734365
     335.0000000        2.2645636
     336.0000000        2.2449160
     337.0000000        2.2337353
     338.0000000        2.2222326
     339.0000000        2.2044060
     340.0000000        2.1859140
     341.0000000        2.1787603
     342.0000000        2.1753566
     343.0000000        2.1724856
     344.0000000        2.1709111
     345.0000000        2.1677837
     346.0000000        2.1674488
     347.0000000        2.1728976
     348.0000000        2.1869755
     349.0000000        2.1992843
     350.0000000        2.2085905
     351.0000000        2.2099955
     352.0000000        2.2010641
     353.0000000        2.1951540
     354.0000000        2.1998651
     355.0000000        2.2055488
     356.0000000        2.2173185
     357.0000000        2.2305930
     358.0000000        2.2458370
     359.0000000        2.2680411
     360.0000000        2.2922919
     361.0000000        2.3089406
     362.0000000        2.3291569
     363.0000000        2.3525236
     364.0000000        2.3747022
     365.0000000        2.4006569
     366.0000000        2.4238646
     367.0000000        2.4337325
     368.0000000        2.4368961
     369.0000000        2.4381845
     370.0000000        2.4365509
     371.0000000        2.4284847
     372.0000000        2.4151549
     373.0000000        2.3946285
     374.0000000        2.3724408
     375.0000000        2.3520637
     376.0000000        2.3320398
     377.0000000        2.3053324
     378.0000000        2.2731986
     379.0000000        2.2366581
     380.0000000        2.1938310
     381.0000000        2.1617272
     382.0000000        2.1287484
     383.0000000        2.1002638
     384.0000000        2.0714216
     385.0000000        2.0432780
     386.0000000        2.0320325
     387.0000000        2.0261536
     388.0000000        2.0194838
     389.0000000        2.0077152
     390.0000000        1.9958210
     391.0000000        1.9852093
     392.0000000        1.9768085
     393.0000000        1.9728243
     394.0000000        1.9730554
     395.0000000        1.9762743
     396.0000000        1.9828142
     397.0000000        1.9963317
     398.0000000        2.0177841
     399.0000000        2.0370159
     400.0000000        2.0564435
     401.0000000        2.0843246
     402.0000000        2.1173251
     403.0000000        2.1578429
     404.0000000        2.1948154
     405.0000000        2.2333453
     406.0000000        2.2716339
     407.0000000        2.3070450
     408.0000000        2.3405230
     409.0000000        2.3658559
     410.0000000        2.3924093
     411.0000000        2.4172294
     412.0000000        2.4396036
     413.0000000        2.4519808
     414.0000000        2.4699664
     415.0000000        2.4711821
     416.0000000        2.4749289
     417.0000000        2.4838865
     418.0000000        2.4867582
     419.0000000        2.4817741
     420.0000000        2.4775839
     421.0000000        2.4680407
     422.0000000        2.4529874
     423.0000000        2.4334478
     424.0000000        2.4140730
     425.0000000        2.3992300
     426.0000000        2.3821044
     427.0000000        2.3572636
     428.0000000        2.3197060
     429.0000000        2.2905669
     430.0000000        2.2634439
     431.0000000        2.2420313
     432.0000000        2.2205276
     433.0000000        2.1935718
     434.0000000        2.1693027
     435.0000000        2.1486425
     436.0000000        2.1347144
     437.0000000        2.1267881
     438.0000000        2.1258957
     439.0000000        2.1296427
     440.0000000        2.1310124
     441.0000000        2.1304448
     442.0000000        2.1274209
     443.0000000        2.1189475
     444.0000000        2.1063669
     445.0000000        2.0924723
     446.0000000        2.0842361
     447.0000000        2.0875206
     448.0000000        2.0926890
     449.0000000        2.1042316
     450.0000000        2.1125751
     451.0000000        2.1137190
     452.0000000        2.1104205
     453.0000000        2.1130111
     454.0000000        2.1220810
     455.0000000        2.1397526
     456.0000000        2.1556447
     457.0000000        2.1690960
     458.0000000        2.1803174
     459.0000000        2.1896081
     460.0000000        2.1993818
     461.0000000        2.2090733
     462.0000000        2.2138214
     463.0000000        2.2121754
     464.0000000        2.2116833
     465.0000000        2.2099037
     466.0000000        2.2193668
     467.0000000        2.2355223
     468.0000000        2.2518580
     469.0000000        2.2635427
     470.0000000        2.2731881
     471.0000000        2.2936659
     472.0000000        2.3122280
     473.0000000        2.3309915
     474.0000000        2.3439353
     475.0000000        2.3598559
     476.0000000        2.3861098
     477.0000000        2.4138346
     478.0000000        2.4277828
     479.0000000        2.4351254
     480.0000000        2.4365542
     481.0000000        2.4294949
     482.0000000        2.4222834
     483.0000000        2.4051437
     484.0000000        2.3861637
     485.0000000        2.3714604
     486.0000000        2.3523881
     487.0000000        2.3376524
     488.0000000        2.3314450
     489.0000000        2.3235834
     490.0000000        2.3123314
     491.0000000        2.3044782
     492.0000000        2.2904153
     493.0000000        2.2719872
     494.0000000        2.2525952
     495.0000000        2.2393942
     496.0000000        2.2226737
     497.0000000        2.2068641
     498.0000000        2.1952987
     499.0000000        2.1750324
     500.0000000        2.1498098
     501.0000000        2.1264691
     502.0000000        2.0985963
     503.0000000        2.0827541
     504.0000000        2.0765219
     505.0000000        2.0711694
     506.0000000        2.0641394
     507.0000000        2.0621257
     508.0000000        2.0615346
     509.0000000        2.0556002
     510.0000000        2.0405755
     511.0000000        2.0201669
     512.0000000        2.0015564
     513.0000000        1.9930825
     514.0000000        1.9886752
     515.0000000        1.9859928
     516.0000000        1.9769533
     517.0000000        1.9597929
     518.0000000        1.9427366
     519.0000000        1.9296904
     520.0000000        1.9218953
     521.0000000        1.9140632
     522.0000000        1.9093117
     523.0000000        1.9150436
     524.0000000        1.9178140
     525.0000000        1.9209018
     526.0000000        1.9200902
     527.0000000        1.9164209
     528.0000000        1.9088100
     529.0000000        1.9020898
     530.0000000        1.9004395
     531.0000000        1.8987643
     532.0000000        1.8949089
     533.0000000        1.8878440
     534.0000000        1.8842816
     535.0000000        1.8855152
     536.0000000        1.8925356
     537.0000000        1.8963903
     538.0000000        1.8974513
     539.0000000        1.8967580
     540.0000000        1.8933938
     541.0000000        1.8924060
     542.0000000        1.8938801
     543.0000000        1.8937701
     544.0000000        1.8974946
     545.0000000        1.9021734
     546.0000000        1.9080012
     547.0000000        1.9137886
     548.0000000        1.9201200
     549.0000000        1.9295497
     550.0000000        1.9437581
     551.0000000        1.9621071
     552.0000000        1.9790392
     553.0000000        2.0024285
     554.0000000        2.0292933
     555.0000000        2.0574653
     556.0000000        2.0853403
     557.0000000        2.1105056
     558.0000000        2.1282015
     559.0000000        2.1400321
     560.0000000        2.1554041
     561.0000000        2.1733541
     562.0000000        2.1904135
     563.0000000        2.2038600
     564.0000000        2.2187357
     565.0000000        2.2258065
     566.0000000        2.2250226
     567.0000000        2.2225676
     568.0000000        2.2198536
     569.0000000        2.2154477
     570.0000000        2.2114928
     571.0000000        2.2072055
     572.0000000        2.2017946
     573.0000000        2.1955411
     574.0000000        2.1889236
     575.0000000        2.1790698
     576.0000000        2.1684515
     577.0000000        2.1561844
     578.0000000        2.1428704
     579.0000000        2.1306198
     580.0000000        2.1205761
     581.0000000        2.1160283
     582.0000000        2.1115694
     583.0000000        2.1109231
     584.0000000        2.1081226
     585.0000000        2.1045909
     586.0000000        2.1035364
     587.0000000        2.0972745
     588.0000000        2.0876613
     589.0000000        2.0841680
     590.0000000        2.0808508
     591.0000000        2.0757113
     592.0000000        2.0660968
     593.0000000        2.0584509
     594.0000000        2.0600779
     595.0000000        2.0666175
     596.0000000        2.0758984
     597.0000000        2.0925844
     598.0000000        2.1048455
     599.0000000        2.1079042
     600.0000000        2.1006672
