       1.0000000        0.3089071
       2.0000000        0.3053882
       3.0000000        0.3041156
       4.0000000        0.3030089
       5.0000000        0.3015958
       6.0000000        0.3005545
       7.0000000        0.3005970
       8.0000000        0.2999499
       9.0000000        0.2993362
      10.0000000        0.2999857
      11.0000000        0.3004867
      12.0000000        0.3009817
      13.0000000        0.3024423
      14.0000000        0.3046801
      15.0000000        0.3073749
      16.0000000        0.3087355
      17.0000000        0.3087418
      18.0000000        0.3089375
      19.0000000        0.3085168
      20.0000000        0.3082145
      21.0000000        0.3085208
      22.0000000        0.3085579
      23.0000000        0.3081249
      24.0000000        0.3062644
      25.0000000        0.3044333
      26.0000000        0.3030760
      27.0000000        0.3012406
      28.0000000        0.3001459
      29.0000000        0.2997366
      30.0000000        0.2997640
      31.0000000        0.2990196
      32.0000000        0.2989573
      33.0000000        0.2998148
      34.0000000        0.2995101
      35.0000000        0.2987820
      36.0000000        0.2999261
      37.0000000        0.3017362
      38.0000000        0.3031173
      39.0000000        0.3036389
      40.0000000        0.3038715
      41.0000000        0.3039594
      42.0000000        0.3049240
      43.0000000        0.3066861
      44.0000000        0.3076286
      45.0000000        0.3079902
      46.0000000        0.3074981
      47.0000000        0.3067988
      48.0000000        0.3069831
      49.0000000        0.3066418
      50.0000000        0.3065715
      51.0000000        0.3073363
      52.0000000        0.3076520
      53.0000000        0.3063640
      54.0000000        0.3049511
      55.0000000        0.3043370
      56.0000000        0.3038808
      57.0000000        0.3041851
      58.0000000        0.3048813
      59.0000000        0.3046012
      60.0000000        0.3051918
      61.0000000        0.3045497
      62.0000000        0.3041953
      63.0000000        0.3037284
      64.0000000        0.3035292
      65.0000000        0.3031877
      66.0000000        0.3027128
      67.0000000        0.3029865
      68.0000000        0.3034889
      69.0000000        0.3036254
      70.0000000        0.3041482
      71.0000000        0.3054302
      72.0000000        0.3065466
      73.0000000        0.3072589
      74.0000000        0.3071974
      75.0000000        0.3076774
      76.0000000        0.3080118
      77.0000000        0.3087408
      78.0000000        0.3086845
      79.0000000        0.3079894
      80.0000000        0.3078078
      81.0000000        0.3077085
      82.0000000        0.3091752
      83.0000000        0.3096577
      84.0000000        0.3092266
      85.0000000        0.3086875
      86.0000000        0.3087611
      87.0000000        0.3088276
      88.0000000        0.3091810
      89.0000000        0.3094164
      90.0000000        0.3112705
      91.0000000        0.3122199
      92.0000000        0.3134048
      93.0000000        0.3128432
      94.0000000        0.3117390
      95.0000000        0.3103568
      96.0000000        0.3103505
      97.0000000        0.3108054
      98.0000000        0.3113279
      99.0000000        0.3115292
     100.0000000        0.3125316
     101.0000000        0.3137259
     102.0000000        0.3129902
     103.0000000        0.3127464
     104.0000000        0.3123257
     105.0000000        0.3124180
     106.0000000        0.3122558
     107.0000000        0.3117104
     108.0000000        0.3107081
     109.0000000        0.3095874
     110.0000000        0.3089262
     111.0000000        0.3091527
     112.0000000        0.3091349
     113.0000000        0.3097067
     114.0000000        0.3100368
     115.0000000        0.3107660
     116.0000000        0.3118846
     117.0000000        0.3118371
     118.0000000        0.3109612
     119.0000000        0.3105359
     120.0000000        0.3096707
     121.0000000        0.3090964
     122.0000000        0.3075702
     123.0000000        0.3068532
     124.0000000        0.3068013
     125.0000000        0.3070148
     126.0000000        0.3072710
     127.0000000        0.3088418
     128.0000000        0.3097952
     129.0000000        0.3120443
     130.0000000        0.3142239
     131.0000000        0.3143301
     132.0000000        0.3156526
     133.0000000        0.3156944
     134.0000000        0.3147158
     135.0000000        0.3134192
     136.0000000        0.3114112
     137.0000000        0.3101215
     138.0000000        0.3100057
     139.0000000        0.3105877
     140.0000000        0.3104374
     141.0000000        0.3097153
     142.0000000        0.3097921
     143.0000000        0.3104380
     144.0000000        0.3108034
     145.0000000        0.3106889
     146.0000000        0.3107302
     147.0000000        0.3113547
     148.0000000        0.3108517
     149.0000000        0.3107012
     150.0000000        0.3120325
     151.0000000        0.3120120
     152.0000000        0.3108458
     153.0000000        0.3095040
     154.0000000        0.3088261
     155.0000000        0.3070694
     156.0000000        0.3052737
     157.0000000        0.3052029
     158.0000000        0.3066059
     159.0000000        0.3073922
     160.0000000        0.3074566
     161.0000000        0.3074283
     162.0000000        0.3083893
     163.0000000        0.3100402
     164.0000000        0.3112526
     165.0000000        0.3120890
     166.0000000        0.3119439
     167.0000000        0.3112869
     168.0000000        0.3118874
     169.0000000        0.3110896
     170.0000000        0.3098906
     171.0000000        0.3082976
     172.0000000        0.3074078
     173.0000000        0.3069219
     174.0000000        0.3078550
     175.0000000        0.3088057
     176.0000000        0.3102849
     177.0000000        0.3110758
     178.0000000        0.3100866
     179.0000000        0.3096000
     180.0000000        0.3101370
     181.0000000        0.3104385
     182.0000000        0.3097331
     183.0000000        0.3099967
     184.0000000        0.3090632
     185.0000000        0.3080627
     186.0000000        0.3085977
     187.0000000        0.3104198
     188.0000000        0.3118880
     189.0000000        0.3113220
     190.0000000        0.3114958
     191.0000000        0.3125614
     192.0000000        0.3132554
     193.0000000        0.3148812
     194.0000000        0.3167604
     195.0000000        0.3173279
     196.0000000        0.3166092
     197.0000000        0.3159073
     198.0000000        0.3155132
     199.0000000        0.3145158
     200.0000000        0.3133035
     201.0000000        0.3117364
     202.0000000        0.3106509
     203.0000000        0.3094239
     204.0000000        0.3077052
     205.0000000        0.3053986
     206.0000000        0.3033797
     207.0000000        0.3017623
     208.0000000        0.3021994
     209.0000000        0.3023210
     210.0000000        0.3031121
     211.0000000        0.3042163
     212.0000000        0.3044274
     213.0000000        0.3032186
     214.0000000        0.3030427
     215.0000000        0.3037713
     216.0000000        0.3053616
     217.0000000        0.3056079
     218.0000000        0.3042710
     219.0000000        0.3038735
     220.0000000        0.3035644
     221.0000000        0.3033388
     222.0000000        0.3027996
     223.0000000        0.3023088
     224.0000000        0.3021437
     225.0000000        0.3028261
     226.0000000        0.3025471
     227.0000000        0.3021413
     228.0000000        0.3018767
     229.0000000        0.3023158
     230.0000000        0.3033375
     231.0000000        0.3048896
     232.0000000        0.3066029
     233.0000000        0.3085824
     234.0000000        0.3115371
     235.0000000        0.3128678
     236.0000000        0.3135777
     237.0000000        0.3137866
     238.0000000        0.3130986
     239.0000000        0.3129459
     240.0000000        0.3139515
     241.0000000        0.3154858
     242.0000000        0.3164832
     243.0000000        0.3171767
     244.0000000        0.3174203
     245.0000000        0.3153906
     246.0000000        0.3141480
     247.0000000        0.3132755
     248.0000000        0.3125834
     249.0000000        0.3115528
     250.0000000        0.3107827
     251.0000000        0.3097498
     252.0000000        0.3085519
     253.0000000        0.3077161
     254.0000000        0.3080913
     255.0000000        0.3092682
     256.0000000        0.3096438
     257.0000000        0.3095424
     258.0000000        0.3103143
     259.0000000        0.3109596
     260.0000000        0.3114837
     261.0000000        0.3121594
     262.0000000        0.3119834
     263.0000000        0.3117647
     264.0000000        0.3109839
     265.0000000        0.3105662
     266.0000000        0.3101065
     267.0000000        0.3084398
     268.0000000        0.3064367
     269.0000000        0.3055516
     270.0000000        0.3051890
     271.0000000        0.3042703
     272.0000000        0.3028040
     273.0000000        0.3030489
     274.0000000        0.3032527
     275.0000000        0.3026598
     276.0000000        0.3027459
     277.0000000        0.3032128
     278.0000000        0.3039116
     279.0000000        0.3046300
     280.0000000        0.3064897
     281.0000000        0.3085434
     282.0000000        0.3094361
     283.0000000        0.3074893
     284.0000000        0.3064403
     285.0000000        0.3056817
     286.0000000        0.3052136
     287.0000000        0.3048435
     288.0000000        0.3051251
     289.0000000        0.3047477
     290.0000000        0.3053883
     291.0000000        0.3056565
     292.0000000        0.3056882
     293.0000000        0.3048324
     294.0000000        0.3043286
     295.0000000        0.3034571
     296.0000000        0.3044180
     297.0000000        0.3060714
     298.0000000        0.3081001
     299.0000000        0.3081451
     300.0000000        0.3071862
     301.0000000        0.3074481
     302.0000000        0.3083549
     303.0000000        0.3089699
     304.0000000        0.3090084
     305.0000000        0.3084454
     306.0000000        0.3079313
     307.0000000        0.3070586
     308.0000000        0.3056371
     309.0000000        0.3059178
     310.0000000        0.3077732
     311.0000000        0.3093894
     312.0000000        0.3102213
     313.0000000        0.3112520
     314.0000000        0.3129677
     315.0000000        0.3153002
     316.0000000        0.3171248
     317.0000000        0.3173278
     318.0000000        0.3167603
     319.0000000        0.3158389
     320.0000000        0.3154338
     321.0000000        0.3145560
     322.0000000        0.3134430
     323.0000000        0.3133244
     324.0000000        0.3124981
     325.0000000        0.3117467
     326.0000000        0.3102881
     327.0000000        0.3089814
     328.0000000        0.3100794
     329.0000000        0.3125447
     330.0000000        0.3137152
     331.0000000        0.3132951
     332.0000000        0.3127092
     333.0000000        0.3118836
     334.0000000        0.3120838
     335.0000000        0.3124206
     336.0000000        0.3125693
     337.0000000        0.3133960
     338.0000000        0.3147758
     339.0000000        0.3163053
     340.0000000        0.3178816
     341.0000000        0.3181199
     342.0000000        0.3160406
     343.0000000        0.3151580
     344.0000000        0.3145793
     345.0000000        0.3136291
     346.0000000        0.3121746
     347.0000000        0.3107371
     348.0000000        0.3087631
     349.0000000        0.3072962
     350.0000000        0.3061627
     351.0000000        0.3075096
     352.0000000        0.3090584
     353.0000000        0.3099283
     354.0000000        0.3116718
     355.0000000        0.3126836
     356.0000000        0.3117309
     357.0000000        0.3121472
     358.0000000        0.3114114
     359.0000000        0.3102300
     360.0000000        0.3096248
     361.0000000        0.3097442
     362.0000000        0.3101780
     363.0000000        0.3110311
     364.0000000        0.3109858
     365.0000000        0.3105110
     366.0000000        0.3100256
     367.0000000        0.3095789
     368.0000000        0.3104856
     369.0000000        0.3115778
     370.0000000        0.3123014
     371.0000000        0.3134197
     372.0000000        0.3142147
     373.0000000        0.3147167
     374.0000000        0.3135786
     375.0000000        0.3122204
     376.0000000        0.3125987
     377.0000000        0.3121152
     378.0000000        0.3110024
     379.0000000        0.3085356
     380.0000000        0.3060620
     381.0000000        0.3044857
     382.0000000        0.3018632
     383.0000000        0.3002810
     384.0000000        0.3002161
     385.0000000        0.3008586
     386.0000000        0.3028758
     387.0000000        0.3044198
     388.0000000        0.3062498
     389.0000000        0.3075139
     390.0000000        0.3072336
     391.0000000        0.3071810
     392.0000000        0.3079024
     393.0000000        0.3073548
     394.0000000        0.3064129
     395.0000000        0.3050546
     396.0000000        0.3042510
     397.0000000        0.3032370
     398.0000000        0.3038509
     399.0000000        0.3052667
     400.0000000        0.3067542
     401.0000000        0.3086852
     402.0000000        0.3086795
     403.0000000        0.3091131
     404.0000000        0.3100241
     405.0000000        0.3104335
     406.0000000        0.3108715
     407.0000000        0.3100925
     408.0000000        0.3095347
     409.0000000        0.3092756
     410.0000000        0.3085408
     411.0000000        0.3086454
     412.0000000        0.3079294
     413.0000000        0.3081496
     414.0000000        0.3092092
     415.0000000        0.3105418
     416.0000000        0.3114259
     417.0000000        0.3121444
     418.0000000        0.3130761
     419.0000000        0.3146939
     420.0000000        0.3155306
     421.0000000        0.3147365
     422.0000000        0.3135201
     423.0000000        0.3124515
     424.0000000        0.3110972
     425.0000000        0.3094735
     426.0000000        0.3088735
     427.0000000        0.3078583
     428.0000000        0.3069749
     429.0000000        0.3054000
     430.0000000        0.3032302
     431.0000000        0.3017900
     432.0000000        0.3018124
     433.0000000        0.3019875
     434.0000000        0.3022607
     435.0000000        0.3032649
     436.0000000        0.3032347
     437.0000000        0.3035500
     438.0000000        0.3042197
     439.0000000        0.3038137
     440.0000000        0.3034879
     441.0000000        0.3032469
     442.0000000        0.3032239
     443.0000000        0.3028823
     444.0000000        0.3019155
     445.0000000        0.3013849
     446.0000000        0.3013278
     447.0000000        0.3004946
     448.0000000        0.2997037
     449.0000000        0.2998310
     450.0000000        0.2997137
     451.0000000        0.2989074
     452.0000000        0.2985548
     453.0000000        0.2988070
     454.0000000        0.3002051
     455.0000000        0.3014231
     456.0000000        0.3033447
     457.0000000        0.3049872
     458.0000000        0.3058489
     459.0000000        0.3068226
     460.0000000        0.3070288
     461.0000000        0.3068654
     462.0000000        0.3069270
     463.0000000        0.3074567
     464.0000000        0.3086685
     465.0000000        0.3105334
     466.0000000        0.3115770
     467.0000000        0.3116931
     468.0000000        0.3104781
     469.0000000        0.3100987
     470.0000000        0.3095154
     471.0000000        0.3073094
     472.0000000        0.3059556
     473.0000000        0.3050168
     474.0000000        0.3047907
     475.0000000        0.3049455
     476.0000000        0.3041234
     477.0000000        0.3042131
     478.0000000        0.3039129
     479.0000000        0.3038407
     480.0000000        0.3049019
     481.0000000        0.3070451
     482.0000000        0.3098443
     483.0000000        0.3117069
     484.0000000        0.3115308
     485.0000000        0.3127410
     486.0000000        0.3136683
     487.0000000        0.3135481
     488.0000000        0.3132967
     489.0000000        0.3135898
     490.0000000        0.3140158
     491.0000000        0.3133297
     492.0000000        0.3113014
     493.0000000        0.3107862
     494.0000000        0.3107638
     495.0000000        0.3100116
     496.0000000        0.3082407
     497.0000000        0.3066432
     498.0000000        0.3048743
     499.0000000        0.3034964
     500.0000000        0.3034728
     501.0000000        0.3043406
     502.0000000        0.3051178
     503.0000000        0.3055489
     504.0000000        0.3061293
     505.0000000        0.3067474
     506.0000000        0.3076628
     507.0000000        0.3075355
     508.0000000        0.3077733
     509.0000000        0.3082207
     510.0000000        0.3092675
     511.0000000        0.3105089
     512.0000000        0.3097871
     513.0000000        0.3096604
     514.0000000        0.3097434
     515.0000000        0.3097449
     516.0000000        0.3092700
     517.0000000        0.3101218
     518.0000000        0.3105463
     519.0000000        0.3103790
     520.0000000        0.3094851
     521.0000000        0.3081324
     522.0000000        0.3062742
     523.0000000        0.3051238
     524.0000000        0.3044624
     525.0000000        0.3039764
     526.0000000        0.3038607
     527.0000000        0.3041092
     528.0000000        0.3049352
     529.0000000        0.3050879
     530.0000000        0.3053717
     531.0000000        0.3060580
     532.0000000        0.3072709
     533.0000000        0.3082207
     534.0000000        0.3097946
     535.0000000        0.3104345
     536.0000000        0.3110330
     537.0000000        0.3127297
     538.0000000        0.3151511
     539.0000000        0.3168539
     540.0000000        0.3187913
     541.0000000        0.3200409
     542.0000000        0.3210808
     543.0000000        0.3214185
     544.0000000        0.3218427
     545.0000000        0.3209593
     546.0000000        0.3199233
     547.0000000        0.3191336
     548.0000000        0.3195565
     549.0000000        0.3189695
     550.0000000        0.3175399
     551.0000000        0.3171520
     552.0000000        0.3170860
     553.0000000        0.3173569
     554.0000000        0.3161149
     555.0000000        0.3158226
     556.0000000        0.3158115
     557.0000000        0.3157750
     558.0000000        0.3164473
     559.0000000        0.3178624
     560.0000000        0.3180262
     561.0000000        0.3177313
     562.0000000        0.3163807
     563.0000000        0.3153347
     564.0000000        0.3146709
     565.0000000        0.3148855
     566.0000000        0.3144401
     567.0000000        0.3126651
     568.0000000        0.3107297
     569.0000000        0.3108684
     570.0000000        0.3105722
     571.0000000        0.3103478
     572.0000000        0.3120646
     573.0000000        0.3155518
     574.0000000        0.3184150
     575.0000000        0.3207819
     576.0000000        0.3223324
     577.0000000        0.3225136
     578.0000000        0.3230673
     579.0000000        0.3219112
     580.0000000        0.3207655
     581.0000000        0.3188589
     582.0000000        0.3176984
     583.0000000        0.3170522
     584.0000000        0.3165890
     585.0000000        0.3160481
     586.0000000        0.3156368
     587.0000000        0.3154634
     588.0000000        0.3161060
     589.0000000        0.3170516
     590.0000000        0.3169382
     591.0000000        0.3163944
     592.0000000        0.3155355
     593.0000000        0.3156257
     594.0000000        0.3160516
     595.0000000        0.3152794
     596.0000000        0.3145106
     597.0000000        0.3139019
     598.0000000        0.3126992
     599.0000000        0.3122241
     600.0000000        0.3125329
