       1.0000000        5.3173784
       2.0000000        5.2494475
       3.0000000        5.1523448
       4.0000000        5.0941843
       5.0000000        5.0226203
       6.0000000        4.9991449
       7.0000000        4.9991091
       8.0000000        5.0207468
       9.0000000        5.0430336
      10.0000000        5.0476966
      11.0000000        5.0418197
      12.0000000        5.0437841
      13.0000000        5.0593021
      14.0000000        5.1135130
      15.0000000        5.1737139
      16.0000000        5.1971240
      17.0000000        5.2153877
      18.0000000        5.2216078
      19.0000000        5.1933297
      20.0000000        5.1320542
      21.0000000        5.1194683
      22.0000000        5.1162845
      23.0000000        5.1246494
      24.0000000        5.0996141
      25.0000000        5.0857870
      26.0000000        5.1337041
      27.0000000        5.1977509
      28.0000000        5.2750761
      29.0000000        5.3103768
      30.0000000        5.2582976
      31.0000000        5.1913321
      32.0000000        5.1487122
      33.0000000        5.1481618
      34.0000000        5.1700324
      35.0000000        5.1652188
      36.0000000        5.1608355
      37.0000000        5.1641719
      38.0000000        5.1878599
      39.0000000        5.1931986
      40.0000000        5.1864391
      41.0000000        5.1237236
      42.0000000        5.0795192
      43.0000000        5.0310531
      44.0000000        4.9745134
      45.0000000        4.9630591
      46.0000000        4.9601491
      47.0000000        4.9587941
      48.0000000        4.9580789
      49.0000000        4.9671383
      50.0000000        4.9971084
      51.0000000        5.0119126
      52.0000000        4.9835779
      53.0000000        4.9547182
      54.0000000        4.9280852
      55.0000000        4.9044379
      56.0000000        4.9080109
      57.0000000        4.9649528
      58.0000000        5.0077810
      59.0000000        5.0415138
      60.0000000        5.0815419
      61.0000000        5.0964440
      62.0000000        5.0978445
      63.0000000        5.0597707
      64.0000000        5.0375438
      65.0000000        4.9652998
      66.0000000        4.8985491
      67.0000000        4.8267510
      68.0000000        4.7675391
      69.0000000        4.7465585
      70.0000000        4.7507632
      71.0000000        4.7780729
      72.0000000        4.7738872
      73.0000000        4.7904048
      74.0000000        4.8451956
      75.0000000        4.8931692
      76.0000000        4.9186444
      77.0000000        4.9404112
      78.0000000        4.9557246
      79.0000000        4.9487203
      80.0000000        4.9705503
      81.0000000        5.0126134
      82.0000000        5.0175627
      83.0000000        5.0379955
      84.0000000        5.0477714
      85.0000000        5.0757995
      86.0000000        5.1086717
      87.0000000        5.1187286
      88.0000000        5.1329756
      89.0000000        5.1459681
      90.0000000        5.1610527
      91.0000000        5.1523470
      92.0000000        5.1445455
      93.0000000        5.1202782
      94.0000000        5.0889979
      95.0000000        5.0515791
      96.0000000        5.0420836
      97.0000000        5.0458916
      98.0000000        5.0445081
      99.0000000        5.0378174
     100.0000000        5.0595351
     101.0000000        5.0799558
     102.0000000        5.0447087
     103.0000000        5.0144700
     104.0000000        4.9862403
     105.0000000        4.9641963
     106.0000000        4.9635641
     107.0000000        5.0061565
     108.0000000        5.0463588
     109.0000000        5.0790283
     110.0000000        5.1231206
     111.0000000        5.1372206
     112.0000000        5.1503776
     113.0000000        5.1596366
     114.0000000        5.1371058
     115.0000000        5.1068038
     116.0000000        5.0926066
     117.0000000        5.0824933
     118.0000000        5.0750027
     119.0000000        5.0424219
     120.0000000        5.0218858
     121.0000000        4.9727721
     122.0000000        5.0049587
     123.0000000        5.0639861
     124.0000000        5.0910464
     125.0000000        5.0597987
     126.0000000        5.0002909
     127.0000000        4.9370585
     128.0000000        4.9076586
     129.0000000        4.8579799
     130.0000000        4.8097578
     131.0000000        4.7904327
     132.0000000        4.7440348
     133.0000000        4.7314783
     134.0000000        4.7651720
     135.0000000        4.8079449
     136.0000000        4.8419832
     137.0000000        4.8720420
     138.0000000        4.9061788
     139.0000000        4.9246856
     140.0000000        4.9053060
     141.0000000        4.9210848
     142.0000000        4.9371245
     143.0000000        4.9415636
     144.0000000        4.9335349
     145.0000000        4.8956524
     146.0000000        4.8383990
     147.0000000        4.8096566
     148.0000000        4.7712709
     149.0000000        4.7323489
     150.0000000        4.7267719
     151.0000000        4.7490056
     152.0000000        4.7574662
     153.0000000        4.7453944
     154.0000000        4.7350885
     155.0000000        4.7351418
     156.0000000        4.7591837
     157.0000000        4.8113263
     158.0000000        4.8123104
     159.0000000        4.8591241
     160.0000000        4.9184184
     161.0000000        4.9720450
     162.0000000        5.0193759
     163.0000000        5.0667395
     164.0000000        5.0877437
     165.0000000        5.0695782
     166.0000000        5.0302793
     167.0000000        5.0074826
     168.0000000        5.0128642
     169.0000000        5.0454149
     170.0000000        5.0363551
     171.0000000        5.0436159
     172.0000000        5.0713379
     173.0000000        5.0869079
     174.0000000        5.0918542
     175.0000000        5.1269291
     176.0000000        5.1367309
     177.0000000        5.0916676
     178.0000000        5.0565245
     179.0000000        5.0273089
     180.0000000        5.0181832
     181.0000000        5.0237098
     182.0000000        5.0004518
     183.0000000        4.9786840
     184.0000000        4.9774315
     185.0000000        4.9879683
     186.0000000        5.0050997
     187.0000000        5.0311634
     188.0000000        5.0236704
     189.0000000        5.0205266
     190.0000000        5.0109956
     191.0000000        4.9981834
     192.0000000        5.0007498
     193.0000000        5.0130530
     194.0000000        5.0130176
     195.0000000        5.0231573
     196.0000000        5.0156982
     197.0000000        4.9890910
     198.0000000        4.9428851
     199.0000000        4.9018290
     200.0000000        4.8783196
     201.0000000        4.8785721
     202.0000000        4.8974709
     203.0000000        4.8873223
     204.0000000        4.8662546
     205.0000000        4.9037248
     206.0000000        4.9468779
     207.0000000        4.9538977
     208.0000000        4.9387935
     209.0000000        4.9382332
     210.0000000        4.9343940
     211.0000000        4.9516089
     212.0000000        4.9581510
     213.0000000        4.9306813
     214.0000000        4.8993680
     215.0000000        4.8890284
     216.0000000        4.9108318
     217.0000000        4.9581774
     218.0000000        5.0333972
     219.0000000        5.1027321
     220.0000000        5.1321444
     221.0000000        5.1385699
     222.0000000        5.1218534
     223.0000000        5.1256974
     224.0000000        5.1574106
     225.0000000        5.1586757
     226.0000000        5.1488438
     227.0000000        5.1472291
     228.0000000        5.1586305
     229.0000000        5.1685301
     230.0000000        5.1830812
     231.0000000        5.1875293
     232.0000000        5.1630555
     233.0000000        5.1653498
     234.0000000        5.1437466
     235.0000000        5.1202293
     236.0000000        5.1016227
     237.0000000        5.0729463
     238.0000000        5.0601129
     239.0000000        5.0497077
     240.0000000        5.0211077
     241.0000000        4.9996397
     242.0000000        4.9702940
     243.0000000        4.9611923
     244.0000000        4.9422100
     245.0000000        4.8974145
     246.0000000        4.8724039
     247.0000000        4.8574671
     248.0000000        4.8524768
     249.0000000        4.8778179
     250.0000000        4.9384897
     251.0000000        5.0044375
     252.0000000        5.0599000
     253.0000000        5.0874834
     254.0000000        5.1009334
     255.0000000        5.1040526
     256.0000000        5.1412078
     257.0000000        5.1739455
     258.0000000        5.1686760
     259.0000000        5.1433800
     260.0000000        5.0950340
     261.0000000        5.0615690
     262.0000000        5.0696649
     263.0000000        5.1227985
     264.0000000        5.1448708
     265.0000000        5.1333258
     266.0000000        5.1209520
     267.0000000        5.0611033
     268.0000000        4.9834235
     269.0000000        4.9286158
     270.0000000        4.9248173
     271.0000000        4.9140655
     272.0000000        4.8870074
     273.0000000        4.8512808
     274.0000000        4.8442469
     275.0000000        4.8701343
     276.0000000        4.8892888
     277.0000000        4.8740052
     278.0000000        4.8634963
     279.0000000        4.8538904
     280.0000000        4.8202381
     281.0000000        4.8144097
     282.0000000        4.8723606
     283.0000000        4.9424744
     284.0000000        4.9697969
     285.0000000        4.9848099
     286.0000000        4.9660049
     287.0000000        4.9664703
     288.0000000        4.9358033
     289.0000000        4.9094882
     290.0000000        4.8832083
     291.0000000        4.8935477
     292.0000000        4.9036655
     293.0000000        4.9263800
     294.0000000        4.9718217
     295.0000000        5.0001077
     296.0000000        5.0156620
     297.0000000        5.0403469
     298.0000000        5.0852756
     299.0000000        5.0738040
     300.0000000        5.0434850
     301.0000000        5.0285319
     302.0000000        5.0349135
     303.0000000        5.0119555
     304.0000000        5.0043730
     305.0000000        5.0278734
     306.0000000        5.0306240
     307.0000000        5.0364663
     308.0000000        5.0068300
     309.0000000        4.9627309
     310.0000000        4.9384322
     311.0000000        4.9022930
     312.0000000        4.8516854
     313.0000000        4.8227844
     314.0000000        4.7990560
     315.0000000        4.7857096
     316.0000000        4.7964231
     317.0000000        4.8236416
     318.0000000        4.8978164
     319.0000000        4.9242748
     320.0000000        4.9155721
     321.0000000        4.8841974
     322.0000000        4.8316307
     323.0000000        4.8250030
     324.0000000        4.8065870
     325.0000000        4.7895874
     326.0000000        4.7750384
     327.0000000        4.7606206
     328.0000000        4.7010476
     329.0000000        4.6887317
     330.0000000        4.6802830
     331.0000000        4.6909619
     332.0000000        4.7403438
     333.0000000        4.7889912
     334.0000000        4.8370714
     335.0000000        4.8520567
     336.0000000        4.8456755
     337.0000000        4.8356028
     338.0000000        4.8054556
     339.0000000        4.7570839
     340.0000000        4.7731750
     341.0000000        4.7470619
     342.0000000        4.7307190
     343.0000000        4.7276241
     344.0000000        4.7623994
     345.0000000        4.7915732
     346.0000000        4.8523074
     347.0000000        4.8985099
     348.0000000        4.9654249
     349.0000000        5.0412474
     350.0000000        5.1503547
     351.0000000        5.2567304
     352.0000000        5.3200366
     353.0000000        5.3217581
     354.0000000        5.2806963
     355.0000000        5.1989563
     356.0000000        5.1328171
     357.0000000        5.1022493
     358.0000000        5.1039354
     359.0000000        5.1067160
     360.0000000        5.1244510
     361.0000000        5.1890614
     362.0000000        5.2090945
     363.0000000        5.2150213
     364.0000000        5.2374546
     365.0000000        5.2301752
     366.0000000        5.2110377
     367.0000000        5.1412692
     368.0000000        5.0640520
     369.0000000        5.0093930
     370.0000000        4.9798745
     371.0000000        5.0054498
     372.0000000        5.0359117
     373.0000000        5.0233454
     374.0000000        5.0188615
     375.0000000        5.0318514
     376.0000000        5.0426741
     377.0000000        5.0328241
     378.0000000        5.0127918
     379.0000000        5.0036584
     380.0000000        4.9893243
     381.0000000        4.9556554
     382.0000000        4.9171550
     383.0000000        4.8808678
     384.0000000        4.8702016
     385.0000000        4.8593674
     386.0000000        4.8481774
     387.0000000        4.8364238
     388.0000000        4.8220618
     389.0000000        4.8146922
     390.0000000        4.7851851
     391.0000000        4.7226688
     392.0000000        4.6901786
     393.0000000        4.7055421
     394.0000000        4.7200432
     395.0000000        4.7361360
     396.0000000        4.7585699
     397.0000000        4.7748077
     398.0000000        4.8228300
     399.0000000        4.8447784
     400.0000000        4.8742502
     401.0000000        4.8877791
     402.0000000        4.9152175
     403.0000000        4.9430049
     404.0000000        4.9414345
     405.0000000        4.9409258
     406.0000000        4.9098950
     407.0000000        4.9025438
     408.0000000        4.9115394
     409.0000000        4.8698248
     410.0000000        4.8167238
     411.0000000        4.7906878
     412.0000000        4.8060234
     413.0000000        4.8228284
     414.0000000        4.8547908
     415.0000000        4.8863538
     416.0000000        4.9268703
     417.0000000        4.9845799
     418.0000000        5.0504396
     419.0000000        5.0825617
     420.0000000        5.1031118
     421.0000000        5.1185089
     422.0000000        5.0991705
     423.0000000        5.0852859
     424.0000000        5.1076651
     425.0000000        5.1371900
     426.0000000        5.1239647
     427.0000000        5.1524849
     428.0000000        5.1537979
     429.0000000        5.1169388
     430.0000000        5.0880711
     431.0000000        5.0974836
     432.0000000        5.0539341
     433.0000000        5.0410101
     434.0000000        5.0592115
     435.0000000        5.0746749
     436.0000000        5.0659810
     437.0000000        5.0045850
     438.0000000        4.9153374
     439.0000000        4.8333331
     440.0000000        4.7699471
     441.0000000        4.7597349
     442.0000000        4.8038297
     443.0000000        4.8545098
     444.0000000        4.8818848
     445.0000000        4.9012256
     446.0000000        4.9060701
     447.0000000        4.9477420
     448.0000000        5.0195383
     449.0000000        5.0890406
     450.0000000        5.1568003
     451.0000000        5.1850195
     452.0000000        5.2058078
     453.0000000        5.2602934
     454.0000000        5.2909611
     455.0000000        5.3032439
     456.0000000        5.2725967
     457.0000000        5.2600647
     458.0000000        5.2004308
     459.0000000        5.1439718
     460.0000000        5.0959149
     461.0000000        5.0163627
     462.0000000        4.9575196
     463.0000000        4.9027911
     464.0000000        4.8884311
     465.0000000        4.8881692
     466.0000000        4.9285858
     467.0000000        4.9603171
     468.0000000        4.9355138
     469.0000000        4.9362143
     470.0000000        4.9742028
     471.0000000        5.0231034
     472.0000000        5.0522131
     473.0000000        5.0431113
     474.0000000        5.0248923
     475.0000000        5.0089714
     476.0000000        4.9613277
     477.0000000        4.9062431
     478.0000000        4.9093632
     479.0000000        4.9331777
     480.0000000        4.9475176
     481.0000000        4.9801342
     482.0000000        5.0276413
     483.0000000        5.0556807
     484.0000000        5.0774609
     485.0000000        5.0991162
     486.0000000        5.1179783
     487.0000000        5.1001419
     488.0000000        5.0915033
     489.0000000        5.1332662
     490.0000000        5.1630344
     491.0000000        5.1495107
     492.0000000        5.1088637
     493.0000000        5.0991235
     494.0000000        5.0735159
     495.0000000        5.0487503
     496.0000000        5.0557672
     497.0000000        5.0980967
     498.0000000        5.1126557
     499.0000000        5.1495555
     500.0000000        5.1914243
     501.0000000        5.2091327
     502.0000000        5.1963791
     503.0000000        5.1903505
     504.0000000        5.1597795
     505.0000000        5.1458874
     506.0000000        5.1476719
     507.0000000        5.1760018
     508.0000000        5.1783829
     509.0000000        5.1414576
     510.0000000        5.1073876
     511.0000000        5.0806701
     512.0000000        5.0378848
     513.0000000        5.0460568
     514.0000000        5.0666604
     515.0000000        5.0873384
     516.0000000        5.1163345
     517.0000000        5.1483819
     518.0000000        5.1564779
     519.0000000        5.1089129
     520.0000000        5.0768787
     521.0000000        5.0970491
     522.0000000        5.1262198
     523.0000000        5.1630762
     524.0000000        5.1573315
     525.0000000        5.1841056
     526.0000000        5.2474330
     527.0000000        5.2897790
     528.0000000        5.2874826
     529.0000000        5.2531752
     530.0000000        5.1811098
     531.0000000        5.1409362
     532.0000000        5.0854408
     533.0000000        5.0541903
     534.0000000        5.0541720
     535.0000000        5.0350132
     536.0000000        5.0152873
     537.0000000        5.0026880
     538.0000000        5.0046998
     539.0000000        5.0138998
     540.0000000        5.0208079
     541.0000000        5.0618838
     542.0000000        5.0939202
     543.0000000        5.0804554
     544.0000000        5.0454508
     545.0000000        5.0146938
     546.0000000        5.0249816
     547.0000000        5.0414022
     548.0000000        5.0473033
     549.0000000        5.0229422
     550.0000000        5.0189035
     551.0000000        5.0405377
     552.0000000        5.0743121
     553.0000000        5.0864154
     554.0000000        5.1022991
     555.0000000        5.1380809
     556.0000000        5.1865659
     557.0000000        5.2101138
     558.0000000        5.1971913
     559.0000000        5.1593467
     560.0000000        5.1457926
     561.0000000        5.1268485
     562.0000000        5.1067370
     563.0000000        5.1145467
     564.0000000        5.1112700
     565.0000000        5.0948568
     566.0000000        5.0516666
     567.0000000        5.0357143
     568.0000000        5.0567434
     569.0000000        5.0116210
     570.0000000        4.9524110
     571.0000000        4.9303685
     572.0000000        4.8966736
     573.0000000        4.8999939
     574.0000000        4.9231199
     575.0000000        4.9372222
     576.0000000        4.9723773
     577.0000000        5.0106005
     578.0000000        5.0065644
     579.0000000        5.0326164
     580.0000000        5.0667437
     581.0000000        5.0972739
     582.0000000        5.0790683
     583.0000000        5.0313296
     584.0000000        5.0331741
     585.0000000        5.0629741
     586.0000000        5.0869312
     587.0000000        5.0825684
     588.0000000        5.0605189
     589.0000000        5.0297895
     590.0000000        4.9859084
     591.0000000        4.9517085
     592.0000000        4.8950794
     593.0000000        4.8552135
     594.0000000        4.8036772
     595.0000000        4.7541349
     596.0000000        4.7365619
     597.0000000        4.7204408
     598.0000000        4.6899306
     599.0000000        4.6913488
     600.0000000        4.6867346
