       1.0000000        8.9344437
       2.0000000        9.1733834
       3.0000000        9.0087093
       4.0000000        8.8288761
       5.0000000        8.6593623
       6.0000000        8.4619422
       7.0000000        8.2516346
       8.0000000        8.1181755
       9.0000000        8.0413846
      10.0000000        7.9436433
      11.0000000        7.8657144
      12.0000000        7.7382016
      13.0000000        7.7007782
      14.0000000        7.6407773
      15.0000000        7.6241439
      16.0000000        7.5888708
      17.0000000        7.5323412
      18.0000000        7.4788128
      19.0000000        7.4326306
      20.0000000        7.3663603
      21.0000000        7.2888580
      22.0000000        7.2255596
      23.0000000        7.1593782
      24.0000000        7.1389480
      25.0000000        7.1408581
      26.0000000        7.1431309
      27.0000000        7.1754033
      28.0000000        7.2153815
      29.0000000        7.2603457
      30.0000000        7.2829856
      31.0000000        7.2743591
      32.0000000        7.2578325
      33.0000000        7.2304869
      34.0000000        7.2215671
      35.0000000        7.2396389
      36.0000000        7.2684250
      37.0000000        7.3125916
      38.0000000        7.3581500
      39.0000000        7.3821974
      40.0000000        7.3895174
      41.0000000        7.4269693
      42.0000000        7.4438470
      43.0000000        7.4373795
      44.0000000        7.4363506
      45.0000000        7.4166019
      46.0000000        7.4089120
      47.0000000        7.4565478
      48.0000000        7.5290141
      49.0000000        7.5882663
      50.0000000        7.6848362
      51.0000000        7.7842161
      52.0000000        7.8436043
      53.0000000        7.8733789
      54.0000000        7.8791890
      55.0000000        7.8299578
      56.0000000        7.7946079
      57.0000000        7.7351399
      58.0000000        7.7366146
      59.0000000        7.7479335
      60.0000000        7.7834524
      61.0000000        7.7850745
      62.0000000        7.7469560
      63.0000000        7.6897259
      64.0000000        7.6345480
      65.0000000        7.5864086
      66.0000000        7.5490851
      67.0000000        7.5125758
      68.0000000        7.4921191
      69.0000000        7.4762960
      70.0000000        7.4587361
      71.0000000        7.4420445
      72.0000000        7.4392342
      73.0000000        7.4349196
      74.0000000        7.4851778
      75.0000000        7.5058244
      76.0000000        7.5385708
      77.0000000        7.5643730
      78.0000000        7.5777828
      79.0000000        7.5780411
      80.0000000        7.5742106
      81.0000000        7.5989833
      82.0000000        7.5898313
      83.0000000        7.6126150
      84.0000000        7.6556943
      85.0000000        7.7113740
      86.0000000        7.6668983
      87.0000000        7.6070085
      88.0000000        7.5450853
      89.0000000        7.5086935
      90.0000000        7.5022089
      91.0000000        7.5012487
      92.0000000        7.4811789
      93.0000000        7.4543015
      94.0000000        7.4317106
      95.0000000        7.4043283
      96.0000000        7.4080356
      97.0000000        7.4519920
      98.0000000        7.5397883
      99.0000000        7.6409631
     100.0000000        7.7144247
     101.0000000        7.7702142
     102.0000000        7.7816298
     103.0000000        7.8092692
     104.0000000        7.8210529
     105.0000000        7.8115401
     106.0000000        7.8024639
     107.0000000        7.7916387
     108.0000000        7.7612154
     109.0000000        7.6882062
     110.0000000        7.6360538
     111.0000000        7.6232997
     112.0000000        7.6085836
     113.0000000        7.5982660
     114.0000000        7.6327267
     115.0000000        7.7065053
     116.0000000        7.7076050
     117.0000000        7.6955466
     118.0000000        7.6518157
     119.0000000        7.6124513
     120.0000000        7.6530475
     121.0000000        7.7230883
     122.0000000        7.7868696
     123.0000000        7.8549023
     124.0000000        7.9216617
     125.0000000        8.0524817
     126.0000000        8.1499500
     127.0000000        8.2319371
     128.0000000        8.2535714
     129.0000000        8.1682077
     130.0000000        8.0819616
     131.0000000        7.9830933
     132.0000000        7.8994237
     133.0000000        7.8366816
     134.0000000        7.7792833
     135.0000000        7.7249492
     136.0000000        7.6420997
     137.0000000        7.5544198
     138.0000000        7.4725140
     139.0000000        7.4435202
     140.0000000        7.4386071
     141.0000000        7.4192734
     142.0000000        7.3781880
     143.0000000        7.3723503
     144.0000000        7.4017644
     145.0000000        7.4772250
     146.0000000        7.5733080
     147.0000000        7.6240488
     148.0000000        7.6200330
     149.0000000        7.6212503
     150.0000000        7.5965797
     151.0000000        7.5340113
     152.0000000        7.4476712
     153.0000000        7.3566106
     154.0000000        7.2462197
     155.0000000        7.2012855
     156.0000000        7.2061583
     157.0000000        7.2793212
     158.0000000        7.3615442
     159.0000000        7.4068333
     160.0000000        7.4493226
     161.0000000        7.4993762
     162.0000000        7.5240421
     163.0000000        7.5615047
     164.0000000        7.5906108
     165.0000000        7.6164309
     166.0000000        7.6634606
     167.0000000        7.7035063
     168.0000000        7.6864841
     169.0000000        7.6302788
     170.0000000        7.5311204
     171.0000000        7.4397310
     172.0000000        7.3559082
     173.0000000        7.3256600
     174.0000000        7.2854744
     175.0000000        7.2637506
     176.0000000        7.2121253
     177.0000000        7.1574569
     178.0000000        7.1283983
     179.0000000        7.1356379
     180.0000000        7.1623383
     181.0000000        7.2003112
     182.0000000        7.2320758
     183.0000000        7.2655618
     184.0000000        7.2863952
     185.0000000        7.3513003
     186.0000000        7.3973060
     187.0000000        7.4207233
     188.0000000        7.4324017
     189.0000000        7.4515036
     190.0000000        7.4703716
     191.0000000        7.4758955
     192.0000000        7.5038880
     193.0000000        7.5503969
     194.0000000        7.6151789
     195.0000000        7.6358479
     196.0000000        7.6222219
     197.0000000        7.5927188
     198.0000000        7.5718865
     199.0000000        7.5325434
     200.0000000        7.5530502
     201.0000000        7.5788868
     202.0000000        7.6134969
     203.0000000        7.6759438
     204.0000000        7.7490526
     205.0000000        7.8078902
     206.0000000        7.8482654
     207.0000000        7.8194257
     208.0000000        7.7172410
     209.0000000        7.5606391
     210.0000000        7.4378333
     211.0000000        7.3606325
     212.0000000        7.2885691
     213.0000000        7.1989746
     214.0000000        7.1842158
     215.0000000        7.1830009
     216.0000000        7.1741532
     217.0000000        7.2117825
     218.0000000        7.2373059
     219.0000000        7.2661718
     220.0000000        7.3031852
     221.0000000        7.3465969
     222.0000000        7.4067115
     223.0000000        7.4917922
     224.0000000        7.5838855
     225.0000000        7.6711513
     226.0000000        7.7096829
     227.0000000        7.7564979
     228.0000000        7.7885415
     229.0000000        7.7821881
     230.0000000        7.7308214
     231.0000000        7.6761109
     232.0000000        7.6506035
     233.0000000        7.6758700
     234.0000000        7.6855902
     235.0000000        7.6983857
     236.0000000        7.6920719
     237.0000000        7.6941206
     238.0000000        7.7001775
     239.0000000        7.6879736
     240.0000000        7.6925607
     241.0000000        7.6885033
     242.0000000        7.6201142
     243.0000000        7.5670919
     244.0000000        7.4637762
     245.0000000        7.3761983
     246.0000000        7.3003818
     247.0000000        7.2317906
     248.0000000        7.2067932
     249.0000000        7.2101318
     250.0000000        7.2696945
     251.0000000        7.3554569
     252.0000000        7.3976994
     253.0000000        7.3843932
     254.0000000        7.3363773
     255.0000000        7.3210007
     256.0000000        7.3123933
     257.0000000        7.2897263
     258.0000000        7.2633166
     259.0000000        7.2537478
     260.0000000        7.2942462
     261.0000000        7.3448266
     262.0000000        7.4042842
     263.0000000        7.4223470
     264.0000000        7.3839627
     265.0000000        7.3383744
     266.0000000        7.2892738
     267.0000000        7.2845236
     268.0000000        7.2928846
     269.0000000        7.2816668
     270.0000000        7.3070505
     271.0000000        7.3108017
     272.0000000        7.2809245
     273.0000000        7.2682973
     274.0000000        7.2773909
     275.0000000        7.2932319
     276.0000000        7.3355541
     277.0000000        7.3477454
     278.0000000        7.3156549
     279.0000000        7.2432468
     280.0000000        7.1968556
     281.0000000        7.2096832
     282.0000000        7.2337158
     283.0000000        7.2664634
     284.0000000        7.2999188
     285.0000000        7.3161615
     286.0000000        7.3323196
     287.0000000        7.3728433
     288.0000000        7.3565614
     289.0000000        7.3431848
     290.0000000        7.3456357
     291.0000000        7.3090569
     292.0000000        7.2638597
     293.0000000        7.2360605
     294.0000000        7.2396485
     295.0000000        7.2641404
     296.0000000        7.2492486
     297.0000000        7.2529689
     298.0000000        7.2765659
     299.0000000        7.2755083
     300.0000000        7.2893363
     301.0000000        7.3571690
     302.0000000        7.4303908
     303.0000000        7.4999067
     304.0000000        7.5473417
     305.0000000        7.6146216
     306.0000000        7.6814936
     307.0000000        7.7548824
     308.0000000        7.8005217
     309.0000000        7.7966032
     310.0000000        7.7396909
     311.0000000        7.6550264
     312.0000000        7.5368255
     313.0000000        7.4800790
     314.0000000        7.4417511
     315.0000000        7.4180919
     316.0000000        7.4416366
     317.0000000        7.4771864
     318.0000000        7.5454458
     319.0000000        7.6175007
     320.0000000        7.6918327
     321.0000000        7.7322530
     322.0000000        7.7605862
     323.0000000        7.7434971
     324.0000000        7.6952030
     325.0000000        7.6409907
     326.0000000        7.6147615
     327.0000000        7.5950381
     328.0000000        7.5555004
     329.0000000        7.5789190
     330.0000000        7.5907393
     331.0000000        7.5738287
     332.0000000        7.5230227
     333.0000000        7.4778183
     334.0000000        7.4339499
     335.0000000        7.3774731
     336.0000000        7.3341735
     337.0000000        7.3389787
     338.0000000        7.3837964
     339.0000000        7.4144985
     340.0000000        7.4215200
     341.0000000        7.4072078
     342.0000000        7.4022453
     343.0000000        7.3571110
     344.0000000        7.3761992
     345.0000000        7.4087982
     346.0000000        7.4561385
     347.0000000        7.5205765
     348.0000000        7.5649137
     349.0000000        7.5853610
     350.0000000        7.6416973
     351.0000000        7.7056849
     352.0000000        7.7745271
     353.0000000        7.8233893
     354.0000000        7.8278711
     355.0000000        7.8490875
     356.0000000        7.8996457
     357.0000000        7.9051513
     358.0000000        7.9163188
     359.0000000        7.9152670
     360.0000000        7.9455000
     361.0000000        7.9544521
     362.0000000        7.9553844
     363.0000000        7.9128570
     364.0000000        7.8627691
     365.0000000        7.8119879
     366.0000000        7.7665470
     367.0000000        7.7170158
     368.0000000        7.6179763
     369.0000000        7.5436480
     370.0000000        7.5290107
     371.0000000        7.5140846
     372.0000000        7.4901282
     373.0000000        7.4671959
     374.0000000        7.4250100
     375.0000000        7.3891990
     376.0000000        7.3785281
     377.0000000        7.3859221
     378.0000000        7.3982797
     379.0000000        7.3599326
     380.0000000        7.3753364
     381.0000000        7.4650460
     382.0000000        7.5436260
     383.0000000        7.6374758
     384.0000000        7.6975552
     385.0000000        7.7086279
     386.0000000        7.6658073
     387.0000000        7.6357984
     388.0000000        7.5949144
     389.0000000        7.5244087
     390.0000000        7.4446072
     391.0000000        7.4083897
     392.0000000        7.3472580
     393.0000000        7.3045330
     394.0000000        7.2635509
     395.0000000        7.2367005
     396.0000000        7.2176613
     397.0000000        7.2018781
     398.0000000        7.2330470
     399.0000000        7.3195845
     400.0000000        7.3894849
     401.0000000        7.4359366
     402.0000000        7.5187208
     403.0000000        7.6069227
     404.0000000        7.6615290
     405.0000000        7.6751604
     406.0000000        7.6721182
     407.0000000        7.6142029
     408.0000000        7.5573744
     409.0000000        7.5394079
     410.0000000        7.4932918
     411.0000000        7.4695339
     412.0000000        7.4824601
     413.0000000        7.5201131
     414.0000000        7.5650455
     415.0000000        7.5735324
     416.0000000        7.5811616
     417.0000000        7.5526668
     418.0000000        7.5312421
     419.0000000        7.5479345
     420.0000000        7.5267366
     421.0000000        7.5352341
     422.0000000        7.5713405
     423.0000000        7.5984352
     424.0000000        7.6329714
     425.0000000        7.6465748
     426.0000000        7.6527390
     427.0000000        7.6481594
     428.0000000        7.6713072
     429.0000000        7.7043652
     430.0000000        7.6935115
     431.0000000        7.6688381
     432.0000000        7.6474986
     433.0000000        7.6873866
     434.0000000        7.6932811
     435.0000000        7.6809008
     436.0000000        7.6952060
     437.0000000        7.7446027
     438.0000000        7.7877004
     439.0000000        7.8432068
     440.0000000        7.8844477
     441.0000000        7.9317599
     442.0000000        7.9836374
     443.0000000        7.9474628
     444.0000000        7.8728466
     445.0000000        7.8330495
     446.0000000        7.7913942
     447.0000000        7.7699260
     448.0000000        7.7246986
     449.0000000        7.6716701
     450.0000000        7.5950012
     451.0000000        7.5425587
     452.0000000        7.5024063
     453.0000000        7.4962271
     454.0000000        7.4506714
     455.0000000        7.4131332
     456.0000000        7.4126488
     457.0000000        7.4162240
     458.0000000        7.4417703
     459.0000000        7.4405449
     460.0000000        7.4633927
     461.0000000        7.5093478
     462.0000000        7.5488272
     463.0000000        7.5280256
     464.0000000        7.5129995
     465.0000000        7.4374248
     466.0000000        7.3678919
     467.0000000        7.3357648
     468.0000000        7.3393197
     469.0000000        7.3473624
     470.0000000        7.3583439
     471.0000000        7.3163261
     472.0000000        7.2875527
     473.0000000        7.2757009
     474.0000000        7.2531985
     475.0000000        7.1987868
     476.0000000        7.1668904
     477.0000000        7.1541526
     478.0000000        7.1406680
     479.0000000        7.1730074
     480.0000000        7.2425695
     481.0000000        7.3342600
     482.0000000        7.4260376
     483.0000000        7.4902910
     484.0000000        7.5336668
     485.0000000        7.5759969
     486.0000000        7.6359410
     487.0000000        7.7021529
     488.0000000        7.7511028
     489.0000000        7.7880035
     490.0000000        7.8115639
     491.0000000        7.8038105
     492.0000000        7.8345113
     493.0000000        7.8820923
     494.0000000        7.9399433
     495.0000000        7.9634934
     496.0000000        7.9844169
     497.0000000        8.0068689
     498.0000000        7.9673958
     499.0000000        7.9477164
     500.0000000        7.9307017
     501.0000000        7.9092173
     502.0000000        7.9104483
     503.0000000        7.8694602
     504.0000000        7.7916169
     505.0000000        7.7182926
     506.0000000        7.6830179
     507.0000000        7.6727275
     508.0000000        7.6869530
     509.0000000        7.6520663
     510.0000000        7.6449247
     511.0000000        7.6590581
     512.0000000        7.6644113
     513.0000000        7.6818094
     514.0000000        7.6098488
     515.0000000        7.5678076
     516.0000000        7.5370208
     517.0000000        7.5448857
     518.0000000        7.5300649
     519.0000000        7.4989607
     520.0000000        7.4489874
     521.0000000        7.4252703
     522.0000000        7.4456911
     523.0000000        7.5045279
     524.0000000        7.5564841
     525.0000000        7.6617649
     526.0000000        7.7565607
     527.0000000        7.8216080
     528.0000000        7.8963005
     529.0000000        7.9511364
     530.0000000        7.9636093
     531.0000000        7.9488039
     532.0000000        7.9900955
     533.0000000        8.0172960
     534.0000000        8.0498415
     535.0000000        8.0792106
     536.0000000        8.1328381
     537.0000000        8.1529629
     538.0000000        8.1562520
     539.0000000        8.1588153
     540.0000000        8.1767139
     541.0000000        8.1827927
     542.0000000        8.1885072
     543.0000000        8.1644948
     544.0000000        8.0795989
     545.0000000        7.9954603
     546.0000000        7.9857957
     547.0000000        7.9703909
     548.0000000        7.9973251
     549.0000000        8.0082215
     550.0000000        8.0411988
     551.0000000        8.0625766
     552.0000000        8.0569436
     553.0000000        8.1008953
     554.0000000        8.1316299
     555.0000000        8.1123733
     556.0000000        8.0525269
     557.0000000        8.0291516
     558.0000000        7.9983018
     559.0000000        7.9730715
     560.0000000        7.9391301
     561.0000000        7.8673078
     562.0000000        7.8270023
     563.0000000        7.7890749
     564.0000000        7.7653329
     565.0000000        7.7564924
     566.0000000        7.7051787
     567.0000000        7.6347301
     568.0000000        7.5789081
     569.0000000        7.4890762
     570.0000000        7.3758626
     571.0000000        7.2753663
     572.0000000        7.1763736
     573.0000000        7.0914698
     574.0000000        7.0508504
     575.0000000        7.0405633
     576.0000000        7.0536286
     577.0000000        7.1236208
     578.0000000        7.1737960
     579.0000000        7.1962548
     580.0000000        7.2195083
     581.0000000        7.2351503
     582.0000000        7.2674780
     583.0000000        7.3128351
     584.0000000        7.3168300
     585.0000000        7.3195400
     586.0000000        7.2770480
     587.0000000        7.2079441
     588.0000000        7.1686176
     589.0000000        7.1703980
     590.0000000        7.1766645
     591.0000000        7.1964437
     592.0000000        7.2574314
     593.0000000        7.3228012
     594.0000000        7.3847715
     595.0000000        7.4002247
     596.0000000        7.4287173
     597.0000000        7.4748407
     598.0000000        7.5530691
     599.0000000        7.6161507
     600.0000000        7.6794395
