       1.0000000        2.4795077
       2.0000000        2.4711988
       3.0000000        2.4682577
       4.0000000        2.4689932
       5.0000000        2.4643960
       6.0000000        2.4555008
       7.0000000        2.4547341
       8.0000000        2.4587624
       9.0000000        2.4612513
      10.0000000        2.4633791
      11.0000000        2.4596372
      12.0000000        2.4554996
      13.0000000        2.4537296
      14.0000000        2.4529066
      15.0000000        2.4448178
      16.0000000        2.4317234
      17.0000000        2.4206455
      18.0000000        2.4134500
      19.0000000        2.4115403
      20.0000000        2.4061942
      21.0000000        2.3965766
      22.0000000        2.3898549
      23.0000000        2.3826907
      24.0000000        2.3740432
      25.0000000        2.3746459
      26.0000000        2.3784761
      27.0000000        2.3796577
      28.0000000        2.3782115
      29.0000000        2.3711710
      30.0000000        2.3555639
      31.0000000        2.3399024
      32.0000000        2.3265741
      33.0000000        2.3027112
      34.0000000        2.2808537
      35.0000000        2.2653978
      36.0000000        2.2500532
      37.0000000        2.2349782
      38.0000000        2.2150645
      39.0000000        2.1965322
      40.0000000        2.1816301
      41.0000000        2.1699541
      42.0000000        2.1527221
      43.0000000        2.1431651
      44.0000000        2.1333296
      45.0000000        2.1291311
      46.0000000        2.1242058
      47.0000000        2.1212995
      48.0000000        2.1225398
      49.0000000        2.1297367
      50.0000000        2.1364989
      51.0000000        2.1422107
      52.0000000        2.1528134
      53.0000000        2.1712070
      54.0000000        2.1871054
      55.0000000        2.2073088
      56.0000000        2.2290688
      57.0000000        2.2447648
      58.0000000        2.2651913
      59.0000000        2.2814999
      60.0000000        2.3007107
      61.0000000        2.3165395
      62.0000000        2.3313205
      63.0000000        2.3425436
      64.0000000        2.3524754
      65.0000000        2.3650861
      66.0000000        2.3652105
      67.0000000        2.3617344
      68.0000000        2.3484135
      69.0000000        2.3376431
      70.0000000        2.3250065
      71.0000000        2.3263893
      72.0000000        2.3280387
      73.0000000        2.3249447
      74.0000000        2.3131433
      75.0000000        2.2993424
      76.0000000        2.2917581
      77.0000000        2.2818553
      78.0000000        2.2713189
      79.0000000        2.2658215
      80.0000000        2.2573881
      81.0000000        2.2560809
      82.0000000        2.2554276
      83.0000000        2.2465832
      84.0000000        2.2475131
      85.0000000        2.2458127
      86.0000000        2.2419467
      87.0000000        2.2353277
      88.0000000        2.2268467
      89.0000000        2.2235494
      90.0000000        2.2228200
      91.0000000        2.2229207
      92.0000000        2.2286346
      93.0000000        2.2365019
      94.0000000        2.2477717
      95.0000000        2.2579284
      96.0000000        2.2718022
      97.0000000        2.2815228
      98.0000000        2.2890875
      99.0000000        2.2891853
     100.0000000        2.2888992
     101.0000000        2.2920880
     102.0000000        2.2980940
     103.0000000        2.2972369
     104.0000000        2.2956080
     105.0000000        2.2928202
     106.0000000        2.2899854
     107.0000000        2.2934229
     108.0000000        2.2960219
     109.0000000        2.2941604
     110.0000000        2.2956007
     111.0000000        2.2994945
     112.0000000        2.3012388
     113.0000000        2.3039906
     114.0000000        2.3101456
     115.0000000        2.3125401
     116.0000000        2.3174963
     117.0000000        2.3313096
     118.0000000        2.3366194
     119.0000000        2.3450260
     120.0000000        2.3626256
     121.0000000        2.3692062
     122.0000000        2.3700922
     123.0000000        2.3714387
     124.0000000        2.3767250
     125.0000000        2.3748517
     126.0000000        2.3807361
     127.0000000        2.3992486
     128.0000000        2.4220746
     129.0000000        2.4376850
     130.0000000        2.4446068
     131.0000000        2.4596734
     132.0000000        2.4680574
     133.0000000        2.4685547
     134.0000000        2.4760368
     135.0000000        2.4763887
     136.0000000        2.4753563
     137.0000000        2.4750040
     138.0000000        2.4753985
     139.0000000        2.4783158
     140.0000000        2.4831505
     141.0000000        2.4899745
     142.0000000        2.4937623
     143.0000000        2.5169952
     144.0000000        2.5358148
     145.0000000        2.5400081
     146.0000000        2.5464220
     147.0000000        2.5533655
     148.0000000        2.5591929
     149.0000000        2.5562170
     150.0000000        2.5487599
     151.0000000        2.5376604
     152.0000000        2.5362859
     153.0000000        2.5259635
     154.0000000        2.5205700
     155.0000000        2.5192091
     156.0000000        2.5221760
     157.0000000        2.5199363
     158.0000000        2.5008266
     159.0000000        2.4869080
     160.0000000        2.4779646
     161.0000000        2.4770567
     162.0000000        2.4713123
     163.0000000        2.4684014
     164.0000000        2.4661727
     165.0000000        2.4599612
     166.0000000        2.4446871
     167.0000000        2.4255884
     168.0000000        2.4124982
     169.0000000        2.3990161
     170.0000000        2.3884211
     171.0000000        2.3736591
     172.0000000        2.3722186
     173.0000000        2.3766928
     174.0000000        2.3726459
     175.0000000        2.3718193
     176.0000000        2.3722401
     177.0000000        2.3714771
     178.0000000        2.3639789
     179.0000000        2.3517728
     180.0000000        2.3457105
     181.0000000        2.3403203
     182.0000000        2.3457346
     183.0000000        2.3483355
     184.0000000        2.3422198
     185.0000000        2.3391633
     186.0000000        2.3379714
     187.0000000        2.3348849
     188.0000000        2.3352778
     189.0000000        2.3311758
     190.0000000        2.3234053
     191.0000000        2.3196797
     192.0000000        2.3209267
     193.0000000        2.3229668
     194.0000000        2.3271742
     195.0000000        2.3348706
     196.0000000        2.3358414
     197.0000000        2.3350840
     198.0000000        2.3319311
     199.0000000        2.3288088
     200.0000000        2.3196809
     201.0000000        2.3128066
     202.0000000        2.3058863
     203.0000000        2.3067863
     204.0000000        2.3022966
     205.0000000        2.3000095
     206.0000000        2.3000157
     207.0000000        2.2907302
     208.0000000        2.2778184
     209.0000000        2.2715256
     210.0000000        2.2732000
     211.0000000        2.2744093
     212.0000000        2.2751584
     213.0000000        2.2767241
     214.0000000        2.2680600
     215.0000000        2.2576702
     216.0000000        2.2485528
     217.0000000        2.2510340
     218.0000000        2.2561431
     219.0000000        2.2633824
     220.0000000        2.2684133
     221.0000000        2.2695208
     222.0000000        2.2689860
     223.0000000        2.2650690
     224.0000000        2.2594016
     225.0000000        2.2463200
     226.0000000        2.2372112
     227.0000000        2.2300489
     228.0000000        2.2248747
     229.0000000        2.2185707
     230.0000000        2.2138956
     231.0000000        2.2044430
     232.0000000        2.1983070
     233.0000000        2.1971288
     234.0000000        2.1963744
     235.0000000        2.1951690
     236.0000000        2.1954036
     237.0000000        2.1957889
     238.0000000        2.1967199
     239.0000000        2.1956463
     240.0000000        2.1940837
     241.0000000        2.1890807
     242.0000000        2.1883178
     243.0000000        2.1919174
     244.0000000        2.1898422
     245.0000000        2.1950130
     246.0000000        2.1982782
     247.0000000        2.1984839
     248.0000000        2.2059541
     249.0000000        2.2178929
     250.0000000        2.2240601
     251.0000000        2.2283809
     252.0000000        2.2339005
     253.0000000        2.2431419
     254.0000000        2.2524271
     255.0000000        2.2581751
     256.0000000        2.2568254
     257.0000000        2.2594213
     258.0000000        2.2626555
     259.0000000        2.2639167
     260.0000000        2.2592311
     261.0000000        2.2526355
     262.0000000        2.2433705
     263.0000000        2.2375798
     264.0000000        2.2359226
     265.0000000        2.2312434
     266.0000000        2.2271869
     267.0000000        2.2293472
     268.0000000        2.2258379
     269.0000000        2.2207956
     270.0000000        2.2118137
     271.0000000        2.2026632
     272.0000000        2.1946993
     273.0000000        2.1845794
     274.0000000        2.1847730
     275.0000000        2.1873221
     276.0000000        2.1962271
     277.0000000        2.2040865
     278.0000000        2.2064204
     279.0000000        2.2073133
     280.0000000        2.2072501
     281.0000000        2.2047331
     282.0000000        2.2066033
     283.0000000        2.2131989
     284.0000000        2.2175667
     285.0000000        2.2179272
     286.0000000        2.2184968
     287.0000000        2.2122445
     288.0000000        2.2132716
     289.0000000        2.2138684
     290.0000000        2.2107170
     291.0000000        2.2093472
     292.0000000        2.1990528
     293.0000000        2.1852643
     294.0000000        2.1753707
     295.0000000        2.1726751
     296.0000000        2.1663747
     297.0000000        2.1560526
     298.0000000        2.1523123
     299.0000000        2.1482735
     300.0000000        2.1502707
     301.0000000        2.1539934
     302.0000000        2.1573021
     303.0000000        2.1698494
     304.0000000        2.1827073
     305.0000000        2.1949527
     306.0000000        2.2067707
     307.0000000        2.2232308
     308.0000000        2.2420220
     309.0000000        2.2539811
     310.0000000        2.2617967
     311.0000000        2.2692802
     312.0000000        2.2750206
     313.0000000        2.2745068
     314.0000000        2.2825201
     315.0000000        2.2905672
     316.0000000        2.2887223
     317.0000000        2.2825844
     318.0000000        2.2896287
     319.0000000        2.2898474
     320.0000000        2.2831829
     321.0000000        2.2777836
     322.0000000        2.2751656
     323.0000000        2.2715456
     324.0000000        2.2620904
     325.0000000        2.2506485
     326.0000000        2.2325382
     327.0000000        2.2195778
     328.0000000        2.2052217
     329.0000000        2.1961985
     330.0000000        2.1921504
     331.0000000        2.1868868
     332.0000000        2.1810138
     333.0000000        2.1751900
     334.0000000        2.1658318
     335.0000000        2.1486373
     336.0000000        2.1344585
     337.0000000        2.1238985
     338.0000000        2.1125746
     339.0000000        2.1001463
     340.0000000        2.0953701
     341.0000000        2.0943146
     342.0000000        2.0980797
     343.0000000        2.1067615
     344.0000000        2.1194022
     345.0000000        2.1355875
     346.0000000        2.1510506
     347.0000000        2.1642287
     348.0000000        2.1741364
     349.0000000        2.1863856
     350.0000000        2.2080314
     351.0000000        2.2232628
     352.0000000        2.2316883
     353.0000000        2.2394676
     354.0000000        2.2453029
     355.0000000        2.2509782
     356.0000000        2.2556403
     357.0000000        2.2515597
     358.0000000        2.2476606
     359.0000000        2.2509248
     360.0000000        2.2578173
     361.0000000        2.2655649
     362.0000000        2.2727072
     363.0000000        2.2795458
     364.0000000        2.2831736
     365.0000000        2.2836320
     366.0000000        2.2839034
     367.0000000        2.2824683
     368.0000000        2.2840402
     369.0000000        2.2862978
     370.0000000        2.2845759
     371.0000000        2.2817621
     372.0000000        2.2855103
     373.0000000        2.2959013
     374.0000000        2.3140044
     375.0000000        2.3292730
     376.0000000        2.3424468
     377.0000000        2.3522146
     378.0000000        2.3665388
     379.0000000        2.3740506
     380.0000000        2.3738291
     381.0000000        2.3737638
     382.0000000        2.3749652
     383.0000000        2.3710592
     384.0000000        2.3628142
     385.0000000        2.3560658
     386.0000000        2.3543260
     387.0000000        2.3608766
     388.0000000        2.3678601
     389.0000000        2.3724127
     390.0000000        2.3816156
     391.0000000        2.3809977
     392.0000000        2.3727233
     393.0000000        2.3674374
     394.0000000        2.3595960
     395.0000000        2.3516476
     396.0000000        2.3471291
     397.0000000        2.3408434
     398.0000000        2.3466179
     399.0000000        2.3617480
     400.0000000        2.3723340
     401.0000000        2.3752544
     402.0000000        2.3776183
     403.0000000        2.3721030
     404.0000000        2.3642051
     405.0000000        2.3596952
     406.0000000        2.3571956
     407.0000000        2.3631639
     408.0000000        2.3669748
     409.0000000        2.3577175
     410.0000000        2.3444808
     411.0000000        2.3387144
     412.0000000        2.3401754
     413.0000000        2.3365037
     414.0000000        2.3316488
     415.0000000        2.3346243
     416.0000000        2.3370702
     417.0000000        2.3352950
     418.0000000        2.3299415
     419.0000000        2.3176610
     420.0000000        2.3006861
     421.0000000        2.2898123
     422.0000000        2.2869072
     423.0000000        2.2806675
     424.0000000        2.2739401
     425.0000000        2.2662652
     426.0000000        2.2601318
     427.0000000        2.2557263
     428.0000000        2.2514310
     429.0000000        2.2403851
     430.0000000        2.2290096
     431.0000000        2.2157450
     432.0000000        2.2009556
     433.0000000        2.1838205
     434.0000000        2.1738513
     435.0000000        2.1708200
     436.0000000        2.1688013
     437.0000000        2.1682878
     438.0000000        2.1678598
     439.0000000        2.1607668
     440.0000000        2.1551149
     441.0000000        2.1542106
     442.0000000        2.1517265
     443.0000000        2.1525583
     444.0000000        2.1465971
     445.0000000        2.1425748
     446.0000000        2.1402280
     447.0000000        2.1431048
     448.0000000        2.1424475
     449.0000000        2.1380913
     450.0000000        2.1374226
     451.0000000        2.1369653
     452.0000000        2.1308162
     453.0000000        2.1312656
     454.0000000        2.1318951
     455.0000000        2.1343086
     456.0000000        2.1315389
     457.0000000        2.1312032
     458.0000000        2.1323264
     459.0000000        2.1324048
     460.0000000        2.1366842
     461.0000000        2.1451097
     462.0000000        2.1506054
     463.0000000        2.1556194
     464.0000000        2.1579485
     465.0000000        2.1586249
     466.0000000        2.1665335
     467.0000000        2.1689918
     468.0000000        2.1705751
     469.0000000        2.1749854
     470.0000000        2.1819694
     471.0000000        2.1879015
     472.0000000        2.1962612
     473.0000000        2.2012868
     474.0000000        2.2109647
     475.0000000        2.2171693
     476.0000000        2.2206473
     477.0000000        2.2264404
     478.0000000        2.2302599
     479.0000000        2.2286439
     480.0000000        2.2250407
     481.0000000        2.2172954
     482.0000000        2.2072592
     483.0000000        2.1980894
     484.0000000        2.1949887
     485.0000000        2.1989708
     486.0000000        2.1958749
     487.0000000        2.1913776
     488.0000000        2.1976664
     489.0000000        2.2062557
     490.0000000        2.2110391
     491.0000000        2.2167356
     492.0000000        2.2259545
     493.0000000        2.2340531
     494.0000000        2.2530632
     495.0000000        2.2773538
     496.0000000        2.2972915
     497.0000000        2.3186402
     498.0000000        2.3440046
     499.0000000        2.3711622
     500.0000000        2.3923826
     501.0000000        2.4067116
     502.0000000        2.4177721
     503.0000000        2.4221072
     504.0000000        2.4329250
     505.0000000        2.4336734
     506.0000000        2.4338467
     507.0000000        2.4291217
     508.0000000        2.4292245
     509.0000000        2.4340320
     510.0000000        2.4353869
     511.0000000        2.4333684
     512.0000000        2.4364276
     513.0000000        2.4406257
     514.0000000        2.4421091
     515.0000000        2.4418595
     516.0000000        2.4365015
     517.0000000        2.4328041
     518.0000000        2.4322858
     519.0000000        2.4307423
     520.0000000        2.4248860
     521.0000000        2.4191971
     522.0000000        2.4085252
     523.0000000        2.3971772
     524.0000000        2.3861194
     525.0000000        2.3796649
     526.0000000        2.3736324
     527.0000000        2.3681154
     528.0000000        2.3634427
     529.0000000        2.3617516
     530.0000000        2.3553860
     531.0000000        2.3538115
     532.0000000        2.3517859
     533.0000000        2.3497019
     534.0000000        2.3454168
     535.0000000        2.3310692
     536.0000000        2.3149240
     537.0000000        2.3020341
     538.0000000        2.2996991
     539.0000000        2.2982354
     540.0000000        2.2939479
     541.0000000        2.2960346
     542.0000000        2.2951832
     543.0000000        2.2866712
     544.0000000        2.2750411
     545.0000000        2.2698948
     546.0000000        2.2665703
     547.0000000        2.2649741
     548.0000000        2.2668421
     549.0000000        2.2702024
     550.0000000        2.2733006
     551.0000000        2.2629941
     552.0000000        2.2626615
     553.0000000        2.2686002
     554.0000000        2.2790716
     555.0000000        2.2800224
     556.0000000        2.2796967
     557.0000000        2.2844827
     558.0000000        2.2825534
     559.0000000        2.2803452
     560.0000000        2.2775011
     561.0000000        2.2727616
     562.0000000        2.2617378
     563.0000000        2.2531970
     564.0000000        2.2524209
     565.0000000        2.2514553
     566.0000000        2.2491500
     567.0000000        2.2489522
     568.0000000        2.2495730
     569.0000000        2.2447519
     570.0000000        2.2443199
     571.0000000        2.2439170
     572.0000000        2.2434609
     573.0000000        2.2447307
     574.0000000        2.2467129
     575.0000000        2.2407916
     576.0000000        2.2379594
     577.0000000        2.2359381
     578.0000000        2.2343898
     579.0000000        2.2378628
     580.0000000        2.2386603
     581.0000000        2.2426207
     582.0000000        2.2410593
     583.0000000        2.2369010
     584.0000000        2.2299781
     585.0000000        2.2194052
     586.0000000        2.2113497
     587.0000000        2.2009652
     588.0000000        2.1872482
     589.0000000        2.1758029
     590.0000000        2.1683722
     591.0000000        2.1651547
     592.0000000        2.1559114
     593.0000000        2.1478903
     594.0000000        2.1356008
     595.0000000        2.1263909
     596.0000000        2.1137578
     597.0000000        2.1002171
     598.0000000        2.0912242
     599.0000000        2.0801415
     600.0000000        2.0724761
