       1.0000000        3.9703898
       2.0000000        3.6821370
       3.0000000        3.4926069
       4.0000000        3.3645802
       5.0000000        3.2872205
       6.0000000        3.2172489
       7.0000000        3.1652167
       8.0000000        3.1242089
       9.0000000        3.0905180
      10.0000000        3.0685844
      11.0000000        3.0544729
      12.0000000        3.0407083
      13.0000000        3.0176506
      14.0000000        2.9855261
      15.0000000        2.9460869
      16.0000000        2.9006207
      17.0000000        2.8487318
      18.0000000        2.7971315
      19.0000000        2.7428813
      20.0000000        2.6903534
      21.0000000        2.6429765
      22.0000000        2.6027467
      23.0000000        2.5632832
      24.0000000        2.5227540
      25.0000000        2.4870069
      26.0000000        2.4562085
      27.0000000        2.4297903
      28.0000000        2.4068301
      29.0000000        2.3855450
      30.0000000        2.3697803
      31.0000000        2.3571064
      32.0000000        2.3459578
      33.0000000        2.3369532
      34.0000000        2.3282423
      35.0000000        2.3197999
      36.0000000        2.3068709
      37.0000000        2.2937644
      38.0000000        2.2817075
      39.0000000        2.2710946
      40.0000000        2.2661858
      41.0000000        2.2681341
      42.0000000        2.2773454
      43.0000000        2.2898257
      44.0000000        2.3047359
      45.0000000        2.3196688
      46.0000000        2.3316324
      47.0000000        2.3401673
      48.0000000        2.3449051
      49.0000000        2.3474488
      50.0000000        2.3478966
      51.0000000        2.3482039
      52.0000000        2.3484108
      53.0000000        2.3499167
      54.0000000        2.3527102
      55.0000000        2.3552625
      56.0000000        2.3587987
      57.0000000        2.3617315
      58.0000000        2.3634195
      59.0000000        2.3650613
      60.0000000        2.3660848
      61.0000000        2.3642902
      62.0000000        2.3591592
      63.0000000        2.3506689
      64.0000000        2.3400702
      65.0000000        2.3308566
      66.0000000        2.3231015
      67.0000000        2.3174262
      68.0000000        2.3109312
      69.0000000        2.3054342
      70.0000000        2.3012748
      71.0000000        2.2980204
      72.0000000        2.2975128
      73.0000000        2.2990630
      74.0000000        2.3024781
      75.0000000        2.3027902
      76.0000000        2.3007812
      77.0000000        2.2945359
      78.0000000        2.2838345
      79.0000000        2.2737300
      80.0000000        2.2623301
      81.0000000        2.2441299
      82.0000000        2.2198861
      83.0000000        2.1938658
      84.0000000        2.1637580
      85.0000000        2.1279876
      86.0000000        2.0881832
      87.0000000        2.0448501
      88.0000000        2.0048225
      89.0000000        1.9687532
      90.0000000        1.9349356
      91.0000000        1.9045115
      92.0000000        1.8770803
      93.0000000        1.8550277
      94.0000000        1.8381684
      95.0000000        1.8246719
      96.0000000        1.8170905
      97.0000000        1.8140826
      98.0000000        1.8126780
      99.0000000        1.8121170
     100.0000000        1.8113838
     101.0000000        1.8051383
     102.0000000        1.8122923
     103.0000000        1.8202877
     104.0000000        1.8329091
     105.0000000        1.8464690
     106.0000000        1.8600070
     107.0000000        1.8727324
     108.0000000        1.8821735
     109.0000000        1.8893169
     110.0000000        1.9012601
     111.0000000        1.9126326
     112.0000000        1.9198805
     113.0000000        1.9239594
     114.0000000        1.9281416
     115.0000000        1.9303858
     116.0000000        1.9326507
     117.0000000        1.9355866
     118.0000000        1.9401202
     119.0000000        1.9447917
     120.0000000        1.9444103
     121.0000000        1.9430530
     122.0000000        1.9440757
     123.0000000        1.9467896
     124.0000000        1.9491568
     125.0000000        1.9519509
     126.0000000        1.9546210
     127.0000000        1.9574692
     128.0000000        1.9620643
     129.0000000        1.9696789
     130.0000000        1.9811285
     131.0000000        1.9943203
     132.0000000        2.0085719
     133.0000000        2.0243962
     134.0000000        2.0414624
     135.0000000        2.0597427
     136.0000000        2.0800126
     137.0000000        2.1018467
     138.0000000        2.1226938
     139.0000000        2.1409602
     140.0000000        2.1575155
     141.0000000        2.1712708
     142.0000000        2.1801140
     143.0000000        2.1862209
     144.0000000        2.1883996
     145.0000000        2.1879544
     146.0000000        2.1836305
     147.0000000        2.1760767
     148.0000000        2.1672947
     149.0000000        2.1592200
     150.0000000        2.1484904
     151.0000000        2.1343186
     152.0000000        2.1196969
     153.0000000        2.1063685
     154.0000000        2.0917871
     155.0000000        2.0769098
     156.0000000        2.0629988
     157.0000000        2.0499423
     158.0000000        2.0383685
     159.0000000        2.0297422
     160.0000000        2.0241613
     161.0000000        2.0213025
     162.0000000        2.0203912
     163.0000000        2.0220404
     164.0000000        2.0261168
     165.0000000        2.0303268
     166.0000000        2.0331323
     167.0000000        2.0353703
     168.0000000        2.0369885
     169.0000000        2.0379195
     170.0000000        2.0391464
     171.0000000        2.0389965
     172.0000000        2.0371127
     173.0000000        2.0358860
     174.0000000        2.0340247
     175.0000000        2.0286107
     176.0000000        2.0214334
     177.0000000        2.0117853
     178.0000000        1.9991502
     179.0000000        1.9852527
     180.0000000        1.9729376
     181.0000000        1.9618236
     182.0000000        1.9510825
     183.0000000        1.9403594
     184.0000000        1.9298736
     185.0000000        1.9223917
     186.0000000        1.9168121
     187.0000000        1.9126050
     188.0000000        1.9091152
     189.0000000        1.9064196
     190.0000000        1.9022371
     191.0000000        1.8958633
     192.0000000        1.8878311
     193.0000000        1.8776718
     194.0000000        1.8675034
     195.0000000        1.8581090
     196.0000000        1.8489324
     197.0000000        1.8402969
     198.0000000        1.8322357
     199.0000000        1.8223346
     200.0000000        1.8128650
     201.0000000        1.8008502
     202.0000000        1.7900274
     203.0000000        1.7866639
     204.0000000        1.7837989
     205.0000000        1.7784463
     206.0000000        1.7689967
     207.0000000        1.7601513
     208.0000000        1.7540612
     209.0000000        1.7540708
     210.0000000        1.7548777
     211.0000000        1.7622540
     212.0000000        1.7660091
     213.0000000        1.7712121
     214.0000000        1.7786677
     215.0000000        1.7873834
     216.0000000        1.7947705
     217.0000000        1.8061479
     218.0000000        1.8189324
     219.0000000        1.8311815
     220.0000000        1.8412771
     221.0000000        1.8548248
     222.0000000        1.8739671
     223.0000000        1.8962290
     224.0000000        1.9228600
     225.0000000        1.9489895
     226.0000000        1.9726716
     227.0000000        1.9932646
     228.0000000        2.0100725
     229.0000000        2.0246861
     230.0000000        2.0378401
     231.0000000        2.0494184
     232.0000000        2.0572827
     233.0000000        2.0596554
     234.0000000        2.0576622
     235.0000000        2.0525053
     236.0000000        2.0449729
     237.0000000        2.0346720
     238.0000000        2.0215960
     239.0000000        2.0087571
     240.0000000        1.9975680
     241.0000000        1.9891714
     242.0000000        1.9837915
     243.0000000        1.9791538
     244.0000000        1.9755948
     245.0000000        1.9719282
     246.0000000        1.9688003
     247.0000000        1.9656626
     248.0000000        1.9626014
     249.0000000        1.9601448
     250.0000000        1.9573119
     251.0000000        1.9555200
     252.0000000        1.9521744
     253.0000000        1.9488556
     254.0000000        1.9452606
     255.0000000        1.9419683
     256.0000000        1.9379650
     257.0000000        1.9346447
     258.0000000        1.9331208
     259.0000000        1.9317521
     260.0000000        1.9293772
     261.0000000        1.9312438
     262.0000000        1.9405683
     263.0000000        1.9502298
     264.0000000        1.9585727
     265.0000000        1.9659874
     266.0000000        1.9748098
     267.0000000        1.9800994
     268.0000000        1.9824646
     269.0000000        1.9825510
     270.0000000        1.9782867
     271.0000000        1.9696426
     272.0000000        1.9580684
     273.0000000        1.9453276
     274.0000000        1.9381396
     275.0000000        1.9347159
     276.0000000        1.9337312
     277.0000000        1.9364635
     278.0000000        1.9425117
     279.0000000        1.9504628
     280.0000000        1.9608870
     281.0000000        1.9720985
     282.0000000        1.9834090
     283.0000000        1.9947470
     284.0000000        2.0063877
     285.0000000        2.0178204
     286.0000000        2.0279617
     287.0000000        2.0381587
     288.0000000        2.0474672
     289.0000000        2.0555463
     290.0000000        2.0600011
     291.0000000        2.0601985
     292.0000000        2.0582438
     293.0000000        2.0532742
     294.0000000        2.0445285
     295.0000000        2.0295532
     296.0000000        2.0122626
     297.0000000        1.9923266
     298.0000000        1.9739330
     299.0000000        1.9585025
     300.0000000        1.9471005
     301.0000000        1.9373920
     302.0000000        1.9286929
     303.0000000        1.9208312
     304.0000000        1.9159214
     305.0000000        1.9098366
     306.0000000        1.9054747
     307.0000000        1.9040108
     308.0000000        1.9048575
     309.0000000        1.9059538
     310.0000000        1.9083160
     311.0000000        1.9135355
     312.0000000        1.9206601
     313.0000000        1.9279561
     314.0000000        1.9347084
     315.0000000        1.9422308
     316.0000000        1.9472600
     317.0000000        1.9525495
     318.0000000        1.9564096
     319.0000000        1.9570103
     320.0000000        1.9543715
     321.0000000        1.9584665
     322.0000000        1.9671956
     323.0000000        1.9785250
     324.0000000        1.9900036
     325.0000000        2.0024812
     326.0000000        2.0145502
     327.0000000        2.0270934
     328.0000000        2.0436845
     329.0000000        2.0648215
     330.0000000        2.0879614
     331.0000000        2.1132812
     332.0000000        2.1381741
     333.0000000        2.1612265
     334.0000000        2.1829755
     335.0000000        2.2021294
     336.0000000        2.2186539
     337.0000000        2.2339940
     338.0000000        2.2482898
     339.0000000        2.2636061
     340.0000000        2.2795894
     341.0000000        2.2968550
     342.0000000        2.3160510
     343.0000000        2.3365002
     344.0000000        2.3576329
     345.0000000        2.3794808
     346.0000000        2.4009836
     347.0000000        2.4223506
     348.0000000        2.4433327
     349.0000000        2.4619219
     350.0000000        2.4787469
     351.0000000        2.4921343
     352.0000000        2.4985025
     353.0000000        2.5000961
     354.0000000        2.4972730
     355.0000000        2.4906332
     356.0000000        2.4797115
     357.0000000        2.4660215
     358.0000000        2.4510410
     359.0000000        2.4384847
     360.0000000        2.4275427
     361.0000000        2.4154794
     362.0000000        2.4020381
     363.0000000        2.3856494
     364.0000000        2.3660605
     365.0000000        2.3440268
     366.0000000        2.3225639
     367.0000000        2.3019624
     368.0000000        2.2777998
     369.0000000        2.2507508
     370.0000000        2.2241085
     371.0000000        2.1973207
     372.0000000        2.1694958
     373.0000000        2.1402247
     374.0000000        2.1107113
     375.0000000        2.0826550
     376.0000000        2.0576849
     377.0000000        2.0357800
     378.0000000        2.0147054
     379.0000000        1.9968263
     380.0000000        1.9830016
     381.0000000        1.9703331
     382.0000000        1.9581617
     383.0000000        1.9475889
     384.0000000        1.9404484
     385.0000000        1.9365728
     386.0000000        1.9344158
     387.0000000        1.9334065
     388.0000000        1.9330111
     389.0000000        1.9354987
     390.0000000        1.9414921
     391.0000000        1.9507865
     392.0000000        1.9640076
     393.0000000        1.9784187
     394.0000000        1.9931054
     395.0000000        2.0080547
     396.0000000        2.0223985
     397.0000000        2.0379565
     398.0000000        2.0566945
     399.0000000        2.0766037
     400.0000000        2.0957677
     401.0000000        2.1124122
     402.0000000        2.1267221
     403.0000000        2.1372995
     404.0000000        2.1447897
     405.0000000        2.1508548
     406.0000000        2.1548493
     407.0000000        2.1587644
     408.0000000        2.1613810
     409.0000000        2.1625249
     410.0000000        2.1645610
     411.0000000        2.1652122
     412.0000000        2.1667571
     413.0000000        2.1717882
     414.0000000        2.1781349
     415.0000000        2.1852956
     416.0000000        2.1924987
     417.0000000        2.2007904
     418.0000000        2.2079391
     419.0000000        2.2168851
     420.0000000        2.2250445
     421.0000000        2.2307892
     422.0000000        2.2342286
     423.0000000        2.2363691
     424.0000000        2.2373929
     425.0000000        2.2381952
     426.0000000        2.2390561
     427.0000000        2.2391293
     428.0000000        2.2383885
     429.0000000        2.2385056
     430.0000000        2.2413640
     431.0000000        2.2483282
     432.0000000        2.2578306
     433.0000000        2.2688251
     434.0000000        2.2816694
     435.0000000        2.2940481
     436.0000000        2.3078554
     437.0000000        2.3236086
     438.0000000        2.3369875
     439.0000000        2.3483195
     440.0000000        2.3537011
     441.0000000        2.3555741
     442.0000000        2.3548303
     443.0000000        2.3536992
     444.0000000        2.3536079
     445.0000000        2.3566570
     446.0000000        2.3626344
     447.0000000        2.3706603
     448.0000000        2.3792524
     449.0000000        2.3875520
     450.0000000        2.3959396
     451.0000000        2.4046717
     452.0000000        2.4098110
     453.0000000        2.4141345
     454.0000000        2.4205410
     455.0000000        2.4279149
     456.0000000        2.4344437
     457.0000000        2.4403954
     458.0000000        2.4448304
     459.0000000        2.4473968
     460.0000000        2.4494429
     461.0000000        2.4461949
     462.0000000        2.4363651
     463.0000000        2.4196589
     464.0000000        2.3974051
     465.0000000        2.3708885
     466.0000000        2.3403487
     467.0000000        2.3091438
     468.0000000        2.2781794
     469.0000000        2.2468944
     470.0000000        2.2136416
     471.0000000        2.1787684
     472.0000000        2.1440570
     473.0000000        2.1123497
     474.0000000        2.0843947
     475.0000000        2.0644708
     476.0000000        2.0528316
     477.0000000        2.0477595
     478.0000000        2.0502188
     479.0000000        2.0586307
     480.0000000        2.0722761
     481.0000000        2.0916681
     482.0000000        2.1153424
     483.0000000        2.1423373
     484.0000000        2.1712046
     485.0000000        2.1996119
     486.0000000        2.2282412
     487.0000000        2.2543650
     488.0000000        2.2789235
     489.0000000        2.2991946
     490.0000000        2.3160570
     491.0000000        2.3311749
     492.0000000        2.3448148
     493.0000000        2.3559310
     494.0000000        2.3653421
     495.0000000        2.3730762
     496.0000000        2.3787155
     497.0000000        2.3807898
     498.0000000        2.3800256
     499.0000000        2.3756084
     500.0000000        2.3669710
     501.0000000        2.3528278
     502.0000000        2.3360209
     503.0000000        2.3168898
     504.0000000        2.2960429
     505.0000000        2.2740734
     506.0000000        2.2526913
     507.0000000        2.2330978
     508.0000000        2.2142115
     509.0000000        2.1957233
     510.0000000        2.1815507
     511.0000000        2.1673274
     512.0000000        2.1546283
     513.0000000        2.1443665
     514.0000000        2.1362619
     515.0000000        2.1316607
     516.0000000        2.1332293
     517.0000000        2.1366997
     518.0000000        2.1442318
     519.0000000        2.1578448
     520.0000000        2.1775365
     521.0000000        2.2030773
     522.0000000        2.2329025
     523.0000000        2.2651687
     524.0000000        2.2982521
     525.0000000        2.3309960
     526.0000000        2.3637254
     527.0000000        2.3958161
     528.0000000        2.4276142
     529.0000000        2.4559801
     530.0000000        2.4794352
     531.0000000        2.4990504
     532.0000000        2.5113499
     533.0000000        2.5168035
     534.0000000        2.5134113
     535.0000000        2.5020702
     536.0000000        2.4819915
     537.0000000        2.4565980
     538.0000000        2.4275234
     539.0000000        2.3995464
     540.0000000        2.3747025
     541.0000000        2.3545873
     542.0000000        2.3388102
     543.0000000        2.3261149
     544.0000000        2.3173127
     545.0000000        2.3111923
     546.0000000        2.3077230
     547.0000000        2.3041351
     548.0000000        2.3008046
     549.0000000        2.2966988
     550.0000000        2.2913656
     551.0000000        2.2837794
     552.0000000        2.2739747
     553.0000000        2.2602081
     554.0000000        2.2461777
     555.0000000        2.2359047
     556.0000000        2.2273223
     557.0000000        2.2196808
     558.0000000        2.2120473
     559.0000000        2.2029152
     560.0000000        2.1894081
     561.0000000        2.1749237
     562.0000000        2.1578746
     563.0000000        2.1398890
     564.0000000        2.1193287
     565.0000000        2.0964587
     566.0000000        2.0750697
     567.0000000        2.0552227
     568.0000000        2.0365233
     569.0000000        2.0197210
     570.0000000        2.0068469
     571.0000000        1.9967575
     572.0000000        1.9893436
     573.0000000        1.9819626
     574.0000000        1.9762077
     575.0000000        1.9741259
     576.0000000        1.9728712
     577.0000000        1.9710368
     578.0000000        1.9685073
     579.0000000        1.9649676
     580.0000000        1.9608113
     581.0000000        1.9567581
     582.0000000        1.9522638
     583.0000000        1.9467762
     584.0000000        1.9410391
     585.0000000        1.9360904
     586.0000000        1.9336143
     587.0000000        1.9335347
     588.0000000        1.9339265
     589.0000000        1.9337372
     590.0000000        1.9331818
     591.0000000        1.9303248
     592.0000000        1.9237499
     593.0000000        1.9160236
     594.0000000        1.9070365
     595.0000000        1.9018875
     596.0000000        1.9016001
     597.0000000        1.9031879
     598.0000000        1.9034225
     599.0000000        1.8996421
     600.0000000        1.8913754
