       1.0000000        2.2243125
       2.0000000        2.2136114
       3.0000000        2.2034914
       4.0000000        2.1954608
       5.0000000        2.1914191
       6.0000000        2.1880496
       7.0000000        2.1791141
       8.0000000        2.1657712
       9.0000000        2.1496761
      10.0000000        2.1358609
      11.0000000        2.1253233
      12.0000000        2.1198399
      13.0000000        2.1202128
      14.0000000        2.1257558
      15.0000000        2.1401043
      16.0000000        2.1611032
      17.0000000        2.1787844
      18.0000000        2.1854143
      19.0000000        2.1855140
      20.0000000        2.1853411
      21.0000000        2.1884141
      22.0000000        2.1920705
      23.0000000        2.1909842
      24.0000000        2.1873639
      25.0000000        2.1847117
      26.0000000        2.1829455
      27.0000000        2.1830606
      28.0000000        2.1821668
      29.0000000        2.1815946
      30.0000000        2.1773996
      31.0000000        2.1725783
      32.0000000        2.1687558
      33.0000000        2.1617510
      34.0000000        2.1541824
      35.0000000        2.1478932
      36.0000000        2.1417215
      37.0000000        2.1358383
      38.0000000        2.1328502
      39.0000000        2.1295824
      40.0000000        2.1242568
      41.0000000        2.1228347
      42.0000000        2.1278358
      43.0000000        2.1370351
      44.0000000        2.1453545
      45.0000000        2.1519074
      46.0000000        2.1513050
      47.0000000        2.1473334
      48.0000000        2.1452413
      49.0000000        2.1431520
      50.0000000        2.1466253
      51.0000000        2.1535733
      52.0000000        2.1588955
      53.0000000        2.1604645
      54.0000000        2.1607738
      55.0000000        2.1623862
      56.0000000        2.1663833
      57.0000000        2.1718082
      58.0000000        2.1722407
      59.0000000        2.1708546
      60.0000000        2.1651251
      61.0000000        2.1489537
      62.0000000        2.1313493
      63.0000000        2.1238170
      64.0000000        2.1240814
      65.0000000        2.1256750
      66.0000000        2.1268156
      67.0000000        2.1258810
      68.0000000        2.1196680
      69.0000000        2.1123190
      70.0000000        2.1063983
      71.0000000        2.1020572
      72.0000000        2.1000192
      73.0000000        2.0995829
      74.0000000        2.0995436
      75.0000000        2.0989032
      76.0000000        2.1000879
      77.0000000        2.1040437
      78.0000000        2.1126680
      79.0000000        2.1252072
      80.0000000        2.1367898
      81.0000000        2.1450500
      82.0000000        2.1515801
      83.0000000        2.1562040
      84.0000000        2.1601436
      85.0000000        2.1657312
      86.0000000        2.1683221
      87.0000000        2.1678879
      88.0000000        2.1654093
      89.0000000        2.1690135
      90.0000000        2.1779308
      91.0000000        2.1821718
      92.0000000        2.1790035
      93.0000000        2.1699123
      94.0000000        2.1577039
      95.0000000        2.1497769
      96.0000000        2.1454132
      97.0000000        2.1436708
      98.0000000        2.1445534
      99.0000000        2.1490035
     100.0000000        2.1555035
     101.0000000        2.1649446
     102.0000000        2.1793215
     103.0000000        2.1940341
     104.0000000        2.2056293
     105.0000000        2.2081082
     106.0000000        2.2052727
     107.0000000        2.2018199
     108.0000000        2.1993480
     109.0000000        2.1955099
     110.0000000        2.1929183
     111.0000000        2.1824548
     112.0000000        2.1675923
     113.0000000        2.1538663
     114.0000000        2.1443448
     115.0000000        2.1353834
     116.0000000        2.1267815
     117.0000000        2.1224482
     118.0000000        2.1243298
     119.0000000        2.1272328
     120.0000000        2.1273904
     121.0000000        2.1251371
     122.0000000        2.1222360
     123.0000000        2.1168540
     124.0000000        2.1143537
     125.0000000        2.1192670
     126.0000000        2.1212058
     127.0000000        2.1139431
     128.0000000        2.1065392
     129.0000000        2.1037607
     130.0000000        2.1037619
     131.0000000        2.1035199
     132.0000000        2.1051826
     133.0000000        2.1108015
     134.0000000        2.1213174
     135.0000000        2.1328697
     136.0000000        2.1460361
     137.0000000        2.1591117
     138.0000000        2.1689517
     139.0000000        2.1763864
     140.0000000        2.1792223
     141.0000000        2.1762843
     142.0000000        2.1653464
     143.0000000        2.1492701
     144.0000000        2.1366456
     145.0000000        2.1293528
     146.0000000        2.1268613
     147.0000000        2.1293843
     148.0000000        2.1282818
     149.0000000        2.1238065
     150.0000000        2.1200399
     151.0000000        2.1203353
     152.0000000        2.1244755
     153.0000000        2.1304748
     154.0000000        2.1392906
     155.0000000        2.1458170
     156.0000000        2.1502569
     157.0000000        2.1528726
     158.0000000        2.1547198
     159.0000000        2.1564493
     160.0000000        2.1591957
     161.0000000        2.1621063
     162.0000000        2.1628592
     163.0000000        2.1595268
     164.0000000        2.1556067
     165.0000000        2.1524086
     166.0000000        2.1479986
     167.0000000        2.1429665
     168.0000000        2.1376004
     169.0000000        2.1319296
     170.0000000        2.1258876
     171.0000000        2.1210525
     172.0000000        2.1202552
     173.0000000        2.1205678
     174.0000000        2.1246107
     175.0000000        2.1302924
     176.0000000        2.1325302
     177.0000000        2.1298313
     178.0000000        2.1261201
     179.0000000        2.1239991
     180.0000000        2.1272309
     181.0000000        2.1298194
     182.0000000        2.1278982
     183.0000000        2.1248505
     184.0000000        2.1258762
     185.0000000        2.1284850
     186.0000000        2.1285710
     187.0000000        2.1297483
     188.0000000        2.1360567
     189.0000000        2.1433675
     190.0000000        2.1511929
     191.0000000        2.1546364
     192.0000000        2.1488106
     193.0000000        2.1456456
     194.0000000        2.1509840
     195.0000000        2.1581242
     196.0000000        2.1637020
     197.0000000        2.1704793
     198.0000000        2.1769059
     199.0000000        2.1807308
     200.0000000        2.1855121
     201.0000000        2.1913140
     202.0000000        2.1915803
     203.0000000        2.1851609
     204.0000000        2.1819808
     205.0000000        2.1840568
     206.0000000        2.1881728
     207.0000000        2.1901546
     208.0000000        2.1859562
     209.0000000        2.1787722
     210.0000000        2.1683724
     211.0000000        2.1533167
     212.0000000        2.1403253
     213.0000000        2.1339879
     214.0000000        2.1353438
     215.0000000        2.1379604
     216.0000000        2.1427038
     217.0000000        2.1515110
     218.0000000        2.1630619
     219.0000000        2.1745079
     220.0000000        2.1821029
     221.0000000        2.1874142
     222.0000000        2.1930199
     223.0000000        2.2021284
     224.0000000        2.2093880
     225.0000000        2.2138815
     226.0000000        2.2184112
     227.0000000        2.2213538
     228.0000000        2.2197156
     229.0000000        2.2132523
     230.0000000        2.2061760
     231.0000000        2.1969965
     232.0000000        2.1863360
     233.0000000        2.1780958
     234.0000000        2.1701565
     235.0000000        2.1628253
     236.0000000        2.1570301
     237.0000000        2.1512392
     238.0000000        2.1471651
     239.0000000        2.1413012
     240.0000000        2.1311183
     241.0000000        2.1221385
     242.0000000        2.1145787
     243.0000000        2.1091576
     244.0000000        2.1057980
     245.0000000        2.1014147
     246.0000000        2.0990658
     247.0000000        2.0981085
     248.0000000        2.0973299
     249.0000000        2.0924568
     250.0000000        2.0892653
     251.0000000        2.0923197
     252.0000000        2.1007595
     253.0000000        2.1132293
     254.0000000        2.1295464
     255.0000000        2.1476521
     256.0000000        2.1629815
     257.0000000        2.1686122
     258.0000000        2.1628811
     259.0000000        2.1529160
     260.0000000        2.1474080
     261.0000000        2.1440597
     262.0000000        2.1405516
     263.0000000        2.1356730
     264.0000000        2.1299603
     265.0000000        2.1271682
     266.0000000        2.1273386
     267.0000000        2.1309052
     268.0000000        2.1322663
     269.0000000        2.1301260
     270.0000000        2.1264651
     271.0000000        2.1244528
     272.0000000        2.1219902
     273.0000000        2.1188316
     274.0000000        2.1143491
     275.0000000        2.1072035
     276.0000000        2.0992022
     277.0000000        2.0923924
     278.0000000        2.0865030
     279.0000000        2.0832410
     280.0000000        2.0846252
     281.0000000        2.0889738
     282.0000000        2.0923305
     283.0000000        2.0960541
     284.0000000        2.1021795
     285.0000000        2.1122859
     286.0000000        2.1266012
     287.0000000        2.1420453
     288.0000000        2.1560917
     289.0000000        2.1661060
     290.0000000        2.1678746
     291.0000000        2.1658583
     292.0000000        2.1642442
     293.0000000        2.1617458
     294.0000000        2.1556780
     295.0000000        2.1483777
     296.0000000        2.1426055
     297.0000000        2.1405554
     298.0000000        2.1379361
     299.0000000        2.1360703
     300.0000000        2.1356621
     301.0000000        2.1331563
     302.0000000        2.1332459
     303.0000000        2.1330235
     304.0000000        2.1319461
     305.0000000        2.1300435
     306.0000000        2.1253135
     307.0000000        2.1218913
     308.0000000        2.1230295
     309.0000000        2.1294572
     310.0000000        2.1357510
     311.0000000        2.1368515
     312.0000000        2.1351395
     313.0000000        2.1350737
     314.0000000        2.1364403
     315.0000000        2.1320574
     316.0000000        2.1236017
     317.0000000        2.1183512
     318.0000000        2.1174049
     319.0000000        2.1205966
     320.0000000        2.1246135
     321.0000000        2.1288085
     322.0000000        2.1350086
     323.0000000        2.1410284
     324.0000000        2.1457474
     325.0000000        2.1463811
     326.0000000        2.1472065
     327.0000000        2.1507332
     328.0000000        2.1548760
     329.0000000        2.1595514
     330.0000000        2.1630559
     331.0000000        2.1652105
     332.0000000        2.1677473
     333.0000000        2.1658485
     334.0000000        2.1578796
     335.0000000        2.1407588
     336.0000000        2.1263070
     337.0000000        2.1205590
     338.0000000        2.1199355
     339.0000000        2.1217067
     340.0000000        2.1208456
     341.0000000        2.1180313
     342.0000000        2.1163795
     343.0000000        2.1178794
     344.0000000        2.1231372
     345.0000000        2.1286588
     346.0000000        2.1355262
     347.0000000        2.1417704
     348.0000000        2.1477883
     349.0000000        2.1517360
     350.0000000        2.1513894
     351.0000000        2.1513057
     352.0000000        2.1549606
     353.0000000        2.1618459
     354.0000000        2.1653411
     355.0000000        2.1629317
     356.0000000        2.1630290
     357.0000000        2.1688941
     358.0000000        2.1745501
     359.0000000        2.1779859
     360.0000000        2.1732178
     361.0000000        2.1605325
     362.0000000        2.1435318
     363.0000000        2.1324637
     364.0000000        2.1296821
     365.0000000        2.1314495
     366.0000000        2.1338248
     367.0000000        2.1333046
     368.0000000        2.1319747
     369.0000000        2.1273425
     370.0000000        2.1207473
     371.0000000        2.1153309
     372.0000000        2.1102788
     373.0000000        2.1100943
     374.0000000        2.1120639
     375.0000000        2.1130917
     376.0000000        2.1147346
     377.0000000        2.1177311
     378.0000000        2.1195762
     379.0000000        2.1184771
     380.0000000        2.1161251
     381.0000000        2.1174705
     382.0000000        2.1217434
     383.0000000        2.1260843
     384.0000000        2.1316953
     385.0000000        2.1376581
     386.0000000        2.1434913
     387.0000000        2.1515713
     388.0000000        2.1573370
     389.0000000        2.1566956
     390.0000000        2.1512182
     391.0000000        2.1410108
     392.0000000        2.1330802
     393.0000000        2.1320901
     394.0000000        2.1332636
     395.0000000        2.1315074
     396.0000000        2.1274121
     397.0000000        2.1225264
     398.0000000        2.1202323
     399.0000000        2.1199574
     400.0000000        2.1224406
     401.0000000        2.1272826
     402.0000000        2.1298726
     403.0000000        2.1272993
     404.0000000        2.1202099
     405.0000000        2.1192858
     406.0000000        2.1268017
     407.0000000        2.1353848
     408.0000000        2.1406193
     409.0000000        2.1426146
     410.0000000        2.1437011
     411.0000000        2.1451352
     412.0000000        2.1460888
     413.0000000        2.1451979
     414.0000000        2.1459024
     415.0000000        2.1444788
     416.0000000        2.1446700
     417.0000000        2.1470082
     418.0000000        2.1528106
     419.0000000        2.1558261
     420.0000000        2.1552203
     421.0000000        2.1569016
     422.0000000        2.1658447
     423.0000000        2.1739323
     424.0000000        2.1739309
     425.0000000        2.1645174
     426.0000000        2.1547804
     427.0000000        2.1467044
     428.0000000        2.1354201
     429.0000000        2.1246569
     430.0000000        2.1140127
     431.0000000        2.1048884
     432.0000000        2.0993714
     433.0000000        2.1007943
     434.0000000        2.1086137
     435.0000000        2.1215279
     436.0000000        2.1385975
     437.0000000        2.1557643
     438.0000000        2.1690133
     439.0000000        2.1755886
     440.0000000        2.1748586
     441.0000000        2.1702456
     442.0000000        2.1715944
     443.0000000        2.1759887
     444.0000000        2.1828761
     445.0000000        2.1873705
     446.0000000        2.1827855
     447.0000000        2.1686389
     448.0000000        2.1524251
     449.0000000        2.1368477
     450.0000000        2.1237719
     451.0000000        2.1172793
     452.0000000        2.1162894
     453.0000000        2.1204615
     454.0000000        2.1294107
     455.0000000        2.1412978
     456.0000000        2.1487148
     457.0000000        2.1481948
     458.0000000        2.1462953
     459.0000000        2.1475468
     460.0000000        2.1540990
     461.0000000        2.1625752
     462.0000000        2.1662033
     463.0000000        2.1642294
     464.0000000        2.1561363
     465.0000000        2.1476121
     466.0000000        2.1366959
     467.0000000        2.1290653
     468.0000000        2.1245947
     469.0000000        2.1262140
     470.0000000        2.1317546
     471.0000000        2.1389174
     472.0000000        2.1440215
     473.0000000        2.1446593
     474.0000000        2.1400423
     475.0000000        2.1375439
     476.0000000        2.1350181
     477.0000000        2.1385489
     478.0000000        2.1521051
     479.0000000        2.1725922
     480.0000000        2.1890306
     481.0000000        2.1944232
     482.0000000        2.1884747
     483.0000000        2.1779687
     484.0000000        2.1694164
     485.0000000        2.1661294
     486.0000000        2.1670029
     487.0000000        2.1672394
     488.0000000        2.1686759
     489.0000000        2.1698744
     490.0000000        2.1701202
     491.0000000        2.1670444
     492.0000000        2.1609249
     493.0000000        2.1563888
     494.0000000        2.1531277
     495.0000000        2.1455772
     496.0000000        2.1395772
     497.0000000        2.1406012
     498.0000000        2.1456478
     499.0000000        2.1558053
     500.0000000        2.1604404
     501.0000000        2.1553605
     502.0000000        2.1495209
     503.0000000        2.1393180
     504.0000000        2.1302700
     505.0000000        2.1307466
     506.0000000        2.1401989
     507.0000000        2.1504529
     508.0000000        2.1560733
     509.0000000        2.1529155
     510.0000000        2.1477668
     511.0000000        2.1399062
     512.0000000        2.1319096
     513.0000000        2.1246846
     514.0000000        2.1190956
     515.0000000        2.1132257
     516.0000000        2.1075242
     517.0000000        2.1077514
     518.0000000        2.1124806
     519.0000000        2.1202154
     520.0000000        2.1285987
     521.0000000        2.1365800
     522.0000000        2.1421294
     523.0000000        2.1445088
     524.0000000        2.1423471
     525.0000000        2.1375773
     526.0000000        2.1315868
     527.0000000        2.1280627
     528.0000000        2.1233165
     529.0000000        2.1132588
     530.0000000        2.1004717
     531.0000000        2.0959775
     532.0000000        2.0998139
     533.0000000        2.1060133
     534.0000000        2.1134391
     535.0000000        2.1202931
     536.0000000        2.1292210
     537.0000000        2.1379051
     538.0000000        2.1422219
     539.0000000        2.1409202
     540.0000000        2.1372046
     541.0000000        2.1366074
     542.0000000        2.1408291
     543.0000000        2.1453083
     544.0000000        2.1511672
     545.0000000        2.1602161
     546.0000000        2.1751502
     547.0000000        2.1914229
     548.0000000        2.2045217
     549.0000000        2.2094874
     550.0000000        2.2077386
     551.0000000        2.1980782
     552.0000000        2.1824625
     553.0000000        2.1679542
     554.0000000        2.1600192
     555.0000000        2.1606131
     556.0000000        2.1648285
     557.0000000        2.1702886
     558.0000000        2.1751845
     559.0000000        2.1759498
     560.0000000        2.1754885
     561.0000000        2.1743608
     562.0000000        2.1738768
     563.0000000        2.1718633
     564.0000000        2.1644719
     565.0000000        2.1583703
     566.0000000        2.1556556
     567.0000000        2.1546302
     568.0000000        2.1513906
     569.0000000        2.1490080
     570.0000000        2.1503005
     571.0000000        2.1532245
     572.0000000        2.1523585
     573.0000000        2.1556587
     574.0000000        2.1667352
     575.0000000        2.1763821
     576.0000000        2.1788082
     577.0000000        2.1751750
     578.0000000        2.1714904
     579.0000000        2.1685553
     580.0000000        2.1684861
     581.0000000        2.1683733
     582.0000000        2.1696534
     583.0000000        2.1761494
     584.0000000        2.1802142
     585.0000000        2.1836910
     586.0000000        2.1893089
     587.0000000        2.1973631
     588.0000000        2.2023554
     589.0000000        2.1973851
     590.0000000        2.1873889
     591.0000000        2.1757839
     592.0000000        2.1663218
     593.0000000        2.1583452
     594.0000000        2.1511507
     595.0000000        2.1452501
     596.0000000        2.1434753
     597.0000000        2.1423130
     598.0000000        2.1441209
     599.0000000        2.1479475
     600.0000000        2.1521475
