       1.0000000        2.4950013
       2.0000000        2.5081162
       3.0000000        2.5259068
       4.0000000        2.5355620
       5.0000000        2.5447516
       6.0000000        2.5648718
       7.0000000        2.5760219
       8.0000000        2.5816686
       9.0000000        2.5907903
      10.0000000        2.5895836
      11.0000000        2.5802405
      12.0000000        2.5858970
      13.0000000        2.5848029
      14.0000000        2.5828607
      15.0000000        2.5767763
      16.0000000        2.5615711
      17.0000000        2.5491595
      18.0000000        2.5247889
      19.0000000        2.4927499
      20.0000000        2.4754231
      21.0000000        2.4713111
      22.0000000        2.4669838
      23.0000000        2.4499714
      24.0000000        2.4507596
      25.0000000        2.4448147
      26.0000000        2.4455736
      27.0000000        2.4643509
      28.0000000        2.4787772
      29.0000000        2.4939871
      30.0000000        2.4976277
      31.0000000        2.5010061
      32.0000000        2.5117390
      33.0000000        2.5228980
      34.0000000        2.5284555
      35.0000000        2.5452890
      36.0000000        2.5431681
      37.0000000        2.5351377
      38.0000000        2.5225883
      39.0000000        2.5175321
      40.0000000        2.5166109
      41.0000000        2.5125320
      42.0000000        2.5106914
      43.0000000        2.5064907
      44.0000000        2.5141995
      45.0000000        2.5054300
      46.0000000        2.4951053
      47.0000000        2.4863482
      48.0000000        2.4777608
      49.0000000        2.4736688
      50.0000000        2.4702680
      51.0000000        2.4744005
      52.0000000        2.4844394
      53.0000000        2.5059559
      54.0000000        2.5221357
      55.0000000        2.5272768
      56.0000000        2.5342355
      57.0000000        2.5331576
      58.0000000        2.5270014
      59.0000000        2.5191422
      60.0000000        2.5136919
      61.0000000        2.5033486
      62.0000000        2.4994802
      63.0000000        2.4957714
      64.0000000        2.4933622
      65.0000000        2.5073133
      66.0000000        2.5177722
      67.0000000        2.5352328
      68.0000000        2.5361719
      69.0000000        2.5376596
      70.0000000        2.5549874
      71.0000000        2.5628254
      72.0000000        2.5724313
      73.0000000        2.5807698
      74.0000000        2.5768301
      75.0000000        2.5687234
      76.0000000        2.5473907
      77.0000000        2.5340497
      78.0000000        2.5114918
      79.0000000        2.4953256
      80.0000000        2.4830201
      81.0000000        2.4789844
      82.0000000        2.4741192
      83.0000000        2.4653852
      84.0000000        2.4690766
      85.0000000        2.4772625
      86.0000000        2.4860542
      87.0000000        2.5018241
      88.0000000        2.5166872
      89.0000000        2.5238247
      90.0000000        2.5390630
      91.0000000        2.5472877
      92.0000000        2.5551074
      93.0000000        2.5615652
      94.0000000        2.5653439
      95.0000000        2.5646966
      96.0000000        2.5724568
      97.0000000        2.5786469
      98.0000000        2.5757210
      99.0000000        2.5749223
     100.0000000        2.5658555
     101.0000000        2.5665085
     102.0000000        2.5735838
     103.0000000        2.5713646
     104.0000000        2.5764449
     105.0000000        2.5618727
     106.0000000        2.5571086
     107.0000000        2.5529284
     108.0000000        2.5515497
     109.0000000        2.5408785
     110.0000000        2.5382245
     111.0000000        2.5386415
     112.0000000        2.5372138
     113.0000000        2.5303223
     114.0000000        2.5215507
     115.0000000        2.5178163
     116.0000000        2.5151434
     117.0000000        2.5002251
     118.0000000        2.4871814
     119.0000000        2.4754393
     120.0000000        2.4703143
     121.0000000        2.4640980
     122.0000000        2.4710724
     123.0000000        2.4765699
     124.0000000        2.4827857
     125.0000000        2.4889014
     126.0000000        2.4895351
     127.0000000        2.4885199
     128.0000000        2.4860983
     129.0000000        2.4948349
     130.0000000        2.4906228
     131.0000000        2.4946134
     132.0000000        2.4945509
     133.0000000        2.4946213
     134.0000000        2.5007374
     135.0000000        2.5067761
     136.0000000        2.5141742
     137.0000000        2.5122252
     138.0000000        2.5091982
     139.0000000        2.5114958
     140.0000000        2.5069065
     141.0000000        2.5047061
     142.0000000        2.4993348
     143.0000000        2.5020182
     144.0000000        2.5006957
     145.0000000        2.4993105
     146.0000000        2.4991922
     147.0000000        2.5102484
     148.0000000        2.5177710
     149.0000000        2.5203061
     150.0000000        2.5266876
     151.0000000        2.5222046
     152.0000000        2.5201380
     153.0000000        2.5190570
     154.0000000        2.5225000
     155.0000000        2.5173230
     156.0000000        2.5126576
     157.0000000        2.5098937
     158.0000000        2.5131800
     159.0000000        2.5248883
     160.0000000        2.5251715
     161.0000000        2.5161908
     162.0000000        2.5061238
     163.0000000        2.5098479
     164.0000000        2.5121582
     165.0000000        2.5116215
     166.0000000        2.5119240
     167.0000000        2.5214751
     168.0000000        2.5347760
     169.0000000        2.5416660
     170.0000000        2.5552404
     171.0000000        2.5621202
     172.0000000        2.5737033
     173.0000000        2.5850224
     174.0000000        2.5820045
     175.0000000        2.5821464
     176.0000000        2.5827928
     177.0000000        2.5775759
     178.0000000        2.5787160
     179.0000000        2.5820785
     180.0000000        2.5774915
     181.0000000        2.5759315
     182.0000000        2.5730524
     183.0000000        2.5631185
     184.0000000        2.5523889
     185.0000000        2.5411844
     186.0000000        2.5353158
     187.0000000        2.5342975
     188.0000000        2.5299942
     189.0000000        2.5240057
     190.0000000        2.5185356
     191.0000000        2.5158927
     192.0000000        2.5209351
     193.0000000        2.5200753
     194.0000000        2.5128820
     195.0000000        2.5100272
     196.0000000        2.5088060
     197.0000000        2.5044575
     198.0000000        2.4982822
     199.0000000        2.4950757
     200.0000000        2.4948475
     201.0000000        2.4888389
     202.0000000        2.4907813
     203.0000000        2.4864893
     204.0000000        2.4865129
     205.0000000        2.4689817
     206.0000000        2.4682634
     207.0000000        2.4719288
     208.0000000        2.4722905
     209.0000000        2.4757392
     210.0000000        2.4670565
     211.0000000        2.4573770
     212.0000000        2.4559603
     213.0000000        2.4688711
     214.0000000        2.4821692
     215.0000000        2.4836805
     216.0000000        2.4861507
     217.0000000        2.4826615
     218.0000000        2.4897430
     219.0000000        2.4893324
     220.0000000        2.4794250
     221.0000000        2.4800413
     222.0000000        2.4976749
     223.0000000        2.5208833
     224.0000000        2.5317895
     225.0000000        2.5338609
     226.0000000        2.5420535
     227.0000000        2.5423005
     228.0000000        2.5414052
     229.0000000        2.5294776
     230.0000000        2.5121970
     231.0000000        2.5059268
     232.0000000        2.5065267
     233.0000000        2.5040607
     234.0000000        2.4968147
     235.0000000        2.4947314
     236.0000000        2.4888470
     237.0000000        2.4750116
     238.0000000        2.4800906
     239.0000000        2.4817238
     240.0000000        2.4927919
     241.0000000        2.5010741
     242.0000000        2.5169709
     243.0000000        2.5298634
     244.0000000        2.5355604
     245.0000000        2.5266981
     246.0000000        2.5127528
     247.0000000        2.5094700
     248.0000000        2.5093737
     249.0000000        2.5164096
     250.0000000        2.5315642
     251.0000000        2.5476108
     252.0000000        2.5559413
     253.0000000        2.5592830
     254.0000000        2.5561440
     255.0000000        2.5619123
     256.0000000        2.5605860
     257.0000000        2.5559497
     258.0000000        2.5459006
     259.0000000        2.5367815
     260.0000000        2.5187299
     261.0000000        2.5021818
     262.0000000        2.4957864
     263.0000000        2.4962063
     264.0000000        2.4933138
     265.0000000        2.4836814
     266.0000000        2.4866917
     267.0000000        2.4868250
     268.0000000        2.4851592
     269.0000000        2.4808197
     270.0000000        2.4693329
     271.0000000        2.4617140
     272.0000000        2.4663112
     273.0000000        2.4685333
     274.0000000        2.4694257
     275.0000000        2.4711633
     276.0000000        2.4858730
     277.0000000        2.4977715
     278.0000000        2.5050135
     279.0000000        2.5064507
     280.0000000        2.5082424
     281.0000000        2.5098884
     282.0000000        2.5161080
     283.0000000        2.5197165
     284.0000000        2.5194020
     285.0000000        2.5197973
     286.0000000        2.5138063
     287.0000000        2.5012541
     288.0000000        2.5012584
     289.0000000        2.5081823
     290.0000000        2.5206275
     291.0000000        2.5312183
     292.0000000        2.5417199
     293.0000000        2.5416975
     294.0000000        2.5310128
     295.0000000        2.5362909
     296.0000000        2.5339487
     297.0000000        2.5263646
     298.0000000        2.5114155
     299.0000000        2.5081098
     300.0000000        2.5246563
     301.0000000        2.5402751
     302.0000000        2.5460274
     303.0000000        2.5422938
     304.0000000        2.5372181
     305.0000000        2.5350511
     306.0000000        2.5246308
     307.0000000        2.5195067
     308.0000000        2.5154734
     309.0000000        2.5217836
     310.0000000        2.5344427
     311.0000000        2.5406754
     312.0000000        2.5459836
     313.0000000        2.5450542
     314.0000000        2.5379679
     315.0000000        2.5254564
     316.0000000        2.5219038
     317.0000000        2.5165980
     318.0000000        2.5198960
     319.0000000        2.5306721
     320.0000000        2.5297241
     321.0000000        2.5273011
     322.0000000        2.5245974
     323.0000000        2.5293939
     324.0000000        2.5193298
     325.0000000        2.5166667
     326.0000000        2.5124052
     327.0000000        2.5069270
     328.0000000        2.5045092
     329.0000000        2.5009086
     330.0000000        2.5032170
     331.0000000        2.5108569
     332.0000000        2.5251219
     333.0000000        2.5450048
     334.0000000        2.5577216
     335.0000000        2.5552993
     336.0000000        2.5543647
     337.0000000        2.5478895
     338.0000000        2.5434968
     339.0000000        2.5312016
     340.0000000        2.5289369
     341.0000000        2.5265839
     342.0000000        2.5219290
     343.0000000        2.5117424
     344.0000000        2.5041456
     345.0000000        2.5052025
     346.0000000        2.5075350
     347.0000000        2.5110776
     348.0000000        2.5176489
     349.0000000        2.5274477
     350.0000000        2.5419300
     351.0000000        2.5439517
     352.0000000        2.5433760
     353.0000000        2.5487514
     354.0000000        2.5493841
     355.0000000        2.5412312
     356.0000000        2.5319982
     357.0000000        2.5223887
     358.0000000        2.5171187
     359.0000000        2.5109138
     360.0000000        2.5133741
     361.0000000        2.5206370
     362.0000000        2.5267017
     363.0000000        2.5281887
     364.0000000        2.5315385
     365.0000000        2.5290818
     366.0000000        2.5116572
     367.0000000        2.5046165
     368.0000000        2.5007803
     369.0000000        2.4990516
     370.0000000        2.4987493
     371.0000000        2.5009010
     372.0000000        2.4982970
     373.0000000        2.5015528
     374.0000000        2.4960539
     375.0000000        2.4862108
     376.0000000        2.4723575
     377.0000000        2.4595363
     378.0000000        2.4549248
     379.0000000        2.4472132
     380.0000000        2.4465973
     381.0000000        2.4414065
     382.0000000        2.4383216
     383.0000000        2.4433167
     384.0000000        2.4535284
     385.0000000        2.4597759
     386.0000000        2.4706037
     387.0000000        2.4782259
     388.0000000        2.4857488
     389.0000000        2.4876850
     390.0000000        2.4933367
     391.0000000        2.5062172
     392.0000000        2.5202415
     393.0000000        2.5316615
     394.0000000        2.5397680
     395.0000000        2.5453172
     396.0000000        2.5654979
     397.0000000        2.5763581
     398.0000000        2.5809057
     399.0000000        2.5865157
     400.0000000        2.5788662
     401.0000000        2.5694025
     402.0000000        2.5636649
     403.0000000        2.5582070
     404.0000000        2.5636015
     405.0000000        2.5643463
     406.0000000        2.5626011
     407.0000000        2.5560915
     408.0000000        2.5539217
     409.0000000        2.5559325
     410.0000000        2.5664587
     411.0000000        2.5717070
     412.0000000        2.5676486
     413.0000000        2.5585082
     414.0000000        2.5636179
     415.0000000        2.5638349
     416.0000000        2.5496125
     417.0000000        2.5502930
     418.0000000        2.5538862
     419.0000000        2.5490370
     420.0000000        2.5458019
     421.0000000        2.5369358
     422.0000000        2.5277879
     423.0000000        2.5248623
     424.0000000        2.5268168
     425.0000000        2.5198019
     426.0000000        2.5179024
     427.0000000        2.5200357
     428.0000000        2.5214245
     429.0000000        2.5063412
     430.0000000        2.4973023
     431.0000000        2.5006261
     432.0000000        2.5060072
     433.0000000        2.5013428
     434.0000000        2.5100207
     435.0000000        2.5278862
     436.0000000        2.5295324
     437.0000000        2.5267866
     438.0000000        2.5267620
     439.0000000        2.5176399
     440.0000000        2.5135112
     441.0000000        2.5115538
     442.0000000        2.5117888
     443.0000000        2.5092964
     444.0000000        2.5204554
     445.0000000        2.5230842
     446.0000000        2.5177352
     447.0000000        2.5279286
     448.0000000        2.5399747
     449.0000000        2.5564122
     450.0000000        2.5682695
     451.0000000        2.5726693
     452.0000000        2.5697792
     453.0000000        2.5663126
     454.0000000        2.5575209
     455.0000000        2.5511451
     456.0000000        2.5391307
     457.0000000        2.5349548
     458.0000000        2.5355077
     459.0000000        2.5421629
     460.0000000        2.5401278
     461.0000000        2.5317926
     462.0000000        2.5230837
     463.0000000        2.5192785
     464.0000000        2.5176687
     465.0000000        2.5226083
     466.0000000        2.5176671
     467.0000000        2.5134752
     468.0000000        2.5224247
     469.0000000        2.5322413
     470.0000000        2.5493617
     471.0000000        2.5615053
     472.0000000        2.5721254
     473.0000000        2.5795491
     474.0000000        2.5863309
     475.0000000        2.5783207
     476.0000000        2.5688429
     477.0000000        2.5587981
     478.0000000        2.5466878
     479.0000000        2.5467818
     480.0000000        2.5574062
     481.0000000        2.5642242
     482.0000000        2.5704391
     483.0000000        2.5762246
     484.0000000        2.5773892
     485.0000000        2.5813549
     486.0000000        2.5770471
     487.0000000        2.5698199
     488.0000000        2.5572023
     489.0000000        2.5404425
     490.0000000        2.5262165
     491.0000000        2.5107014
     492.0000000        2.4909101
     493.0000000        2.4804549
     494.0000000        2.4680371
     495.0000000        2.4521129
     496.0000000        2.4435213
     497.0000000        2.4390671
     498.0000000        2.4360962
     499.0000000        2.4393737
     500.0000000        2.4476357
     501.0000000        2.4551301
     502.0000000        2.4686737
     503.0000000        2.4818940
     504.0000000        2.4876616
     505.0000000        2.4879203
     506.0000000        2.4941721
     507.0000000        2.4901669
     508.0000000        2.4952013
     509.0000000        2.5187330
     510.0000000        2.5323963
     511.0000000        2.5414524
     512.0000000        2.5519688
     513.0000000        2.5545981
     514.0000000        2.5587649
     515.0000000        2.5677354
     516.0000000        2.5744889
     517.0000000        2.5755653
     518.0000000        2.5724571
     519.0000000        2.5634043
     520.0000000        2.5563147
     521.0000000        2.5508463
     522.0000000        2.5404131
     523.0000000        2.5347619
     524.0000000        2.5196977
     525.0000000        2.5055881
     526.0000000        2.4982347
     527.0000000        2.4860287
     528.0000000        2.4803662
     529.0000000        2.4719522
     530.0000000        2.4685194
     531.0000000        2.4633887
     532.0000000        2.4619787
     533.0000000        2.4594073
     534.0000000        2.4636595
     535.0000000        2.4632812
     536.0000000        2.4644821
     537.0000000        2.4616826
     538.0000000        2.4633827
     539.0000000        2.4654226
     540.0000000        2.4728873
     541.0000000        2.4741488
     542.0000000        2.4761844
     543.0000000        2.4816425
     544.0000000        2.4925356
     545.0000000        2.4997284
     546.0000000        2.5056281
     547.0000000        2.4948056
     548.0000000        2.4872198
     549.0000000        2.4822710
     550.0000000        2.4746983
     551.0000000        2.4747937
     552.0000000        2.4786718
     553.0000000        2.4875000
     554.0000000        2.4930766
     555.0000000        2.4934990
     556.0000000        2.5026169
     557.0000000        2.5130227
     558.0000000        2.5140426
     559.0000000        2.5125051
     560.0000000        2.5239153
     561.0000000        2.5216391
     562.0000000        2.5246165
     563.0000000        2.5313148
     564.0000000        2.5350487
     565.0000000        2.5374146
     566.0000000        2.5324194
     567.0000000        2.5229077
     568.0000000        2.5166097
     569.0000000        2.5178094
     570.0000000        2.5131063
     571.0000000        2.5021627
     572.0000000        2.5017102
     573.0000000        2.5023398
     574.0000000        2.5147343
     575.0000000        2.5362835
     576.0000000        2.5590858
     577.0000000        2.5795135
     578.0000000        2.6013708
     579.0000000        2.6194556
     580.0000000        2.6313860
     581.0000000        2.6450622
     582.0000000        2.6315029
     583.0000000        2.6284938
     584.0000000        2.6284721
     585.0000000        2.6287801
     586.0000000        2.6254132
     587.0000000        2.6341259
     588.0000000        2.6400959
     589.0000000        2.6380541
     590.0000000        2.6285677
     591.0000000        2.6187663
     592.0000000        2.6140158
     593.0000000        2.6130114
     594.0000000        2.6098256
     595.0000000        2.6085191
     596.0000000        2.5951214
     597.0000000        2.5693176
     598.0000000        2.5477591
     599.0000000        2.5309463
     600.0000000        2.5198834
