       1.0000000        0.2944091
       2.0000000        0.2953313
       3.0000000        0.2966257
       4.0000000        0.2963132
       5.0000000        0.2957465
       6.0000000        0.3001248
       7.0000000        0.3031840
       8.0000000        0.2999662
       9.0000000        0.2994560
      10.0000000        0.2990452
      11.0000000        0.2939926
      12.0000000        0.2917475
      13.0000000        0.2873613
      14.0000000        0.2829329
      15.0000000        0.2782077
      16.0000000        0.2691453
      17.0000000        0.2600349
      18.0000000        0.2517210
      19.0000000        0.2472617
      20.0000000        0.2409596
      21.0000000        0.2408882
      22.0000000        0.2402243
      23.0000000        0.2400351
      24.0000000        0.2414467
      25.0000000        0.2457624
      26.0000000        0.2504042
      27.0000000        0.2522551
      28.0000000        0.2533896
      29.0000000        0.2525755
      30.0000000        0.2544289
      31.0000000        0.2574946
      32.0000000        0.2558524
      33.0000000        0.2576928
      34.0000000        0.2659919
      35.0000000        0.2751335
      36.0000000        0.2795165
      37.0000000        0.2854163
      38.0000000        0.2952582
      39.0000000        0.3037774
      40.0000000        0.3171045
      41.0000000        0.3337997
      42.0000000        0.3526581
      43.0000000        0.3650683
      44.0000000        0.3722084
      45.0000000        0.3689437
      46.0000000        0.3614232
      47.0000000        0.3569717
      48.0000000        0.3474522
      49.0000000        0.3407720
      50.0000000        0.3346964
      51.0000000        0.3245971
      52.0000000        0.3158285
      53.0000000        0.3119901
      54.0000000        0.3125113
      55.0000000        0.3078537
      56.0000000        0.2966738
      57.0000000        0.2891749
      58.0000000        0.2852268
      59.0000000        0.2833031
      60.0000000        0.2840195
      61.0000000        0.2881660
      62.0000000        0.2891919
      63.0000000        0.2908105
      64.0000000        0.2920997
      65.0000000        0.2926671
      66.0000000        0.2933581
      67.0000000        0.2883586
      68.0000000        0.2832997
      69.0000000        0.2793718
      70.0000000        0.2719134
      71.0000000        0.2648132
      72.0000000        0.2596533
      73.0000000        0.2536263
      74.0000000        0.2487260
      75.0000000        0.2477814
      76.0000000        0.2489149
      77.0000000        0.2461809
      78.0000000        0.2405340
      79.0000000        0.2375873
      80.0000000        0.2344024
      81.0000000        0.2302544
      82.0000000        0.2290073
      83.0000000        0.2289044
      84.0000000        0.2295939
      85.0000000        0.2286431
      86.0000000        0.2241181
      87.0000000        0.2206523
      88.0000000        0.2193826
      89.0000000        0.2167984
      90.0000000        0.2111499
      91.0000000        0.2065048
      92.0000000        0.2055396
      93.0000000        0.2040314
      94.0000000        0.2028599
      95.0000000        0.2001816
      96.0000000        0.1966091
      97.0000000        0.1926609
      98.0000000        0.1898961
      99.0000000        0.1899382
     100.0000000        0.1904927
     101.0000000        0.1910007
     102.0000000        0.1910258
     103.0000000        0.1914135
     104.0000000        0.1893766
     105.0000000        0.1873223
     106.0000000        0.1864956
     107.0000000        0.1858633
     108.0000000        0.1861787
     109.0000000        0.1879783
     110.0000000        0.1906261
     111.0000000        0.1932181
     112.0000000        0.1960015
     113.0000000        0.2014510
     114.0000000        0.2078419
     115.0000000        0.2103405
     116.0000000        0.2117403
     117.0000000        0.2132295
     118.0000000        0.2144643
     119.0000000        0.2142020
     120.0000000        0.2134484
     121.0000000        0.2121774
     122.0000000        0.2100144
     123.0000000        0.2042171
     124.0000000        0.2014363
     125.0000000        0.2002561
     126.0000000        0.1992744
     127.0000000        0.1977622
     128.0000000        0.1947697
     129.0000000        0.1897126
     130.0000000        0.1881268
     131.0000000        0.1878300
     132.0000000        0.1864989
     133.0000000        0.1866990
     134.0000000        0.1875168
     135.0000000        0.1889060
     136.0000000        0.1893968
     137.0000000        0.1889628
     138.0000000        0.1869254
     139.0000000        0.1851138
     140.0000000        0.1822725
     141.0000000        0.1797617
     142.0000000        0.1807868
     143.0000000        0.1842723
     144.0000000        0.1837872
     145.0000000        0.1818574
     146.0000000        0.1812249
     147.0000000        0.1816826
     148.0000000        0.1805305
     149.0000000        0.1797378
     150.0000000        0.1813053
     151.0000000        0.1825155
     152.0000000        0.1834611
     153.0000000        0.1841290
     154.0000000        0.1842995
     155.0000000        0.1822113
     156.0000000        0.1800643
     157.0000000        0.1777339
     158.0000000        0.1756284
     159.0000000        0.1758815
     160.0000000        0.1773683
     161.0000000        0.1792988
     162.0000000        0.1812405
     163.0000000        0.1810450
     164.0000000        0.1797580
     165.0000000        0.1792434
     166.0000000        0.1796531
     167.0000000        0.1776462
     168.0000000        0.1783145
     169.0000000        0.1801450
     170.0000000        0.1825456
     171.0000000        0.1853848
     172.0000000        0.1878760
     173.0000000        0.1913537
     174.0000000        0.1921372
     175.0000000        0.1936726
     176.0000000        0.1944862
     177.0000000        0.1945777
     178.0000000        0.1938070
     179.0000000        0.1940936
     180.0000000        0.1944451
     181.0000000        0.1949483
     182.0000000        0.1919350
     183.0000000        0.1883946
     184.0000000        0.1869429
     185.0000000        0.1878738
     186.0000000        0.1900930
     187.0000000        0.1920606
     188.0000000        0.1947376
     189.0000000        0.1953032
     190.0000000        0.1948076
     191.0000000        0.1958025
     192.0000000        0.1965902
     193.0000000        0.1961481
     194.0000000        0.1944702
     195.0000000        0.1950826
     196.0000000        0.2016098
     197.0000000        0.2064575
     198.0000000        0.2122678
     199.0000000        0.2195647
     200.0000000        0.2268707
     201.0000000        0.2353656
     202.0000000        0.2443488
     203.0000000        0.2539489
     204.0000000        0.2600449
     205.0000000        0.2625978
     206.0000000        0.2644718
     207.0000000        0.2640593
     208.0000000        0.2645594
     209.0000000        0.2687361
     210.0000000        0.2688372
     211.0000000        0.2668734
     212.0000000        0.2668764
     213.0000000        0.2630255
     214.0000000        0.2578951
     215.0000000        0.2526556
     216.0000000        0.2470890
     217.0000000        0.2414240
     218.0000000        0.2390457
     219.0000000        0.2367083
     220.0000000        0.2335846
     221.0000000        0.2304680
     222.0000000        0.2299624
     223.0000000        0.2268533
     224.0000000        0.2219367
     225.0000000        0.2182163
     226.0000000        0.2148364
     227.0000000        0.2104836
     228.0000000        0.2046054
     229.0000000        0.1995680
     230.0000000        0.1958278
     231.0000000        0.1908250
     232.0000000        0.1850394
     233.0000000        0.1819106
     234.0000000        0.1808276
     235.0000000        0.1786378
     236.0000000        0.1763839
     237.0000000        0.1751218
     238.0000000        0.1731535
     239.0000000        0.1684711
     240.0000000        0.1648844
     241.0000000        0.1604405
     242.0000000        0.1550792
     243.0000000        0.1484685
     244.0000000        0.1433226
     245.0000000        0.1398451
     246.0000000        0.1368234
     247.0000000        0.1341589
     248.0000000        0.1306989
     249.0000000        0.1281508
     250.0000000        0.1271949
     251.0000000        0.1255834
     252.0000000        0.1229304
     253.0000000        0.1207930
     254.0000000        0.1205182
     255.0000000        0.1219459
     256.0000000        0.1250585
     257.0000000        0.1293742
     258.0000000        0.1326676
     259.0000000        0.1349913
     260.0000000        0.1381571
     261.0000000        0.1416640
     262.0000000        0.1457987
     263.0000000        0.1510492
     264.0000000        0.1556276
     265.0000000        0.1609015
     266.0000000        0.1641744
     267.0000000        0.1657479
     268.0000000        0.1682879
     269.0000000        0.1721493
     270.0000000        0.1755813
     271.0000000        0.1791317
     272.0000000        0.1848005
     273.0000000        0.1879311
     274.0000000        0.1919703
     275.0000000        0.1973272
     276.0000000        0.2019583
     277.0000000        0.2038527
     278.0000000        0.2037572
     279.0000000        0.2005531
     280.0000000        0.1987067
     281.0000000        0.1979568
     282.0000000        0.1983120
     283.0000000        0.1971736
     284.0000000        0.1939849
     285.0000000        0.1926626
     286.0000000        0.1910867
     287.0000000        0.1888884
     288.0000000        0.1882451
     289.0000000        0.1881427
     290.0000000        0.1871515
     291.0000000        0.1875508
     292.0000000        0.1877517
     293.0000000        0.1873043
     294.0000000        0.1892079
     295.0000000        0.1900297
     296.0000000        0.1889020
     297.0000000        0.1873277
     298.0000000        0.1850479
     299.0000000        0.1827978
     300.0000000        0.1801423
     301.0000000        0.1775277
     302.0000000        0.1755365
     303.0000000        0.1755355
     304.0000000        0.1769359
     305.0000000        0.1785121
     306.0000000        0.1807163
     307.0000000        0.1833893
     308.0000000        0.1846065
     309.0000000        0.1810063
     310.0000000        0.1785182
     311.0000000        0.1755944
     312.0000000        0.1713542
     313.0000000        0.1682969
     314.0000000        0.1634866
     315.0000000        0.1599087
     316.0000000        0.1570023
     317.0000000        0.1553118
     318.0000000        0.1546740
     319.0000000        0.1535695
     320.0000000        0.1524602
     321.0000000        0.1500442
     322.0000000        0.1494428
     323.0000000        0.1494061
     324.0000000        0.1500539
     325.0000000        0.1496443
     326.0000000        0.1500936
     327.0000000        0.1510839
     328.0000000        0.1528834
     329.0000000        0.1564190
     330.0000000        0.1597509
     331.0000000        0.1631006
     332.0000000        0.1659868
     333.0000000        0.1675648
     334.0000000        0.1700049
     335.0000000        0.1727185
     336.0000000        0.1742447
     337.0000000        0.1745257
     338.0000000        0.1755548
     339.0000000        0.1757217
     340.0000000        0.1743292
     341.0000000        0.1711512
     342.0000000        0.1663827
     343.0000000        0.1633010
     344.0000000        0.1597513
     345.0000000        0.1546998
     346.0000000        0.1497598
     347.0000000        0.1447786
     348.0000000        0.1415214
     349.0000000        0.1385386
     350.0000000        0.1378760
     351.0000000        0.1378060
     352.0000000        0.1382818
     353.0000000        0.1384705
     354.0000000        0.1389427
     355.0000000        0.1389727
     356.0000000        0.1381235
     357.0000000        0.1362115
     358.0000000        0.1355765
     359.0000000        0.1386442
     360.0000000        0.1418342
     361.0000000        0.1441476
     362.0000000        0.1477501
     363.0000000        0.1508267
     364.0000000        0.1549533
     365.0000000        0.1594645
     366.0000000        0.1628728
     367.0000000        0.1661259
     368.0000000        0.1716202
     369.0000000        0.1794145
     370.0000000        0.1867563
     371.0000000        0.1923464
     372.0000000        0.1959317
     373.0000000        0.1985419
     374.0000000        0.2024936
     375.0000000        0.2049780
     376.0000000        0.2061342
     377.0000000        0.2058960
     378.0000000        0.2069474
     379.0000000        0.2113311
     380.0000000        0.2147532
     381.0000000        0.2155089
     382.0000000        0.2138585
     383.0000000        0.2124174
     384.0000000        0.2157060
     385.0000000        0.2232421
     386.0000000        0.2290866
     387.0000000        0.2319705
     388.0000000        0.2379315
     389.0000000        0.2443605
     390.0000000        0.2482560
     391.0000000        0.2486047
     392.0000000        0.2518075
     393.0000000        0.2532892
     394.0000000        0.2536059
     395.0000000        0.2527999
     396.0000000        0.2467986
     397.0000000        0.2409339
     398.0000000        0.2373708
     399.0000000        0.2347584
     400.0000000        0.2346851
     401.0000000        0.2336767
     402.0000000        0.2322615
     403.0000000        0.2313325
     404.0000000        0.2334952
     405.0000000        0.2319011
     406.0000000        0.2267422
     407.0000000        0.2252063
     408.0000000        0.2257760
     409.0000000        0.2269805
     410.0000000        0.2309998
     411.0000000        0.2335213
     412.0000000        0.2326814
     413.0000000        0.2322357
     414.0000000        0.2320437
     415.0000000        0.2328126
     416.0000000        0.2331504
     417.0000000        0.2319183
     418.0000000        0.2346189
     419.0000000        0.2376134
     420.0000000        0.2431130
     421.0000000        0.2493836
     422.0000000        0.2534084
     423.0000000        0.2560163
     424.0000000        0.2636424
     425.0000000        0.2731247
     426.0000000        0.2822715
     427.0000000        0.2908343
     428.0000000        0.3036032
     429.0000000        0.3145914
     430.0000000        0.3184947
     431.0000000        0.3160973
     432.0000000        0.3106012
     433.0000000        0.3054966
     434.0000000        0.3049715
     435.0000000        0.3023759
     436.0000000        0.2922153
     437.0000000        0.2828858
     438.0000000        0.2761459
     439.0000000        0.2688035
     440.0000000        0.2642205
     441.0000000        0.2566775
     442.0000000        0.2446138
     443.0000000        0.2341790
     444.0000000        0.2247492
     445.0000000        0.2167855
     446.0000000        0.2113951
     447.0000000        0.2054569
     448.0000000        0.2000541
     449.0000000        0.1958548
     450.0000000        0.1923608
     451.0000000        0.1861279
     452.0000000        0.1820176
     453.0000000        0.1796907
     454.0000000        0.1808833
     455.0000000        0.1821773
     456.0000000        0.1854420
     457.0000000        0.1889070
     458.0000000        0.1925888
     459.0000000        0.1961412
     460.0000000        0.1995250
     461.0000000        0.2036185
     462.0000000        0.2082375
     463.0000000        0.2113620
     464.0000000        0.2127389
     465.0000000        0.2138488
     466.0000000        0.2139561
     467.0000000        0.2131654
     468.0000000        0.2104663
     469.0000000        0.2082163
     470.0000000        0.2057684
     471.0000000        0.2050125
     472.0000000        0.2060297
     473.0000000        0.2091651
     474.0000000        0.2119765
     475.0000000        0.2126092
     476.0000000        0.2092961
     477.0000000        0.2083375
     478.0000000        0.2046960
     479.0000000        0.2017729
     480.0000000        0.2016641
     481.0000000        0.2047750
     482.0000000        0.2106037
     483.0000000        0.2149554
     484.0000000        0.2179226
     485.0000000        0.2183281
     486.0000000        0.2166697
     487.0000000        0.2123126
     488.0000000        0.2103210
     489.0000000        0.2093477
     490.0000000        0.2082715
     491.0000000        0.2084483
     492.0000000        0.2075049
     493.0000000        0.2061201
     494.0000000        0.2054647
     495.0000000        0.2055404
     496.0000000        0.2017132
     497.0000000        0.1980637
     498.0000000        0.1937620
     499.0000000        0.1898383
     500.0000000        0.1866743
     501.0000000        0.1845199
     502.0000000        0.1815424
     503.0000000        0.1784660
     504.0000000        0.1776354
     505.0000000        0.1783259
     506.0000000        0.1776155
     507.0000000        0.1779001
     508.0000000        0.1778931
     509.0000000        0.1771992
     510.0000000        0.1770174
     511.0000000        0.1793034
     512.0000000        0.1822243
     513.0000000        0.1852988
     514.0000000        0.1860018
     515.0000000        0.1851610
     516.0000000        0.1843144
     517.0000000        0.1848123
     518.0000000        0.1830724
     519.0000000        0.1825813
     520.0000000        0.1838594
     521.0000000        0.1865242
     522.0000000        0.1860601
     523.0000000        0.1847438
     524.0000000        0.1851696
     525.0000000        0.1865786
     526.0000000        0.1874901
     527.0000000        0.1887403
     528.0000000        0.1871609
     529.0000000        0.1849523
     530.0000000        0.1827045
     531.0000000        0.1819084
     532.0000000        0.1818723
     533.0000000        0.1840935
     534.0000000        0.1878013
     535.0000000        0.1921331
     536.0000000        0.1948145
     537.0000000        0.1970011
     538.0000000        0.1989122
     539.0000000        0.2002540
     540.0000000        0.2014524
     541.0000000        0.2035088
     542.0000000        0.2027724
     543.0000000        0.2013172
     544.0000000        0.2024194
     545.0000000        0.2053357
     546.0000000        0.2069025
     547.0000000        0.2092652
     548.0000000        0.2116557
     549.0000000        0.2125921
     550.0000000        0.2105654
     551.0000000        0.2092935
     552.0000000        0.2090293
     553.0000000        0.2087642
     554.0000000        0.2057455
     555.0000000        0.2047204
     556.0000000        0.2013798
     557.0000000        0.1987317
     558.0000000        0.1961071
     559.0000000        0.1936334
     560.0000000        0.1919139
     561.0000000        0.1879906
     562.0000000        0.1860066
     563.0000000        0.1851641
     564.0000000        0.1861549
     565.0000000        0.1874452
     566.0000000        0.1868363
     567.0000000        0.1857224
     568.0000000        0.1848856
     569.0000000        0.1825802
     570.0000000        0.1798364
     571.0000000        0.1776404
     572.0000000        0.1781900
     573.0000000        0.1785379
     574.0000000        0.1800125
     575.0000000        0.1828394
     576.0000000        0.1853041
     577.0000000        0.1841779
     578.0000000        0.1816617
     579.0000000        0.1821082
     580.0000000        0.1832791
     581.0000000        0.1876591
     582.0000000        0.1894502
     583.0000000        0.1913546
     584.0000000        0.1938714
     585.0000000        0.1942961
     586.0000000        0.1956982
     587.0000000        0.1959720
     588.0000000        0.1986571
     589.0000000        0.2029510
     590.0000000        0.2067948
     591.0000000        0.2067212
     592.0000000        0.2083426
     593.0000000        0.2112860
     594.0000000        0.2160983
     595.0000000        0.2190143
     596.0000000        0.2233873
     597.0000000        0.2286241
     598.0000000        0.2352324
     599.0000000        0.2418397
     600.0000000        0.2481444
