1 0.0026573973333333
2 0.0021332973333333
3 0.0014683973333333
4 0.0028243973333333
5 -0.0040932026666667
6 -0.0012644026666667
7 -0.0081122026666667
8 -0.0093651026666667
9 -0.0035860026666667
10 -0.0053596026666667
11 -0.0035322026666667
12 -0.0076139026666667
13 -0.0072279026666667
14 -0.0001388026666667
15 0.0066040973333333
16 0.0045576973333333
17 -0.0031297026666667
18 -0.0033000026666667
19 -0.0107799026666667
20 -0.0127500026666667
21 -0.0101710026666667
22 -0.0112497026666667
23 -0.0152824026666667
24 -0.0186959026666667
25 -0.0196311026666667
26 -0.0162813026666667
27 -0.0186167026666667
28 -0.0173240026666667
29 -0.0167247026666667
30 -0.0049251026666667
31 -0.0008900026666667
32 -0.0032026026666667
33 -0.0001267026666667
34 -0.0047460026666667
35 -0.0036203026666667
36 0.0017135973333333
37 -0.0014269026666667
38 0.0047893973333333
39 0.0110016973333333
40 0.0202279973333333
41 0.0127908973333333
42 0.0067806973333333
43 0.0150770973333333
44 0.0094559973333333
45 0.0007223973333333
46 0.0033620973333333
47 0.0075046973333333
48 0.0042147973333333
49 -0.0003590026666667
50 -0.0032420026666667
51 -0.0003346026666667
52 -0.0003575026666667
53 -0.0038556026666667
54 -0.0040898026666667
55 -0.0072401026666667
56 -0.0162624026666667
57 -0.0110230026666667
58 -0.0076225026666667
59 -0.0092307026666667
60 -0.0010107026666667
61 0.0049747973333333
62 0.0004154973333333
63 0.0014779973333333
64 -0.0052587026666667
65 -0.0007004026666667
66 0.0024884973333333
67 0.0078953973333333
68 0.0052220973333333
69 0.0077673973333333
70 0.0083107973333333
71 0.0045018973333333
72 0.0025149973333333
73 0.0057470973333333
74 0.0143719973333333
75 0.0126237973333333
76 0.0093322973333333
77 0.0070202973333333
78 -0.0008231026666667
79 -0.0091282026666667
80 -0.0108519026666667
81 -0.0038779026666667
82 -0.0028345026666667
83 -0.0044037026666667
84 -0.0085381026666667
85 -0.0101751026666667
86 -0.0073325026666667
87 -0.0063489026666667
88 -0.0031147026666667
89 -0.0001956026666667
90 0.0052840973333333
91 0.0191391973333333
92 0.0179181973333333
93 0.0182667973333333
94 0.0185425973333333
95 0.0207164973333333
96 0.0167770973333333
97 0.0104695973333333
98 0.0037589973333333
99 0.0085932973333333
100 0.0103386973333333
101 0.0105666973333333
102 0.0072627973333333
103 0.0056139973333333
104 0.0051801973333333
105 -0.0017826026666667
106 -0.0008759026666667
107 -0.0005408026666667
108 -0.0055915026666667
109 -0.0102549026666667
110 -0.0168173026666667
111 -0.0133961026666667
112 -0.0137389026666667
113 -0.0148060026666667
114 -0.0134707026666667
115 -0.0140464026666667
116 -0.0108341026666667
117 -0.0079503026666667
118 -0.0142186026666667
119 -0.0097934026666667
120 -0.0102190026666667
121 -0.0127428026666667
122 -0.0157061026666667
123 -0.0113487026666667
124 -0.0083752026666667
125 -0.0008139026666667
126 -0.0009775026666667
127 -0.0065999026666667
128 -0.0002559026666667
129 0.0018421973333333
130 -0.0055021026666667
131 -0.0085819026666667
132 -0.0056464026666667
133 -0.0079497026666667
134 -0.0147522026666667
135 -0.0145068026666667
136 -0.0124763026666667
137 -0.0094972026666667
138 -0.0127751026666667
139 -0.0079755026666667
140 -0.0091344026666667
141 -0.0118131026666667
142 -0.0103311026666667
143 -0.0106870026666667
144 -0.0105660026666667
145 -0.0067994026666667
146 -0.0047467026666667
147 -0.0073380026666667
148 -0.0073852026666667
149 -0.0074327026666667
150 -0.0054665026666667
151 0.0058851973333333
152 0.0066846973333333
153 0.0041690973333333
154 0.0087522973333333
155 0.0107097973333333
156 0.0049132973333333
157 0.0170016973333333
158 0.0144829973333333
159 0.0003232973333333
160 -0.0012487026666667
161 0.0057547973333333
162 0.0011653973333333
163 -0.0018851026666667
164 -0.0040414026666667
165 -0.0049117026666667
166 -0.0003966026666667
167 -0.0027332026666667
168 -0.0013492026666667
169 -0.0066769026666667
170 -0.0106076026666667
171 -0.0061073026666667
172 -0.0058570026666667
173 -0.0023808026666667
174 -0.0036212026666667
175 -0.0070299026666667
176 -0.0149854026666667
177 -0.0123036026666667
178 -0.0113124026666667
179 -0.0164408026666667
180 -0.0112759026666667
181 -0.0083747026666667
182 -0.0098140026666667
183 -0.0091342026666667
184 -0.0102295026666667
185 -0.0100431026666667
186 -0.0038770026666667
187 -0.0033282026666667
188 0.0000204973333333
189 -0.0052013026666667
190 0.0033895973333333
191 0.0038131973333333
192 -0.0026835026666667
193 -0.0043855026666667
194 -0.0087632026666667
195 -0.0019674026666667
196 -0.0069398026666667
197 -0.0017986026666667
198 0.0013887973333333
199 -0.0010862026666667
200 -0.0041398026666667
201 -0.0140806026666667
202 -0.0195399026666667
203 -0.0224196026666667
204 -0.0143977026666667
205 -0.0143288026666667
206 -0.0165053026666667
207 -0.0180355026666667
208 -0.0139384026666667
209 -0.0134519026666667
210 -0.0086586026666667
211 -0.0089147026666667
212 -0.0086095026666667
213 -0.0112626026666667
214 -0.0121490026666667
215 -0.0109598026666667
216 -0.0104453026666667
217 -0.0189402026666667
218 -0.0173733026666667
219 -0.0163553026666667
220 -0.0075575026666667
221 -0.0097818026666667
222 -0.0077842026666667
223 -0.0057922026666667
224 -0.0053678026666667
225 -0.0053662026666667
226 -0.0105807026666667
227 -0.0128397026666667
228 -0.0137320026666667
229 -0.0118021026666667
230 -0.0090170026666667
231 -0.0077922026666667
232 -0.0048699026666667
233 -0.0010794026666667
234 -0.0119370026666667
235 -0.0032016026666667
236 -0.0043876026666667
237 -0.0109669026666667
238 -0.0104037026666667
239 -0.0065327026666667
240 -0.0031843026666667
241 0.0013034973333333
242 -0.0035690026666667
243 -0.0004995026666667
244 0.0085361973333333
245 0.0089401973333333
246 0.0090027973333333
247 0.0151978973333333
248 0.0158453973333333
249 0.0081495973333333
250 0.0022930973333333
251 0.0095837973333333
252 0.0008320973333333
253 -0.0054616026666667
254 0.0003996973333333
255 -0.0040702026666667
256 0.0013056973333333
257 0.0015488973333333
258 0.0033747973333333
259 0.0023427973333333
260 0.0067866973333333
261 0.0077695973333333
262 0.0045571973333333
263 -0.0015097026666667
264 -0.0045249026666667
265 -0.0075954026666667
266 -0.0071659026666667
267 -0.0044014026666667
268 0.0012613973333333
269 0.0084844973333333
270 0.0067009973333333
271 0.0129446973333333
272 0.0166192973333333
273 0.0117731973333333
274 0.0129412973333333
275 0.0141156973333333
276 0.0151886973333333
277 0.0153208973333333
278 0.0105406973333333
279 0.0089502973333333
280 0.0095782973333333
281 -0.0041870026666667
282 -0.0008409026666667
283 -0.0059250026666667
284 -0.0005966026666667
285 -0.0073616026666667
286 -0.0170298026666667
287 -0.0118559026666667
288 -0.0023364026666667
289 0.0020731973333333
290 -0.0012957026666667
291 0.0054750973333333
292 0.0141108973333333
293 0.0089753973333333
294 -0.0007087026666667
295 0.0016885973333333
296 0.0020844973333333
297 0.0018013973333333
298 0.0048746973333333
299 0.0045954973333333
300 -0.0027338026666667
301 0.0001010973333333
302 -0.0039141026666667
303 -0.0093146026666667
304 -0.0126461026666667
305 -0.0153793026666667
306 -0.0109438026666667
307 -0.0127470026666667
308 -0.0112827026666667
309 -0.0018280026666667
310 0.0010471973333333
311 0.0036106973333333
312 -0.0018642026666667
313 -0.0050846026666667
314 -0.0045873026666667
315 -0.0024400026666667
316 0.0083874973333333
317 0.0116211973333333
318 0.0061700973333333
319 0.0065349973333333
320 0.0079024973333333
321 0.0002396973333333
322 -0.0068878026666667
323 -0.0021998026666667
324 -0.0016015026666667
325 -0.0000426026666667
326 0.0092630973333333
327 0.0094803973333333
328 0.0127983973333333
329 0.0154552973333333
330 0.0065136973333333
331 0.0046968973333333
332 0.0082852973333333
333 0.0096622973333333
334 0.0128964973333333
335 0.0043099973333333
336 0.0051056973333333
337 0.0024735973333333
338 0.0007240973333333
339 -0.0059432026666667
340 -0.0022817026666667
341 -0.0010193026666667
342 -0.0049137026666667
343 -0.0162438026666667
344 -0.0178176026666667
345 -0.0105844026666667
346 -0.0048510026666667
347 -0.0047232026666667
348 -0.0022491026666667
349 -0.0044801026666667
350 0.0041639973333333
351 0.0081598973333333
352 0.0128935973333333
353 0.0233699973333333
354 0.0263085973333333
355 0.0355750973333333
356 0.0231583973333333
357 0.0189616973333333
358 0.0187672973333333
359 0.0117901973333333
360 0.0150688973333333
361 0.0162132973333333
362 0.0119232973333333
363 -0.0002500026666667
364 0.0034433973333333
365 0.0010447973333333
366 -0.0020765026666667
367 -0.0043523026666667
368 -0.0040244026666667
369 -0.0078600026666667
370 -0.0043855026666667
371 -0.0049311026666667
372 -0.0043328026666667
373 -0.0004737026666667
374 -0.0068144026666667
375 -0.0062626026666667
376 -0.0030065026666667
377 -0.0000008026666667
378 -0.0016548026666667
379 -0.0033307026666667
380 0.0054304973333333
381 -0.0005483026666667
382 -0.0003614026666667
383 0.0006022973333333
384 0.0027954973333333
385 0.0064010973333333
386 0.0033401973333333
387 -0.0015031026666667
388 -0.0005730026666667
389 0.0078206973333333
390 0.0090986973333333
391 0.0038143973333333
392 -0.0021742026666667
393 -0.0039889026666667
394 0.0075903973333333
395 0.0065167973333333
396 0.0051319973333333
397 0.0092581973333333
398 0.0077966973333333
399 0.0075870973333333
400 0.0031478973333333
401 0.0060540973333333
402 0.0071765973333333
403 0.0094797973333333
404 0.0093784973333333
405 0.0054641973333333
406 0.0139834973333333
407 0.0189106973333333
408 0.0238789973333333
409 0.0180293973333333
410 0.0158070973333333
411 0.0213196973333333
412 0.0244096973333333
413 0.0249338973333333
414 0.0153299973333333
415 0.0170623973333333
416 0.0164251973333333
417 0.0113048973333333
418 0.0131167973333333
419 0.0119167973333333
420 0.0148150973333333
421 0.0134678973333333
422 0.0158543973333333
423 0.0161692973333333
424 0.0127011973333333
425 0.0169722973333333
426 0.0119550973333333
427 0.0095897973333333
428 0.0107483973333333
429 0.0031340973333333
430 -0.0001115026666667
431 -0.0034562026666667
432 -0.0044456026666667
433 -0.0039594026666667
434 -0.0063711026666667
435 -0.0086875026666667
436 -0.0046826026666667
437 -0.0003953026666667
438 -0.0010141026666667
439 0.0026912973333333
440 -0.0050051026666667
441 -0.0021782026666667
442 0.0025677973333333
443 0.0071240973333333
444 0.0052065973333333
445 0.0051957973333333
446 0.0048392973333333
447 0.0029781973333333
448 -0.0004880026666667
449 -0.0073926026666667
450 -0.0090268026666667
451 -0.0143729026666667
452 -0.0100804026666667
453 -0.0071131026666667
454 -0.0078570026666667
455 -0.0067146026666667
456 -0.0114411026666667
457 -0.0089718026666667
458 -0.0022642026666667
459 -0.0042312026666667
460 -0.0059482026666667
461 -0.0023237026666667
462 -0.0003101026666667
463 -0.0063303026666667
464 -0.0060378026666667
465 -0.0064494026666667
466 -0.0029358026666667
467 -0.0043888026666667
468 -0.0096185026666667
469 -0.0095839026666667
470 -0.0082330026666667
471 -0.0027426026666667
472 -0.0016860026666667
473 -0.0035786026666667
474 -0.0082272026666667
475 -0.0126785026666667
476 -0.0110370026666667
477 -0.0116973026666667
478 -0.0135016026666667
479 -0.0129779026666667
480 -0.0071695026666667
481 -0.0099544026666667
482 -0.0081294026666667
483 -0.0101409026666667
484 -0.0122086026666667
485 -0.0089290026666667
486 -0.0084822026666667
487 -0.0076697026666667
488 -0.0085890026666667
489 -0.0061873026666667
490 -0.0075243026666667
491 -0.0114304026666667
492 -0.0153400026666667
493 -0.0121800026666667
494 -0.0131352026666667
495 -0.0117786026666667
496 -0.0117097026666667
497 -0.0047571026666667
498 -0.0055135026666667
499 -0.0100466026666667
500 -0.0076495026666667
501 -0.0091291026666667
502 -0.0098450026666667
503 -0.0103725026666667
504 -0.0067296026666667
505 -0.0016603026666667
506 0.0058757973333333
507 0.0091911973333333
508 0.0028730973333333
509 0.0068112973333333
510 0.0104027973333333
511 0.0124504973333333
512 0.0096504973333333
513 0.0082096973333333
514 0.0017647973333333
515 -0.0044791026666667
516 -0.0102777026666667
517 -0.0082872026666667
518 -0.0074049026666667
519 -0.0073993026666667
520 -0.0109297026666667
521 -0.0138897026666667
522 -0.0101528026666667
523 -0.0098987026666667
524 -0.0053258026666667
525 -0.0095161026666667
526 -0.0080835026666667
527 -0.0021820026666667
528 -0.0044636026666667
529 -0.0035637026666667
530 -0.0008073026666667
531 -0.0000460026666667
532 -0.0006280026666667
533 0.0017177973333333
534 -0.0011843026666667
535 -0.0022527026666667
536 -0.0004225026666667
537 0.0005998973333333
538 -0.0002920026666667
539 0.0057448973333333
540 0.0062756973333333
541 -0.0035368026666667
542 -0.0018131026666667
543 -0.0025933026666667
544 0.0005731973333333
545 -0.0003189026666667
546 -0.0007352026666667
547 -0.0014392026666667
548 -0.0081414026666667
549 -0.0040699026666667
550 -0.0036596026666667
551 -0.0075850026666667
552 -0.0072309026666667
553 -0.0044039026666667
554 -0.0026754026666667
555 0.0033221973333333
556 0.0006993973333333
557 -0.0043053026666667
558 -0.0034613026666667
559 -0.0021849026666667
560 -0.0060250026666667
561 -0.0027091026666667
562 -0.0078918026666667
563 -0.0073506026666667
564 -0.0096026026666667
565 -0.0120465026666667
566 -0.0231077026666667
567 -0.0208452026666667
568 -0.0083351026666667
569 -0.0008048026666667
570 -0.0027356026666667
571 -0.0017509026666667
572 0.0012152973333333
573 -0.0034250026666667
574 -0.0040167026666667
575 0.0033938973333333
576 0.0037994973333333
577 0.0052000973333333
578 0.0065759973333333
579 0.0051322973333333
580 0.0092787973333333
581 -0.0001442026666667
582 0.0010784973333333
583 0.0009711973333333
584 0.0039778973333333
585 0.0093531973333333
586 -0.0009898026666667
587 0.0023231973333333
588 -0.0012030026666667
589 0.0004569973333333
590 0.0042174973333333
591 0.0065314973333333
592 0.0050322973333333
593 -0.0008258026666667
594 0.0037944973333333
595 0.0087334973333333
596 0.0112185973333333
597 0.0046676973333333
598 0.0026869973333333
599 0.0005158973333333
600 0.0054535973333333
