1 0.0240689668333334
2 0.0188891668333334
3 0.0033171668333334
4 -0.0065825331666666
5 -0.0146544331666666
6 -0.0055057331666666
7 -0.0118626331666666
8 -0.0076199331666666
9 -0.0092571331666666
10 -0.0142600331666666
11 -0.0147137331666666
12 -0.0026406331666666
13 0.0073331668333334
14 -0.0045217331666666
15 -0.0168237331666666
16 -0.0233081331666666
17 -0.0249820331666666
18 -0.0235072331666666
19 -0.0194297331666666
20 -0.0227106331666666
21 -0.0279244331666666
22 -0.0145143331666666
23 -0.0108536331666666
24 -0.0265339331666666
25 -0.0378811331666666
26 -0.0383659331666666
27 -0.0347621331666666
28 -0.0238998331666666
29 -0.0259878331666666
30 -0.0337763331666666
31 -0.0283351331666666
32 -0.0168285331666666
33 -0.0137945331666666
34 -0.0117825331666666
35 -0.0113781331666666
36 -0.0050893331666666
37 0.0082141668333334
38 0.0244910668333334
39 0.0219267668333334
40 0.0218507668333334
41 0.0308761668333334
42 0.0367873668333334
43 0.0411772668333334
44 0.0415611668333334
45 0.0403442668333334
46 0.0291403668333334
47 0.0339851668333334
48 0.0307287668333334
49 0.0126218668333334
50 -0.0032671331666666
51 -0.0061330331666666
52 -0.0104768331666666
53 -0.0143419331666666
54 -0.0136086331666666
55 -0.0157691331666666
56 -0.0192081331666666
57 -0.0128095331666666
58 -0.0063229331666666
59 -0.0167928331666666
60 -0.0198741331666666
61 -0.0124214331666666
62 -0.0098463331666666
63 -0.0116521331666666
64 -0.0268553331666666
65 -0.0235729331666666
66 -0.0066978331666666
67 -0.0027085331666666
68 -0.0068679331666666
69 -0.0150805331666666
70 -0.0229227331666666
71 -0.0061846331666666
72 0.0105766668333334
73 0.0019945668333334
74 -0.0046785331666666
75 -0.0042922331666666
76 0.0003262668333334
77 0.0076957668333334
78 0.0062388668333334
79 0.0007749668333334
80 -0.0082934331666666
81 0.0109325668333334
82 0.0224719668333334
83 0.0239949668333334
84 0.0206774668333334
85 0.0041519668333334
86 0.0153045668333334
87 0.0405114668333334
88 0.0355700668333334
89 0.0263654668333334
90 0.0374324668333334
91 0.0349850668333334
92 0.0297054668333334
93 0.0190107668333334
94 0.0128419668333334
95 0.0082647668333334
96 0.0040332668333334
97 -0.0025761331666666
98 0.0026038668333334
99 0.0094353668333334
100 0.0207940668333334
101 0.0297707668333334
102 0.0370378668333334
103 0.0233149668333334
104 -0.0081158331666666
105 -0.0107393331666666
106 -0.0034812331666666
107 -0.0140309331666666
108 -0.0113155331666666
109 -0.0138941331666666
110 -0.0180899331666666
111 -0.0198206331666666
112 -0.0282837331666666
113 -0.0232716331666666
114 -0.0084319331666666
115 0.0061834668333334
116 0.0010133668333334
117 -0.0093281331666666
118 -0.0106633331666666
119 -0.0097836331666666
120 -0.0115600331666666
121 -0.0048586331666666
122 -0.0068113331666666
123 -0.0128328331666666
124 -0.0168691331666666
125 -0.0085427331666666
126 -0.0087654331666666
127 -0.0087063331666666
128 0.0027883668333334
129 -0.0030812331666666
130 -0.0015356331666666
131 -0.0033137331666666
132 -0.0050964331666666
133 0.0025200668333334
134 0.0099110668333334
135 0.0086539668333334
136 0.0072737668333334
137 0.0088923668333334
138 0.0215393668333334
139 0.0328855668333334
140 0.0103974668333334
141 -0.0031500331666666
142 0.0023080668333334
143 0.0086387668333334
144 0.0115904668333334
145 0.0089040668333334
146 0.0100557668333334
147 0.0007015668333334
148 -0.0129531331666666
149 -0.0264882331666666
150 -0.0209741331666666
151 -0.0061875331666666
152 -0.0038151331666666
153 -0.0088664331666666
154 -0.0151528331666666
155 -0.0224413331666666
156 -0.0266229331666666
157 -0.0075325331666666
158 0.0151126668333334
159 0.0133931668333334
160 0.0152243668333334
161 0.0207070668333334
162 0.0274656668333334
163 0.0253850668333334
164 0.0307779668333334
165 0.0423201668333334
166 0.0391258668333334
167 0.0248855668333334
168 0.0109464668333334
169 0.0049620668333334
170 0.0026172668333334
171 0.0011429668333334
172 0.0073222668333334
173 0.0051876668333334
174 -0.0101129331666666
175 -0.0146415331666666
176 -0.0108704331666666
177 -0.0059140331666666
178 -0.0022199331666666
179 -0.0085730331666666
180 -0.0154313331666666
181 -0.0130603331666666
182 -0.0084918331666666
183 -0.0056073331666666
184 0.0105036668333334
185 0.0332819668333334
186 0.0352348668333334
187 0.0296398668333334
188 0.0273607668333334
189 0.0283352668333334
190 0.0172828668333334
191 -0.0030070331666666
192 -0.0120740331666666
193 -0.0146590331666666
194 -0.0147010331666666
195 -0.0073635331666666
196 -0.0029156331666666
197 0.0111135668333334
198 0.0327485668333334
199 0.0298431668333334
200 0.0112197668333334
201 -0.0003764331666666
202 -0.0007631331666666
203 0.0071089668333334
204 0.0065118668333334
205 0.0085279668333334
206 0.0008143668333334
207 -0.0084805331666666
208 -0.0077215331666666
209 -0.0117186331666666
210 -0.0126686331666666
211 -0.0070082331666666
212 -0.0030992331666666
213 0.0061171668333334
214 0.0121056668333334
215 0.0132253668333334
216 0.0052784668333334
217 0.0012431668333334
218 0.0023837668333334
219 0.0033934668333334
220 0.0161180668333334
221 0.0315736668333334
222 0.0231248668333334
223 0.0121787668333334
224 0.0131343668333334
225 0.0139500668333334
226 -0.0002103331666666
227 -0.0112193331666666
228 -0.0036282331666666
229 0.0042371668333334
230 0.0092554668333334
231 -0.0005105331666666
232 0.0071997668333334
233 0.0099658668333334
234 0.0057413668333334
235 0.0119579668333334
236 0.0138247668333334
237 0.0168656668333334
238 0.0208239668333334
239 0.0045621668333334
240 -0.0004396331666666
241 0.0128256668333334
242 0.0135307668333334
243 0.0223906668333334
244 0.0239539668333334
245 0.0119982668333334
246 0.0158152668333334
247 0.0173559668333334
248 0.0141850668333334
249 0.0032989668333334
250 0.0022672668333334
251 0.0065866668333334
252 -0.0020478331666666
253 -0.0017383331666666
254 0.0098418668333334
255 0.0136257668333334
256 0.0225308668333334
257 0.0157518668333334
258 0.0133837668333334
259 0.0210024668333334
260 0.0186251668333334
261 0.0147097668333334
262 0.0136951668333334
263 0.0094185668333334
264 0.0068859668333334
265 0.0053699668333334
266 -0.0036802331666666
267 0.0048894668333334
268 0.0119691668333334
269 0.0013145668333334
270 -0.0019964331666666
271 0.0068673668333334
272 0.0046846668333334
273 -0.0074215331666666
274 -0.0255519331666666
275 -0.0366904331666666
276 -0.0223570331666666
277 -0.0060151331666666
278 -0.0068416331666666
279 0.0005933668333334
280 -0.0009641331666666
281 -0.0109853331666666
282 -0.0139141331666666
283 -0.0170353331666666
284 -0.0235297331666666
285 -0.0285393331666666
286 -0.0240417331666666
287 -0.0261913331666666
288 -0.0139348331666666
289 -0.0015062331666666
290 0.0109525668333334
291 0.0244982668333334
292 0.0222572668333334
293 0.0270208668333334
294 0.0411246668333334
295 0.0333036668333334
296 0.0269454668333334
297 0.0267170668333334
298 0.0276407668333334
299 0.0222136668333334
300 0.0169357668333334
301 0.0205708668333334
302 0.0092822668333334
303 -0.0182454331666666
304 -0.0312664331666666
305 -0.0380416331666666
306 -0.0374209331666666
307 -0.0294968331666666
308 -0.0166315331666666
309 -0.0166610331666666
310 -0.0220114331666666
311 -0.0160362331666666
312 -0.0087507331666666
313 -0.0047146331666666
314 -0.0094630331666666
315 -0.0099364331666666
316 -0.0012521331666666
317 0.0174001668333334
318 0.0122535668333334
319 -0.0001011331666666
320 -0.0007893331666666
321 -0.0021434331666666
322 -0.0056750331666666
323 -0.0089225331666666
324 -0.0202661331666666
325 -0.0222379331666666
326 -0.0141711331666666
327 -0.0098058331666666
328 -0.0006097331666666
329 0.0128310668333334
330 0.0221279668333334
331 0.0355792668333334
332 0.0458684668333334
333 0.0356236668333334
334 0.0281583668333334
335 0.0514590668333334
336 0.0557028668333334
337 0.0376571668333334
338 0.0274563668333334
339 0.0226421668333334
340 0.0205147668333334
341 0.0297587668333334
342 0.0219274668333334
343 0.0042372668333334
344 0.0076749668333334
345 0.0314582668333334
346 0.0489872668333334
347 0.0340121668333334
348 0.0136468668333334
349 0.0188478668333334
350 0.0091275668333334
351 -0.0073676331666666
352 -0.0073446331666666
353 0.0043290668333334
354 0.0189361668333334
355 0.0296306668333334
356 0.0361841668333334
357 0.0357129668333334
358 0.0267365668333334
359 0.0012706668333334
360 -0.0017046331666666
361 0.0134928668333334
362 0.0266043668333334
363 0.0270167668333334
364 0.0101792668333334
365 0.0017088668333334
366 0.0074658668333334
367 0.0078271668333334
368 -0.0029164331666666
369 -0.0114465331666666
370 -0.0047181331666666
371 -0.0025987331666666
372 0.0091401668333334
373 0.0181386668333334
374 0.0347860668333334
375 0.0342936668333334
376 0.0176999668333334
377 0.0044108668333334
378 0.0035000668333334
379 0.0062059668333334
380 0.0034529668333334
381 0.0182605668333334
382 0.0293183668333334
383 0.0218169668333334
384 0.0074761668333334
385 0.0054609668333334
386 0.0114148668333334
387 0.0077127668333334
388 -0.0034545331666666
389 -0.0021719331666666
390 -0.0078374331666666
391 -0.0019313331666666
392 0.0037092668333334
393 0.0014750668333334
394 0.0104726668333334
395 0.0219836668333334
396 0.0280962668333334
397 0.0426646668333334
398 0.0476719668333334
399 0.0551239668333334
400 0.0641574668333334
401 0.0627732668333334
402 0.0454986668333334
403 0.0294202668333334
404 0.0225453668333334
405 0.0220553668333334
406 0.0046030668333334
407 -0.0027856331666666
408 -0.0062582331666666
409 -0.0177465331666666
410 -0.0240851331666666
411 -0.0065702331666666
412 0.0074907668333334
413 0.0122897668333334
414 0.0114665668333334
415 -0.0009433331666666
416 -0.0008676331666666
417 0.0193207668333334
418 0.0113972668333334
419 0.0121155668333334
420 0.0241117668333334
421 0.0326571668333334
422 0.0314558668333334
423 0.0278513668333334
424 0.0200837668333334
425 0.0350384668333334
426 0.0481624668333334
427 0.0518560668333334
428 0.0516565668333334
429 0.0504543668333334
430 0.0586527668333334
431 0.0721538668333334
432 0.0720741668333334
433 0.0570708668333334
434 0.0457592668333334
435 0.0269043668333334
436 0.0157657668333334
437 0.0278219668333334
438 0.0277898668333334
439 0.0129602668333334
440 0.0001342668333334
441 -0.0044606331666666
442 -0.0030568331666666
443 -0.0104389331666666
444 -0.0184812331666666
445 -0.0209571331666666
446 -0.0187130331666666
447 -0.0101751331666666
448 -0.0116740331666666
449 -0.0092275331666666
450 -0.0029612331666666
451 0.0074517668333334
452 0.0132380668333334
453 0.0065946668333334
454 -0.0011756331666666
455 -0.0227666331666666
456 -0.0159831331666666
457 -0.0002057331666666
458 -0.0030164331666666
459 -0.0089686331666666
460 -0.0027725331666666
461 0.0067995668333334
462 0.0008848668333334
463 0.0178145668333334
464 0.0205056668333334
465 -0.0027295331666666
466 -0.0006718331666666
467 0.0157755668333334
468 0.0237049668333334
469 0.0231500668333334
470 0.0223989668333334
471 0.0208478668333334
472 0.0278433668333334
473 0.0152871668333334
474 -0.0022331331666666
475 -0.0040319331666666
476 0.0157525668333334
477 0.0140874668333334
478 -0.0047418331666666
479 -0.0106636331666666
480 -0.0104088331666666
481 -0.0047769331666666
482 0.0025554668333334
483 0.0090196668333334
484 0.0022991668333334
485 -0.0021711331666666
486 -0.0092452331666666
487 -0.0086670331666666
488 -0.0116075331666666
489 -0.0132332331666666
490 -0.0182365331666666
491 -0.0338133331666666
492 -0.0294356331666666
493 -0.0063939331666666
494 0.0189739668333334
495 0.0212477668333334
496 0.0144832668333334
497 -0.0005061331666666
498 0.0018138668333334
499 0.0088510668333334
500 0.0126047668333334
501 0.0108549668333334
502 -0.0008956331666666
503 -0.0001551331666666
504 0.0127850668333334
505 0.0087074668333334
506 -0.0070370331666666
507 -0.0280662331666666
508 -0.0331250331666666
509 -0.0279757331666666
510 -0.0288190331666666
511 -0.0277785331666666
512 -0.0153051331666666
513 -0.0020027331666666
514 -0.0034064331666666
515 -0.0105065331666666
516 -0.0101260331666666
517 -0.0110451331666666
518 -0.0307251331666666
519 -0.0492473331666666
520 -0.0374461331666666
521 -0.0272548331666666
522 -0.0273028331666666
523 -0.0130109331666666
524 -0.0092312331666666
525 -0.0053789331666666
526 -0.0018627331666666
527 -0.0131482331666666
528 -0.0142578331666666
529 0.0058935668333334
530 0.0356588668333334
531 0.0340136668333334
532 0.0103814668333334
533 0.0131622668333334
534 0.0245024668333334
535 0.0214554668333334
536 0.0233993668333334
537 0.0405335668333334
538 0.0470656668333334
539 0.0466924668333334
540 0.0260937668333334
541 0.0169994668333334
542 0.0350423668333334
543 0.0334525668333334
544 0.0320463668333334
545 0.0233717668333334
546 0.0134679668333334
547 -0.0017801331666666
548 -0.0151831331666666
549 -0.0290437331666666
550 -0.0269933331666666
551 -0.0020742331666666
552 0.0139462668333334
553 0.0214201668333334
554 0.0229542668333334
555 0.0194469668333334
556 0.0127147668333334
557 0.0124439668333334
558 0.0105757668333334
559 0.0129994668333334
560 0.0204926668333334
561 0.0149691668333334
562 0.0076217668333334
563 0.0239098668333334
564 0.0336152668333334
565 0.0284032668333334
566 0.0212742668333334
567 0.0178748668333334
568 0.0177085668333334
569 0.0185796668333334
570 0.0209731668333334
571 0.0159804668333334
572 0.0071631668333334
573 0.0142411668333334
574 0.0226568668333334
575 0.0218183668333334
576 0.0187503668333334
577 0.0115981668333334
578 0.0053038668333334
579 0.0046480668333334
580 0.0028274668333334
581 0.0105989668333334
582 0.0189509668333334
583 0.0202905668333334
584 0.0284224668333334
585 0.0322575668333334
586 0.0301836668333334
587 0.0289734668333334
588 0.0205441668333334
589 0.0172702668333334
590 0.0081501668333334
591 -0.0029536331666666
592 -0.0097128331666666
593 0.0105411668333334
594 0.0253106668333334
595 0.0221055668333334
596 -0.0010571331666666
597 -0.0129357331666666
598 -0.0062445331666666
599 -0.0078081331666666
600 -0.0138721331666666
