       1.0000000        0.2760344
       2.0000000        0.2681414
       3.0000000        0.2647147
       4.0000000        0.2636560
       5.0000000        0.2624160
       6.0000000        0.2624725
       7.0000000        0.2656484
       8.0000000        0.2663881
       9.0000000        0.2684346
      10.0000000        0.2707617
      11.0000000        0.2695994
      12.0000000        0.2756381
      13.0000000        0.2896135
      14.0000000        0.3055096
      15.0000000        0.3173949
      16.0000000        0.3298085
      17.0000000        0.3389115
      18.0000000        0.3519072
      19.0000000        0.3635869
      20.0000000        0.3747810
      21.0000000        0.3856653
      22.0000000        0.3882625
      23.0000000        0.3888169
      24.0000000        0.3875295
      25.0000000        0.3784978
      26.0000000        0.3666575
      27.0000000        0.3554316
      28.0000000        0.3517497
      29.0000000        0.3521109
      30.0000000        0.3452021
      31.0000000        0.3334928
      32.0000000        0.3245196
      33.0000000        0.3200730
      34.0000000        0.3141014
      35.0000000        0.3046021
      36.0000000        0.2931898
      37.0000000        0.2890555
      38.0000000        0.2873830
      39.0000000        0.2799828
      40.0000000        0.2703656
      41.0000000        0.2678015
      42.0000000        0.2662186
      43.0000000        0.2604538
      44.0000000        0.2553222
      45.0000000        0.2501122
      46.0000000        0.2487207
      47.0000000        0.2472680
      48.0000000        0.2470414
      49.0000000        0.2490743
      50.0000000        0.2480000
      51.0000000        0.2524955
      52.0000000        0.2581629
      53.0000000        0.2627651
      54.0000000        0.2637612
      55.0000000        0.2636104
      56.0000000        0.2621003
      57.0000000        0.2545369
      58.0000000        0.2464070
      59.0000000        0.2368556
      60.0000000        0.2306613
      61.0000000        0.2286032
      62.0000000        0.2258206
      63.0000000        0.2213891
      64.0000000        0.2173518
      65.0000000        0.2138946
      66.0000000        0.2101787
      67.0000000        0.2044862
      68.0000000        0.1978544
      69.0000000        0.1906597
      70.0000000        0.1838142
      71.0000000        0.1763476
      72.0000000        0.1730813
      73.0000000        0.1704262
      74.0000000        0.1680856
      75.0000000        0.1664504
      76.0000000        0.1660734
      77.0000000        0.1669638
      78.0000000        0.1690849
      79.0000000        0.1727816
      80.0000000        0.1732971
      81.0000000        0.1715582
      82.0000000        0.1679799
      83.0000000        0.1666169
      84.0000000        0.1665534
      85.0000000        0.1680900
      86.0000000        0.1703431
      87.0000000        0.1723416
      88.0000000        0.1745422
      89.0000000        0.1776425
      90.0000000        0.1796211
      91.0000000        0.1852186
      92.0000000        0.1946959
      93.0000000        0.2030038
      94.0000000        0.2106732
      95.0000000        0.2185654
      96.0000000        0.2261948
      97.0000000        0.2344072
      98.0000000        0.2432665
      99.0000000        0.2560744
     100.0000000        0.2656288
     101.0000000        0.2686952
     102.0000000        0.2681407
     103.0000000        0.2705914
     104.0000000        0.2722038
     105.0000000        0.2738078
     106.0000000        0.2744921
     107.0000000        0.2806497
     108.0000000        0.2845320
     109.0000000        0.2836632
     110.0000000        0.2776497
     111.0000000        0.2728432
     112.0000000        0.2722059
     113.0000000        0.2725318
     114.0000000        0.2712294
     115.0000000        0.2718069
     116.0000000        0.2742597
     117.0000000        0.2773451
     118.0000000        0.2802719
     119.0000000        0.2771380
     120.0000000        0.2727519
     121.0000000        0.2704213
     122.0000000        0.2713458
     123.0000000        0.2702469
     124.0000000        0.2699856
     125.0000000        0.2674775
     126.0000000        0.2698405
     127.0000000        0.2754172
     128.0000000        0.2819763
     129.0000000        0.2846003
     130.0000000        0.2917536
     131.0000000        0.2955029
     132.0000000        0.2963212
     133.0000000        0.2994962
     134.0000000        0.3033137
     135.0000000        0.3101430
     136.0000000        0.3219734
     137.0000000        0.3333164
     138.0000000        0.3447419
     139.0000000        0.3527440
     140.0000000        0.3543121
     141.0000000        0.3604302
     142.0000000        0.3695515
     143.0000000        0.3786151
     144.0000000        0.3859066
     145.0000000        0.3850952
     146.0000000        0.3742564
     147.0000000        0.3622804
     148.0000000        0.3543920
     149.0000000        0.3534379
     150.0000000        0.3541395
     151.0000000        0.3498928
     152.0000000        0.3461085
     153.0000000        0.3411082
     154.0000000        0.3308409
     155.0000000        0.3256633
     156.0000000        0.3257377
     157.0000000        0.3205424
     158.0000000        0.3148077
     159.0000000        0.3138925
     160.0000000        0.3085800
     161.0000000        0.3077119
     162.0000000        0.3083142
     163.0000000        0.3065960
     164.0000000        0.3059945
     165.0000000        0.3044086
     166.0000000        0.3031835
     167.0000000        0.2986718
     168.0000000        0.2906084
     169.0000000        0.2788137
     170.0000000        0.2667028
     171.0000000        0.2555665
     172.0000000        0.2446833
     173.0000000        0.2339492
     174.0000000        0.2201798
     175.0000000        0.2091131
     176.0000000        0.2018427
     177.0000000        0.1959089
     178.0000000        0.1929904
     179.0000000        0.1932561
     180.0000000        0.1966661
     181.0000000        0.2007078
     182.0000000        0.2073907
     183.0000000        0.2161177
     184.0000000        0.2251817
     185.0000000        0.2325264
     186.0000000        0.2363802
     187.0000000        0.2393359
     188.0000000        0.2398141
     189.0000000        0.2425214
     190.0000000        0.2453111
     191.0000000        0.2506346
     192.0000000        0.2556623
     193.0000000        0.2595245
     194.0000000        0.2726838
     195.0000000        0.2903137
     196.0000000        0.3055152
     197.0000000        0.3203344
     198.0000000        0.3329104
     199.0000000        0.3493944
     200.0000000        0.3659941
     201.0000000        0.3819369
     202.0000000        0.3993644
     203.0000000        0.4091195
     204.0000000        0.4223368
     205.0000000        0.4416134
     206.0000000        0.4548807
     207.0000000        0.4660731
     208.0000000        0.4773299
     209.0000000        0.4944009
     210.0000000        0.5113528
     211.0000000        0.5353378
     212.0000000        0.5562664
     213.0000000        0.5552761
     214.0000000        0.5480296
     215.0000000        0.5258903
     216.0000000        0.5137690
     217.0000000        0.5058960
     218.0000000        0.5141403
     219.0000000        0.5266066
     220.0000000        0.5481723
     221.0000000        0.5505254
     222.0000000        0.5475920
     223.0000000        0.5306368
     224.0000000        0.5246602
     225.0000000        0.5389472
     226.0000000        0.5541695
     227.0000000        0.5635522
     228.0000000        0.5703286
     229.0000000        0.5827094
     230.0000000        0.5978828
     231.0000000        0.6176697
     232.0000000        0.6274933
     233.0000000        0.6412992
     234.0000000        0.6437622
     235.0000000        0.6402808
     236.0000000        0.6258242
     237.0000000        0.6115599
     238.0000000        0.5931334
     239.0000000        0.5739777
     240.0000000        0.5469890
     241.0000000        0.5138496
     242.0000000        0.4980536
     243.0000000        0.4794889
     244.0000000        0.4570425
     245.0000000        0.4421901
     246.0000000        0.4328455
     247.0000000        0.4318365
     248.0000000        0.4137447
     249.0000000        0.3961489
     250.0000000        0.3872818
     251.0000000        0.3803165
     252.0000000        0.3697467
     253.0000000        0.3606866
     254.0000000        0.3566070
     255.0000000        0.3537189
     256.0000000        0.3484019
     257.0000000        0.3382733
     258.0000000        0.3249393
     259.0000000        0.3100135
     260.0000000        0.3009459
     261.0000000        0.2962682
     262.0000000        0.2924479
     263.0000000        0.2905398
     264.0000000        0.2934492
     265.0000000        0.2993654
     266.0000000        0.3119398
     267.0000000        0.3262261
     268.0000000        0.3396435
     269.0000000        0.3427494
     270.0000000        0.3470703
     271.0000000        0.3571693
     272.0000000        0.3654437
     273.0000000        0.3807536
     274.0000000        0.3937856
     275.0000000        0.3924428
     276.0000000        0.3931589
     277.0000000        0.3853599
     278.0000000        0.3762553
     279.0000000        0.3829325
     280.0000000        0.3886675
     281.0000000        0.3986570
     282.0000000        0.4103680
     283.0000000        0.4153455
     284.0000000        0.4190316
     285.0000000        0.4273714
     286.0000000        0.4279879
     287.0000000        0.4257526
     288.0000000        0.4326050
     289.0000000        0.4398246
     290.0000000        0.4489920
     291.0000000        0.4466346
     292.0000000        0.4399671
     293.0000000        0.4274610
     294.0000000        0.4188850
     295.0000000        0.4109800
     296.0000000        0.4032745
     297.0000000        0.3992451
     298.0000000        0.4006030
     299.0000000        0.4037988
     300.0000000        0.4017042
     301.0000000        0.4016444
     302.0000000        0.4011371
     303.0000000        0.3853315
     304.0000000        0.3761101
     305.0000000        0.3678167
     306.0000000        0.3565244
     307.0000000        0.3435103
     308.0000000        0.3316449
     309.0000000        0.3186269
     310.0000000        0.3099924
     311.0000000        0.2996985
     312.0000000        0.2917199
     313.0000000        0.2867147
     314.0000000        0.2803527
     315.0000000        0.2719800
     316.0000000        0.2627650
     317.0000000        0.2522667
     318.0000000        0.2490853
     319.0000000        0.2499192
     320.0000000        0.2513215
     321.0000000        0.2547466
     322.0000000        0.2511942
     323.0000000        0.2454260
     324.0000000        0.2380177
     325.0000000        0.2346065
     326.0000000        0.2355668
     327.0000000        0.2380466
     328.0000000        0.2392795
     329.0000000        0.2362303
     330.0000000        0.2331356
     331.0000000        0.2284758
     332.0000000        0.2202881
     333.0000000        0.2162942
     334.0000000        0.2140449
     335.0000000        0.2123671
     336.0000000        0.2102821
     337.0000000        0.2082165
     338.0000000        0.2046860
     339.0000000        0.1996788
     340.0000000        0.1992613
     341.0000000        0.2014320
     342.0000000        0.2064887
     343.0000000        0.2105155
     344.0000000        0.2131957
     345.0000000        0.2157319
     346.0000000        0.2191773
     347.0000000        0.2231957
     348.0000000        0.2294633
     349.0000000        0.2347529
     350.0000000        0.2384161
     351.0000000        0.2437779
     352.0000000        0.2490537
     353.0000000        0.2548060
     354.0000000        0.2642233
     355.0000000        0.2737476
     356.0000000        0.2835127
     357.0000000        0.2907145
     358.0000000        0.2954473
     359.0000000        0.2996364
     360.0000000        0.3019640
     361.0000000        0.3046722
     362.0000000        0.3073875
     363.0000000        0.3092265
     364.0000000        0.3079134
     365.0000000        0.3023713
     366.0000000        0.2979100
     367.0000000        0.2972791
     368.0000000        0.2949831
     369.0000000        0.2935801
     370.0000000        0.2891985
     371.0000000        0.2798758
     372.0000000        0.2711003
     373.0000000        0.2609352
     374.0000000        0.2510063
     375.0000000        0.2411957
     376.0000000        0.2308493
     377.0000000        0.2211288
     378.0000000        0.2104583
     379.0000000        0.2001312
     380.0000000        0.1913321
     381.0000000        0.1845026
     382.0000000        0.1785091
     383.0000000        0.1724673
     384.0000000        0.1659442
     385.0000000        0.1614229
     386.0000000        0.1577992
     387.0000000        0.1557733
     388.0000000        0.1548913
     389.0000000        0.1547042
     390.0000000        0.1569330
     391.0000000        0.1606321
     392.0000000        0.1634727
     393.0000000        0.1649837
     394.0000000        0.1672822
     395.0000000        0.1708908
     396.0000000        0.1742378
     397.0000000        0.1756384
     398.0000000        0.1800807
     399.0000000        0.1849707
     400.0000000        0.1883014
     401.0000000        0.1898147
     402.0000000        0.1899769
     403.0000000        0.1942236
     404.0000000        0.1999172
     405.0000000        0.2060732
     406.0000000        0.2146429
     407.0000000        0.2237668
     408.0000000        0.2322714
     409.0000000        0.2400209
     410.0000000        0.2480429
     411.0000000        0.2609629
     412.0000000        0.2761159
     413.0000000        0.2909161
     414.0000000        0.3018119
     415.0000000        0.3135030
     416.0000000        0.3305511
     417.0000000        0.3441262
     418.0000000        0.3629018
     419.0000000        0.3835868
     420.0000000        0.3982689
     421.0000000        0.4125875
     422.0000000        0.4341175
     423.0000000        0.4431077
     424.0000000        0.4418653
     425.0000000        0.4461974
     426.0000000        0.4473100
     427.0000000        0.4382881
     428.0000000        0.4335838
     429.0000000        0.4424872
     430.0000000        0.4481642
     431.0000000        0.4602868
     432.0000000        0.4573491
     433.0000000        0.4457083
     434.0000000        0.4411955
     435.0000000        0.4416556
     436.0000000        0.4617173
     437.0000000        0.4680087
     438.0000000        0.4636494
     439.0000000        0.4582422
     440.0000000        0.4489044
     441.0000000        0.4419212
     442.0000000        0.4252262
     443.0000000        0.4004366
     444.0000000        0.3798415
     445.0000000        0.3524154
     446.0000000        0.3281750
     447.0000000        0.3077459
     448.0000000        0.2871645
     449.0000000        0.2655293
     450.0000000        0.2461555
     451.0000000        0.2271536
     452.0000000        0.2096996
     453.0000000        0.1944670
     454.0000000        0.1797900
     455.0000000        0.1709961
     456.0000000        0.1640280
     457.0000000        0.1557092
     458.0000000        0.1487769
     459.0000000        0.1444797
     460.0000000        0.1424156
     461.0000000        0.1420374
     462.0000000        0.1447019
     463.0000000        0.1498943
     464.0000000        0.1563706
     465.0000000        0.1619650
     466.0000000        0.1707662
     467.0000000        0.1797819
     468.0000000        0.1912260
     469.0000000        0.2022847
     470.0000000        0.2107969
     471.0000000        0.2155822
     472.0000000        0.2234799
     473.0000000        0.2320942
     474.0000000        0.2390580
     475.0000000        0.2439950
     476.0000000        0.2528728
     477.0000000        0.2618205
     478.0000000        0.2726718
     479.0000000        0.2821099
     480.0000000        0.3002722
     481.0000000        0.3223835
     482.0000000        0.3399987
     483.0000000        0.3547053
     484.0000000        0.3615871
     485.0000000        0.3647372
     486.0000000        0.3659604
     487.0000000        0.3664195
     488.0000000        0.3660929
     489.0000000        0.3603603
     490.0000000        0.3490877
     491.0000000        0.3440469
     492.0000000        0.3315083
     493.0000000        0.3167271
     494.0000000        0.3015341
     495.0000000        0.2949959
     496.0000000        0.2900065
     497.0000000        0.2799179
     498.0000000        0.2693219
     499.0000000        0.2626961
     500.0000000        0.2571304
     501.0000000        0.2517336
     502.0000000        0.2511762
     503.0000000        0.2521447
     504.0000000        0.2532483
     505.0000000        0.2550952
     506.0000000        0.2571062
     507.0000000        0.2571463
     508.0000000        0.2559095
     509.0000000        0.2508528
     510.0000000        0.2494915
     511.0000000        0.2485222
     512.0000000        0.2447623
     513.0000000        0.2429893
     514.0000000        0.2419573
     515.0000000        0.2416616
     516.0000000        0.2366373
     517.0000000        0.2276216
     518.0000000        0.2224257
     519.0000000        0.2172852
     520.0000000        0.2099707
     521.0000000        0.2042094
     522.0000000        0.1978507
     523.0000000        0.1962164
     524.0000000        0.1935113
     525.0000000        0.1896190
     526.0000000        0.1865393
     527.0000000        0.1872728
     528.0000000        0.1919363
     529.0000000        0.1955491
     530.0000000        0.2016117
     531.0000000        0.2129127
     532.0000000        0.2243182
     533.0000000        0.2367170
     534.0000000        0.2468339
     535.0000000        0.2530553
     536.0000000        0.2620522
     537.0000000        0.2708083
     538.0000000        0.2732948
     539.0000000        0.2724911
     540.0000000        0.2717794
     541.0000000        0.2697560
     542.0000000        0.2678734
     543.0000000        0.2705002
     544.0000000        0.2731968
     545.0000000        0.2779819
     546.0000000        0.2820791
     547.0000000        0.2797811
     548.0000000        0.2759483
     549.0000000        0.2736000
     550.0000000        0.2729299
     551.0000000        0.2695515
     552.0000000        0.2627312
     553.0000000        0.2596334
     554.0000000        0.2578947
     555.0000000        0.2543965
     556.0000000        0.2500933
     557.0000000        0.2451294
     558.0000000        0.2372617
     559.0000000        0.2251315
     560.0000000        0.2136440
     561.0000000        0.2070780
     562.0000000        0.2002341
     563.0000000        0.1930376
     564.0000000        0.1853325
     565.0000000        0.1778994
     566.0000000        0.1719577
     567.0000000        0.1666155
     568.0000000        0.1605802
     569.0000000        0.1566794
     570.0000000        0.1590866
     571.0000000        0.1617273
     572.0000000        0.1679630
     573.0000000        0.1746594
     574.0000000        0.1795960
     575.0000000        0.1862355
     576.0000000        0.1959461
     577.0000000        0.2052416
     578.0000000        0.2125694
     579.0000000        0.2193598
     580.0000000        0.2289880
     581.0000000        0.2414047
     582.0000000        0.2515102
     583.0000000        0.2595096
     584.0000000        0.2660163
     585.0000000        0.2680791
     586.0000000        0.2682219
     587.0000000        0.2683619
     588.0000000        0.2678515
     589.0000000        0.2667116
     590.0000000        0.2629429
     591.0000000        0.2572592
     592.0000000        0.2490606
     593.0000000        0.2425688
     594.0000000        0.2375450
     595.0000000        0.2304362
     596.0000000        0.2210910
     597.0000000        0.2133982
     598.0000000        0.2053738
     599.0000000        0.2004989
     600.0000000        0.1987310
