       1.0000000        4.8358945
       2.0000000        4.8379318
       3.0000000        4.8615124
       4.0000000        4.8612872
       5.0000000        4.8757840
       6.0000000        4.9034591
       7.0000000        4.9520720
       8.0000000        4.9911430
       9.0000000        5.0031955
      10.0000000        4.9771916
      11.0000000        4.9158187
      12.0000000        4.8187760
      13.0000000        4.7608776
      14.0000000        4.7143784
      15.0000000        4.6462491
      16.0000000        4.5873454
      17.0000000        4.5070041
      18.0000000        4.4293187
      19.0000000        4.3846615
      20.0000000        4.3392006
      21.0000000        4.2843672
      22.0000000        4.2359387
      23.0000000        4.2024474
      24.0000000        4.1461347
      25.0000000        4.0781783
      26.0000000        4.0238044
      27.0000000        3.9680128
      28.0000000        3.9389869
      29.0000000        3.9198392
      30.0000000        3.9073156
      31.0000000        3.8827349
      32.0000000        3.8609801
      33.0000000        3.8822411
      34.0000000        3.9204363
      35.0000000        3.9494276
      36.0000000        3.9536349
      37.0000000        3.9572310
      38.0000000        3.9528158
      39.0000000        3.9642776
      40.0000000        3.9912181
      41.0000000        4.0372338
      42.0000000        4.0597470
      43.0000000        4.1206699
      44.0000000        4.1470861
      45.0000000        4.1482418
      46.0000000        4.1667761
      47.0000000        4.1691527
      48.0000000        4.1627581
      49.0000000        4.1611898
      50.0000000        4.1565238
      51.0000000        4.1652994
      52.0000000        4.1607766
      53.0000000        4.1515568
      54.0000000        4.1340025
      55.0000000        4.1485139
      56.0000000        4.1943841
      57.0000000        4.2215713
      58.0000000        4.2360465
      59.0000000        4.2646248
      60.0000000        4.2900008
      61.0000000        4.3141122
      62.0000000        4.3348102
      63.0000000        4.3684506
      64.0000000        4.3926716
      65.0000000        4.4368890
      66.0000000        4.5013082
      67.0000000        4.5695351
      68.0000000        4.6218349
      69.0000000        4.6788173
      70.0000000        4.7352755
      71.0000000        4.7870654
      72.0000000        4.7838594
      73.0000000        4.7716210
      74.0000000        4.7783773
      75.0000000        4.7485893
      76.0000000        4.7046744
      77.0000000        4.6763243
      78.0000000        4.6572098
      79.0000000        4.6439793
      80.0000000        4.5968803
      81.0000000        4.5423107
      82.0000000        4.5076363
      83.0000000        4.4906449
      84.0000000        4.5036008
      85.0000000        4.5071684
      86.0000000        4.4886460
      87.0000000        4.4550488
      88.0000000        4.4426808
      89.0000000        4.4213628
      90.0000000        4.4124389
      91.0000000        4.3889235
      92.0000000        4.3462780
      93.0000000        4.3332871
      94.0000000        4.3267321
      95.0000000        4.3311445
      96.0000000        4.3270403
      97.0000000        4.3129635
      98.0000000        4.3065770
      99.0000000        4.2964704
     100.0000000        4.2941714
     101.0000000        4.2995131
     102.0000000        4.3051931
     103.0000000        4.3031164
     104.0000000        4.3094652
     105.0000000        4.2963344
     106.0000000        4.2790209
     107.0000000        4.2474565
     108.0000000        4.2371229
     109.0000000        4.2369448
     110.0000000        4.2212510
     111.0000000        4.2108573
     112.0000000        4.1962526
     113.0000000        4.2098859
     114.0000000        4.2180618
     115.0000000        4.2091210
     116.0000000        4.1834897
     117.0000000        4.1640126
     118.0000000        4.1544993
     119.0000000        4.1258463
     120.0000000        4.1043261
     121.0000000        4.0835848
     122.0000000        4.0464016
     123.0000000        4.0229784
     124.0000000        4.0304967
     125.0000000        4.0539411
     126.0000000        4.0627941
     127.0000000        4.0521337
     128.0000000        4.0374730
     129.0000000        4.0452982
     130.0000000        4.0660410
     131.0000000        4.0483619
     132.0000000        4.0049679
     133.0000000        3.9773120
     134.0000000        3.9568955
     135.0000000        3.9506970
     136.0000000        3.9490723
     137.0000000        3.9549960
     138.0000000        3.9429161
     139.0000000        3.9525231
     140.0000000        3.9791991
     141.0000000        4.0231756
     142.0000000        4.0556476
     143.0000000        4.0625961
     144.0000000        4.0476687
     145.0000000        4.0450518
     146.0000000        4.0649165
     147.0000000        4.1019939
     148.0000000        4.1198580
     149.0000000        4.1197158
     150.0000000        4.1197172
     151.0000000        4.1285422
     152.0000000        4.0961050
     153.0000000        4.0591255
     154.0000000        4.0317276
     155.0000000        3.9963266
     156.0000000        3.9697105
     157.0000000        3.9360293
     158.0000000        3.9143619
     159.0000000        3.8941290
     160.0000000        3.8859674
     161.0000000        3.8789145
     162.0000000        3.8943871
     163.0000000        3.9058005
     164.0000000        3.9235724
     165.0000000        3.9381784
     166.0000000        3.9269302
     167.0000000        3.9210444
     168.0000000        3.9175829
     169.0000000        3.9338966
     170.0000000        3.9623636
     171.0000000        3.9997989
     172.0000000        4.0578146
     173.0000000        4.0670792
     174.0000000        4.0575846
     175.0000000        4.0937363
     176.0000000        4.1278607
     177.0000000        4.1419849
     178.0000000        4.1313444
     179.0000000        4.1201193
     180.0000000        4.1276593
     181.0000000        4.1564788
     182.0000000        4.1583363
     183.0000000        4.1766614
     184.0000000        4.1883460
     185.0000000        4.1871048
     186.0000000        4.1545186
     187.0000000        4.1079182
     188.0000000        4.0640960
     189.0000000        4.0520659
     190.0000000        4.0467727
     191.0000000        4.0477748
     192.0000000        4.0269424
     193.0000000        4.0108889
     194.0000000        3.9961955
     195.0000000        3.9956440
     196.0000000        3.9919336
     197.0000000        3.9738908
     198.0000000        3.9460159
     199.0000000        3.9191672
     200.0000000        3.8802878
     201.0000000        3.8636542
     202.0000000        3.8576853
     203.0000000        3.8193910
     204.0000000        3.7852212
     205.0000000        3.7740145
     206.0000000        3.7784656
     207.0000000        3.7841164
     208.0000000        3.7951063
     209.0000000        3.8082074
     210.0000000        3.8355509
     211.0000000        3.8561643
     212.0000000        3.8812157
     213.0000000        3.9052713
     214.0000000        3.9379586
     215.0000000        3.9774026
     216.0000000        4.0008073
     217.0000000        4.0061615
     218.0000000        4.0021626
     219.0000000        4.0314951
     220.0000000        4.0587777
     221.0000000        4.0795951
     222.0000000        4.1142359
     223.0000000        4.1381617
     224.0000000        4.1994843
     225.0000000        4.2645339
     226.0000000        4.3681822
     227.0000000        4.4584852
     228.0000000        4.5124161
     229.0000000        4.5774343
     230.0000000        4.6394131
     231.0000000        4.6768581
     232.0000000        4.7152406
     233.0000000        4.7600370
     234.0000000        4.8137798
     235.0000000        4.8414546
     236.0000000        4.8725080
     237.0000000        4.8996637
     238.0000000        4.8966892
     239.0000000        4.8490493
     240.0000000        4.8152079
     241.0000000        4.7539778
     242.0000000        4.7014325
     243.0000000        4.6326329
     244.0000000        4.5592271
     245.0000000        4.4830262
     246.0000000        4.3939191
     247.0000000        4.2922396
     248.0000000        4.1984727
     249.0000000        4.1001894
     250.0000000        4.0086570
     251.0000000        3.9095597
     252.0000000        3.8040233
     253.0000000        3.7303826
     254.0000000        3.6809388
     255.0000000        3.6344531
     256.0000000        3.6078074
     257.0000000        3.6040073
     258.0000000        3.6250619
     259.0000000        3.6479339
     260.0000000        3.6759097
     261.0000000        3.6895619
     262.0000000        3.7012465
     263.0000000        3.7246290
     264.0000000        3.7580921
     265.0000000        3.8076794
     266.0000000        3.8625918
     267.0000000        3.9030693
     268.0000000        3.9467856
     269.0000000        3.9860098
     270.0000000        3.9985569
     271.0000000        4.0097303
     272.0000000        3.9866674
     273.0000000        3.9526958
     274.0000000        3.9394351
     275.0000000        3.9336420
     276.0000000        3.9345992
     277.0000000        3.9348722
     278.0000000        3.9491974
     279.0000000        3.9494901
     280.0000000        3.9192292
     281.0000000        3.8847371
     282.0000000        3.8847526
     283.0000000        3.8922797
     284.0000000        3.8768624
     285.0000000        3.8631286
     286.0000000        3.8526264
     287.0000000        3.8438411
     288.0000000        3.8364076
     289.0000000        3.8174147
     290.0000000        3.7768209
     291.0000000        3.7403984
     292.0000000        3.6923391
     293.0000000        3.6501876
     294.0000000        3.6411308
     295.0000000        3.6464527
     296.0000000        3.6486934
     297.0000000        3.6692254
     298.0000000        3.7064878
     299.0000000        3.7456081
     300.0000000        3.7564527
     301.0000000        3.7439197
     302.0000000        3.7289871
     303.0000000        3.7229799
     304.0000000        3.7309213
     305.0000000        3.7338244
     306.0000000        3.7383247
     307.0000000        3.7603166
     308.0000000        3.7870033
     309.0000000        3.8064649
     310.0000000        3.8174368
     311.0000000        3.8250964
     312.0000000        3.8394544
     313.0000000        3.8869527
     314.0000000        3.9356049
     315.0000000        3.9990839
     316.0000000        4.0448890
     317.0000000        4.0873391
     318.0000000        4.1094203
     319.0000000        4.1093687
     320.0000000        4.1360055
     321.0000000        4.1607881
     322.0000000        4.1843026
     323.0000000        4.2224487
     324.0000000        4.2698476
     325.0000000        4.3146470
     326.0000000        4.3499514
     327.0000000        4.3643115
     328.0000000        4.3653072
     329.0000000        4.3440941
     330.0000000        4.3394513
     331.0000000        4.3320115
     332.0000000        4.3498869
     333.0000000        4.3581539
     334.0000000        4.3505534
     335.0000000        4.3248938
     336.0000000        4.3027413
     337.0000000        4.2861705
     338.0000000        4.3008466
     339.0000000        4.3223923
     340.0000000        4.3114714
     341.0000000        4.2988185
     342.0000000        4.3200810
     343.0000000        4.3316369
     344.0000000        4.3208252
     345.0000000        4.2833969
     346.0000000        4.2454504
     347.0000000        4.2196971
     348.0000000        4.2042143
     349.0000000        4.1688481
     350.0000000        4.1663082
     351.0000000        4.1730074
     352.0000000        4.1672222
     353.0000000        4.1726893
     354.0000000        4.1757548
     355.0000000        4.2054635
     356.0000000        4.2409683
     357.0000000        4.2811600
     358.0000000        4.3124105
     359.0000000        4.3313420
     360.0000000        4.3218298
     361.0000000        4.3004039
     362.0000000        4.2979981
     363.0000000        4.3044004
     364.0000000        4.3054977
     365.0000000        4.3064019
     366.0000000        4.3061200
     367.0000000        4.2908561
     368.0000000        4.2874143
     369.0000000        4.2938156
     370.0000000        4.2995327
     371.0000000        4.3279898
     372.0000000        4.3378988
     373.0000000        4.3370662
     374.0000000        4.3342437
     375.0000000        4.3472196
     376.0000000        4.3622280
     377.0000000        4.3534788
     378.0000000        4.3129767
     379.0000000        4.2780790
     380.0000000        4.2418491
     381.0000000        4.2045798
     382.0000000        4.1729900
     383.0000000        4.1392099
     384.0000000        4.0952269
     385.0000000        4.0647001
     386.0000000        4.0235089
     387.0000000        4.0083510
     388.0000000        4.0220574
     389.0000000        4.0529477
     390.0000000        4.0951842
     391.0000000        4.1250986
     392.0000000        4.1647899
     393.0000000        4.1745806
     394.0000000        4.1621956
     395.0000000        4.1739557
     396.0000000        4.1645793
     397.0000000        4.1532541
     398.0000000        4.1481023
     399.0000000        4.1165024
     400.0000000        4.0916022
     401.0000000        4.0857504
     402.0000000        4.0891235
     403.0000000        4.1050994
     404.0000000        4.1449796
     405.0000000        4.1768951
     406.0000000        4.1883193
     407.0000000        4.1831438
     408.0000000        4.1684429
     409.0000000        4.1843076
     410.0000000        4.2182257
     411.0000000        4.2946986
     412.0000000        4.3722630
     413.0000000        4.4230956
     414.0000000        4.4362754
     415.0000000        4.4462862
     416.0000000        4.4316791
     417.0000000        4.4265765
     418.0000000        4.4230354
     419.0000000        4.4337542
     420.0000000        4.4409725
     421.0000000        4.4631854
     422.0000000        4.4674881
     423.0000000        4.4304887
     424.0000000        4.3815506
     425.0000000        4.3460170
     426.0000000        4.3104268
     427.0000000        4.2924216
     428.0000000        4.2675912
     429.0000000        4.2561974
     430.0000000        4.2387507
     431.0000000        4.2157224
     432.0000000        4.2188262
     433.0000000        4.2281292
     434.0000000        4.2252436
     435.0000000        4.2257811
     436.0000000        4.1977248
     437.0000000        4.1815759
     438.0000000        4.1713554
     439.0000000        4.1445229
     440.0000000        4.1356578
     441.0000000        4.1225206
     442.0000000        4.0972092
     443.0000000        4.1098113
     444.0000000        4.0915451
     445.0000000        4.0775983
     446.0000000        4.0584228
     447.0000000        4.0273945
     448.0000000        3.9982119
     449.0000000        3.9511762
     450.0000000        3.9361292
     451.0000000        3.9409771
     452.0000000        3.9279306
     453.0000000        3.9065337
     454.0000000        3.8869683
     455.0000000        3.8724656
     456.0000000        3.8529510
     457.0000000        3.8223225
     458.0000000        3.7919832
     459.0000000        3.7711439
     460.0000000        3.7551785
     461.0000000        3.7390204
     462.0000000        3.7094128
     463.0000000        3.6864405
     464.0000000        3.6646035
     465.0000000        3.6231680
     466.0000000        3.5810419
     467.0000000        3.5191952
     468.0000000        3.4396084
     469.0000000        3.3752237
     470.0000000        3.3123130
     471.0000000        3.2488014
     472.0000000        3.1967647
     473.0000000        3.1579901
     474.0000000        3.1486596
     475.0000000        3.1511686
     476.0000000        3.1613774
     477.0000000        3.1793126
     478.0000000        3.1751782
     479.0000000        3.1704754
     480.0000000        3.1615128
     481.0000000        3.1426529
     482.0000000        3.1206981
     483.0000000        3.1024156
     484.0000000        3.0837902
     485.0000000        3.0749407
     486.0000000        3.0733247
     487.0000000        3.0699706
     488.0000000        3.0672749
     489.0000000        3.0772660
     490.0000000        3.1022607
     491.0000000        3.1360828
     492.0000000        3.1743507
     493.0000000        3.1964764
     494.0000000        3.2151842
     495.0000000        3.2289011
     496.0000000        3.2552512
     497.0000000        3.2911714
     498.0000000        3.3228483
     499.0000000        3.3414687
     500.0000000        3.3637829
     501.0000000        3.3816250
     502.0000000        3.4171223
     503.0000000        3.4606863
     504.0000000        3.4974171
     505.0000000        3.5318535
     506.0000000        3.5583830
     507.0000000        3.5966334
     508.0000000        3.6135481
     509.0000000        3.6335359
     510.0000000        3.6514768
     511.0000000        3.6733779
     512.0000000        3.7122420
     513.0000000        3.7428217
     514.0000000        3.7652074
     515.0000000        3.7806841
     516.0000000        3.7941735
     517.0000000        3.8016843
     518.0000000        3.8174821
     519.0000000        3.8495912
     520.0000000        3.8883790
     521.0000000        3.8930806
     522.0000000        3.8785671
     523.0000000        3.8645573
     524.0000000        3.8534121
     525.0000000        3.8708203
     526.0000000        3.8820375
     527.0000000        3.8910082
     528.0000000        3.8941634
     529.0000000        3.8915694
     530.0000000        3.9015370
     531.0000000        3.9012138
     532.0000000        3.8740158
     533.0000000        3.8489809
     534.0000000        3.8188002
     535.0000000        3.7888657
     536.0000000        3.7661600
     537.0000000        3.7454619
     538.0000000        3.7305741
     539.0000000        3.7094405
     540.0000000        3.6815670
     541.0000000        3.6382283
     542.0000000        3.5965217
     543.0000000        3.5863407
     544.0000000        3.6134264
     545.0000000        3.6408397
     546.0000000        3.6522609
     547.0000000        3.6471670
     548.0000000        3.6319944
     549.0000000        3.6204522
     550.0000000        3.6283028
     551.0000000        3.6387860
     552.0000000        3.6589803
     553.0000000        3.6928898
     554.0000000        3.7303689
     555.0000000        3.7794586
     556.0000000        3.8310446
     557.0000000        3.8862297
     558.0000000        3.9252144
     559.0000000        3.9697154
     560.0000000        4.0027960
     561.0000000        4.0417931
     562.0000000        4.0912347
     563.0000000        4.1447662
     564.0000000        4.1884935
     565.0000000        4.2094667
     566.0000000        4.2196847
     567.0000000        4.2276394
     568.0000000        4.2450438
     569.0000000        4.2767424
     570.0000000        4.3099773
     571.0000000        4.3457532
     572.0000000        4.3905696
     573.0000000        4.4260951
     574.0000000        4.4479674
     575.0000000        4.4823640
     576.0000000        4.4844868
     577.0000000        4.5067073
     578.0000000        4.5144779
     579.0000000        4.4876612
     580.0000000        4.4786298
     581.0000000        4.5236845
     582.0000000        4.5694118
     583.0000000        4.6045309
     584.0000000        4.6929379
     585.0000000        4.7621378
     586.0000000        4.7836582
     587.0000000        4.7741186
     588.0000000        4.7639006
     589.0000000        4.7423234
     590.0000000        4.7115434
     591.0000000        4.6959081
     592.0000000        4.6933018
     593.0000000        4.6753406
     594.0000000        4.6350578
     595.0000000        4.5578358
     596.0000000        4.5036826
     597.0000000        4.4394203
     598.0000000        4.4011447
     599.0000000        4.3763885
     600.0000000        4.3351623
