       1.0000000        2.6429520
       2.0000000        2.6133785
       3.0000000        2.5796208
       4.0000000        2.5539670
       5.0000000        2.5406511
       6.0000000        2.5325012
       7.0000000        2.5230553
       8.0000000        2.5229886
       9.0000000        2.5200875
      10.0000000        2.5040882
      11.0000000        2.4902754
      12.0000000        2.4814172
      13.0000000        2.4783034
      14.0000000        2.4764891
      15.0000000        2.4672835
      16.0000000        2.4576371
      17.0000000        2.4539020
      18.0000000        2.4640830
      19.0000000        2.4688730
      20.0000000        2.4776335
      21.0000000        2.4866443
      22.0000000        2.4994040
      23.0000000        2.5102181
      24.0000000        2.5060706
      25.0000000        2.5097842
      26.0000000        2.5125599
      27.0000000        2.5090129
      28.0000000        2.5069695
      29.0000000        2.5010045
      30.0000000        2.4924102
      31.0000000        2.4823434
      32.0000000        2.4630408
      33.0000000        2.4458587
      34.0000000        2.4398954
      35.0000000        2.4387875
      36.0000000        2.4361339
      37.0000000        2.4325645
      38.0000000        2.4302132
      39.0000000        2.4315138
      40.0000000        2.4194014
      41.0000000        2.4127460
      42.0000000        2.4087319
      43.0000000        2.4067082
      44.0000000        2.4140010
      45.0000000        2.4278390
      46.0000000        2.4379928
      47.0000000        2.4394810
      48.0000000        2.4406502
      49.0000000        2.4445527
      50.0000000        2.4559910
      51.0000000        2.4683475
      52.0000000        2.4753308
      53.0000000        2.4784031
      54.0000000        2.4747288
      55.0000000        2.4770856
      56.0000000        2.4753842
      57.0000000        2.4719212
      58.0000000        2.4771049
      59.0000000        2.4855711
      60.0000000        2.4905019
      61.0000000        2.5062029
      62.0000000        2.5151846
      63.0000000        2.5260837
      64.0000000        2.5324659
      65.0000000        2.5432255
      66.0000000        2.5475438
      67.0000000        2.5532951
      68.0000000        2.5490298
      69.0000000        2.5412035
      70.0000000        2.5232561
      71.0000000        2.5145779
      72.0000000        2.5051754
      73.0000000        2.4937112
      74.0000000        2.4815378
      75.0000000        2.4657607
      76.0000000        2.4458263
      77.0000000        2.4332354
      78.0000000        2.4189153
      79.0000000        2.4106715
      80.0000000        2.4072318
      81.0000000        2.4085379
      82.0000000        2.4192696
      83.0000000        2.4268990
      84.0000000        2.4247882
      85.0000000        2.4265378
      86.0000000        2.4318149
      87.0000000        2.4389474
      88.0000000        2.4374788
      89.0000000        2.4292572
      90.0000000        2.4239655
      91.0000000        2.4236875
      92.0000000        2.4166248
      93.0000000        2.4105468
      94.0000000        2.4041471
      95.0000000        2.4024928
      96.0000000        2.4130230
      97.0000000        2.4246976
      98.0000000        2.4257240
      99.0000000        2.4275579
     100.0000000        2.4254916
     101.0000000        2.4308429
     102.0000000        2.4431756
     103.0000000        2.4595988
     104.0000000        2.4723258
     105.0000000        2.4787126
     106.0000000        2.4831946
     107.0000000        2.4875996
     108.0000000        2.4884312
     109.0000000        2.4861975
     110.0000000        2.4847209
     111.0000000        2.4880335
     112.0000000        2.4899285
     113.0000000        2.4972036
     114.0000000        2.4989805
     115.0000000        2.4976139
     116.0000000        2.4911926
     117.0000000        2.4840901
     118.0000000        2.4846244
     119.0000000        2.4865060
     120.0000000        2.4857328
     121.0000000        2.4919286
     122.0000000        2.4910417
     123.0000000        2.4884610
     124.0000000        2.4829705
     125.0000000        2.4807189
     126.0000000        2.4788527
     127.0000000        2.4849956
     128.0000000        2.4917524
     129.0000000        2.4832001
     130.0000000        2.4707432
     131.0000000        2.4570765
     132.0000000        2.4440954
     133.0000000        2.4389477
     134.0000000        2.4430623
     135.0000000        2.4414649
     136.0000000        2.4329460
     137.0000000        2.4158826
     138.0000000        2.4067128
     139.0000000        2.4055998
     140.0000000        2.4159698
     141.0000000        2.4170237
     142.0000000        2.4172974
     143.0000000        2.4225419
     144.0000000        2.4332974
     145.0000000        2.4453237
     146.0000000        2.4503472
     147.0000000        2.4549053
     148.0000000        2.4552948
     149.0000000        2.4456506
     150.0000000        2.4428189
     151.0000000        2.4371929
     152.0000000        2.4367168
     153.0000000        2.4319520
     154.0000000        2.4269462
     155.0000000        2.4180224
     156.0000000        2.4110703
     157.0000000        2.4131927
     158.0000000        2.4238782
     159.0000000        2.4312162
     160.0000000        2.4384618
     161.0000000        2.4473648
     162.0000000        2.4557755
     163.0000000        2.4750280
     164.0000000        2.4884996
     165.0000000        2.4973998
     166.0000000        2.5156102
     167.0000000        2.5233009
     168.0000000        2.5250854
     169.0000000        2.5333116
     170.0000000        2.5377822
     171.0000000        2.5366397
     172.0000000        2.5308368
     173.0000000        2.5295937
     174.0000000        2.5286772
     175.0000000        2.5248809
     176.0000000        2.5201931
     177.0000000        2.5235081
     178.0000000        2.5231199
     179.0000000        2.5273545
     180.0000000        2.5255554
     181.0000000        2.5198817
     182.0000000        2.5070882
     183.0000000        2.4874692
     184.0000000        2.4795833
     185.0000000        2.4816175
     186.0000000        2.4820306
     187.0000000        2.4765348
     188.0000000        2.4794085
     189.0000000        2.4891953
     190.0000000        2.5056372
     191.0000000        2.5177140
     192.0000000        2.5246370
     193.0000000        2.5213614
     194.0000000        2.5166905
     195.0000000        2.5184994
     196.0000000        2.5141673
     197.0000000        2.5121615
     198.0000000        2.5126600
     199.0000000        2.5126383
     200.0000000        2.5093160
     201.0000000        2.5019243
     202.0000000        2.5026658
     203.0000000        2.5011370
     204.0000000        2.4957905
     205.0000000        2.4898796
     206.0000000        2.4868443
     207.0000000        2.4822371
     208.0000000        2.4804437
     209.0000000        2.4960043
     210.0000000        2.5133793
     211.0000000        2.5244849
     212.0000000        2.5252285
     213.0000000        2.5320880
     214.0000000        2.5319843
     215.0000000        2.5328174
     216.0000000        2.5252995
     217.0000000        2.5096285
     218.0000000        2.5011539
     219.0000000        2.4904721
     220.0000000        2.4734616
     221.0000000        2.4505975
     222.0000000        2.4480140
     223.0000000        2.4553080
     224.0000000        2.4622266
     225.0000000        2.4643013
     226.0000000        2.4688780
     227.0000000        2.4719355
     228.0000000        2.4764929
     229.0000000        2.4811954
     230.0000000        2.4798782
     231.0000000        2.4658256
     232.0000000        2.4579880
     233.0000000        2.4483299
     234.0000000        2.4333282
     235.0000000        2.4191754
     236.0000000        2.4119906
     237.0000000        2.4128771
     238.0000000        2.4140890
     239.0000000        2.4107270
     240.0000000        2.4038806
     241.0000000        2.4032636
     242.0000000        2.4087582
     243.0000000        2.4200735
     244.0000000        2.4341180
     245.0000000        2.4453340
     246.0000000        2.4518359
     247.0000000        2.4544852
     248.0000000        2.4644425
     249.0000000        2.4723873
     250.0000000        2.4756846
     251.0000000        2.4749200
     252.0000000        2.4792089
     253.0000000        2.4799795
     254.0000000        2.4814003
     255.0000000        2.4931653
     256.0000000        2.4950895
     257.0000000        2.5033920
     258.0000000        2.5077112
     259.0000000        2.5167933
     260.0000000        2.5198774
     261.0000000        2.5123200
     262.0000000        2.5079098
     263.0000000        2.5023737
     264.0000000        2.5000219
     265.0000000        2.4832273
     266.0000000        2.4668076
     267.0000000        2.4543698
     268.0000000        2.4453032
     269.0000000        2.4404030
     270.0000000        2.4385498
     271.0000000        2.4407904
     272.0000000        2.4445772
     273.0000000        2.4436247
     274.0000000        2.4398749
     275.0000000        2.4429195
     276.0000000        2.4431775
     277.0000000        2.4361432
     278.0000000        2.4275794
     279.0000000        2.4277511
     280.0000000        2.4349339
     281.0000000        2.4414940
     282.0000000        2.4496086
     283.0000000        2.4527264
     284.0000000        2.4506598
     285.0000000        2.4365542
     286.0000000        2.4290566
     287.0000000        2.4228065
     288.0000000        2.4264095
     289.0000000        2.4337354
     290.0000000        2.4340627
     291.0000000        2.4360135
     292.0000000        2.4404125
     293.0000000        2.4442246
     294.0000000        2.4480610
     295.0000000        2.4553125
     296.0000000        2.4583216
     297.0000000        2.4672580
     298.0000000        2.4663079
     299.0000000        2.4676313
     300.0000000        2.4699233
     301.0000000        2.4735255
     302.0000000        2.4771271
     303.0000000        2.4785252
     304.0000000        2.4824390
     305.0000000        2.4754596
     306.0000000        2.4682796
     307.0000000        2.4660027
     308.0000000        2.4657073
     309.0000000        2.4581890
     310.0000000        2.4507093
     311.0000000        2.4446943
     312.0000000        2.4256580
     313.0000000        2.4184291
     314.0000000        2.4135218
     315.0000000        2.4121869
     316.0000000        2.4108207
     317.0000000        2.4098160
     318.0000000        2.4108858
     319.0000000        2.4042385
     320.0000000        2.3954718
     321.0000000        2.3965452
     322.0000000        2.4078598
     323.0000000        2.4103699
     324.0000000        2.4042087
     325.0000000        2.4043703
     326.0000000        2.4020083
     327.0000000        2.4051704
     328.0000000        2.3958085
     329.0000000        2.3878839
     330.0000000        2.3788929
     331.0000000        2.3751545
     332.0000000        2.3742855
     333.0000000        2.3760471
     334.0000000        2.3812268
     335.0000000        2.3798239
     336.0000000        2.3846114
     337.0000000        2.3909633
     338.0000000        2.4011338
     339.0000000        2.4013076
     340.0000000        2.4012935
     341.0000000        2.4009910
     342.0000000        2.4094265
     343.0000000        2.4160299
     344.0000000        2.4080980
     345.0000000        2.4099810
     346.0000000        2.4109247
     347.0000000        2.4219460
     348.0000000        2.4263387
     349.0000000        2.4177907
     350.0000000        2.4132111
     351.0000000        2.4106488
     352.0000000        2.4050987
     353.0000000        2.3981645
     354.0000000        2.3987300
     355.0000000        2.3946519
     356.0000000        2.3750424
     357.0000000        2.3605094
     358.0000000        2.3538535
     359.0000000        2.3568485
     360.0000000        2.3643899
     361.0000000        2.3740253
     362.0000000        2.3875828
     363.0000000        2.3973024
     364.0000000        2.4140432
     365.0000000        2.4303102
     366.0000000        2.4430447
     367.0000000        2.4529693
     368.0000000        2.4618828
     369.0000000        2.4631302
     370.0000000        2.4652100
     371.0000000        2.4689875
     372.0000000        2.4787710
     373.0000000        2.4762797
     374.0000000        2.4631648
     375.0000000        2.4450214
     376.0000000        2.4379721
     377.0000000        2.4321685
     378.0000000        2.4267216
     379.0000000        2.4249444
     380.0000000        2.4263844
     381.0000000        2.4407153
     382.0000000        2.4570410
     383.0000000        2.4679575
     384.0000000        2.4713657
     385.0000000        2.4744823
     386.0000000        2.4701734
     387.0000000        2.4573505
     388.0000000        2.4550354
     389.0000000        2.4621572
     390.0000000        2.4697366
     391.0000000        2.4713168
     392.0000000        2.4712524
     393.0000000        2.4737544
     394.0000000        2.4706762
     395.0000000        2.4577365
     396.0000000        2.4465840
     397.0000000        2.4466562
     398.0000000        2.4445002
     399.0000000        2.4455833
     400.0000000        2.4562366
     401.0000000        2.4671628
     402.0000000        2.4838932
     403.0000000        2.4968827
     404.0000000        2.4988298
     405.0000000        2.4942884
     406.0000000        2.5006454
     407.0000000        2.5118477
     408.0000000        2.5180135
     409.0000000        2.5204508
     410.0000000        2.5122561
     411.0000000        2.4883311
     412.0000000        2.4674335
     413.0000000        2.4564064
     414.0000000        2.4484050
     415.0000000        2.4472275
     416.0000000        2.4472778
     417.0000000        2.4417217
     418.0000000        2.4440928
     419.0000000        2.4470105
     420.0000000        2.4356840
     421.0000000        2.4291751
     422.0000000        2.4262557
     423.0000000        2.4284115
     424.0000000        2.4352224
     425.0000000        2.4354420
     426.0000000        2.4364345
     427.0000000        2.4299166
     428.0000000        2.4269083
     429.0000000        2.4409585
     430.0000000        2.4521310
     431.0000000        2.4540658
     432.0000000        2.4542942
     433.0000000        2.4462259
     434.0000000        2.4242420
     435.0000000        2.4125690
     436.0000000        2.4134500
     437.0000000        2.4229074
     438.0000000        2.4263487
     439.0000000        2.4283090
     440.0000000        2.4284115
     441.0000000        2.4282029
     442.0000000        2.4346657
     443.0000000        2.4418905
     444.0000000        2.4463711
     445.0000000        2.4534781
     446.0000000        2.4532189
     447.0000000        2.4481699
     448.0000000        2.4427311
     449.0000000        2.4336910
     450.0000000        2.4362617
     451.0000000        2.4432557
     452.0000000        2.4492109
     453.0000000        2.4586203
     454.0000000        2.4659119
     455.0000000        2.4712372
     456.0000000        2.4783068
     457.0000000        2.4817374
     458.0000000        2.4847298
     459.0000000        2.4859707
     460.0000000        2.4886405
     461.0000000        2.4951084
     462.0000000        2.5006447
     463.0000000        2.5043814
     464.0000000        2.5176809
     465.0000000        2.5364361
     466.0000000        2.5395443
     467.0000000        2.5400863
     468.0000000        2.5302920
     469.0000000        2.5243509
     470.0000000        2.5178928
     471.0000000        2.5197287
     472.0000000        2.5222723
     473.0000000        2.5158362
     474.0000000        2.5097730
     475.0000000        2.5156050
     476.0000000        2.5210872
     477.0000000        2.5356314
     478.0000000        2.5439279
     479.0000000        2.5362897
     480.0000000        2.5299013
     481.0000000        2.5193298
     482.0000000        2.5127223
     483.0000000        2.5141778
     484.0000000        2.5133591
     485.0000000        2.5249157
     486.0000000        2.5175157
     487.0000000        2.5139489
     488.0000000        2.5200341
     489.0000000        2.5251765
     490.0000000        2.5378702
     491.0000000        2.5510418
     492.0000000        2.5475504
     493.0000000        2.5393963
     494.0000000        2.5281610
     495.0000000        2.5186794
     496.0000000        2.5087910
     497.0000000        2.5083218
     498.0000000        2.5108080
     499.0000000        2.5224011
     500.0000000        2.5399909
     501.0000000        2.5497069
     502.0000000        2.5573955
     503.0000000        2.5623608
     504.0000000        2.5657058
     505.0000000        2.5756946
     506.0000000        2.5864544
     507.0000000        2.5805421
     508.0000000        2.5656459
     509.0000000        2.5517383
     510.0000000        2.5391729
     511.0000000        2.5201194
     512.0000000        2.4973567
     513.0000000        2.4766541
     514.0000000        2.4577553
     515.0000000        2.4362626
     516.0000000        2.4180844
     517.0000000        2.4012277
     518.0000000        2.3910906
     519.0000000        2.3836818
     520.0000000        2.3884990
     521.0000000        2.3988183
     522.0000000        2.4036832
     523.0000000        2.3978193
     524.0000000        2.3906164
     525.0000000        2.3819246
     526.0000000        2.3900514
     527.0000000        2.4011576
     528.0000000        2.4197145
     529.0000000        2.4446800
     530.0000000        2.4721637
     531.0000000        2.4831183
     532.0000000        2.4882472
     533.0000000        2.4870954
     534.0000000        2.4784579
     535.0000000        2.4791939
     536.0000000        2.4795923
     537.0000000        2.4814045
     538.0000000        2.4689865
     539.0000000        2.4632132
     540.0000000        2.4618814
     541.0000000        2.4486825
     542.0000000        2.4377735
     543.0000000        2.4399049
     544.0000000        2.4361699
     545.0000000        2.4271138
     546.0000000        2.4104738
     547.0000000        2.4052105
     548.0000000        2.4098585
     549.0000000        2.4241941
     550.0000000        2.4296203
     551.0000000        2.4361668
     552.0000000        2.4429908
     553.0000000        2.4460161
     554.0000000        2.4550817
     555.0000000        2.4590394
     556.0000000        2.4665930
     557.0000000        2.4708884
     558.0000000        2.4745181
     559.0000000        2.4817870
     560.0000000        2.5003455
     561.0000000        2.5074599
     562.0000000        2.5073061
     563.0000000        2.5236049
     564.0000000        2.5454249
     565.0000000        2.5650322
     566.0000000        2.5799475
     567.0000000        2.5981412
     568.0000000        2.6012762
     569.0000000        2.6001461
     570.0000000        2.6000066
     571.0000000        2.5971625
     572.0000000        2.5957253
     573.0000000        2.6046045
     574.0000000        2.5975828
     575.0000000        2.5868824
     576.0000000        2.5709090
     577.0000000        2.5525775
     578.0000000        2.5381794
     579.0000000        2.5216279
     580.0000000        2.5136187
     581.0000000        2.5146422
     582.0000000        2.5095162
     583.0000000        2.5015740
     584.0000000        2.4982660
     585.0000000        2.5005739
     586.0000000        2.4967101
     587.0000000        2.4866982
     588.0000000        2.4703948
     589.0000000        2.4618876
     590.0000000        2.4445653
     591.0000000        2.4317648
     592.0000000        2.4282842
     593.0000000        2.4248781
     594.0000000        2.4226594
     595.0000000        2.4184756
     596.0000000        2.4230452
     597.0000000        2.4341614
     598.0000000        2.4432523
     599.0000000        2.4456363
     600.0000000        2.4446614
