       1.0000000        2.5679333
       2.0000000        2.5384161
       3.0000000        2.5132264
       4.0000000        2.5016849
       5.0000000        2.4937884
       6.0000000        2.4773298
       7.0000000        2.4568690
       8.0000000        2.4399215
       9.0000000        2.4252030
      10.0000000        2.4044718
      11.0000000        2.3840348
      12.0000000        2.3704238
      13.0000000        2.3552538
      14.0000000        2.3361832
      15.0000000        2.3184132
      16.0000000        2.3123162
      17.0000000        2.3161812
      18.0000000        2.3163953
      19.0000000        2.3246999
      20.0000000        2.3416220
      21.0000000        2.3632975
      22.0000000        2.4000858
      23.0000000        2.4531208
      24.0000000        2.4998957
      25.0000000        2.5329895
      26.0000000        2.5501643
      27.0000000        2.5477924
      28.0000000        2.5480059
      29.0000000        2.5659419
      30.0000000        2.5815993
      31.0000000        2.5795428
      32.0000000        2.5696258
      33.0000000        2.5611675
      34.0000000        2.5659596
      35.0000000        2.5816267
      36.0000000        2.5833549
      37.0000000        2.5653923
      38.0000000        2.5207109
      39.0000000        2.4717527
      40.0000000        2.4305767
      41.0000000        2.4059781
      42.0000000        2.3974895
      43.0000000        2.3860649
      44.0000000        2.3612879
      45.0000000        2.3464070
      46.0000000        2.3597386
      47.0000000        2.3821167
      48.0000000        2.3916294
      49.0000000        2.3866504
      50.0000000        2.3657516
      51.0000000        2.3500669
      52.0000000        2.3564717
      53.0000000        2.3739616
      54.0000000        2.3948909
      55.0000000        2.4138003
      56.0000000        2.4328700
      57.0000000        2.4473489
      58.0000000        2.4570507
      59.0000000        2.4525836
      60.0000000        2.4419026
      61.0000000        2.4394712
      62.0000000        2.4422581
      63.0000000        2.4461866
      64.0000000        2.4461377
      65.0000000        2.4318967
      66.0000000        2.4083342
      67.0000000        2.3964375
      68.0000000        2.3959891
      69.0000000        2.3905293
      70.0000000        2.3796915
      71.0000000        2.3706583
      72.0000000        2.3642631
      73.0000000        2.3474275
      74.0000000        2.3292975
      75.0000000        2.3092757
      76.0000000        2.2868911
      77.0000000        2.2732601
      78.0000000        2.2724062
      79.0000000        2.2774614
      80.0000000        2.2817187
      81.0000000        2.2940559
      82.0000000        2.3166608
      83.0000000        2.3461364
      84.0000000        2.3686184
      85.0000000        2.3782199
      86.0000000        2.3854091
      87.0000000        2.3818335
      88.0000000        2.3765496
      89.0000000        2.3740384
      90.0000000        2.3751332
      91.0000000        2.3730377
      92.0000000        2.3652201
      93.0000000        2.3732980
      94.0000000        2.4050159
      95.0000000        2.4420803
      96.0000000        2.4684592
      97.0000000        2.4812833
      98.0000000        2.4801751
      99.0000000        2.4835035
     100.0000000        2.4920917
     101.0000000        2.5013094
     102.0000000        2.5104993
     103.0000000        2.5091355
     104.0000000        2.4957868
     105.0000000        2.4711513
     106.0000000        2.4554608
     107.0000000        2.4465059
     108.0000000        2.4338012
     109.0000000        2.4201624
     110.0000000        2.4154709
     111.0000000        2.4177182
     112.0000000        2.4093009
     113.0000000        2.3996334
     114.0000000        2.3981252
     115.0000000        2.4098832
     116.0000000        2.4170667
     117.0000000        2.4081610
     118.0000000        2.3983265
     119.0000000        2.3916165
     120.0000000        2.3772047
     121.0000000        2.3547095
     122.0000000        2.3328520
     123.0000000        2.3144449
     124.0000000        2.2963100
     125.0000000        2.2794691
     126.0000000        2.2703406
     127.0000000        2.2720494
     128.0000000        2.2862979
     129.0000000        2.3044494
     130.0000000        2.3279049
     131.0000000        2.3624139
     132.0000000        2.3919939
     133.0000000        2.4157968
     134.0000000        2.4364549
     135.0000000        2.4582379
     136.0000000        2.4751187
     137.0000000        2.4748082
     138.0000000        2.4600334
     139.0000000        2.4443261
     140.0000000        2.4349889
     141.0000000        2.4219043
     142.0000000        2.4134369
     143.0000000        2.4142222
     144.0000000        2.4155756
     145.0000000        2.4060724
     146.0000000        2.4024341
     147.0000000        2.4094597
     148.0000000        2.4038459
     149.0000000        2.3855368
     150.0000000        2.3804715
     151.0000000        2.3872551
     152.0000000        2.3943323
     153.0000000        2.4007473
     154.0000000        2.4065153
     155.0000000        2.4159557
     156.0000000        2.4270359
     157.0000000        2.4325219
     158.0000000        2.4296507
     159.0000000        2.4352328
     160.0000000        2.4518452
     161.0000000        2.4725174
     162.0000000        2.4916485
     163.0000000        2.4970232
     164.0000000        2.4833935
     165.0000000        2.4604581
     166.0000000        2.4438826
     167.0000000        2.4423527
     168.0000000        2.4491114
     169.0000000        2.4587533
     170.0000000        2.4657184
     171.0000000        2.4688139
     172.0000000        2.4678196
     173.0000000        2.4597425
     174.0000000        2.4431488
     175.0000000        2.4156984
     176.0000000        2.3921923
     177.0000000        2.3848216
     178.0000000        2.3829840
     179.0000000        2.3910942
     180.0000000        2.4005043
     181.0000000        2.4050397
     182.0000000        2.4029347
     183.0000000        2.3980900
     184.0000000        2.3907166
     185.0000000        2.3825066
     186.0000000        2.3741751
     187.0000000        2.3634686
     188.0000000        2.3575494
     189.0000000        2.3670002
     190.0000000        2.3750451
     191.0000000        2.3779357
     192.0000000        2.3836748
     193.0000000        2.3945196
     194.0000000        2.4077768
     195.0000000        2.4143657
     196.0000000        2.4179915
     197.0000000        2.4257652
     198.0000000        2.4359128
     199.0000000        2.4393925
     200.0000000        2.4289338
     201.0000000        2.4119855
     202.0000000        2.3985326
     203.0000000        2.3839525
     204.0000000        2.3756235
     205.0000000        2.3789233
     206.0000000        2.3855843
     207.0000000        2.3938913
     208.0000000        2.4038724
     209.0000000        2.4127111
     210.0000000        2.4211177
     211.0000000        2.4245572
     212.0000000        2.4226150
     213.0000000        2.4160844
     214.0000000        2.4053356
     215.0000000        2.3989287
     216.0000000        2.4036655
     217.0000000        2.4178888
     218.0000000        2.4245622
     219.0000000        2.4087299
     220.0000000        2.3785613
     221.0000000        2.3571608
     222.0000000        2.3529433
     223.0000000        2.3610756
     224.0000000        2.3669628
     225.0000000        2.3683187
     226.0000000        2.3750757
     227.0000000        2.3907383
     228.0000000        2.4071557
     229.0000000        2.4235741
     230.0000000        2.4359294
     231.0000000        2.4511148
     232.0000000        2.4740440
     233.0000000        2.5026399
     234.0000000        2.5239590
     235.0000000        2.5259725
     236.0000000        2.5085145
     237.0000000        2.4904182
     238.0000000        2.4783720
     239.0000000        2.4620516
     240.0000000        2.4308669
     241.0000000        2.4002455
     242.0000000        2.3861435
     243.0000000        2.3791278
     244.0000000        2.3666805
     245.0000000        2.3510245
     246.0000000        2.3406476
     247.0000000        2.3384683
     248.0000000        2.3433290
     249.0000000        2.3485366
     250.0000000        2.3560791
     251.0000000        2.3684708
     252.0000000        2.3846090
     253.0000000        2.4031251
     254.0000000        2.4234637
     255.0000000        2.4369170
     256.0000000        2.4422135
     257.0000000        2.4552866
     258.0000000        2.4750019
     259.0000000        2.4994950
     260.0000000        2.5230257
     261.0000000        2.5414164
     262.0000000        2.5549202
     263.0000000        2.5633921
     264.0000000        2.5726493
     265.0000000        2.5893915
     266.0000000        2.6109682
     267.0000000        2.6231880
     268.0000000        2.6038429
     269.0000000        2.5700977
     270.0000000        2.5425628
     271.0000000        2.5151183
     272.0000000        2.5014283
     273.0000000        2.4989445
     274.0000000        2.5023168
     275.0000000        2.5054812
     276.0000000        2.5074448
     277.0000000        2.5039616
     278.0000000        2.4951273
     279.0000000        2.4868556
     280.0000000        2.4738191
     281.0000000        2.4599256
     282.0000000        2.4476282
     283.0000000        2.4235252
     284.0000000        2.4009646
     285.0000000        2.3943004
     286.0000000        2.3998884
     287.0000000        2.4129457
     288.0000000        2.4172879
     289.0000000        2.4138945
     290.0000000        2.4020358
     291.0000000        2.3926143
     292.0000000        2.3894480
     293.0000000        2.3837786
     294.0000000        2.3771688
     295.0000000        2.3820939
     296.0000000        2.3956462
     297.0000000        2.4062243
     298.0000000        2.4165198
     299.0000000        2.4397028
     300.0000000        2.4598258
     301.0000000        2.4714860
     302.0000000        2.4724062
     303.0000000        2.4669866
     304.0000000        2.4564596
     305.0000000        2.4436965
     306.0000000        2.4388999
     307.0000000        2.4309915
     308.0000000        2.4118398
     309.0000000        2.3878122
     310.0000000        2.3711655
     311.0000000        2.3732080
     312.0000000        2.3879261
     313.0000000        2.4016608
     314.0000000        2.4074834
     315.0000000        2.4056935
     316.0000000        2.3984515
     317.0000000        2.3950797
     318.0000000        2.3953893
     319.0000000        2.3938225
     320.0000000        2.3885042
     321.0000000        2.3761068
     322.0000000        2.3661378
     323.0000000        2.3684218
     324.0000000        2.3841841
     325.0000000        2.4003836
     326.0000000        2.4059034
     327.0000000        2.4045016
     328.0000000        2.4101379
     329.0000000        2.4127582
     330.0000000        2.4147026
     331.0000000        2.4125749
     332.0000000        2.4166358
     333.0000000        2.4342724
     334.0000000        2.4539981
     335.0000000        2.4556812
     336.0000000        2.4479637
     337.0000000        2.4447387
     338.0000000        2.4375478
     339.0000000        2.4308080
     340.0000000        2.4404512
     341.0000000        2.4574093
     342.0000000        2.4739243
     343.0000000        2.4792052
     344.0000000        2.4780834
     345.0000000        2.4729166
     346.0000000        2.4734530
     347.0000000        2.4709765
     348.0000000        2.4635688
     349.0000000        2.4568817
     350.0000000        2.4586244
     351.0000000        2.4685564
     352.0000000        2.4795343
     353.0000000        2.4887902
     354.0000000        2.4876763
     355.0000000        2.4789030
     356.0000000        2.4670771
     357.0000000        2.4589421
     358.0000000        2.4466722
     359.0000000        2.4321840
     360.0000000        2.4156231
     361.0000000        2.3885061
     362.0000000        2.3669008
     363.0000000        2.3631712
     364.0000000        2.3755068
     365.0000000        2.3984141
     366.0000000        2.4134569
     367.0000000        2.4223919
     368.0000000        2.4207321
     369.0000000        2.4099590
     370.0000000        2.3982301
     371.0000000        2.3919289
     372.0000000        2.3869704
     373.0000000        2.3947307
     374.0000000        2.4135118
     375.0000000        2.4282273
     376.0000000        2.4321594
     377.0000000        2.4234113
     378.0000000        2.4096896
     379.0000000        2.3900832
     380.0000000        2.3598929
     381.0000000        2.3368309
     382.0000000        2.3339801
     383.0000000        2.3412495
     384.0000000        2.3418762
     385.0000000        2.3455458
     386.0000000        2.3507964
     387.0000000        2.3462151
     388.0000000        2.3377898
     389.0000000        2.3351211
     390.0000000        2.3330235
     391.0000000        2.3268344
     392.0000000        2.3267360
     393.0000000        2.3381533
     394.0000000        2.3587619
     395.0000000        2.3831425
     396.0000000        2.3992410
     397.0000000        2.4041761
     398.0000000        2.4082680
     399.0000000        2.4144043
     400.0000000        2.4197057
     401.0000000        2.4179648
     402.0000000        2.4133170
     403.0000000        2.4114316
     404.0000000        2.4123748
     405.0000000        2.4124034
     406.0000000        2.4143934
     407.0000000        2.4222835
     408.0000000        2.4390531
     409.0000000        2.4610591
     410.0000000        2.4735788
     411.0000000        2.4708406
     412.0000000        2.4636755
     413.0000000        2.4608354
     414.0000000        2.4615495
     415.0000000        2.4494831
     416.0000000        2.4338598
     417.0000000        2.4376509
     418.0000000        2.4541082
     419.0000000        2.4690365
     420.0000000        2.4723892
     421.0000000        2.4787410
     422.0000000        2.4961426
     423.0000000        2.5095816
     424.0000000        2.5140575
     425.0000000        2.5075231
     426.0000000        2.4921640
     427.0000000        2.4971777
     428.0000000        2.5222712
     429.0000000        2.5413761
     430.0000000        2.5380797
     431.0000000        2.5241217
     432.0000000        2.5029974
     433.0000000        2.4824116
     434.0000000        2.4633061
     435.0000000        2.4586794
     436.0000000        2.4663069
     437.0000000        2.4773211
     438.0000000        2.4823031
     439.0000000        2.4779950
     440.0000000        2.4651290
     441.0000000        2.4529843
     442.0000000        2.4417913
     443.0000000        2.4275419
     444.0000000        2.4064795
     445.0000000        2.3804563
     446.0000000        2.3533166
     447.0000000        2.3290686
     448.0000000        2.3126109
     449.0000000        2.3010715
     450.0000000        2.3011204
     451.0000000        2.3057198
     452.0000000        2.3077694
     453.0000000        2.3190267
     454.0000000        2.3437154
     455.0000000        2.3689378
     456.0000000        2.3812816
     457.0000000        2.3838391
     458.0000000        2.3828544
     459.0000000        2.3809336
     460.0000000        2.3737505
     461.0000000        2.3605709
     462.0000000        2.3467415
     463.0000000        2.3395764
     464.0000000        2.3434933
     465.0000000        2.3546217
     466.0000000        2.3705077
     467.0000000        2.3892914
     468.0000000        2.4107962
     469.0000000        2.4360032
     470.0000000        2.4582103
     471.0000000        2.4749440
     472.0000000        2.4837653
     473.0000000        2.4885736
     474.0000000        2.4932301
     475.0000000        2.4965790
     476.0000000        2.4970957
     477.0000000        2.4910752
     478.0000000        2.4830139
     479.0000000        2.4675836
     480.0000000        2.4490367
     481.0000000        2.4480762
     482.0000000        2.4646753
     483.0000000        2.4899448
     484.0000000        2.5177897
     485.0000000        2.5352700
     486.0000000        2.5401987
     487.0000000        2.5515673
     488.0000000        2.5573139
     489.0000000        2.5588554
     490.0000000        2.5593180
     491.0000000        2.5535235
     492.0000000        2.5354533
     493.0000000        2.5172562
     494.0000000        2.5130918
     495.0000000        2.5098620
     496.0000000        2.5032498
     497.0000000        2.5005037
     498.0000000        2.4958973
     499.0000000        2.4903994
     500.0000000        2.4793662
     501.0000000        2.4619916
     502.0000000        2.4416584
     503.0000000        2.4284343
     504.0000000        2.4362122
     505.0000000        2.4511620
     506.0000000        2.4706652
     507.0000000        2.4899392
     508.0000000        2.5025535
     509.0000000        2.5127297
     510.0000000        2.5167509
     511.0000000        2.5105290
     512.0000000        2.5065241
     513.0000000        2.5075559
     514.0000000        2.5165223
     515.0000000        2.5232408
     516.0000000        2.5201434
     517.0000000        2.5046561
     518.0000000        2.4839904
     519.0000000        2.4603574
     520.0000000        2.4464922
     521.0000000        2.4465647
     522.0000000        2.4488300
     523.0000000        2.4500429
     524.0000000        2.4536482
     525.0000000        2.4440045
     526.0000000        2.4217906
     527.0000000        2.4030908
     528.0000000        2.4030943
     529.0000000        2.4204749
     530.0000000        2.4363246
     531.0000000        2.4368482
     532.0000000        2.4274514
     533.0000000        2.4158983
     534.0000000        2.4016802
     535.0000000        2.3934121
     536.0000000        2.3899413
     537.0000000        2.3913092
     538.0000000        2.3912954
     539.0000000        2.3824490
     540.0000000        2.3696866
     541.0000000        2.3612839
     542.0000000        2.3623222
     543.0000000        2.3682731
     544.0000000        2.3819324
     545.0000000        2.4063632
     546.0000000        2.4304609
     547.0000000        2.4484871
     548.0000000        2.4638610
     549.0000000        2.4714996
     550.0000000        2.4787605
     551.0000000        2.4926759
     552.0000000        2.5133977
     553.0000000        2.5350541
     554.0000000        2.5413755
     555.0000000        2.5299205
     556.0000000        2.5091918
     557.0000000        2.4816245
     558.0000000        2.4538149
     559.0000000        2.4307291
     560.0000000        2.4129494
     561.0000000        2.3974253
     562.0000000        2.3855402
     563.0000000        2.3790315
     564.0000000        2.3752430
     565.0000000        2.3696208
     566.0000000        2.3708049
     567.0000000        2.3777995
     568.0000000        2.3849176
     569.0000000        2.3880075
     570.0000000        2.3885527
     571.0000000        2.3860172
     572.0000000        2.3861902
     573.0000000        2.3811192
     574.0000000        2.3778587
     575.0000000        2.3808532
     576.0000000        2.3828839
     577.0000000        2.3793588
     578.0000000        2.3725825
     579.0000000        2.3692431
     580.0000000        2.3646702
     581.0000000        2.3701757
     582.0000000        2.3949334
     583.0000000        2.4147453
     584.0000000        2.4325594
     585.0000000        2.4477746
     586.0000000        2.4576016
     587.0000000        2.4666013
     588.0000000        2.4735327
     589.0000000        2.4684295
     590.0000000        2.4633393
     591.0000000        2.4698607
     592.0000000        2.4851984
     593.0000000        2.5015042
     594.0000000        2.5094892
     595.0000000        2.5144934
     596.0000000        2.5282746
     597.0000000        2.5606887
     598.0000000        2.5833467
     599.0000000        2.5874184
     600.0000000        2.5768223
