       1.0000000        2.9262629
       2.0000000        2.7932324
       3.0000000        2.6454561
       4.0000000        2.5369215
       5.0000000        2.4565129
       6.0000000        2.3968928
       7.0000000        2.3605185
       8.0000000        2.3347673
       9.0000000        2.3107414
      10.0000000        2.2976489
      11.0000000        2.2980516
      12.0000000        2.3009458
      13.0000000        2.2949452
      14.0000000        2.2827337
      15.0000000        2.2731376
      16.0000000        2.2647882
      17.0000000        2.2558417
      18.0000000        2.2463007
      19.0000000        2.2379498
      20.0000000        2.2330723
      21.0000000        2.2288780
      22.0000000        2.2274559
      23.0000000        2.2288947
      24.0000000        2.2252135
      25.0000000        2.2142999
      26.0000000        2.2041109
      27.0000000        2.1995978
      28.0000000        2.1964631
      29.0000000        2.1907322
      30.0000000        2.1857491
      31.0000000        2.1832948
      32.0000000        2.1853144
      33.0000000        2.1964238
      34.0000000        2.2081497
      35.0000000        2.2087481
      36.0000000        2.1985023
      37.0000000        2.1873252
      38.0000000        2.1837041
      39.0000000        2.1831210
      40.0000000        2.1807120
      41.0000000        2.1755750
      42.0000000        2.1765730
      43.0000000        2.1828334
      44.0000000        2.1899891
      45.0000000        2.1921568
      46.0000000        2.1885400
      47.0000000        2.1850514
      48.0000000        2.1849465
      49.0000000        2.1902006
      50.0000000        2.1966317
      51.0000000        2.1996431
      52.0000000        2.1988990
      53.0000000        2.1980321
      54.0000000        2.1962643
      55.0000000        2.1913843
      56.0000000        2.1871922
      57.0000000        2.1834962
      58.0000000        2.1776633
      59.0000000        2.1745269
      60.0000000        2.1767755
      61.0000000        2.1832969
      62.0000000        2.1947074
      63.0000000        2.2061479
      64.0000000        2.2151756
      65.0000000        2.2227488
      66.0000000        2.2274327
      67.0000000        2.2305746
      68.0000000        2.2345123
      69.0000000        2.2399130
      70.0000000        2.2407727
      71.0000000        2.2385063
      72.0000000        2.2382915
      73.0000000        2.2380645
      74.0000000        2.2339382
      75.0000000        2.2267227
      76.0000000        2.2198732
      77.0000000        2.2135882
      78.0000000        2.2102160
      79.0000000        2.2092931
      80.0000000        2.2107184
      81.0000000        2.2142417
      82.0000000        2.2112479
      83.0000000        2.2015350
      84.0000000        2.1947560
      85.0000000        2.1919725
      86.0000000        2.1893086
      87.0000000        2.1870925
      88.0000000        2.1841254
      89.0000000        2.1813004
      90.0000000        2.1800869
      91.0000000        2.1773412
      92.0000000        2.1742544
      93.0000000        2.1712964
      94.0000000        2.1697178
      95.0000000        2.1690841
      96.0000000        2.1702833
      97.0000000        2.1718032
      98.0000000        2.1723359
      99.0000000        2.1770027
     100.0000000        2.1838896
     101.0000000        2.1862404
     102.0000000        2.1855068
     103.0000000        2.1854434
     104.0000000        2.1906130
     105.0000000        2.2034006
     106.0000000        2.2191648
     107.0000000        2.2358913
     108.0000000        2.2501469
     109.0000000        2.2583535
     110.0000000        2.2511578
     111.0000000        2.2324762
     112.0000000        2.2160256
     113.0000000        2.2076848
     114.0000000        2.2050385
     115.0000000        2.2013903
     116.0000000        2.1970758
     117.0000000        2.1941211
     118.0000000        2.1961257
     119.0000000        2.2060552
     120.0000000        2.2192724
     121.0000000        2.2278783
     122.0000000        2.2274883
     123.0000000        2.2248745
     124.0000000        2.2236404
     125.0000000        2.2241881
     126.0000000        2.2203410
     127.0000000        2.2132080
     128.0000000        2.2104800
     129.0000000        2.2158802
     130.0000000        2.2223547
     131.0000000        2.2260885
     132.0000000        2.2285726
     133.0000000        2.2306781
     134.0000000        2.2330537
     135.0000000        2.2333694
     136.0000000        2.2281470
     137.0000000        2.2176883
     138.0000000        2.2066162
     139.0000000        2.2001951
     140.0000000        2.1979723
     141.0000000        2.1915009
     142.0000000        2.1824675
     143.0000000        2.1764431
     144.0000000        2.1757877
     145.0000000        2.1766922
     146.0000000        2.1761656
     147.0000000        2.1750090
     148.0000000        2.1726699
     149.0000000        2.1694112
     150.0000000        2.1636550
     151.0000000        2.1569231
     152.0000000        2.1523786
     153.0000000        2.1486466
     154.0000000        2.1473138
     155.0000000        2.1481566
     156.0000000        2.1503510
     157.0000000        2.1539955
     158.0000000        2.1609783
     159.0000000        2.1669679
     160.0000000        2.1725876
     161.0000000        2.1786592
     162.0000000        2.1847119
     163.0000000        2.1897624
     164.0000000        2.1943119
     165.0000000        2.1979454
     166.0000000        2.1998332
     167.0000000        2.2029958
     168.0000000        2.2039545
     169.0000000        2.2027407
     170.0000000        2.2006574
     171.0000000        2.1963971
     172.0000000        2.1907091
     173.0000000        2.1848569
     174.0000000        2.1799693
     175.0000000        2.1760211
     176.0000000        2.1737723
     177.0000000        2.1762080
     178.0000000        2.1785896
     179.0000000        2.1764452
     180.0000000        2.1730027
     181.0000000        2.1689341
     182.0000000        2.1623840
     183.0000000        2.1574905
     184.0000000        2.1562996
     185.0000000        2.1584311
     186.0000000        2.1623893
     187.0000000        2.1647296
     188.0000000        2.1679380
     189.0000000        2.1702821
     190.0000000        2.1666937
     191.0000000        2.1582561
     192.0000000        2.1448107
     193.0000000        2.1343846
     194.0000000        2.1306827
     195.0000000        2.1303177
     196.0000000        2.1324885
     197.0000000        2.1390643
     198.0000000        2.1476374
     199.0000000        2.1557417
     200.0000000        2.1660588
     201.0000000        2.1757295
     202.0000000        2.1846464
     203.0000000        2.1965897
     204.0000000        2.2105489
     205.0000000        2.2203901
     206.0000000        2.2271097
     207.0000000        2.2320006
     208.0000000        2.2325265
     209.0000000        2.2323706
     210.0000000        2.2350259
     211.0000000        2.2391107
     212.0000000        2.2419896
     213.0000000        2.2436292
     214.0000000        2.2429366
     215.0000000        2.2366109
     216.0000000        2.2312891
     217.0000000        2.2234106
     218.0000000        2.2084484
     219.0000000        2.1964030
     220.0000000        2.1904659
     221.0000000        2.1864328
     222.0000000        2.1834006
     223.0000000        2.1862929
     224.0000000        2.1961539
     225.0000000        2.2067294
     226.0000000        2.2152221
     227.0000000        2.2189114
     228.0000000        2.2216282
     229.0000000        2.2270985
     230.0000000        2.2328482
     231.0000000        2.2352104
     232.0000000        2.2330005
     233.0000000        2.2253325
     234.0000000        2.2119033
     235.0000000        2.2003186
     236.0000000        2.1938710
     237.0000000        2.1886971
     238.0000000        2.1860449
     239.0000000        2.1895697
     240.0000000        2.1938128
     241.0000000        2.2004104
     242.0000000        2.2049201
     243.0000000        2.2066493
     244.0000000        2.2118206
     245.0000000        2.2249007
     246.0000000        2.2388275
     247.0000000        2.2471411
     248.0000000        2.2488768
     249.0000000        2.2486396
     250.0000000        2.2429624
     251.0000000        2.2357073
     252.0000000        2.2306831
     253.0000000        2.2299194
     254.0000000        2.2294726
     255.0000000        2.2263229
     256.0000000        2.2243657
     257.0000000        2.2177880
     258.0000000        2.2087855
     259.0000000        2.2056744
     260.0000000        2.2146358
     261.0000000        2.2269745
     262.0000000        2.2340069
     263.0000000        2.2392550
     264.0000000        2.2414021
     265.0000000        2.2400103
     266.0000000        2.2434790
     267.0000000        2.2469053
     268.0000000        2.2407889
     269.0000000        2.2264299
     270.0000000        2.2099938
     271.0000000        2.1983063
     272.0000000        2.1970701
     273.0000000        2.1995802
     274.0000000        2.1970034
     275.0000000        2.1946733
     276.0000000        2.1950667
     277.0000000        2.1951227
     278.0000000        2.1953120
     279.0000000        2.2004654
     280.0000000        2.2068906
     281.0000000        2.2084956
     282.0000000        2.2062070
     283.0000000        2.2093029
     284.0000000        2.2203093
     285.0000000        2.2349896
     286.0000000        2.2461011
     287.0000000        2.2466795
     288.0000000        2.2458806
     289.0000000        2.2492762
     290.0000000        2.2576146
     291.0000000        2.2653193
     292.0000000        2.2701702
     293.0000000        2.2689469
     294.0000000        2.2582958
     295.0000000        2.2461843
     296.0000000        2.2348082
     297.0000000        2.2190332
     298.0000000        2.2074900
     299.0000000        2.2013409
     300.0000000        2.2025752
     301.0000000        2.2107606
     302.0000000        2.2157986
     303.0000000        2.2114670
     304.0000000        2.2095327
     305.0000000        2.2189612
     306.0000000        2.2323737
     307.0000000        2.2388418
     308.0000000        2.2424016
     309.0000000        2.2446890
     310.0000000        2.2428803
     311.0000000        2.2371130
     312.0000000        2.2329690
     313.0000000        2.2294309
     314.0000000        2.2269108
     315.0000000        2.2267070
     316.0000000        2.2288485
     317.0000000        2.2255893
     318.0000000        2.2140572
     319.0000000        2.2010684
     320.0000000        2.1929765
     321.0000000        2.1886911
     322.0000000        2.1878996
     323.0000000        2.1858437
     324.0000000        2.1808603
     325.0000000        2.1756232
     326.0000000        2.1663730
     327.0000000        2.1632771
     328.0000000        2.1690948
     329.0000000        2.1768787
     330.0000000        2.1867807
     331.0000000        2.1950700
     332.0000000        2.1994219
     333.0000000        2.1971292
     334.0000000        2.1941576
     335.0000000        2.1889489
     336.0000000        2.1832194
     337.0000000        2.1803119
     338.0000000        2.1848986
     339.0000000        2.1887901
     340.0000000        2.1875927
     341.0000000        2.1818864
     342.0000000        2.1743767
     343.0000000        2.1677682
     344.0000000        2.1609871
     345.0000000        2.1563361
     346.0000000        2.1531839
     347.0000000        2.1479819
     348.0000000        2.1471899
     349.0000000        2.1531632
     350.0000000        2.1602082
     351.0000000        2.1626632
     352.0000000        2.1625202
     353.0000000        2.1638076
     354.0000000        2.1622994
     355.0000000        2.1607366
     356.0000000        2.1607475
     357.0000000        2.1577690
     358.0000000        2.1508923
     359.0000000        2.1481395
     360.0000000        2.1505570
     361.0000000        2.1534615
     362.0000000        2.1546969
     363.0000000        2.1586561
     364.0000000        2.1661003
     365.0000000        2.1774023
     366.0000000        2.1859510
     367.0000000        2.1920993
     368.0000000        2.1995003
     369.0000000        2.2077532
     370.0000000        2.2216744
     371.0000000        2.2344105
     372.0000000        2.2377260
     373.0000000        2.2299538
     374.0000000        2.2205930
     375.0000000        2.2173965
     376.0000000        2.2169781
     377.0000000        2.2107947
     378.0000000        2.2002716
     379.0000000        2.1895640
     380.0000000        2.1759353
     381.0000000        2.1635725
     382.0000000        2.1568129
     383.0000000        2.1523657
     384.0000000        2.1483707
     385.0000000        2.1443558
     386.0000000        2.1394763
     387.0000000        2.1365387
     388.0000000        2.1403911
     389.0000000        2.1485400
     390.0000000        2.1532147
     391.0000000        2.1555803
     392.0000000        2.1597290
     393.0000000        2.1638081
     394.0000000        2.1676755
     395.0000000        2.1688833
     396.0000000        2.1696978
     397.0000000        2.1709116
     398.0000000        2.1709139
     399.0000000        2.1668317
     400.0000000        2.1671658
     401.0000000        2.1726046
     402.0000000        2.1790147
     403.0000000        2.1837523
     404.0000000        2.1888442
     405.0000000        2.1944678
     406.0000000        2.1985893
     407.0000000        2.2009225
     408.0000000        2.2044268
     409.0000000        2.2058945
     410.0000000        2.2060981
     411.0000000        2.2059181
     412.0000000        2.1998799
     413.0000000        2.1909366
     414.0000000        2.1877868
     415.0000000        2.1865189
     416.0000000        2.1816478
     417.0000000        2.1760182
     418.0000000        2.1751800
     419.0000000        2.1794198
     420.0000000        2.1832306
     421.0000000        2.1815484
     422.0000000        2.1762512
     423.0000000        2.1710091
     424.0000000        2.1670957
     425.0000000        2.1694696
     426.0000000        2.1789575
     427.0000000        2.1882133
     428.0000000        2.1923683
     429.0000000        2.1974013
     430.0000000        2.2045639
     431.0000000        2.2118061
     432.0000000        2.2185469
     433.0000000        2.2268937
     434.0000000        2.2317286
     435.0000000        2.2294476
     436.0000000        2.2270861
     437.0000000        2.2239459
     438.0000000        2.2170069
     439.0000000        2.2092633
     440.0000000        2.2080846
     441.0000000        2.2088885
     442.0000000        2.2045939
     443.0000000        2.1987975
     444.0000000        2.1977856
     445.0000000        2.2038457
     446.0000000        2.2124326
     447.0000000        2.2175281
     448.0000000        2.2258632
     449.0000000        2.2378936
     450.0000000        2.2512100
     451.0000000        2.2586815
     452.0000000        2.2606931
     453.0000000        2.2582209
     454.0000000        2.2528598
     455.0000000        2.2436802
     456.0000000        2.2322092
     457.0000000        2.2235954
     458.0000000        2.2212749
     459.0000000        2.2206416
     460.0000000        2.2199297
     461.0000000        2.2182906
     462.0000000        2.2151585
     463.0000000        2.2115691
     464.0000000        2.2048810
     465.0000000        2.1990273
     466.0000000        2.1961226
     467.0000000        2.1990278
     468.0000000        2.2054656
     469.0000000        2.2121320
     470.0000000        2.2217662
     471.0000000        2.2290118
     472.0000000        2.2341712
     473.0000000        2.2391040
     474.0000000        2.2433043
     475.0000000        2.2520800
     476.0000000        2.2633395
     477.0000000        2.2702880
     478.0000000        2.2722199
     479.0000000        2.2721801
     480.0000000        2.2714722
     481.0000000        2.2736771
     482.0000000        2.2781930
     483.0000000        2.2884557
     484.0000000        2.2985680
     485.0000000        2.2990398
     486.0000000        2.2886596
     487.0000000        2.2751403
     488.0000000        2.2616253
     489.0000000        2.2455223
     490.0000000        2.2284164
     491.0000000        2.2142251
     492.0000000        2.2079089
     493.0000000        2.2036467
     494.0000000        2.2020004
     495.0000000        2.2068727
     496.0000000        2.2175548
     497.0000000        2.2288744
     498.0000000        2.2352555
     499.0000000        2.2310212
     500.0000000        2.2191708
     501.0000000        2.2070456
     502.0000000        2.1955342
     503.0000000        2.1850598
     504.0000000        2.1785238
     505.0000000        2.1736069
     506.0000000        2.1710951
     507.0000000        2.1727016
     508.0000000        2.1749811
     509.0000000        2.1778715
     510.0000000        2.1835129
     511.0000000        2.1944504
     512.0000000        2.2050455
     513.0000000        2.2108328
     514.0000000        2.2110558
     515.0000000        2.2040040
     516.0000000        2.1919239
     517.0000000        2.1885729
     518.0000000        2.1953096
     519.0000000        2.2043080
     520.0000000        2.2134564
     521.0000000        2.2253094
     522.0000000        2.2384596
     523.0000000        2.2454066
     524.0000000        2.2462883
     525.0000000        2.2399118
     526.0000000        2.2323661
     527.0000000        2.2301095
     528.0000000        2.2289593
     529.0000000        2.2259679
     530.0000000        2.2243361
     531.0000000        2.2221355
     532.0000000        2.2230520
     533.0000000        2.2256985
     534.0000000        2.2281392
     535.0000000        2.2334216
     536.0000000        2.2345872
     537.0000000        2.2254436
     538.0000000        2.2213523
     539.0000000        2.2176440
     540.0000000        2.2098014
     541.0000000        2.2007544
     542.0000000        2.1919572
     543.0000000        2.1849008
     544.0000000        2.1739964
     545.0000000        2.1569791
     546.0000000        2.1456442
     547.0000000        2.1406684
     548.0000000        2.1403310
     549.0000000        2.1421406
     550.0000000        2.1479189
     551.0000000        2.1554916
     552.0000000        2.1643417
     553.0000000        2.1749046
     554.0000000        2.1855941
     555.0000000        2.1930718
     556.0000000        2.1981761
     557.0000000        2.2030737
     558.0000000        2.2060750
     559.0000000        2.2060251
     560.0000000        2.2013912
     561.0000000        2.1948819
     562.0000000        2.1879554
     563.0000000        2.1825871
     564.0000000        2.1793153
     565.0000000        2.1777325
     566.0000000        2.1791282
     567.0000000        2.1832533
     568.0000000        2.1859641
     569.0000000        2.1873267
     570.0000000        2.1883352
     571.0000000        2.1933308
     572.0000000        2.2003267
     573.0000000        2.2059102
     574.0000000        2.2080047
     575.0000000        2.2044494
     576.0000000        2.1959007
     577.0000000        2.1930869
     578.0000000        2.2034142
     579.0000000        2.2179191
     580.0000000        2.2243650
     581.0000000        2.2257342
     582.0000000        2.2189713
     583.0000000        2.2103999
     584.0000000        2.2021885
     585.0000000        2.1950021
     586.0000000        2.1804025
     587.0000000        2.1647367
     588.0000000        2.1563418
     589.0000000        2.1537921
     590.0000000        2.1543694
     591.0000000        2.1635456
     592.0000000        2.1780601
     593.0000000        2.1922712
     594.0000000        2.1979501
     595.0000000        2.2049239
     596.0000000        2.2167430
     597.0000000        2.2267640
     598.0000000        2.2257266
     599.0000000        2.2141197
     600.0000000        2.2040780
