       1.0000000        2.5586491
       2.0000000        2.5567801
       3.0000000        2.5615115
       4.0000000        2.5703611
       5.0000000        2.5849371
       6.0000000        2.6069102
       7.0000000        2.6151271
       8.0000000        2.6117020
       9.0000000        2.6068742
      10.0000000        2.5941477
      11.0000000        2.5762899
      12.0000000        2.5544863
      13.0000000        2.5287580
      14.0000000        2.5095472
      15.0000000        2.4872024
      16.0000000        2.4668639
      17.0000000        2.4443653
      18.0000000        2.4261391
      19.0000000        2.4138248
      20.0000000        2.3951445
      21.0000000        2.3783052
      22.0000000        2.3629665
      23.0000000        2.3464351
      24.0000000        2.3252079
      25.0000000        2.3143280
      26.0000000        2.3115664
      27.0000000        2.3156264
      28.0000000        2.3196671
      29.0000000        2.3306952
      30.0000000        2.3441765
      31.0000000        2.3616362
      32.0000000        2.3778672
      33.0000000        2.3954680
      34.0000000        2.3959563
      35.0000000        2.3921349
      36.0000000        2.3908439
      37.0000000        2.3966413
      38.0000000        2.4000833
      39.0000000        2.3990238
      40.0000000        2.4032407
      41.0000000        2.4136539
      42.0000000        2.4179823
      43.0000000        2.4181495
      44.0000000        2.4188607
      45.0000000        2.4156256
      46.0000000        2.4178340
      47.0000000        2.4144697
      48.0000000        2.4132230
      49.0000000        2.4147377
      50.0000000        2.4168017
      51.0000000        2.4138889
      52.0000000        2.4102020
      53.0000000        2.4153755
      54.0000000        2.4244561
      55.0000000        2.4373665
      56.0000000        2.4355667
      57.0000000        2.4442806
      58.0000000        2.4537177
      59.0000000        2.4604111
      60.0000000        2.4676192
      61.0000000        2.4710195
      62.0000000        2.4789779
      63.0000000        2.4796722
      64.0000000        2.4891944
      65.0000000        2.4917541
      66.0000000        2.4912357
      67.0000000        2.4817147
      68.0000000        2.4758842
      69.0000000        2.4722803
      70.0000000        2.4595921
      71.0000000        2.4470227
      72.0000000        2.4492662
      73.0000000        2.4595380
      74.0000000        2.4908082
      75.0000000        2.5266795
      76.0000000        2.5595272
      77.0000000        2.5876064
      78.0000000        2.6196322
      79.0000000        2.6599450
      80.0000000        2.6915369
      81.0000000        2.7227340
      82.0000000        2.7426181
      83.0000000        2.7532327
      84.0000000        2.7591679
      85.0000000        2.7516997
      86.0000000        2.7454240
      87.0000000        2.7492003
      88.0000000        2.7593889
      89.0000000        2.7656283
      90.0000000        2.7731419
      91.0000000        2.7864022
      92.0000000        2.7973413
      93.0000000        2.7785296
      94.0000000        2.7662880
      95.0000000        2.7510712
      96.0000000        2.7234793
      97.0000000        2.6991868
      98.0000000        2.6811209
      99.0000000        2.6626532
     100.0000000        2.6392710
     101.0000000        2.6017911
     102.0000000        2.5641644
     103.0000000        2.5307460
     104.0000000        2.4960310
     105.0000000        2.4575379
     106.0000000        2.4135330
     107.0000000        2.3763840
     108.0000000        2.3414342
     109.0000000        2.3169498
     110.0000000        2.2928126
     111.0000000        2.2714512
     112.0000000        2.2531352
     113.0000000        2.2361040
     114.0000000        2.2108986
     115.0000000        2.1926451
     116.0000000        2.1787753
     117.0000000        2.1611362
     118.0000000        2.1463068
     119.0000000        2.1281176
     120.0000000        2.1141334
     121.0000000        2.0988045
     122.0000000        2.0904071
     123.0000000        2.0878892
     124.0000000        2.0868797
     125.0000000        2.0878522
     126.0000000        2.0853641
     127.0000000        2.0746202
     128.0000000        2.0733976
     129.0000000        2.0859683
     130.0000000        2.0975575
     131.0000000        2.1019223
     132.0000000        2.1039279
     133.0000000        2.1099377
     134.0000000        2.1089134
     135.0000000        2.1092701
     136.0000000        2.1163192
     137.0000000        2.1287081
     138.0000000        2.1480935
     139.0000000        2.1635711
     140.0000000        2.1788282
     141.0000000        2.1846204
     142.0000000        2.1932015
     143.0000000        2.2069573
     144.0000000        2.2269778
     145.0000000        2.2482970
     146.0000000        2.2602193
     147.0000000        2.2802866
     148.0000000        2.3003159
     149.0000000        2.3251143
     150.0000000        2.3530874
     151.0000000        2.3756802
     152.0000000        2.3972857
     153.0000000        2.4131138
     154.0000000        2.4241931
     155.0000000        2.4315538
     156.0000000        2.4281640
     157.0000000        2.4179764
     158.0000000        2.4207368
     159.0000000        2.4273095
     160.0000000        2.4285901
     161.0000000        2.4270346
     162.0000000        2.4310350
     163.0000000        2.4457214
     164.0000000        2.4672430
     165.0000000        2.4883554
     166.0000000        2.4977155
     167.0000000        2.5160525
     168.0000000        2.5393417
     169.0000000        2.5611427
     170.0000000        2.5660892
     171.0000000        2.5561757
     172.0000000        2.5513632
     173.0000000        2.5488970
     174.0000000        2.5526586
     175.0000000        2.5535166
     176.0000000        2.5516276
     177.0000000        2.5444565
     178.0000000        2.5322001
     179.0000000        2.5176301
     180.0000000        2.4908047
     181.0000000        2.4784000
     182.0000000        2.4729252
     183.0000000        2.4764383
     184.0000000        2.4759459
     185.0000000        2.4656725
     186.0000000        2.4502883
     187.0000000        2.4332461
     188.0000000        2.4126563
     189.0000000        2.3978045
     190.0000000        2.3908660
     191.0000000        2.3861732
     192.0000000        2.3774323
     193.0000000        2.3724670
     194.0000000        2.3684103
     195.0000000        2.3694899
     196.0000000        2.3671927
     197.0000000        2.3633718
     198.0000000        2.3539240
     199.0000000        2.3376422
     200.0000000        2.3097329
     201.0000000        2.2803214
     202.0000000        2.2530606
     203.0000000        2.2204435
     204.0000000        2.1884801
     205.0000000        2.1623325
     206.0000000        2.1446512
     207.0000000        2.1248622
     208.0000000        2.1028993
     209.0000000        2.0819616
     210.0000000        2.0575323
     211.0000000        2.0381129
     212.0000000        2.0211182
     213.0000000        2.0105832
     214.0000000        2.0049088
     215.0000000        1.9971740
     216.0000000        1.9900213
     217.0000000        1.9877732
     218.0000000        1.9814080
     219.0000000        1.9782130
     220.0000000        1.9726315
     221.0000000        1.9740860
     222.0000000        1.9820592
     223.0000000        1.9852517
     224.0000000        1.9889317
     225.0000000        1.9941992
     226.0000000        2.0032651
     227.0000000        2.0121629
     228.0000000        2.0231328
     229.0000000        2.0360956
     230.0000000        2.0464544
     231.0000000        2.0631173
     232.0000000        2.0881660
     233.0000000        2.1108258
     234.0000000        2.1327729
     235.0000000        2.1687596
     236.0000000        2.1985269
     237.0000000        2.2289498
     238.0000000        2.2577188
     239.0000000        2.2813859
     240.0000000        2.3093269
     241.0000000        2.3479345
     242.0000000        2.3837140
     243.0000000        2.4177182
     244.0000000        2.4456005
     245.0000000        2.4746692
     246.0000000        2.4937608
     247.0000000        2.5147786
     248.0000000        2.5434933
     249.0000000        2.5604644
     250.0000000        2.5801566
     251.0000000        2.5897641
     252.0000000        2.5958579
     253.0000000        2.6068358
     254.0000000        2.6127567
     255.0000000        2.6094029
     256.0000000        2.6048305
     257.0000000        2.5959685
     258.0000000        2.5807905
     259.0000000        2.5696952
     260.0000000        2.5527670
     261.0000000        2.5329654
     262.0000000        2.5158679
     263.0000000        2.5009489
     264.0000000        2.4851291
     265.0000000        2.4650576
     266.0000000        2.4488244
     267.0000000        2.4299943
     268.0000000        2.4103723
     269.0000000        2.3950572
     270.0000000        2.3744733
     271.0000000        2.3554177
     272.0000000        2.3361759
     273.0000000        2.3180275
     274.0000000        2.3084791
     275.0000000        2.3001881
     276.0000000        2.2828302
     277.0000000        2.2695458
     278.0000000        2.2632325
     279.0000000        2.2632468
     280.0000000        2.2663255
     281.0000000        2.2662356
     282.0000000        2.2668190
     283.0000000        2.2693365
     284.0000000        2.2647381
     285.0000000        2.2615888
     286.0000000        2.2610066
     287.0000000        2.2596257
     288.0000000        2.2627800
     289.0000000        2.2704699
     290.0000000        2.2796149
     291.0000000        2.2914069
     292.0000000        2.3040264
     293.0000000        2.3140085
     294.0000000        2.3255293
     295.0000000        2.3319824
     296.0000000        2.3363957
     297.0000000        2.3362072
     298.0000000        2.3347147
     299.0000000        2.3320735
     300.0000000        2.3232980
     301.0000000        2.3100052
     302.0000000        2.2943184
     303.0000000        2.2872372
     304.0000000        2.2761328
     305.0000000        2.2669470
     306.0000000        2.2683156
     307.0000000        2.2824697
     308.0000000        2.2993860
     309.0000000        2.3197057
     310.0000000        2.3414273
     311.0000000        2.3630462
     312.0000000        2.3815365
     313.0000000        2.3964930
     314.0000000        2.4227867
     315.0000000        2.4463322
     316.0000000        2.4652512
     317.0000000        2.4836884
     318.0000000        2.4924290
     319.0000000        2.5035615
     320.0000000        2.5089049
     321.0000000        2.5134606
     322.0000000        2.5272112
     323.0000000        2.5363898
     324.0000000        2.5503769
     325.0000000        2.5741110
     326.0000000        2.6059642
     327.0000000        2.6458046
     328.0000000        2.6928082
     329.0000000        2.7277884
     330.0000000        2.7685702
     331.0000000        2.8131025
     332.0000000        2.8446302
     333.0000000        2.8616483
     334.0000000        2.8704572
     335.0000000        2.8659623
     336.0000000        2.8550961
     337.0000000        2.8420901
     338.0000000        2.8304789
     339.0000000        2.8104036
     340.0000000        2.7819409
     341.0000000        2.7568603
     342.0000000        2.7361925
     343.0000000        2.7137616
     344.0000000        2.6903424
     345.0000000        2.6734755
     346.0000000        2.6564040
     347.0000000        2.6401899
     348.0000000        2.6177444
     349.0000000        2.5934870
     350.0000000        2.5718400
     351.0000000        2.5560219
     352.0000000        2.5356390
     353.0000000        2.5212359
     354.0000000        2.5167196
     355.0000000        2.5124769
     356.0000000        2.4943976
     357.0000000        2.4829097
     358.0000000        2.4746521
     359.0000000        2.4643166
     360.0000000        2.4447048
     361.0000000        2.4297483
     362.0000000        2.4125767
     363.0000000        2.3889987
     364.0000000        2.3749199
     365.0000000        2.3604734
     366.0000000        2.3460512
     367.0000000        2.3368289
     368.0000000        2.3291297
     369.0000000        2.3271337
     370.0000000        2.3251684
     371.0000000        2.3250828
     372.0000000        2.3253357
     373.0000000        2.3240805
     374.0000000        2.3199968
     375.0000000        2.3085444
     376.0000000        2.2872572
     377.0000000        2.2689729
     378.0000000        2.2504356
     379.0000000        2.2336242
     380.0000000        2.2162435
     381.0000000        2.2127972
     382.0000000        2.2138956
     383.0000000        2.2183020
     384.0000000        2.2256939
     385.0000000        2.2229154
     386.0000000        2.2233531
     387.0000000        2.2288063
     388.0000000        2.2308381
     389.0000000        2.2399731
     390.0000000        2.2491825
     391.0000000        2.2604485
     392.0000000        2.2777021
     393.0000000        2.2958760
     394.0000000        2.3147316
     395.0000000        2.3374052
     396.0000000        2.3580782
     397.0000000        2.3761895
     398.0000000        2.3855472
     399.0000000        2.3867354
     400.0000000        2.3931527
     401.0000000        2.3998847
     402.0000000        2.4081626
     403.0000000        2.4185216
     404.0000000        2.4316125
     405.0000000        2.4407463
     406.0000000        2.4502370
     407.0000000        2.4684229
     408.0000000        2.4851391
     409.0000000        2.4924133
     410.0000000        2.4896731
     411.0000000        2.4786897
     412.0000000        2.4629397
     413.0000000        2.4524400
     414.0000000        2.4472146
     415.0000000        2.4438367
     416.0000000        2.4510672
     417.0000000        2.4579859
     418.0000000        2.4661131
     419.0000000        2.4742877
     420.0000000        2.4849024
     421.0000000        2.4976790
     422.0000000        2.5088537
     423.0000000        2.5158920
     424.0000000        2.5165093
     425.0000000        2.5158544
     426.0000000        2.5221987
     427.0000000        2.5278060
     428.0000000        2.5356808
     429.0000000        2.5442231
     430.0000000        2.5590672
     431.0000000        2.5638888
     432.0000000        2.5563562
     433.0000000        2.5473976
     434.0000000        2.5412929
     435.0000000        2.5291121
     436.0000000        2.5139186
     437.0000000        2.4925933
     438.0000000        2.4776967
     439.0000000        2.4610901
     440.0000000        2.4445574
     441.0000000        2.4235024
     442.0000000        2.4008956
     443.0000000        2.3899510
     444.0000000        2.3753040
     445.0000000        2.3668630
     446.0000000        2.3517578
     447.0000000        2.3323610
     448.0000000        2.3213158
     449.0000000        2.3315461
     450.0000000        2.3359365
     451.0000000        2.3429153
     452.0000000        2.3544691
     453.0000000        2.3681297
     454.0000000        2.3806596
     455.0000000        2.3914125
     456.0000000        2.4005022
     457.0000000        2.4000754
     458.0000000        2.3892052
     459.0000000        2.3859580
     460.0000000        2.3938897
     461.0000000        2.4094789
     462.0000000        2.4287424
     463.0000000        2.4404156
     464.0000000        2.4449985
     465.0000000        2.4521792
     466.0000000        2.4553785
     467.0000000        2.4483261
     468.0000000        2.4346685
     469.0000000        2.4155493
     470.0000000        2.3943298
     471.0000000        2.3688142
     472.0000000        2.3459773
     473.0000000        2.3302579
     474.0000000        2.3115778
     475.0000000        2.2898905
     476.0000000        2.2699463
     477.0000000        2.2507267
     478.0000000        2.2390013
     479.0000000        2.2221048
     480.0000000        2.2118192
     481.0000000        2.2086704
     482.0000000        2.2074561
     483.0000000        2.2079036
     484.0000000        2.1994777
     485.0000000        2.1808932
     486.0000000        2.1717439
     487.0000000        2.1642091
     488.0000000        2.1605396
     489.0000000        2.1555862
     490.0000000        2.1591933
     491.0000000        2.1616209
     492.0000000        2.1681254
     493.0000000        2.1771741
     494.0000000        2.1968973
     495.0000000        2.2140222
     496.0000000        2.2238748
     497.0000000        2.2465684
     498.0000000        2.2727292
     499.0000000        2.2974932
     500.0000000        2.3252745
     501.0000000        2.3627725
     502.0000000        2.3949938
     503.0000000        2.4113152
     504.0000000        2.4274578
     505.0000000        2.4473951
     506.0000000        2.4653115
     507.0000000        2.4690957
     508.0000000        2.4781258
     509.0000000        2.4787412
     510.0000000        2.4894462
     511.0000000        2.4992390
     512.0000000        2.5011859
     513.0000000        2.5053618
     514.0000000        2.5008509
     515.0000000        2.5082321
     516.0000000        2.5272889
     517.0000000        2.5394619
     518.0000000        2.5523872
     519.0000000        2.5673878
     520.0000000        2.5904417
     521.0000000        2.5999703
     522.0000000        2.6112537
     523.0000000        2.6056468
     524.0000000        2.5974133
     525.0000000        2.6041377
     526.0000000        2.6103699
     527.0000000        2.6231916
     528.0000000        2.6349497
     529.0000000        2.6577959
     530.0000000        2.6864746
     531.0000000        2.7062764
     532.0000000        2.7068973
     533.0000000        2.7257326
     534.0000000        2.7363300
     535.0000000        2.7446098
     536.0000000        2.7595356
     537.0000000        2.7517335
     538.0000000        2.7292702
     539.0000000        2.7208052
     540.0000000        2.7207732
     541.0000000        2.7318733
     542.0000000        2.7578478
     543.0000000        2.7597296
     544.0000000        2.7561369
     545.0000000        2.7510099
     546.0000000        2.7443385
     547.0000000        2.7307599
     548.0000000        2.7244730
     549.0000000        2.7235982
     550.0000000        2.7004380
     551.0000000        2.6756158
     552.0000000        2.6730444
     553.0000000        2.6607437
     554.0000000        2.6517136
     555.0000000        2.6454251
     556.0000000        2.6248829
     557.0000000        2.6111889
     558.0000000        2.5920317
     559.0000000        2.5529101
     560.0000000        2.5116801
     561.0000000        2.4789729
     562.0000000        2.4517951
     563.0000000        2.4270146
     564.0000000        2.3976274
     565.0000000        2.3729317
     566.0000000        2.3397896
     567.0000000        2.3126650
     568.0000000        2.2924685
     569.0000000        2.2829413
     570.0000000        2.2705293
     571.0000000        2.2574043
     572.0000000        2.2390063
     573.0000000        2.2272015
     574.0000000        2.2186124
     575.0000000        2.2117839
     576.0000000        2.2071619
     577.0000000        2.2055881
     578.0000000        2.2092593
     579.0000000        2.2176940
     580.0000000        2.2227457
     581.0000000        2.2326238
     582.0000000        2.2507207
     583.0000000        2.2681854
     584.0000000        2.2835591
     585.0000000        2.2967257
     586.0000000        2.3081815
     587.0000000        2.3239524
     588.0000000        2.3344533
     589.0000000        2.3408546
     590.0000000        2.3526728
     591.0000000        2.3615210
     592.0000000        2.3645163
     593.0000000        2.3780460
     594.0000000        2.3973238
     595.0000000        2.4174738
     596.0000000        2.4409916
     597.0000000        2.4575732
     598.0000000        2.4732339
     599.0000000        2.4805009
     600.0000000        2.4766438
