       1.0000000        6.9202031
       2.0000000        6.8895015
       3.0000000        6.9419156
       4.0000000        6.9721718
       5.0000000        7.0055616
       6.0000000        7.0824450
       7.0000000        7.1643603
       8.0000000        7.2651111
       9.0000000        7.3363614
      10.0000000        7.4113147
      11.0000000        7.5016835
      12.0000000        7.5242945
      13.0000000        7.5103780
      14.0000000        7.4141218
      15.0000000        7.2790220
      16.0000000        7.1939829
      17.0000000        7.1264098
      18.0000000        7.0914345
      19.0000000        7.0665522
      20.0000000        7.1030641
      21.0000000        7.1902571
      22.0000000        7.2624161
      23.0000000        7.3132352
      24.0000000        7.3331016
      25.0000000        7.3778897
      26.0000000        7.3727493
      27.0000000        7.3641399
      28.0000000        7.3854466
      29.0000000        7.3792232
      30.0000000        7.3046463
      31.0000000        7.2222432
      32.0000000        7.1957582
      33.0000000        7.1994171
      34.0000000        7.1881029
      35.0000000        7.1571503
      36.0000000        7.1039942
      37.0000000        7.0777478
      38.0000000        7.0330948
      39.0000000        6.9835541
      40.0000000        6.9505441
      41.0000000        6.9400755
      42.0000000        6.9117147
      43.0000000        6.8691655
      44.0000000        6.8261118
      45.0000000        6.8380688
      46.0000000        6.8985391
      47.0000000        6.9573523
      48.0000000        7.0416900
      49.0000000        7.1366948
      50.0000000        7.1848538
      51.0000000        7.2438632
      52.0000000        7.2689987
      53.0000000        7.2524252
      54.0000000        7.2528181
      55.0000000        7.2248898
      56.0000000        7.2357149
      57.0000000        7.3312034
      58.0000000        7.3831209
      59.0000000        7.3730537
      60.0000000        7.2892878
      61.0000000        7.2244079
      62.0000000        7.1156120
      63.0000000        7.0226949
      64.0000000        7.0249894
      65.0000000        7.0361331
      66.0000000        7.0762558
      67.0000000        7.1608009
      68.0000000        7.2557674
      69.0000000        7.2494373
      70.0000000        7.1697810
      71.0000000        7.1479934
      72.0000000        7.1215696
      73.0000000        7.1049360
      74.0000000        7.0824769
      75.0000000        7.0924209
      76.0000000        7.0919683
      77.0000000        7.1009474
      78.0000000        7.0685320
      79.0000000        7.0969524
      80.0000000        7.1137793
      81.0000000        7.1503916
      82.0000000        7.1705250
      83.0000000        7.1680018
      84.0000000        7.1809601
      85.0000000        7.2026463
      86.0000000        7.1937604
      87.0000000        7.1815810
      88.0000000        7.1978247
      89.0000000        7.2495763
      90.0000000        7.3227943
      91.0000000        7.3785438
      92.0000000        7.3537295
      93.0000000        7.2916526
      94.0000000        7.1976530
      95.0000000        7.1284503
      96.0000000        7.0971606
      97.0000000        7.0474538
      98.0000000        7.0140744
      99.0000000        6.9836472
     100.0000000        6.9818361
     101.0000000        6.9943648
     102.0000000        7.0292309
     103.0000000        7.0620722
     104.0000000        7.0854752
     105.0000000        7.0753504
     106.0000000        7.0513975
     107.0000000        7.0765237
     108.0000000        7.0857770
     109.0000000        7.0948418
     110.0000000        7.1446630
     111.0000000        7.1592173
     112.0000000        7.1831230
     113.0000000        7.2326384
     114.0000000        7.3193581
     115.0000000        7.3443522
     116.0000000        7.4171873
     117.0000000        7.5040899
     118.0000000        7.6559484
     119.0000000        7.7152392
     120.0000000        7.7024881
     121.0000000        7.6731152
     122.0000000        7.6214965
     123.0000000        7.6125779
     124.0000000        7.6529812
     125.0000000        7.6125340
     126.0000000        7.5256615
     127.0000000        7.4944301
     128.0000000        7.5231975
     129.0000000        7.5923996
     130.0000000        7.6026629
     131.0000000        7.5710147
     132.0000000        7.5063526
     133.0000000        7.4666957
     134.0000000        7.4137309
     135.0000000        7.3588177
     136.0000000        7.3797279
     137.0000000        7.4216765
     138.0000000        7.3646687
     139.0000000        7.2948491
     140.0000000        7.2583286
     141.0000000        7.2214056
     142.0000000        7.1963611
     143.0000000        7.1314101
     144.0000000        7.0604184
     145.0000000        7.0462182
     146.0000000        7.1268134
     147.0000000        7.2172717
     148.0000000        7.2082159
     149.0000000        7.1601460
     150.0000000        7.1457564
     151.0000000        7.1050313
     152.0000000        7.0802243
     153.0000000        7.0951366
     154.0000000        7.1011444
     155.0000000        7.0963076
     156.0000000        7.1240845
     157.0000000        7.0880456
     158.0000000        7.0940704
     159.0000000        7.1171183
     160.0000000        7.1648271
     161.0000000        7.2074313
     162.0000000        7.2279148
     163.0000000        7.2324599
     164.0000000        7.2593418
     165.0000000        7.2950636
     166.0000000        7.3609695
     167.0000000        7.3602754
     168.0000000        7.3995619
     169.0000000        7.4386840
     170.0000000        7.4705804
     171.0000000        7.5084083
     172.0000000        7.5570423
     173.0000000        7.6151717
     174.0000000        7.5963500
     175.0000000        7.6051814
     176.0000000        7.6456229
     177.0000000        7.6966332
     178.0000000        7.7040492
     179.0000000        7.6592661
     180.0000000        7.6441507
     181.0000000        7.6067062
     182.0000000        7.5396884
     183.0000000        7.4663086
     184.0000000        7.4179599
     185.0000000        7.3358137
     186.0000000        7.2428682
     187.0000000        7.1902180
     188.0000000        7.1334431
     189.0000000        7.0941193
     190.0000000        7.0699998
     191.0000000        7.0524695
     192.0000000        7.0930615
     193.0000000        7.0732416
     194.0000000        7.0171789
     195.0000000        7.0120914
     196.0000000        7.0307849
     197.0000000        7.0805801
     198.0000000        7.1365338
     199.0000000        7.1618639
     200.0000000        7.1721462
     201.0000000        7.1821752
     202.0000000        7.1335213
     203.0000000        7.0784541
     204.0000000        7.0809385
     205.0000000        7.0886613
     206.0000000        7.1427698
     207.0000000        7.2218864
     208.0000000        7.2528680
     209.0000000        7.2784184
     210.0000000        7.3192589
     211.0000000        7.3449385
     212.0000000        7.3252199
     213.0000000        7.3452544
     214.0000000        7.3335991
     215.0000000        7.3319627
     216.0000000        7.2714465
     217.0000000        7.1880220
     218.0000000        7.1562038
     219.0000000        7.0962725
     220.0000000        7.0435051
     221.0000000        7.0218259
     222.0000000        6.9794121
     223.0000000        6.9456702
     224.0000000        6.9090912
     225.0000000        6.8881538
     226.0000000        6.8913910
     227.0000000        6.9302724
     228.0000000        6.9388592
     229.0000000        6.9572088
     230.0000000        7.0578670
     231.0000000        7.1337001
     232.0000000        7.2076596
     233.0000000        7.2288220
     234.0000000        7.1969317
     235.0000000        7.2365104
     236.0000000        7.2873918
     237.0000000        7.3712416
     238.0000000        7.3762568
     239.0000000        7.4168158
     240.0000000        7.4760002
     241.0000000        7.4581112
     242.0000000        7.4735293
     243.0000000        7.5197823
     244.0000000        7.5129507
     245.0000000        7.5104183
     246.0000000        7.4919836
     247.0000000        7.4528752
     248.0000000        7.4735995
     249.0000000        7.5208996
     250.0000000        7.5408911
     251.0000000        7.5468400
     252.0000000        7.5830412
     253.0000000        7.5710273
     254.0000000        7.5442902
     255.0000000        7.5929144
     256.0000000        7.6075360
     257.0000000        7.6271109
     258.0000000        7.6054858
     259.0000000        7.5076004
     260.0000000        7.4615755
     261.0000000        7.4124360
     262.0000000        7.3496023
     263.0000000        7.2588936
     264.0000000        7.1856180
     265.0000000        7.1063411
     266.0000000        7.0931879
     267.0000000        7.0511771
     268.0000000        7.0272610
     269.0000000        7.0217951
     270.0000000        7.0622960
     271.0000000        7.1318302
     272.0000000        7.1213375
     273.0000000        7.1119637
     274.0000000        7.1073165
     275.0000000        7.1334109
     276.0000000        7.1092322
     277.0000000        7.0642888
     278.0000000        7.1024373
     279.0000000        7.0938803
     280.0000000        7.0897979
     281.0000000        7.1208907
     282.0000000        7.1790646
     283.0000000        7.1324416
     284.0000000        7.1284877
     285.0000000        7.2276984
     286.0000000        7.3198904
     287.0000000        7.3832156
     288.0000000        7.3892513
     289.0000000        7.3671277
     290.0000000        7.3621874
     291.0000000        7.4014920
     292.0000000        7.4078555
     293.0000000        7.4250769
     294.0000000        7.4635442
     295.0000000        7.4750735
     296.0000000        7.4994220
     297.0000000        7.4804253
     298.0000000        7.4671505
     299.0000000        7.4573454
     300.0000000        7.4199676
     301.0000000        7.3987498
     302.0000000        7.3667889
     303.0000000        7.3430365
     304.0000000        7.2998567
     305.0000000        7.2853634
     306.0000000        7.2864319
     307.0000000        7.2351277
     308.0000000        7.1607934
     309.0000000        7.0907176
     310.0000000        7.0679440
     311.0000000        7.0191920
     312.0000000        7.0228928
     313.0000000        6.9951264
     314.0000000        6.9595404
     315.0000000        6.8848075
     316.0000000        6.8283911
     317.0000000        6.8413259
     318.0000000        6.8868691
     319.0000000        6.8902346
     320.0000000        6.9275250
     321.0000000        6.9667723
     322.0000000        7.0007186
     323.0000000        7.0167617
     324.0000000        7.0400329
     325.0000000        7.1082852
     326.0000000        7.1738782
     327.0000000        7.2510988
     328.0000000        7.3640368
     329.0000000        7.4789260
     330.0000000        7.6097479
     331.0000000        7.6793907
     332.0000000        7.7549730
     333.0000000        7.8064473
     334.0000000        7.8631238
     335.0000000        7.8781519
     336.0000000        7.8633008
     337.0000000        7.7624132
     338.0000000        7.6321877
     339.0000000        7.5205357
     340.0000000        7.4281450
     341.0000000        7.3883138
     342.0000000        7.3750652
     343.0000000        7.3146981
     344.0000000        7.2781228
     345.0000000        7.2395632
     346.0000000        7.2093656
     347.0000000        7.2502364
     348.0000000        7.3482417
     349.0000000        7.3724921
     350.0000000        7.3756647
     351.0000000        7.3444777
     352.0000000        7.3171488
     353.0000000        7.3053221
     354.0000000        7.2945671
     355.0000000        7.2655363
     356.0000000        7.1973772
     357.0000000        7.0933644
     358.0000000        7.0237754
     359.0000000        6.9567216
     360.0000000        6.9222052
     361.0000000        6.8955929
     362.0000000        6.8857976
     363.0000000        6.8418512
     364.0000000        6.8039251
     365.0000000        6.8100653
     366.0000000        6.8805370
     367.0000000        6.8806478
     368.0000000        6.9063635
     369.0000000        6.9374090
     370.0000000        6.9127052
     371.0000000        6.8706128
     372.0000000        6.8659001
     373.0000000        6.9012486
     374.0000000        6.9332213
     375.0000000        6.9258041
     376.0000000        6.9719667
     377.0000000        6.9965502
     378.0000000        6.9681809
     379.0000000        6.9769203
     380.0000000        7.0049808
     381.0000000        7.0341714
     382.0000000        7.1415097
     383.0000000        7.2483509
     384.0000000        7.2713644
     385.0000000        7.2972436
     386.0000000        7.3421286
     387.0000000        7.3211554
     388.0000000        7.2773865
     389.0000000        7.2673890
     390.0000000        7.2396589
     391.0000000        7.2872877
     392.0000000        7.2624750
     393.0000000        7.2276141
     394.0000000        7.1503683
     395.0000000        7.1109403
     396.0000000        7.0905739
     397.0000000        7.1031172
     398.0000000        7.0967058
     399.0000000        7.0799072
     400.0000000        7.1000947
     401.0000000        7.0503014
     402.0000000        6.9967584
     403.0000000        6.9472698
     404.0000000        6.9958313
     405.0000000        6.9945668
     406.0000000        7.0381496
     407.0000000        7.0694678
     408.0000000        7.0682967
     409.0000000        7.1317641
     410.0000000        7.1647201
     411.0000000        7.1628476
     412.0000000        7.1798201
     413.0000000        7.2293299
     414.0000000        7.3105007
     415.0000000        7.3942592
     416.0000000        7.3628676
     417.0000000        7.2804180
     418.0000000        7.2749580
     419.0000000        7.3259849
     420.0000000        7.3459982
     421.0000000        7.3355233
     422.0000000        7.2863022
     423.0000000        7.2351862
     424.0000000        7.1640785
     425.0000000        7.0805561
     426.0000000        6.9976377
     427.0000000        6.9167320
     428.0000000        6.9281911
     429.0000000        6.9202582
     430.0000000        6.9176171
     431.0000000        6.9362174
     432.0000000        6.9233876
     433.0000000        6.9356164
     434.0000000        6.9554096
     435.0000000        6.9961984
     436.0000000        6.9997714
     437.0000000        7.0257298
     438.0000000        7.0323953
     439.0000000        7.1087347
     440.0000000        7.2543571
     441.0000000        7.3022904
     442.0000000        7.2945390
     443.0000000        7.2569581
     444.0000000        7.2362656
     445.0000000        7.2117523
     446.0000000        7.1983215
     447.0000000        7.2204869
     448.0000000        7.2723530
     449.0000000        7.2881404
     450.0000000        7.3408820
     451.0000000        7.4281140
     452.0000000        7.4479527
     453.0000000        7.4895513
     454.0000000        7.5273888
     455.0000000        7.5353393
     456.0000000        7.5109373
     457.0000000        7.4802411
     458.0000000        7.4528219
     459.0000000        7.4211214
     460.0000000        7.4373512
     461.0000000        7.4097544
     462.0000000        7.3332460
     463.0000000        7.2111568
     464.0000000        7.1351189
     465.0000000        7.1368751
     466.0000000        7.1529735
     467.0000000        7.1696873
     468.0000000        7.1769001
     469.0000000        7.1714185
     470.0000000        7.1724202
     471.0000000        7.1631009
     472.0000000        7.1470937
     473.0000000        7.1622884
     474.0000000        7.1982082
     475.0000000        7.3144383
     476.0000000        7.3609128
     477.0000000        7.3915703
     478.0000000        7.4155219
     479.0000000        7.4148098
     480.0000000        7.4397190
     481.0000000        7.4504149
     482.0000000        7.4586778
     483.0000000        7.4195827
     484.0000000        7.3833253
     485.0000000        7.4190001
     486.0000000        7.4535616
     487.0000000        7.4041507
     488.0000000        7.3893543
     489.0000000        7.4114724
     490.0000000        7.4270052
     491.0000000        7.4594797
     492.0000000        7.4354831
     493.0000000        7.4426102
     494.0000000        7.4005176
     495.0000000        7.3487533
     496.0000000        7.2740250
     497.0000000        7.1713903
     498.0000000        7.1659993
     499.0000000        7.2322898
     500.0000000        7.3038491
     501.0000000        7.3083058
     502.0000000        7.2110019
     503.0000000        7.1379101
     504.0000000        7.0750159
     505.0000000        7.0529170
     506.0000000        7.0600969
     507.0000000        7.1017120
     508.0000000        7.1388757
     509.0000000        7.1678103
     510.0000000        7.1765466
     511.0000000        7.1175273
     512.0000000        7.0307924
     513.0000000        6.9589405
     514.0000000        6.9267505
     515.0000000        6.8447835
     516.0000000        6.8645739
     517.0000000        6.8852398
     518.0000000        6.8736230
     519.0000000        6.8755649
     520.0000000        6.9007930
     521.0000000        6.9189582
     522.0000000        6.9519389
     523.0000000        6.9030155
     524.0000000        6.8871893
     525.0000000        6.9796686
     526.0000000        7.0576839
     527.0000000        7.1135799
     528.0000000        7.2372895
     529.0000000        7.3428397
     530.0000000        7.3849031
     531.0000000        7.4263573
     532.0000000        7.3829734
     533.0000000        7.3353163
     534.0000000        7.2589218
     535.0000000        7.2510580
     536.0000000        7.2603435
     537.0000000        7.2004799
     538.0000000        7.1305963
     539.0000000        7.0190123
     540.0000000        6.9384359
     541.0000000        6.8915088
     542.0000000        6.8989723
     543.0000000        6.8965833
     544.0000000        6.8918431
     545.0000000        6.9568444
     546.0000000        7.0465477
     547.0000000        7.0857910
     548.0000000        7.1181718
     549.0000000        7.1924822
     550.0000000        7.2617359
     551.0000000        7.3704871
     552.0000000        7.4629047
     553.0000000        7.5030465
     554.0000000        7.5437291
     555.0000000        7.5952020
     556.0000000        7.6065734
     557.0000000        7.5855259
     558.0000000        7.5187125
     559.0000000        7.4045166
     560.0000000        7.3037897
     561.0000000        7.2524954
     562.0000000        7.2811512
     563.0000000        7.3650644
     564.0000000        7.4474381
     565.0000000        7.5118697
     566.0000000        7.6013046
     567.0000000        7.5983850
     568.0000000        7.5340197
     569.0000000        7.4990823
     570.0000000        7.5288592
     571.0000000        7.5305815
     572.0000000        7.4780901
     573.0000000        7.4462792
     574.0000000        7.4020725
     575.0000000        7.4003915
     576.0000000        7.3888120
     577.0000000        7.3446009
     578.0000000        7.3560632
     579.0000000        7.3211327
     580.0000000        7.3146044
     581.0000000        7.3074311
     582.0000000        7.2598754
     583.0000000        7.1852318
     584.0000000        7.2046048
     585.0000000        7.2210212
     586.0000000        7.2457729
     587.0000000        7.2746144
     588.0000000        7.2681450
     589.0000000        7.2375688
     590.0000000        7.1991126
     591.0000000        7.1830687
     592.0000000        7.1488136
     593.0000000        7.1080220
     594.0000000        7.0815708
     595.0000000        7.0697503
     596.0000000        7.0566126
     597.0000000        7.0311811
     598.0000000        6.9784160
     599.0000000        6.8943616
     600.0000000        6.8934309
