       1.0000000        7.4566766
       2.0000000        7.3375809
       3.0000000        7.2493199
       4.0000000        7.1638240
       5.0000000        7.0776501
       6.0000000        7.0424544
       7.0000000        6.9789189
       8.0000000        6.9376615
       9.0000000        6.9879895
      10.0000000        7.0282857
      11.0000000        7.0838741
      12.0000000        7.1679371
      13.0000000        7.2349536
      14.0000000        7.2864302
      15.0000000        7.3322515
      16.0000000        7.3531337
      17.0000000        7.4125858
      18.0000000        7.4365359
      19.0000000        7.4207928
      20.0000000        7.4113776
      21.0000000        7.4084031
      22.0000000        7.4528933
      23.0000000        7.4368248
      24.0000000        7.4595318
      25.0000000        7.4202684
      26.0000000        7.4112035
      27.0000000        7.3931332
      28.0000000        7.3469281
      29.0000000        7.3106205
      30.0000000        7.3198875
      31.0000000        7.3471830
      32.0000000        7.3499579
      33.0000000        7.3424981
      34.0000000        7.3359765
      35.0000000        7.4041007
      36.0000000        7.4002082
      37.0000000        7.3094865
      38.0000000        7.2783854
      39.0000000        7.2068475
      40.0000000        7.0819089
      41.0000000        6.9689370
      42.0000000        6.9206594
      43.0000000        6.8305046
      44.0000000        6.7546122
      45.0000000        6.7098213
      46.0000000        6.6699510
      47.0000000        6.6256302
      48.0000000        6.6725215
      49.0000000        6.7036391
      50.0000000        6.8035380
      51.0000000        6.8750744
      52.0000000        6.9242124
      53.0000000        6.9884650
      54.0000000        7.0531266
      55.0000000        7.0838841
      56.0000000        7.1436521
      57.0000000        7.1884840
      58.0000000        7.1651175
      59.0000000        7.1955855
      60.0000000        7.1826329
      61.0000000        7.2341126
      62.0000000        7.2808755
      63.0000000        7.2845349
      64.0000000        7.2524398
      65.0000000        7.3027874
      66.0000000        7.3526998
      67.0000000        7.3656069
      68.0000000        7.3388370
      69.0000000        7.3251001
      70.0000000        7.3328795
      71.0000000        7.3536272
      72.0000000        7.3424389
      73.0000000        7.3812269
      74.0000000        7.4001608
      75.0000000        7.3351445
      76.0000000        7.3145131
      77.0000000        7.3320049
      78.0000000        7.3280347
      79.0000000        7.3567219
      80.0000000        7.3511279
      81.0000000        7.3367279
      82.0000000        7.3308537
      83.0000000        7.3043821
      84.0000000        7.2264366
      85.0000000        7.1912919
      86.0000000        7.1883180
      87.0000000        7.1469034
      88.0000000        7.1365646
      89.0000000        7.1993801
      90.0000000        7.2407849
      91.0000000        7.2774730
      92.0000000        7.1850129
      93.0000000        7.0919404
      94.0000000        7.0508414
      95.0000000        7.0637696
      96.0000000        7.0412729
      97.0000000        7.0428241
      98.0000000        7.0837763
      99.0000000        7.0760803
     100.0000000        7.0275373
     101.0000000        7.0184954
     102.0000000        7.0258874
     103.0000000        7.0489646
     104.0000000        7.0509088
     105.0000000        7.0469908
     106.0000000        7.0431425
     107.0000000        7.0394197
     108.0000000        7.0297542
     109.0000000        7.0553245
     110.0000000        7.1240162
     111.0000000        7.1815920
     112.0000000        7.2143243
     113.0000000        7.2154751
     114.0000000        7.1987537
     115.0000000        7.1497576
     116.0000000        7.0982116
     117.0000000        7.0745601
     118.0000000        7.0565454
     119.0000000        7.0824459
     120.0000000        7.1029053
     121.0000000        7.0707116
     122.0000000        7.1222474
     123.0000000        7.1802841
     124.0000000        7.2276668
     125.0000000        7.3496127
     126.0000000        7.4655652
     127.0000000        7.4693551
     128.0000000        7.3411329
     129.0000000        7.2913533
     130.0000000        7.3060366
     131.0000000        7.2901212
     132.0000000        7.2279975
     133.0000000        7.2696729
     134.0000000        7.2719283
     135.0000000        7.2425781
     136.0000000        7.2069446
     137.0000000        7.1441506
     138.0000000        7.0290558
     139.0000000        6.9226949
     140.0000000        6.8972335
     141.0000000        6.9319575
     142.0000000        7.0371986
     143.0000000        7.1646325
     144.0000000        7.2328485
     145.0000000        7.2436428
     146.0000000        7.1690178
     147.0000000        7.1245610
     148.0000000        7.1014327
     149.0000000        7.1432422
     150.0000000        7.1217014
     151.0000000        7.0725247
     152.0000000        7.0176709
     153.0000000        7.0259224
     154.0000000        7.0226963
     155.0000000        7.0188389
     156.0000000        7.0552269
     157.0000000        7.1531393
     158.0000000        7.2109682
     159.0000000        7.2381986
     160.0000000        7.2585668
     161.0000000        7.2256747
     162.0000000        7.1711523
     163.0000000        7.0939203
     164.0000000        7.0961492
     165.0000000        7.1248407
     166.0000000        7.1101947
     167.0000000        7.1179965
     168.0000000        7.1519414
     169.0000000        7.1106029
     170.0000000        7.0562110
     171.0000000        7.0307319
     172.0000000        7.0139373
     173.0000000        7.0135081
     174.0000000        7.0496330
     175.0000000        7.1245968
     176.0000000        7.2364996
     177.0000000        7.3879814
     178.0000000        7.4743481
     179.0000000        7.5374734
     180.0000000        7.5823880
     181.0000000        7.5754088
     182.0000000        7.5100619
     183.0000000        7.4478554
     184.0000000        7.3831584
     185.0000000        7.3091523
     186.0000000        7.2471756
     187.0000000        7.1942253
     188.0000000        7.0926609
     189.0000000        7.0509188
     190.0000000        7.0302840
     191.0000000        7.0132241
     192.0000000        6.9968513
     193.0000000        7.0043857
     194.0000000        7.0969981
     195.0000000        7.1728053
     196.0000000        7.2237099
     197.0000000        7.1986555
     198.0000000        7.2061047
     199.0000000        7.2114629
     200.0000000        7.1635426
     201.0000000        7.1339275
     202.0000000        7.1535449
     203.0000000        7.1502343
     204.0000000        7.1808436
     205.0000000        7.2223324
     206.0000000        7.2711924
     207.0000000        7.2908452
     208.0000000        7.3027808
     209.0000000        7.3098495
     210.0000000        7.3585760
     211.0000000        7.4242516
     212.0000000        7.4123511
     213.0000000        7.3822744
     214.0000000        7.2853653
     215.0000000        7.2080100
     216.0000000        7.1554715
     217.0000000        7.0964253
     218.0000000        7.0232882
     219.0000000        6.9677811
     220.0000000        6.9730659
     221.0000000        6.9699376
     222.0000000        7.0269300
     223.0000000        7.0582616
     224.0000000        7.0577088
     225.0000000        7.0288136
     226.0000000        7.1070160
     227.0000000        7.1647444
     228.0000000        7.2253803
     229.0000000        7.2858520
     230.0000000        7.3593945
     231.0000000        7.4430886
     232.0000000        7.4973170
     233.0000000        7.4942838
     234.0000000        7.4443628
     235.0000000        7.4009768
     236.0000000        7.3429343
     237.0000000        7.3088064
     238.0000000        7.2423339
     239.0000000        7.1718012
     240.0000000        7.1239646
     241.0000000        7.2033023
     242.0000000        7.2491642
     243.0000000        7.3076429
     244.0000000        7.3276778
     245.0000000        7.4122574
     246.0000000        7.3623764
     247.0000000        7.2411075
     248.0000000        7.1806348
     249.0000000        7.1419497
     250.0000000        7.0730222
     251.0000000        7.0598362
     252.0000000        7.0739565
     253.0000000        7.0238444
     254.0000000        6.9825575
     255.0000000        6.9413353
     256.0000000        6.9010056
     257.0000000        6.9028232
     258.0000000        6.8516689
     259.0000000        6.8022585
     260.0000000        6.8097317
     261.0000000        6.8465586
     262.0000000        6.9263438
     263.0000000        6.9759266
     264.0000000        7.0435881
     265.0000000        7.1438876
     266.0000000        7.2369646
     267.0000000        7.3182979
     268.0000000        7.3590177
     269.0000000        7.4132210
     270.0000000        7.3914269
     271.0000000        7.3139656
     272.0000000        7.2401280
     273.0000000        7.2871156
     274.0000000        7.3426680
     275.0000000        7.3155998
     276.0000000        7.2954918
     277.0000000        7.3056973
     278.0000000        7.2880248
     279.0000000        7.3443986
     280.0000000        7.4052837
     281.0000000        7.3908360
     282.0000000        7.4109763
     283.0000000        7.4187330
     284.0000000        7.4198427
     285.0000000        7.4606051
     286.0000000        7.5241727
     287.0000000        7.5602772
     288.0000000        7.6116947
     289.0000000        7.5746323
     290.0000000        7.5693833
     291.0000000        7.5621363
     292.0000000        7.5880877
     293.0000000        7.5776790
     294.0000000        7.5638420
     295.0000000        7.5775720
     296.0000000        7.5779912
     297.0000000        7.5429647
     298.0000000        7.5646088
     299.0000000        7.5459669
     300.0000000        7.5369799
     301.0000000        7.5441299
     302.0000000        7.5722351
     303.0000000        7.5672965
     304.0000000        7.5442310
     305.0000000        7.5352166
     306.0000000        7.4692221
     307.0000000        7.4304945
     308.0000000        7.4421768
     309.0000000        7.4495164
     310.0000000        7.4612339
     311.0000000        7.5457008
     312.0000000        7.6047628
     313.0000000        7.5828174
     314.0000000        7.6105203
     315.0000000        7.5989294
     316.0000000        7.5801601
     317.0000000        7.5810241
     318.0000000        7.5492756
     319.0000000        7.5362167
     320.0000000        7.5782134
     321.0000000        7.5820643
     322.0000000        7.5447465
     323.0000000        7.5144877
     324.0000000        7.4872347
     325.0000000        7.4773885
     326.0000000        7.4125309
     327.0000000        7.3417492
     328.0000000        7.2509828
     329.0000000        7.2022726
     330.0000000        7.2213932
     331.0000000        7.2135194
     332.0000000        7.2157558
     333.0000000        7.2207795
     334.0000000        7.1971340
     335.0000000        7.2034836
     336.0000000        7.2188918
     337.0000000        7.2486439
     338.0000000        7.2397832
     339.0000000        7.1947405
     340.0000000        7.1533291
     341.0000000        7.1297095
     342.0000000        7.1419486
     343.0000000        7.1889235
     344.0000000        7.2406172
     345.0000000        7.2698210
     346.0000000        7.2577338
     347.0000000        7.2364731
     348.0000000        7.1712503
     349.0000000        7.1249010
     350.0000000        7.1356016
     351.0000000        7.1967445
     352.0000000        7.2550287
     353.0000000        7.2996296
     354.0000000        7.2843996
     355.0000000        7.2981144
     356.0000000        7.3448334
     357.0000000        7.3575560
     358.0000000        7.3722334
     359.0000000        7.4102952
     360.0000000        7.4680717
     361.0000000        7.5413219
     362.0000000        7.5816535
     363.0000000        7.5226123
     364.0000000        7.4933556
     365.0000000        7.4780557
     366.0000000        7.3910773
     367.0000000        7.2994518
     368.0000000        7.2111048
     369.0000000        7.1274147
     370.0000000        7.0438153
     371.0000000        7.0538648
     372.0000000        7.0586408
     373.0000000        7.0153228
     374.0000000        7.0319587
     375.0000000        7.0409700
     376.0000000        7.0664314
     377.0000000        7.0599915
     378.0000000        7.0458093
     379.0000000        7.0357249
     380.0000000        7.0322629
     381.0000000        6.9981486
     382.0000000        6.9961777
     383.0000000        7.0744807
     384.0000000        7.1614722
     385.0000000        7.2015761
     386.0000000        7.2407673
     387.0000000        7.2437441
     388.0000000        7.2180372
     389.0000000        7.2121096
     390.0000000        7.2148272
     391.0000000        7.1916636
     392.0000000        7.2065291
     393.0000000        7.1748709
     394.0000000        7.1386554
     395.0000000        7.1161812
     396.0000000        7.0950132
     397.0000000        7.1182268
     398.0000000        7.1653723
     399.0000000        7.1672239
     400.0000000        7.1878711
     401.0000000        7.2382495
     402.0000000        7.2797355
     403.0000000        7.3238026
     404.0000000        7.2926396
     405.0000000        7.2517683
     406.0000000        7.2820019
     407.0000000        7.2673288
     408.0000000        7.2526895
     409.0000000        7.2526573
     410.0000000        7.2475714
     411.0000000        7.2381763
     412.0000000        7.2636897
     413.0000000        7.2491403
     414.0000000        7.2094224
     415.0000000        7.1516273
     416.0000000        7.1250091
     417.0000000        7.0697437
     418.0000000        7.0046365
     419.0000000        7.0142978
     420.0000000        7.0017313
     421.0000000        6.9769647
     422.0000000        6.9679540
     423.0000000        6.9562272
     424.0000000        6.9753434
     425.0000000        6.9687777
     426.0000000        7.0144934
     427.0000000        7.1028024
     428.0000000        7.1710795
     429.0000000        7.1969972
     430.0000000        7.2020803
     431.0000000        7.1929000
     432.0000000        7.1528639
     433.0000000        7.1372510
     434.0000000        7.2065830
     435.0000000        7.2780575
     436.0000000        7.3828412
     437.0000000        7.4227660
     438.0000000        7.4519443
     439.0000000        7.4359258
     440.0000000        7.4594586
     441.0000000        7.4555996
     442.0000000        7.4222464
     443.0000000        7.4094314
     444.0000000        7.3906990
     445.0000000        7.3988493
     446.0000000        7.4737358
     447.0000000        7.5600751
     448.0000000        7.6175886
     449.0000000        7.6235226
     450.0000000        7.6981641
     451.0000000        7.7429970
     452.0000000        7.7612118
     453.0000000        7.6656065
     454.0000000        7.5594391
     455.0000000        7.4692538
     456.0000000        7.4168763
     457.0000000        7.3616125
     458.0000000        7.2803669
     459.0000000        7.2133620
     460.0000000        7.1961014
     461.0000000        7.2479317
     462.0000000        7.2971137
     463.0000000        7.2796933
     464.0000000        7.2220864
     465.0000000        7.2025262
     466.0000000        7.1873050
     467.0000000        7.1643011
     468.0000000        7.1466686
     469.0000000        7.0905375
     470.0000000        7.1168958
     471.0000000        7.1274706
     472.0000000        7.1545507
     473.0000000        7.1688753
     474.0000000        7.1250157
     475.0000000        7.1154760
     476.0000000        7.1349211
     477.0000000        7.1577184
     478.0000000        7.1980737
     479.0000000        7.2661694
     480.0000000        7.3538838
     481.0000000        7.4011453
     482.0000000        7.4327323
     483.0000000        7.4626548
     484.0000000        7.5278950
     485.0000000        7.5110553
     486.0000000        7.5117645
     487.0000000        7.4924016
     488.0000000        7.4309887
     489.0000000        7.3971969
     490.0000000        7.3070801
     491.0000000        7.2677112
     492.0000000        7.2420379
     493.0000000        7.1783264
     494.0000000        7.1538616
     495.0000000        7.1070021
     496.0000000        7.1367267
     497.0000000        7.1139855
     498.0000000        7.1385398
     499.0000000        7.1823501
     500.0000000        7.2614522
     501.0000000        7.3864102
     502.0000000        7.5350658
     503.0000000        7.6240859
     504.0000000        7.6947494
     505.0000000        7.8089594
     506.0000000        7.8570825
     507.0000000        7.8293164
     508.0000000        7.9425666
     509.0000000        7.9548734
     510.0000000        7.8146065
     511.0000000        7.6989974
     512.0000000        7.6212304
     513.0000000        7.4987762
     514.0000000        7.3612091
     515.0000000        7.2661286
     516.0000000        7.2498128
     517.0000000        7.3233269
     518.0000000        7.3486881
     519.0000000        7.3158218
     520.0000000        7.2739636
     521.0000000        7.2461304
     522.0000000        7.2674154
     523.0000000        7.3522412
     524.0000000        7.4682792
     525.0000000        7.6039289
     526.0000000        7.7212760
     527.0000000        7.7096114
     528.0000000        7.6618533
     529.0000000        7.5714228
     530.0000000        7.5319923
     531.0000000        7.4752538
     532.0000000        7.4215889
     533.0000000        7.3425173
     534.0000000        7.3121305
     535.0000000        7.3276424
     536.0000000        7.3778022
     537.0000000        7.4234913
     538.0000000        7.4589301
     539.0000000        7.4371502
     540.0000000        7.4041680
     541.0000000        7.4053436
     542.0000000        7.4250745
     543.0000000        7.4799742
     544.0000000        7.5521992
     545.0000000        7.6227278
     546.0000000        7.6920901
     547.0000000        7.7148392
     548.0000000        7.6988559
     549.0000000        7.6434588
     550.0000000        7.5818430
     551.0000000        7.4886970
     552.0000000        7.4546398
     553.0000000        7.4122613
     554.0000000        7.3222379
     555.0000000        7.2154007
     556.0000000        7.1510841
     557.0000000        7.1770664
     558.0000000        7.1919890
     559.0000000        7.1567166
     560.0000000        7.0747330
     561.0000000        7.0120851
     562.0000000        7.0068210
     563.0000000        7.0128174
     564.0000000        7.0072436
     565.0000000        7.0752562
     566.0000000        7.0736361
     567.0000000        7.0765199
     568.0000000        7.1374423
     569.0000000        7.2012387
     570.0000000        7.2380566
     571.0000000        7.2519249
     572.0000000        7.2267608
     573.0000000        7.2522605
     574.0000000        7.2948567
     575.0000000        7.3342381
     576.0000000        7.3855080
     577.0000000        7.4368682
     578.0000000        7.4206048
     579.0000000        7.3568800
     580.0000000        7.2915201
     581.0000000        7.1769167
     582.0000000        7.1338625
     583.0000000        7.1170976
     584.0000000        7.0548740
     585.0000000        6.9661572
     586.0000000        6.9074814
     587.0000000        6.9233722
     588.0000000        7.0105879
     589.0000000        7.0815545
     590.0000000        7.0981013
     591.0000000        7.2013971
     592.0000000        7.2015239
     593.0000000        7.2222229
     594.0000000        7.2226985
     595.0000000        7.1952922
     596.0000000        7.1720413
     597.0000000        7.1268125
     598.0000000        7.1417853
     599.0000000        7.1865039
     600.0000000        7.1998799
