       1.0000000       20.7304520
       2.0000000       16.0441890
       3.0000000       13.7716550
       4.0000000       12.4010060
       5.0000000       11.7539690
       6.0000000       11.4258660
       7.0000000       11.1954910
       8.0000000       11.0494140
       9.0000000       10.7776930
      10.0000000       10.5745880
      11.0000000       10.3552370
      12.0000000       10.1050020
      13.0000000        9.8128806
      14.0000000        9.4587121
      15.0000000        9.1465626
      16.0000000        8.8933255
      17.0000000        8.6806609
      18.0000000        8.4722678
      19.0000000        8.3499563
      20.0000000        8.2139476
      21.0000000        8.0670733
      22.0000000        7.9900517
      23.0000000        7.9741430
      24.0000000        7.9940556
      25.0000000        7.9946741
      26.0000000        8.0256955
      27.0000000        8.0401079
      28.0000000        8.0087150
      29.0000000        7.8655604
      30.0000000        7.7119751
      31.0000000        7.5868913
      32.0000000        7.4597757
      33.0000000        7.3018319
      34.0000000        7.1290978
      35.0000000        6.9282563
      36.0000000        6.7125389
      37.0000000        6.5216185
      38.0000000        6.3364382
      39.0000000        6.1916294
      40.0000000        6.0873995
      41.0000000        6.0282800
      42.0000000        6.0251130
      43.0000000        6.0209877
      44.0000000        6.0290136
      45.0000000        6.0531819
      46.0000000        6.0710448
      47.0000000        6.1125405
      48.0000000        6.1717303
      49.0000000        6.2236199
      50.0000000        6.2356708
      51.0000000        6.2323752
      52.0000000        6.2355637
      53.0000000        6.2444306
      54.0000000        6.2876562
      55.0000000        6.3257809
      56.0000000        6.3594277
      57.0000000        6.3970595
      58.0000000        6.4659623
      59.0000000        6.5269469
      60.0000000        6.5790784
      61.0000000        6.6199521
      62.0000000        6.6641972
      63.0000000        6.7134969
      64.0000000        6.7127884
      65.0000000        6.6971815
      66.0000000        6.7232156
      67.0000000        6.7531858
      68.0000000        6.7632764
      69.0000000        6.7907507
      70.0000000        6.8216148
      71.0000000        6.8500656
      72.0000000        6.9009579
      73.0000000        6.9480532
      74.0000000        7.0085065
      75.0000000        7.0838410
      76.0000000        7.1573612
      77.0000000        7.2142376
      78.0000000        7.2640398
      79.0000000        7.2709768
      80.0000000        7.1758157
      81.0000000        7.0587478
      82.0000000        6.9805968
      83.0000000        6.9336980
      84.0000000        6.8615075
      85.0000000        6.7768303
      86.0000000        6.7124909
      87.0000000        6.6712586
      88.0000000        6.6645482
      89.0000000        6.6649211
      90.0000000        6.6825702
      91.0000000        6.6549856
      92.0000000        6.6369707
      93.0000000        6.6121790
      94.0000000        6.5674632
      95.0000000        6.5437769
      96.0000000        6.5593147
      97.0000000        6.5856967
      98.0000000        6.6443012
      99.0000000        6.7180024
     100.0000000        6.7867004
     101.0000000        6.8831618
     102.0000000        7.0076930
     103.0000000        7.1093149
     104.0000000        7.2344631
     105.0000000        7.3551922
     106.0000000        7.4081374
     107.0000000        7.4661644
     108.0000000        7.5903627
     109.0000000        7.7288021
     110.0000000        7.8085116
     111.0000000        7.9507699
     112.0000000        8.1161909
     113.0000000        8.2730959
     114.0000000        8.3412921
     115.0000000        8.4356179
     116.0000000        8.4592933
     117.0000000        8.4444856
     118.0000000        8.4638554
     119.0000000        8.3971699
     120.0000000        8.2519980
     121.0000000        8.1124470
     122.0000000        7.9560469
     123.0000000        7.7724652
     124.0000000        7.5885568
     125.0000000        7.3756103
     126.0000000        7.1839948
     127.0000000        7.0126802
     128.0000000        6.8202154
     129.0000000        6.6890298
     130.0000000        6.6267150
     131.0000000        6.5952333
     132.0000000        6.5450937
     133.0000000        6.4625304
     134.0000000        6.3572996
     135.0000000        6.2782241
     136.0000000        6.2341481
     137.0000000        6.1835857
     138.0000000        6.1332490
     139.0000000        6.0962263
     140.0000000        6.0976783
     141.0000000        6.1119532
     142.0000000        6.1066086
     143.0000000        6.0698135
     144.0000000        6.0218850
     145.0000000        5.9745371
     146.0000000        5.9732470
     147.0000000        5.9857978
     148.0000000        5.9650341
     149.0000000        5.9229365
     150.0000000        5.8876130
     151.0000000        5.8645228
     152.0000000        5.8376668
     153.0000000        5.7913905
     154.0000000        5.7863449
     155.0000000        5.8418264
     156.0000000        5.8907044
     157.0000000        6.0167052
     158.0000000        6.1149633
     159.0000000        6.1978291
     160.0000000        6.2674333
     161.0000000        6.3064967
     162.0000000        6.2960967
     163.0000000        6.2503142
     164.0000000        6.2079538
     165.0000000        6.1543463
     166.0000000        6.0783570
     167.0000000        5.9892885
     168.0000000        5.9350400
     169.0000000        5.8824474
     170.0000000        5.7984360
     171.0000000        5.6902548
     172.0000000        5.5654625
     173.0000000        5.4720720
     174.0000000        5.4087247
     175.0000000        5.3658741
     176.0000000        5.2864150
     177.0000000        5.1738665
     178.0000000        5.0806201
     179.0000000        5.0138225
     180.0000000        4.9623173
     181.0000000        4.9298582
     182.0000000        4.9019022
     183.0000000        4.8654972
     184.0000000        4.8107090
     185.0000000        4.7552964
     186.0000000        4.7413060
     187.0000000        4.7618636
     188.0000000        4.7922268
     189.0000000        4.8305878
     190.0000000        4.8842645
     191.0000000        4.9466089
     192.0000000        4.9933570
     193.0000000        5.0235688
     194.0000000        5.0792870
     195.0000000        5.1670640
     196.0000000        5.2702677
     197.0000000        5.3110801
     198.0000000        5.3556277
     199.0000000        5.3843908
     200.0000000        5.3639670
     201.0000000        5.3472982
     202.0000000        5.3771285
     203.0000000        5.4186872
     204.0000000        5.4500766
     205.0000000        5.4349574
     206.0000000        5.3949351
     207.0000000        5.3739178
     208.0000000        5.3435769
     209.0000000        5.3102894
     210.0000000        5.2534956
     211.0000000        5.2365672
     212.0000000        5.2952582
     213.0000000        5.3404703
     214.0000000        5.3711930
     215.0000000        5.3894395
     216.0000000        5.3761895
     217.0000000        5.3669725
     218.0000000        5.3796548
     219.0000000        5.4082843
     220.0000000        5.4470266
     221.0000000        5.4642235
     222.0000000        5.4603473
     223.0000000        5.4301793
     224.0000000        5.4170257
     225.0000000        5.4029053
     226.0000000        5.3892775
     227.0000000        5.4088749
     228.0000000        5.4559567
     229.0000000        5.4991533
     230.0000000        5.5502111
     231.0000000        5.6098134
     232.0000000        5.6782355
     233.0000000        5.7344505
     234.0000000        5.8136401
     235.0000000        5.9139380
     236.0000000        6.0147814
     237.0000000        6.0690242
     238.0000000        6.1516187
     239.0000000        6.2671408
     240.0000000        6.3522439
     241.0000000        6.4259024
     242.0000000        6.5296984
     243.0000000        6.6249055
     244.0000000        6.6905296
     245.0000000        6.6786302
     246.0000000        6.6438810
     247.0000000        6.5981506
     248.0000000        6.5876781
     249.0000000        6.5809266
     250.0000000        6.5855461
     251.0000000        6.5974885
     252.0000000        6.6261552
     253.0000000        6.6532906
     254.0000000        6.6329217
     255.0000000        6.6124246
     256.0000000        6.6325422
     257.0000000        6.6677726
     258.0000000        6.7673221
     259.0000000        6.8596296
     260.0000000        6.8897812
     261.0000000        6.8782260
     262.0000000        6.8447494
     263.0000000        6.7930285
     264.0000000        6.7843347
     265.0000000        6.7108185
     266.0000000        6.6334655
     267.0000000        6.5972817
     268.0000000        6.6188460
     269.0000000        6.6209359
     270.0000000        6.6190293
     271.0000000        6.6278754
     272.0000000        6.6197750
     273.0000000        6.5675738
     274.0000000        6.4821422
     275.0000000        6.4488424
     276.0000000        6.4232383
     277.0000000        6.4335248
     278.0000000        6.4985996
     279.0000000        6.5561679
     280.0000000        6.5870792
     281.0000000        6.5956348
     282.0000000        6.5927288
     283.0000000        6.6210342
     284.0000000        6.6494833
     285.0000000        6.6360807
     286.0000000        6.6453064
     287.0000000        6.7524481
     288.0000000        6.8296404
     289.0000000        6.8941474
     290.0000000        6.9107184
     291.0000000        6.8675002
     292.0000000        6.8277791
     293.0000000        6.7921507
     294.0000000        6.7408911
     295.0000000        6.6765364
     296.0000000        6.5692357
     297.0000000        6.4811680
     298.0000000        6.3814958
     299.0000000        6.2875134
     300.0000000        6.1930392
     301.0000000        6.0995235
     302.0000000        6.0182928
     303.0000000        5.9290050
     304.0000000        5.7763264
     305.0000000        5.6654664
     306.0000000        5.5625525
     307.0000000        5.4920421
     308.0000000        5.4386161
     309.0000000        5.3682657
     310.0000000        5.3518054
     311.0000000        5.3774496
     312.0000000        5.4119899
     313.0000000        5.4611129
     314.0000000        5.5133775
     315.0000000        5.5681558
     316.0000000        5.5830545
     317.0000000        5.5963674
     318.0000000        5.6917697
     319.0000000        5.8015304
     320.0000000        5.9436310
     321.0000000        6.1169922
     322.0000000        6.2851394
     323.0000000        6.5040229
     324.0000000        6.6786433
     325.0000000        6.7728554
     326.0000000        6.9499103
     327.0000000        7.1589168
     328.0000000        7.3284828
     329.0000000        7.5007984
     330.0000000        7.6482356
     331.0000000        7.6693407
     332.0000000        7.6513281
     333.0000000        7.6941872
     334.0000000        7.7469204
     335.0000000        7.8501754
     336.0000000        7.9403534
     337.0000000        8.0066074
     338.0000000        8.0241511
     339.0000000        7.9877601
     340.0000000        7.9492940
     341.0000000        7.9151783
     342.0000000        7.8296410
     343.0000000        7.6877421
     344.0000000        7.5685386
     345.0000000        7.4535397
     346.0000000        7.3704342
     347.0000000        7.3437982
     348.0000000        7.3408764
     349.0000000        7.3317583
     350.0000000        7.3584481
     351.0000000        7.4284549
     352.0000000        7.5004037
     353.0000000        7.5208848
     354.0000000        7.5325758
     355.0000000        7.5692996
     356.0000000        7.6402707
     357.0000000        7.6842996
     358.0000000        7.6910982
     359.0000000        7.7077005
     360.0000000        7.7208336
     361.0000000        7.7586406
     362.0000000        7.7039076
     363.0000000        7.6210089
     364.0000000        7.5049960
     365.0000000        7.4014609
     366.0000000        7.2933217
     367.0000000        7.2070514
     368.0000000        7.1294954
     369.0000000        7.0661960
     370.0000000        7.0505596
     371.0000000        7.0429670
     372.0000000        6.9993017
     373.0000000        6.9974724
     374.0000000        7.0299673
     375.0000000        7.0859219
     376.0000000        7.0853980
     377.0000000        7.0386400
     378.0000000        7.0407639
     379.0000000        7.0616678
     380.0000000        7.0614775
     381.0000000        7.0368482
     382.0000000        7.0295978
     383.0000000        7.0045121
     384.0000000        7.0628681
     385.0000000        7.0744219
     386.0000000        7.0632473
     387.0000000        7.0272865
     388.0000000        7.0123777
     389.0000000        6.9637826
     390.0000000        6.8902449
     391.0000000        6.8488560
     392.0000000        6.8130826
     393.0000000        6.7635688
     394.0000000        6.7302007
     395.0000000        6.7089394
     396.0000000        6.6827822
     397.0000000        6.6337666
     398.0000000        6.5918632
     399.0000000        6.6183692
     400.0000000        6.6457539
     401.0000000        6.6911469
     402.0000000        6.7473658
     403.0000000        6.8065346
     404.0000000        6.9140212
     405.0000000        7.0601398
     406.0000000        7.1602666
     407.0000000        7.2575954
     408.0000000        7.3498738
     409.0000000        7.3635215
     410.0000000        7.3527640
     411.0000000        7.3673950
     412.0000000        7.4088652
     413.0000000        7.4632556
     414.0000000        7.5800384
     415.0000000        7.6407422
     416.0000000        7.6333703
     417.0000000        7.6234429
     418.0000000        7.6843380
     419.0000000        7.7608032
     420.0000000        7.7567922
     421.0000000        7.7043928
     422.0000000        7.6273917
     423.0000000        7.6230810
     424.0000000        7.6855129
     425.0000000        7.6816385
     426.0000000        7.7027176
     427.0000000        7.7501402
     428.0000000        7.7896739
     429.0000000        7.8055815
     430.0000000        7.7246614
     431.0000000        7.6845655
     432.0000000        7.6753953
     433.0000000        7.6791230
     434.0000000        7.6578467
     435.0000000        7.6652998
     436.0000000        7.6830801
     437.0000000        7.6544903
     438.0000000        7.6385804
     439.0000000        7.6585993
     440.0000000        7.7030568
     441.0000000        7.7208452
     442.0000000        7.6772049
     443.0000000        7.6456958
     444.0000000        7.6308494
     445.0000000        7.6332973
     446.0000000        7.6306729
     447.0000000        7.6096550
     448.0000000        7.5736378
     449.0000000        7.5333766
     450.0000000        7.4669189
     451.0000000        7.4444530
     452.0000000        7.4014857
     453.0000000        7.3660488
     454.0000000        7.3156974
     455.0000000        7.2602223
     456.0000000        7.1464680
     457.0000000        7.0071314
     458.0000000        6.8696369
     459.0000000        6.7548973
     460.0000000        6.6665810
     461.0000000        6.6123344
     462.0000000        6.5633744
     463.0000000        6.5753811
     464.0000000        6.5925789
     465.0000000        6.6075156
     466.0000000        6.6144084
     467.0000000        6.6112227
     468.0000000        6.5867303
     469.0000000        6.5617540
     470.0000000        6.5440019
     471.0000000        6.4863108
     472.0000000        6.4726087
     473.0000000        6.5236164
     474.0000000        6.5898330
     475.0000000        6.6424080
     476.0000000        6.7125730
     477.0000000        6.8289141
     478.0000000        6.9712990
     479.0000000        7.0433275
     480.0000000        7.1065211
     481.0000000        7.1551751
     482.0000000        7.2004875
     483.0000000        7.2323874
     484.0000000        7.2596481
     485.0000000        7.2333530
     486.0000000        7.2135678
     487.0000000        7.1774050
     488.0000000        7.1487281
     489.0000000        7.1150348
     490.0000000        7.0465897
     491.0000000        6.9681176
     492.0000000        6.8602194
     493.0000000        6.7582300
     494.0000000        6.6259413
     495.0000000        6.4681292
     496.0000000        6.3239874
     497.0000000        6.1977225
     498.0000000        6.1192772
     499.0000000        6.0383311
     500.0000000        5.9503370
     501.0000000        5.8490465
     502.0000000        5.7699662
     503.0000000        5.6828774
     504.0000000        5.5978002
     505.0000000        5.5282642
     506.0000000        5.4906436
     507.0000000        5.4941862
     508.0000000        5.5032025
     509.0000000        5.5038960
     510.0000000        5.5379861
     511.0000000        5.5662553
     512.0000000        5.5563660
     513.0000000        5.6091012
     514.0000000        5.6809698
     515.0000000        5.7784343
     516.0000000        5.9197593
     517.0000000        6.0621851
     518.0000000        6.1637590
     519.0000000        6.2219068
     520.0000000        6.2946366
     521.0000000        6.4114174
     522.0000000        6.5578040
     523.0000000        6.6446634
     524.0000000        6.6507741
     525.0000000        6.6557689
     526.0000000        6.7033244
     527.0000000        6.7463266
     528.0000000        6.8039494
     529.0000000        6.8197233
     530.0000000        6.7920947
     531.0000000        6.7345313
     532.0000000        6.6480402
     533.0000000        6.5443771
     534.0000000        6.5108736
     535.0000000        6.5383497
     536.0000000        6.5445134
     537.0000000        6.5031939
     538.0000000        6.4313209
     539.0000000        6.3440362
     540.0000000        6.2412915
     541.0000000        6.1338162
     542.0000000        6.0584913
     543.0000000        6.0436849
     544.0000000        5.9824459
     545.0000000        5.9052555
     546.0000000        5.8826450
     547.0000000        5.8918357
     548.0000000        5.9071116
     549.0000000        5.9352474
     550.0000000        5.9815280
     551.0000000        6.0361474
     552.0000000        6.0671908
     553.0000000        6.1244517
     554.0000000        6.2095792
     555.0000000        6.2732826
     556.0000000        6.3292496
     557.0000000        6.3637871
     558.0000000        6.3731584
     559.0000000        6.4097515
     560.0000000        6.4686264
     561.0000000        6.5122449
     562.0000000        6.4861814
     563.0000000        6.4777689
     564.0000000        6.4973844
     565.0000000        6.5326711
     566.0000000        6.6023410
     567.0000000        6.6630941
     568.0000000        6.6849969
     569.0000000        6.6893460
     570.0000000        6.6801529
     571.0000000        6.6692155
     572.0000000        6.6472327
     573.0000000        6.6156981
     574.0000000        6.5921425
     575.0000000        6.5904409
     576.0000000        6.5744559
     577.0000000        6.5141975
     578.0000000        6.4313169
     579.0000000        6.3498946
     580.0000000        6.2914464
     581.0000000        6.2527220
     582.0000000        6.1945821
     583.0000000        6.1270789
     584.0000000        6.1133279
     585.0000000        6.1670829
     586.0000000        6.2603501
     587.0000000        6.3509131
     588.0000000        6.4274013
     589.0000000        6.4710608
     590.0000000        6.4604937
     591.0000000        6.4407446
     592.0000000        6.4431176
     593.0000000        6.4300319
     594.0000000        6.3662439
     595.0000000        6.2883369
     596.0000000        6.2357903
     597.0000000        6.2257354
     598.0000000        6.2245039
     599.0000000        6.2630126
     600.0000000        6.3230651
