       1.0000000        4.3126111
       2.0000000        3.7895727
       3.0000000        3.4947088
       4.0000000        3.3094587
       5.0000000        3.2186348
       6.0000000        3.1674283
       7.0000000        3.1321790
       8.0000000        3.1147168
       9.0000000        3.0777900
      10.0000000        3.0522552
      11.0000000        3.0174909
      12.0000000        2.9778614
      13.0000000        2.9389811
      14.0000000        2.8918798
      15.0000000        2.8397727
      16.0000000        2.7979424
      17.0000000        2.7621572
      18.0000000        2.7255137
      19.0000000        2.7036190
      20.0000000        2.6861923
      21.0000000        2.6664164
      22.0000000        2.6541109
      23.0000000        2.6515937
      24.0000000        2.6541331
      25.0000000        2.6516407
      26.0000000        2.6522658
      27.0000000        2.6505110
      28.0000000        2.6454239
      29.0000000        2.6266956
      30.0000000        2.6016870
      31.0000000        2.5777361
      32.0000000        2.5557725
      33.0000000        2.5298657
      34.0000000        2.5055473
      35.0000000        2.4743631
      36.0000000        2.4338512
      37.0000000        2.3965685
      38.0000000        2.3639812
      39.0000000        2.3338482
      40.0000000        2.3097267
      41.0000000        2.2944558
      42.0000000        2.2902789
      43.0000000        2.2876959
      44.0000000        2.2854929
      45.0000000        2.2894969
      46.0000000        2.2944574
      47.0000000        2.2996209
      48.0000000        2.3064780
      49.0000000        2.3167510
      50.0000000        2.3203316
      51.0000000        2.3214512
      52.0000000        2.3201826
      53.0000000        2.3191776
      54.0000000        2.3274922
      55.0000000        2.3340547
      56.0000000        2.3389754
      57.0000000        2.3446934
      58.0000000        2.3565264
      59.0000000        2.3663230
      60.0000000        2.3742230
      61.0000000        2.3776841
      62.0000000        2.3845363
      63.0000000        2.3918355
      64.0000000        2.3961463
      65.0000000        2.3977337
      66.0000000        2.4051695
      67.0000000        2.4141710
      68.0000000        2.4172132
      69.0000000        2.4211912
      70.0000000        2.4249108
      71.0000000        2.4300926
      72.0000000        2.4420481
      73.0000000        2.4561164
      74.0000000        2.4684892
      75.0000000        2.4814913
      76.0000000        2.4931154
      77.0000000        2.5020885
      78.0000000        2.5124643
      79.0000000        2.5158813
      80.0000000        2.5017776
      81.0000000        2.4826739
      82.0000000        2.4685955
      83.0000000        2.4604743
      84.0000000        2.4481945
      85.0000000        2.4357593
      86.0000000        2.4251199
      87.0000000        2.4176047
      88.0000000        2.4184201
      89.0000000        2.4206705
      90.0000000        2.4233634
      91.0000000        2.4176240
      92.0000000        2.4159505
      93.0000000        2.4119616
      94.0000000        2.4027164
      95.0000000        2.3968537
      96.0000000        2.3955643
      97.0000000        2.3929982
      98.0000000        2.4000115
      99.0000000        2.4060469
     100.0000000        2.4145951
     101.0000000        2.4280200
     102.0000000        2.4465694
     103.0000000        2.4642820
     104.0000000        2.4885142
     105.0000000        2.5152118
     106.0000000        2.5294414
     107.0000000        2.5402319
     108.0000000        2.5631905
     109.0000000        2.5879722
     110.0000000        2.5982056
     111.0000000        2.6226411
     112.0000000        2.6510096
     113.0000000        2.6726646
     114.0000000        2.6799910
     115.0000000        2.6969428
     116.0000000        2.7057991
     117.0000000        2.7060506
     118.0000000        2.7118034
     119.0000000        2.7050142
     120.0000000        2.6879094
     121.0000000        2.6676669
     122.0000000        2.6422739
     123.0000000        2.6137903
     124.0000000        2.5780883
     125.0000000        2.5415146
     126.0000000        2.5103552
     127.0000000        2.4791315
     128.0000000        2.4437652
     129.0000000        2.4183028
     130.0000000        2.4088094
     131.0000000        2.4054534
     132.0000000        2.3957856
     133.0000000        2.3837898
     134.0000000        2.3662782
     135.0000000        2.3520494
     136.0000000        2.3438528
     137.0000000        2.3335457
     138.0000000        2.3245280
     139.0000000        2.3155940
     140.0000000        2.3121009
     141.0000000        2.3087664
     142.0000000        2.3063583
     143.0000000        2.2978518
     144.0000000        2.2877052
     145.0000000        2.2775989
     146.0000000        2.2758179
     147.0000000        2.2782695
     148.0000000        2.2744145
     149.0000000        2.2665989
     150.0000000        2.2612844
     151.0000000        2.2572560
     152.0000000        2.2528543
     153.0000000        2.2462645
     154.0000000        2.2427721
     155.0000000        2.2502487
     156.0000000        2.2565277
     157.0000000        2.2756920
     158.0000000        2.2894363
     159.0000000        2.3058791
     160.0000000        2.3210270
     161.0000000        2.3314586
     162.0000000        2.3312993
     163.0000000        2.3264236
     164.0000000        2.3185067
     165.0000000        2.3064649
     166.0000000        2.2920065
     167.0000000        2.2776604
     168.0000000        2.2703123
     169.0000000        2.2604651
     170.0000000        2.2428129
     171.0000000        2.2235649
     172.0000000        2.1987143
     173.0000000        2.1781223
     174.0000000        2.1624119
     175.0000000        2.1537809
     176.0000000        2.1385493
     177.0000000        2.1162040
     178.0000000        2.0962908
     179.0000000        2.0852015
     180.0000000        2.0730352
     181.0000000        2.0651238
     182.0000000        2.0594702
     183.0000000        2.0528948
     184.0000000        2.0454752
     185.0000000        2.0363955
     186.0000000        2.0318954
     187.0000000        2.0308859
     188.0000000        2.0358078
     189.0000000        2.0439715
     190.0000000        2.0535517
     191.0000000        2.0615728
     192.0000000        2.0675941
     193.0000000        2.0729804
     194.0000000        2.0820458
     195.0000000        2.0968809
     196.0000000        2.1134849
     197.0000000        2.1209915
     198.0000000        2.1308138
     199.0000000        2.1377194
     200.0000000        2.1328344
     201.0000000        2.1299920
     202.0000000        2.1377821
     203.0000000        2.1459215
     204.0000000        2.1513174
     205.0000000        2.1481111
     206.0000000        2.1404505
     207.0000000        2.1373158
     208.0000000        2.1324544
     209.0000000        2.1265032
     210.0000000        2.1174998
     211.0000000        2.1145582
     212.0000000        2.1261935
     213.0000000        2.1371810
     214.0000000        2.1405809
     215.0000000        2.1396689
     216.0000000        2.1358562
     217.0000000        2.1390245
     218.0000000        2.1487794
     219.0000000        2.1590123
     220.0000000        2.1688397
     221.0000000        2.1760089
     222.0000000        2.1762362
     223.0000000        2.1695640
     224.0000000        2.1670425
     225.0000000        2.1650748
     226.0000000        2.1607552
     227.0000000        2.1625271
     228.0000000        2.1695433
     229.0000000        2.1765676
     230.0000000        2.1860561
     231.0000000        2.1968951
     232.0000000        2.2160022
     233.0000000        2.2293251
     234.0000000        2.2413030
     235.0000000        2.2565615
     236.0000000        2.2723615
     237.0000000        2.2776208
     238.0000000        2.2873261
     239.0000000        2.3098807
     240.0000000        2.3312156
     241.0000000        2.3473506
     242.0000000        2.3710258
     243.0000000        2.3884604
     244.0000000        2.4004626
     245.0000000        2.3997226
     246.0000000        2.3971603
     247.0000000        2.3914075
     248.0000000        2.3900399
     249.0000000        2.3873079
     250.0000000        2.3851681
     251.0000000        2.3826144
     252.0000000        2.3830893
     253.0000000        2.3894668
     254.0000000        2.3887031
     255.0000000        2.3880458
     256.0000000        2.3967891
     257.0000000        2.4076135
     258.0000000        2.4281638
     259.0000000        2.4436483
     260.0000000        2.4458780
     261.0000000        2.4401855
     262.0000000        2.4337564
     263.0000000        2.4278512
     264.0000000        2.4234347
     265.0000000        2.4093549
     266.0000000        2.3911965
     267.0000000        2.3829460
     268.0000000        2.3860164
     269.0000000        2.3857083
     270.0000000        2.3838186
     271.0000000        2.3880508
     272.0000000        2.3885067
     273.0000000        2.3815520
     274.0000000        2.3692060
     275.0000000        2.3630190
     276.0000000        2.3550479
     277.0000000        2.3529220
     278.0000000        2.3632443
     279.0000000        2.3717008
     280.0000000        2.3766792
     281.0000000        2.3785279
     282.0000000        2.3792806
     283.0000000        2.3867691
     284.0000000        2.3948207
     285.0000000        2.3932612
     286.0000000        2.3924408
     287.0000000        2.4085288
     288.0000000        2.4213259
     289.0000000        2.4321396
     290.0000000        2.4370522
     291.0000000        2.4319654
     292.0000000        2.4250998
     293.0000000        2.4219553
     294.0000000        2.4155107
     295.0000000        2.4022844
     296.0000000        2.3824770
     297.0000000        2.3660076
     298.0000000        2.3466005
     299.0000000        2.3258948
     300.0000000        2.3070669
     301.0000000        2.2902334
     302.0000000        2.2801373
     303.0000000        2.2679009
     304.0000000        2.2435057
     305.0000000        2.2205288
     306.0000000        2.1986644
     307.0000000        2.1869466
     308.0000000        2.1768310
     309.0000000        2.1635959
     310.0000000        2.1608167
     311.0000000        2.1649678
     312.0000000        2.1709931
     313.0000000        2.1777716
     314.0000000        2.1867037
     315.0000000        2.1960309
     316.0000000        2.1980402
     317.0000000        2.2019441
     318.0000000        2.2165179
     319.0000000        2.2355242
     320.0000000        2.2565045
     321.0000000        2.2816691
     322.0000000        2.3040547
     323.0000000        2.3369930
     324.0000000        2.3665521
     325.0000000        2.3799093
     326.0000000        2.4126041
     327.0000000        2.4516742
     328.0000000        2.4861450
     329.0000000        2.5163240
     330.0000000        2.5389135
     331.0000000        2.5455651
     332.0000000        2.5490644
     333.0000000        2.5593615
     334.0000000        2.5740860
     335.0000000        2.5965517
     336.0000000        2.6143026
     337.0000000        2.6283340
     338.0000000        2.6340890
     339.0000000        2.6270347
     340.0000000        2.6157796
     341.0000000        2.6138520
     342.0000000        2.6054566
     343.0000000        2.5873640
     344.0000000        2.5679481
     345.0000000        2.5497036
     346.0000000        2.5315814
     347.0000000        2.5252180
     348.0000000        2.5227985
     349.0000000        2.5205309
     350.0000000        2.5256658
     351.0000000        2.5390172
     352.0000000        2.5527606
     353.0000000        2.5605769
     354.0000000        2.5657210
     355.0000000        2.5702517
     356.0000000        2.5762830
     357.0000000        2.5788465
     358.0000000        2.5807385
     359.0000000        2.5878749
     360.0000000        2.5895336
     361.0000000        2.5936985
     362.0000000        2.5857928
     363.0000000        2.5785639
     364.0000000        2.5586624
     365.0000000        2.5412948
     366.0000000        2.5192509
     367.0000000        2.5052557
     368.0000000        2.4942942
     369.0000000        2.4837286
     370.0000000        2.4812567
     371.0000000        2.4775956
     372.0000000        2.4705405
     373.0000000        2.4668233
     374.0000000        2.4723253
     375.0000000        2.4843562
     376.0000000        2.4874382
     377.0000000        2.4798815
     378.0000000        2.4757738
     379.0000000        2.4785929
     380.0000000        2.4750967
     381.0000000        2.4710591
     382.0000000        2.4738688
     383.0000000        2.4712286
     384.0000000        2.4804034
     385.0000000        2.4783630
     386.0000000        2.4708517
     387.0000000        2.4636724
     388.0000000        2.4633322
     389.0000000        2.4600978
     390.0000000        2.4500473
     391.0000000        2.4424932
     392.0000000        2.4348712
     393.0000000        2.4305136
     394.0000000        2.4252563
     395.0000000        2.4209497
     396.0000000        2.4168687
     397.0000000        2.4079216
     398.0000000        2.4012697
     399.0000000        2.4048605
     400.0000000        2.4090948
     401.0000000        2.4165950
     402.0000000        2.4266965
     403.0000000        2.4324067
     404.0000000        2.4470930
     405.0000000        2.4671476
     406.0000000        2.4838545
     407.0000000        2.5011322
     408.0000000        2.5192418
     409.0000000        2.5266883
     410.0000000        2.5231540
     411.0000000        2.5192201
     412.0000000        2.5275671
     413.0000000        2.5379567
     414.0000000        2.5545795
     415.0000000        2.5632770
     416.0000000        2.5643950
     417.0000000        2.5656245
     418.0000000        2.5760932
     419.0000000        2.5979533
     420.0000000        2.6036315
     421.0000000        2.5960388
     422.0000000        2.5815756
     423.0000000        2.5806389
     424.0000000        2.5960186
     425.0000000        2.5953543
     426.0000000        2.5966885
     427.0000000        2.6026058
     428.0000000        2.6070766
     429.0000000        2.6112802
     430.0000000        2.5977907
     431.0000000        2.5932879
     432.0000000        2.5921319
     433.0000000        2.5982592
     434.0000000        2.5915320
     435.0000000        2.5944965
     436.0000000        2.5962696
     437.0000000        2.5873606
     438.0000000        2.5781748
     439.0000000        2.5812218
     440.0000000        2.5852094
     441.0000000        2.5879297
     442.0000000        2.5784941
     443.0000000        2.5724142
     444.0000000        2.5714238
     445.0000000        2.5765574
     446.0000000        2.5727408
     447.0000000        2.5721536
     448.0000000        2.5672812
     449.0000000        2.5583236
     450.0000000        2.5458462
     451.0000000        2.5396271
     452.0000000        2.5346949
     453.0000000        2.5275543
     454.0000000        2.5154393
     455.0000000        2.5064123
     456.0000000        2.4899716
     457.0000000        2.4658332
     458.0000000        2.4417973
     459.0000000        2.4214442
     460.0000000        2.4032128
     461.0000000        2.3938148
     462.0000000        2.3883772
     463.0000000        2.3891859
     464.0000000        2.3882418
     465.0000000        2.3891103
     466.0000000        2.3849859
     467.0000000        2.3835373
     468.0000000        2.3838997
     469.0000000        2.3810439
     470.0000000        2.3784261
     471.0000000        2.3728626
     472.0000000        2.3753560
     473.0000000        2.3892252
     474.0000000        2.4007545
     475.0000000        2.4096293
     476.0000000        2.4195282
     477.0000000        2.4346292
     478.0000000        2.4577596
     479.0000000        2.4714451
     480.0000000        2.4837971
     481.0000000        2.4911551
     482.0000000        2.4995811
     483.0000000        2.5054920
     484.0000000        2.5097461
     485.0000000        2.5091584
     486.0000000        2.5066919
     487.0000000        2.5007257
     488.0000000        2.4976847
     489.0000000        2.4922025
     490.0000000        2.4777782
     491.0000000        2.4605544
     492.0000000        2.4385967
     493.0000000        2.4181395
     494.0000000        2.3938758
     495.0000000        2.3696649
     496.0000000        2.3436663
     497.0000000        2.3256664
     498.0000000        2.3122377
     499.0000000        2.2954965
     500.0000000        2.2803845
     501.0000000        2.2617214
     502.0000000        2.2479398
     503.0000000        2.2299850
     504.0000000        2.2110193
     505.0000000        2.1935952
     506.0000000        2.1796150
     507.0000000        2.1764672
     508.0000000        2.1739335
     509.0000000        2.1738317
     510.0000000        2.1801040
     511.0000000        2.1843572
     512.0000000        2.1850719
     513.0000000        2.1979883
     514.0000000        2.2125084
     515.0000000        2.2266138
     516.0000000        2.2487164
     517.0000000        2.2722814
     518.0000000        2.2907958
     519.0000000        2.3013253
     520.0000000        2.3131669
     521.0000000        2.3373280
     522.0000000        2.3646009
     523.0000000        2.3822341
     524.0000000        2.3845353
     525.0000000        2.3897314
     526.0000000        2.3990295
     527.0000000        2.4088991
     528.0000000        2.4196603
     529.0000000        2.4260964
     530.0000000        2.4250932
     531.0000000        2.4181354
     532.0000000        2.4030509
     533.0000000        2.3890760
     534.0000000        2.3814938
     535.0000000        2.3845649
     536.0000000        2.3827600
     537.0000000        2.3760154
     538.0000000        2.3621750
     539.0000000        2.3485320
     540.0000000        2.3304732
     541.0000000        2.3107095
     542.0000000        2.2969675
     543.0000000        2.2938452
     544.0000000        2.2840908
     545.0000000        2.2709987
     546.0000000        2.2684767
     547.0000000        2.2685962
     548.0000000        2.2686896
     549.0000000        2.2703233
     550.0000000        2.2777808
     551.0000000        2.2870469
     552.0000000        2.2901888
     553.0000000        2.3003457
     554.0000000        2.3158391
     555.0000000        2.3260233
     556.0000000        2.3325446
     557.0000000        2.3395178
     558.0000000        2.3447139
     559.0000000        2.3514271
     560.0000000        2.3611031
     561.0000000        2.3695841
     562.0000000        2.3671949
     563.0000000        2.3683932
     564.0000000        2.3715105
     565.0000000        2.3774493
     566.0000000        2.3903887
     567.0000000        2.4001234
     568.0000000        2.4056497
     569.0000000        2.4047172
     570.0000000        2.4022605
     571.0000000        2.4005454
     572.0000000        2.4004400
     573.0000000        2.3993669
     574.0000000        2.3937788
     575.0000000        2.3926954
     576.0000000        2.3882892
     577.0000000        2.3790178
     578.0000000        2.3628738
     579.0000000        2.3498781
     580.0000000        2.3379343
     581.0000000        2.3332710
     582.0000000        2.3195398
     583.0000000        2.3079224
     584.0000000        2.3070662
     585.0000000        2.3150134
     586.0000000        2.3264828
     587.0000000        2.3383019
     588.0000000        2.3465736
     589.0000000        2.3492949
     590.0000000        2.3489599
     591.0000000        2.3485856
     592.0000000        2.3502493
     593.0000000        2.3467615
     594.0000000        2.3329215
     595.0000000        2.3197193
     596.0000000        2.3145583
     597.0000000        2.3105276
     598.0000000        2.3067484
     599.0000000        2.3125839
     600.0000000        2.3246474
