       1.0000000        7.5263443
       2.0000000        7.4811069
       3.0000000        7.4753268
       4.0000000        7.4845483
       5.0000000        7.4610633
       6.0000000        7.3650814
       7.0000000        7.2275941
       8.0000000        7.1200269
       9.0000000        7.1076959
      10.0000000        7.0481931
      11.0000000        6.9747506
      12.0000000        6.9405718
      13.0000000        6.9320277
      14.0000000        6.9528463
      15.0000000        6.9489511
      16.0000000        6.8665016
      17.0000000        6.8188031
      18.0000000        6.8205088
      19.0000000        6.8167343
      20.0000000        6.8550627
      21.0000000        6.8630164
      22.0000000        6.8768312
      23.0000000        6.8355739
      24.0000000        6.7740269
      25.0000000        6.7021653
      26.0000000        6.6826817
      27.0000000        6.7312702
      28.0000000        6.7988511
      29.0000000        6.8354650
      30.0000000        6.8823993
      31.0000000        6.8856397
      32.0000000        6.9050349
      33.0000000        6.9046512
      34.0000000        6.9126645
      35.0000000        6.8752145
      36.0000000        6.9029838
      37.0000000        6.9289323
      38.0000000        6.9306325
      39.0000000        6.9275485
      40.0000000        6.9003621
      41.0000000        6.9523486
      42.0000000        7.0908070
      43.0000000        7.1886280
      44.0000000        7.2509688
      45.0000000        7.2877681
      46.0000000        7.2741503
      47.0000000        7.2907210
      48.0000000        7.3908342
      49.0000000        7.5085966
      50.0000000        7.5620363
      51.0000000        7.5987786
      52.0000000        7.6136760
      53.0000000        7.6438117
      54.0000000        7.5676387
      55.0000000        7.4895677
      56.0000000        7.4312237
      57.0000000        7.3941288
      58.0000000        7.4427442
      59.0000000        7.4919456
      60.0000000        7.4852683
      61.0000000        7.4428207
      62.0000000        7.3504421
      63.0000000        7.2989859
      64.0000000        7.2150073
      65.0000000        7.1648212
      66.0000000        7.1037930
      67.0000000        7.0586707
      68.0000000        7.0007319
      69.0000000        6.9759011
      70.0000000        6.9944725
      71.0000000        7.0479365
      72.0000000        7.0977142
      73.0000000        7.1343830
      74.0000000        7.2085386
      75.0000000        7.3061565
      76.0000000        7.4006605
      77.0000000        7.4846564
      78.0000000        7.5565487
      79.0000000        7.6786969
      80.0000000        7.7425107
      81.0000000        7.7484116
      82.0000000        7.7386778
      83.0000000        7.6088436
      84.0000000        7.4264206
      85.0000000        7.3252652
      86.0000000        7.2918248
      87.0000000        7.3004198
      88.0000000        7.2718923
      89.0000000        7.2282567
      90.0000000        7.1979203
      91.0000000        7.1529701
      92.0000000        7.1697103
      93.0000000        7.1321268
      94.0000000        7.0610680
      95.0000000        6.9723377
      96.0000000        7.0102797
      97.0000000        7.0743934
      98.0000000        7.1084526
      99.0000000        7.0686331
     100.0000000        7.0809503
     101.0000000        7.0783962
     102.0000000        7.0579296
     103.0000000        7.0940544
     104.0000000        7.1734798
     105.0000000        7.2294400
     106.0000000        7.2727115
     107.0000000        7.3729508
     108.0000000        7.4620093
     109.0000000        7.4509679
     110.0000000        7.4316426
     111.0000000        7.4584750
     112.0000000        7.4941379
     113.0000000        7.5792784
     114.0000000        7.6875702
     115.0000000        7.7213749
     116.0000000        7.7333448
     117.0000000        7.6386865
     118.0000000        7.5593470
     119.0000000        7.5217156
     120.0000000        7.4725871
     121.0000000        7.5085365
     122.0000000        7.4316334
     123.0000000        7.3999788
     124.0000000        7.4342461
     125.0000000        7.4907920
     126.0000000        7.5506922
     127.0000000        7.6088230
     128.0000000        7.6779999
     129.0000000        7.8171056
     130.0000000        7.9035108
     131.0000000        7.9369408
     132.0000000        7.9659934
     133.0000000        7.9382897
     134.0000000        7.9517816
     135.0000000        7.9342216
     136.0000000        7.8512495
     137.0000000        7.8232127
     138.0000000        7.7986043
     139.0000000        7.7874261
     140.0000000        7.8026792
     141.0000000        7.7744937
     142.0000000        7.7301919
     143.0000000        7.6432807
     144.0000000        7.5362144
     145.0000000        7.4133449
     146.0000000        7.3357468
     147.0000000        7.3004392
     148.0000000        7.2850645
     149.0000000        7.2280311
     150.0000000        7.1190214
     151.0000000        7.0619537
     152.0000000        7.0454327
     153.0000000        7.0129958
     154.0000000        6.9834885
     155.0000000        6.9313417
     156.0000000        6.8976124
     157.0000000        6.8714785
     158.0000000        6.8585493
     159.0000000        6.8694283
     160.0000000        6.8569503
     161.0000000        6.8616564
     162.0000000        6.8629470
     163.0000000        6.8199516
     164.0000000        6.8264846
     165.0000000        6.8296047
     166.0000000        6.7889393
     167.0000000        6.7776483
     168.0000000        6.7541005
     169.0000000        6.7678951
     170.0000000        6.8047271
     171.0000000        6.8356427
     172.0000000        6.8672851
     173.0000000        6.8939898
     174.0000000        6.9808758
     175.0000000        7.1050852
     176.0000000        7.1552258
     177.0000000        7.1985174
     178.0000000        7.1719092
     179.0000000        7.1346927
     180.0000000        7.0680726
     181.0000000        6.9763999
     182.0000000        6.9179996
     183.0000000        6.8898539
     184.0000000        6.8886433
     185.0000000        6.8759408
     186.0000000        6.8827619
     187.0000000        6.9526020
     188.0000000        7.0631812
     189.0000000        7.1120855
     190.0000000        7.1531133
     191.0000000        7.1710836
     192.0000000        7.1999424
     193.0000000        7.2580391
     194.0000000        7.3429817
     195.0000000        7.3568472
     196.0000000        7.2871919
     197.0000000        7.1648114
     198.0000000        7.1178992
     199.0000000        7.0476151
     200.0000000        6.9590714
     201.0000000        6.8697336
     202.0000000        6.8185118
     203.0000000        6.7822765
     204.0000000        6.7160893
     205.0000000        6.7064459
     206.0000000        6.7262600
     207.0000000        6.7844613
     208.0000000        6.8658342
     209.0000000        6.9087659
     210.0000000        6.9822835
     211.0000000        7.0336476
     212.0000000        7.0135790
     213.0000000        7.0367547
     214.0000000        7.1473951
     215.0000000        7.2592719
     216.0000000        7.3859697
     217.0000000        7.4266738
     218.0000000        7.4360413
     219.0000000        7.4061410
     220.0000000        7.3841436
     221.0000000        7.3480586
     222.0000000        7.2972961
     223.0000000        7.2358521
     224.0000000        7.2011646
     225.0000000        7.1641013
     226.0000000        7.1294458
     227.0000000        7.1047348
     228.0000000        7.0423276
     229.0000000        7.0421216
     230.0000000        7.0177053
     231.0000000        7.0679231
     232.0000000        7.1225109
     233.0000000        7.1475897
     234.0000000        7.1798368
     235.0000000        7.1865634
     236.0000000        7.1609340
     237.0000000        7.1956851
     238.0000000        7.1924574
     239.0000000        7.2605391
     240.0000000        7.3234339
     241.0000000        7.3493255
     242.0000000        7.3045653
     243.0000000        7.2875771
     244.0000000        7.3357249
     245.0000000        7.4013993
     246.0000000        7.3868549
     247.0000000        7.3483531
     248.0000000        7.3356993
     249.0000000        7.3129495
     250.0000000        7.3293200
     251.0000000        7.2908142
     252.0000000        7.2331644
     253.0000000        7.1877746
     254.0000000        7.1512398
     255.0000000        7.1388453
     256.0000000        7.1842383
     257.0000000        7.2280667
     258.0000000        7.2502430
     259.0000000        7.2260106
     260.0000000        7.1779212
     261.0000000        7.2088169
     262.0000000        7.2427710
     263.0000000        7.3102360
     264.0000000        7.3123235
     265.0000000        7.2604872
     266.0000000        7.2235120
     267.0000000        7.1185575
     268.0000000        6.9857003
     269.0000000        6.9250823
     270.0000000        6.9058957
     271.0000000        6.9108978
     272.0000000        6.9197480
     273.0000000        6.9302028
     274.0000000        6.9381894
     275.0000000        6.9796162
     276.0000000        7.0015663
     277.0000000        6.9413781
     278.0000000        6.8872161
     279.0000000        6.8970986
     280.0000000        6.9685034
     281.0000000        7.1098804
     282.0000000        7.1844518
     283.0000000        7.2086657
     284.0000000        7.1812144
     285.0000000        7.1493056
     286.0000000        7.1034984
     287.0000000        7.1013332
     288.0000000        7.1221422
     289.0000000        7.2063941
     290.0000000        7.2651282
     291.0000000        7.3243994
     292.0000000        7.3907751
     293.0000000        7.5217357
     294.0000000        7.6305198
     295.0000000        7.6736105
     296.0000000        7.6666197
     297.0000000        7.6366374
     298.0000000        7.5817349
     299.0000000        7.5307225
     300.0000000        7.4694753
     301.0000000        7.4670273
     302.0000000        7.5011564
     303.0000000        7.5141133
     304.0000000        7.4984106
     305.0000000        7.4612428
     306.0000000        7.4742621
     307.0000000        7.4580856
     308.0000000        7.4589554
     309.0000000        7.4748863
     310.0000000        7.5572293
     311.0000000        7.6256991
     312.0000000        7.6867073
     313.0000000        7.6671474
     314.0000000        7.7301591
     315.0000000        7.7611928
     316.0000000        7.7613763
     317.0000000        7.7650234
     318.0000000        7.6804020
     319.0000000        7.6330867
     320.0000000        7.5660471
     321.0000000        7.5055448
     322.0000000        7.4696389
     323.0000000        7.4917010
     324.0000000        7.3891066
     325.0000000        7.3204759
     326.0000000        7.2844825
     327.0000000        7.2366079
     328.0000000        7.2306376
     329.0000000        7.2561560
     330.0000000        7.3250897
     331.0000000        7.3138800
     332.0000000        7.2484735
     333.0000000        7.2194853
     334.0000000        7.1947928
     335.0000000        7.2138454
     336.0000000        7.2040104
     337.0000000        7.2672419
     338.0000000        7.3676972
     339.0000000        7.4694651
     340.0000000        7.5792615
     341.0000000        7.7357378
     342.0000000        7.8108990
     343.0000000        7.8349717
     344.0000000        7.8698138
     345.0000000        7.8375604
     346.0000000        7.7640696
     347.0000000        7.7020154
     348.0000000        7.6327946
     349.0000000        7.6316706
     350.0000000        7.5870325
     351.0000000        7.5409990
     352.0000000        7.5093945
     353.0000000        7.4377614
     354.0000000        7.4436783
     355.0000000        7.4161232
     356.0000000        7.3738363
     357.0000000        7.3510701
     358.0000000        7.2889661
     359.0000000        7.2537369
     360.0000000        7.2817025
     361.0000000        7.3152718
     362.0000000        7.3064017
     363.0000000        7.3317185
     364.0000000        7.3463514
     365.0000000        7.3855936
     366.0000000        7.4737638
     367.0000000        7.5164862
     368.0000000        7.5837920
     369.0000000        7.6366719
     370.0000000        7.6955284
     371.0000000        7.7078684
     372.0000000        7.6702981
     373.0000000        7.6698550
     374.0000000        7.6651966
     375.0000000        7.6477883
     376.0000000        7.6263577
     377.0000000        7.5810707
     378.0000000        7.5088784
     379.0000000        7.3793022
     380.0000000        7.1848445
     381.0000000        7.0127315
     382.0000000        6.8796177
     383.0000000        6.8654552
     384.0000000        6.8710466
     385.0000000        6.8785002
     386.0000000        6.9314529
     387.0000000        7.0001836
     388.0000000        7.0697456
     389.0000000        7.1127662
     390.0000000        7.1474917
     391.0000000        7.1371253
     392.0000000        7.0698643
     393.0000000        6.9896298
     394.0000000        6.9210627
     395.0000000        6.9022024
     396.0000000        6.9119820
     397.0000000        6.9209826
     398.0000000        6.8979863
     399.0000000        6.8756083
     400.0000000        6.8099299
     401.0000000        6.7872805
     402.0000000        6.7063092
     403.0000000        6.6430084
     404.0000000        6.5808751
     405.0000000        6.5089166
     406.0000000        6.4729431
     407.0000000        6.4677482
     408.0000000        6.4710747
     409.0000000        6.4454344
     410.0000000        6.4123618
     411.0000000        6.4262002
     412.0000000        6.4367538
     413.0000000        6.5379808
     414.0000000        6.6187953
     415.0000000        6.6953387
     416.0000000        6.7446376
     417.0000000        6.7810084
     418.0000000        6.8641741
     419.0000000        6.9444959
     420.0000000        7.0218683
     421.0000000        7.0541643
     422.0000000        7.0676157
     423.0000000        7.0593610
     424.0000000        7.0768760
     425.0000000        7.0955171
     426.0000000        7.1610871
     427.0000000        7.1877435
     428.0000000        7.1941417
     429.0000000        7.1634154
     430.0000000        7.1788372
     431.0000000        7.1771411
     432.0000000        7.2157601
     433.0000000        7.2571350
     434.0000000        7.2956712
     435.0000000        7.2886869
     436.0000000        7.2646334
     437.0000000        7.2261448
     438.0000000        7.1828564
     439.0000000        7.0870846
     440.0000000        6.9682380
     441.0000000        6.9408025
     442.0000000        7.0379682
     443.0000000        7.1296155
     444.0000000        7.1983658
     445.0000000        7.2151417
     446.0000000        7.2712511
     447.0000000        7.3357712
     448.0000000        7.3870225
     449.0000000        7.3714588
     450.0000000        7.3115346
     451.0000000        7.2766900
     452.0000000        7.3084728
     453.0000000        7.3123663
     454.0000000        7.2713260
     455.0000000        7.2510925
     456.0000000        7.2648691
     457.0000000        7.2629498
     458.0000000        7.3114034
     459.0000000        7.3675196
     460.0000000        7.4093578
     461.0000000        7.4480947
     462.0000000        7.4692150
     463.0000000        7.4521658
     464.0000000        7.4863625
     465.0000000        7.5236928
     466.0000000        7.5547388
     467.0000000        7.5788683
     468.0000000        7.5767676
     469.0000000        7.6330319
     470.0000000        7.6752095
     471.0000000        7.6198466
     472.0000000        7.5698384
     473.0000000        7.5430094
     474.0000000        7.5962837
     475.0000000        7.6273064
     476.0000000        7.5821937
     477.0000000        7.5562859
     478.0000000        7.5227159
     479.0000000        7.3853493
     480.0000000        7.3129046
     481.0000000        7.2844883
     482.0000000        7.3202305
     483.0000000        7.4083511
     484.0000000        7.4782889
     485.0000000        7.5086989
     486.0000000        7.5440418
     487.0000000        7.5351563
     488.0000000        7.5047915
     489.0000000        7.5160178
     490.0000000        7.5590137
     491.0000000        7.5215048
     492.0000000        7.4943796
     493.0000000        7.4927945
     494.0000000        7.4826510
     495.0000000        7.4533158
     496.0000000        7.3884809
     497.0000000        7.2942736
     498.0000000        7.1840189
     499.0000000        7.0933030
     500.0000000        7.0731003
     501.0000000        7.0149964
     502.0000000        7.0195506
     503.0000000        7.0458063
     504.0000000        7.0072893
     505.0000000        6.9911156
     506.0000000        6.9852274
     507.0000000        6.9447050
     508.0000000        6.8872770
     509.0000000        6.8346951
     510.0000000        6.8403710
     511.0000000        6.8564796
     512.0000000        6.8565779
     513.0000000        6.8817820
     514.0000000        6.9065658
     515.0000000        6.9051915
     516.0000000        6.9042907
     517.0000000        6.9047443
     518.0000000        6.8921509
     519.0000000        6.8911500
     520.0000000        6.9130055
     521.0000000        6.9240599
     522.0000000        6.8380236
     523.0000000        6.8128046
     524.0000000        6.8109882
     525.0000000        6.7445228
     526.0000000        6.7126214
     527.0000000        6.6988627
     528.0000000        6.6740544
     529.0000000        6.6671516
     530.0000000        6.6624365
     531.0000000        6.6832921
     532.0000000        6.7102001
     533.0000000        6.7510720
     534.0000000        6.7979377
     535.0000000        6.8629625
     536.0000000        6.9555182
     537.0000000        7.0706930
     538.0000000        7.1488354
     539.0000000        7.1910702
     540.0000000        7.2328671
     541.0000000        7.2668249
     542.0000000        7.2780379
     543.0000000        7.2509376
     544.0000000        7.1870680
     545.0000000        7.1579590
     546.0000000        7.2071254
     547.0000000        7.1988348
     548.0000000        7.2151579
     549.0000000        7.2110116
     550.0000000        7.2108571
     551.0000000        7.1931610
     552.0000000        7.1286365
     553.0000000        7.0901141
     554.0000000        7.0056441
     555.0000000        6.9844518
     556.0000000        7.0293569
     557.0000000        7.0587885
     558.0000000        7.0937575
     559.0000000        7.1249021
     560.0000000        7.1213424
     561.0000000        7.1467055
     562.0000000        7.1643776
     563.0000000        7.1073814
     564.0000000        7.0840737
     565.0000000        7.0684098
     566.0000000        7.0804274
     567.0000000        7.0489504
     568.0000000        7.0805594
     569.0000000        7.1424928
     570.0000000        7.1753263
     571.0000000        7.1841565
     572.0000000        7.2253753
     573.0000000        7.3105563
     574.0000000        7.3727227
     575.0000000        7.3975429
     576.0000000        7.3642936
     577.0000000        7.3266509
     578.0000000        7.3640169
     579.0000000        7.3546528
     580.0000000        7.3194637
     581.0000000        7.2814466
     582.0000000        7.2237405
     583.0000000        7.1661537
     584.0000000        7.1180928
     585.0000000        7.1148532
     586.0000000        7.0910632
     587.0000000        7.0858852
     588.0000000        7.0911441
     589.0000000        7.0756029
     590.0000000        7.0727466
     591.0000000        7.0606439
     592.0000000        7.0450008
     593.0000000        7.0957283
     594.0000000        7.1557995
     595.0000000        7.2361168
     596.0000000        7.2648428
     597.0000000        7.2519381
     598.0000000        7.2255100
     599.0000000        7.2260796
     600.0000000        7.1949629
