       1.0000000        0.3379998
       2.0000000        0.3297686
       3.0000000        0.3218254
       4.0000000        0.3189068
       5.0000000        0.3138695
       6.0000000        0.3076852
       7.0000000        0.3009722
       8.0000000        0.2969375
       9.0000000        0.2873449
      10.0000000        0.2806180
      11.0000000        0.2763721
      12.0000000        0.2719189
      13.0000000        0.2733558
      14.0000000        0.2730627
      15.0000000        0.2733371
      16.0000000        0.2749328
      17.0000000        0.2781417
      18.0000000        0.2803010
      19.0000000        0.2814449
      20.0000000        0.2773666
      21.0000000        0.2720086
      22.0000000        0.2695343
      23.0000000        0.2669046
      24.0000000        0.2619086
      25.0000000        0.2541571
      26.0000000        0.2510382
      27.0000000        0.2460471
      28.0000000        0.2454875
      29.0000000        0.2475122
      30.0000000        0.2468553
      31.0000000        0.2486146
      32.0000000        0.2492785
      33.0000000        0.2527504
      34.0000000        0.2526708
      35.0000000        0.2502415
      36.0000000        0.2478307
      37.0000000        0.2435196
      38.0000000        0.2385852
      39.0000000        0.2401859
      40.0000000        0.2420763
      41.0000000        0.2445002
      42.0000000        0.2473599
      43.0000000        0.2470892
      44.0000000        0.2473743
      45.0000000        0.2558128
      46.0000000        0.2673214
      47.0000000        0.2794493
      48.0000000        0.2908976
      49.0000000        0.3036960
      50.0000000        0.3146052
      51.0000000        0.3174215
      52.0000000        0.3185852
      53.0000000        0.3241189
      54.0000000        0.3329027
      55.0000000        0.3398214
      56.0000000        0.3424576
      57.0000000        0.3359119
      58.0000000        0.3289870
      59.0000000        0.3202390
      60.0000000        0.3091560
      61.0000000        0.2984066
      62.0000000        0.2898578
      63.0000000        0.2817626
      64.0000000        0.2756204
      65.0000000        0.2690741
      66.0000000        0.2646118
      67.0000000        0.2648203
      68.0000000        0.2655227
      69.0000000        0.2643828
      70.0000000        0.2675163
      71.0000000        0.2738897
      72.0000000        0.2809922
      73.0000000        0.2867451
      74.0000000        0.2926919
      75.0000000        0.2926733
      76.0000000        0.2940500
      77.0000000        0.2983291
      78.0000000        0.3045882
      79.0000000        0.3086348
      80.0000000        0.3083654
      81.0000000        0.3033235
      82.0000000        0.2980822
      83.0000000        0.2923000
      84.0000000        0.2848035
      85.0000000        0.2753207
      86.0000000        0.2666650
      87.0000000        0.2568435
      88.0000000        0.2459114
      89.0000000        0.2334501
      90.0000000        0.2255788
      91.0000000        0.2183118
      92.0000000        0.2127873
      93.0000000        0.2088962
      94.0000000        0.2053787
      95.0000000        0.2032509
      96.0000000        0.1998370
      97.0000000        0.1952275
      98.0000000        0.1898244
      99.0000000        0.1865882
     100.0000000        0.1841999
     101.0000000        0.1848035
     102.0000000        0.1861118
     103.0000000        0.1879119
     104.0000000        0.1890811
     105.0000000        0.1888693
     106.0000000        0.1872198
     107.0000000        0.1851051
     108.0000000        0.1826180
     109.0000000        0.1793258
     110.0000000        0.1752543
     111.0000000        0.1708197
     112.0000000        0.1667824
     113.0000000        0.1616847
     114.0000000        0.1567240
     115.0000000        0.1526083
     116.0000000        0.1476461
     117.0000000        0.1434532
     118.0000000        0.1405827
     119.0000000        0.1379847
     120.0000000        0.1363061
     121.0000000        0.1350664
     122.0000000        0.1349127
     123.0000000        0.1358591
     124.0000000        0.1375903
     125.0000000        0.1410127
     126.0000000        0.1439395
     127.0000000        0.1466192
     128.0000000        0.1504531
     129.0000000        0.1533637
     130.0000000        0.1551562
     131.0000000        0.1567161
     132.0000000        0.1591739
     133.0000000        0.1610271
     134.0000000        0.1636587
     135.0000000        0.1662150
     136.0000000        0.1694138
     137.0000000        0.1715628
     138.0000000        0.1721825
     139.0000000        0.1716806
     140.0000000        0.1705346
     141.0000000        0.1707542
     142.0000000        0.1700491
     143.0000000        0.1694793
     144.0000000        0.1703917
     145.0000000        0.1719845
     146.0000000        0.1751895
     147.0000000        0.1809587
     148.0000000        0.1861853
     149.0000000        0.1920163
     150.0000000        0.2002236
     151.0000000        0.2055955
     152.0000000        0.2094849
     153.0000000        0.2148722
     154.0000000        0.2206795
     155.0000000        0.2250969
     156.0000000        0.2307409
     157.0000000        0.2376877
     158.0000000        0.2440482
     159.0000000        0.2468896
     160.0000000        0.2449210
     161.0000000        0.2436289
     162.0000000        0.2445018
     163.0000000        0.2442863
     164.0000000        0.2453412
     165.0000000        0.2464865
     166.0000000        0.2463794
     167.0000000        0.2450925
     168.0000000        0.2419670
     169.0000000        0.2410059
     170.0000000        0.2429657
     171.0000000        0.2427651
     172.0000000        0.2417380
     173.0000000        0.2449085
     174.0000000        0.2472643
     175.0000000        0.2462715
     176.0000000        0.2438564
     177.0000000        0.2457958
     178.0000000        0.2511746
     179.0000000        0.2564215
     180.0000000        0.2592411
     181.0000000        0.2600889
     182.0000000        0.2587896
     183.0000000        0.2565435
     184.0000000        0.2517109
     185.0000000        0.2441373
     186.0000000        0.2357674
     187.0000000        0.2320406
     188.0000000        0.2278372
     189.0000000        0.2226923
     190.0000000        0.2200999
     191.0000000        0.2146740
     192.0000000        0.2112081
     193.0000000        0.2066349
     194.0000000        0.2016859
     195.0000000        0.1991759
     196.0000000        0.1974509
     197.0000000        0.1959664
     198.0000000        0.1963830
     199.0000000        0.1960002
     200.0000000        0.1958350
     201.0000000        0.1945202
     202.0000000        0.1933175
     203.0000000        0.1935002
     204.0000000        0.1905386
     205.0000000        0.1890064
     206.0000000        0.1868064
     207.0000000        0.1853927
     208.0000000        0.1851958
     209.0000000        0.1836095
     210.0000000        0.1831685
     211.0000000        0.1859942
     212.0000000        0.1890134
     213.0000000        0.1925256
     214.0000000        0.1944104
     215.0000000        0.1945483
     216.0000000        0.1982618
     217.0000000        0.2005178
     218.0000000        0.2021123
     219.0000000        0.2031591
     220.0000000        0.2054987
     221.0000000        0.2079081
     222.0000000        0.2089090
     223.0000000        0.2085296
     224.0000000        0.2092437
     225.0000000        0.2102644
     226.0000000        0.2089512
     227.0000000        0.2070358
     228.0000000        0.2065536
     229.0000000        0.2066153
     230.0000000        0.2077461
     231.0000000        0.2098943
     232.0000000        0.2086284
     233.0000000        0.2048552
     234.0000000        0.2033683
     235.0000000        0.2056812
     236.0000000        0.2046049
     237.0000000        0.2047642
     238.0000000        0.2053928
     239.0000000        0.2074314
     240.0000000        0.2087291
     241.0000000        0.2075341
     242.0000000        0.2081835
     243.0000000        0.2076537
     244.0000000        0.2071304
     245.0000000        0.2071897
     246.0000000        0.2047595
     247.0000000        0.2047597
     248.0000000        0.2102389
     249.0000000        0.2182274
     250.0000000        0.2239866
     251.0000000        0.2296508
     252.0000000        0.2331060
     253.0000000        0.2345365
     254.0000000        0.2384613
     255.0000000        0.2453123
     256.0000000        0.2498679
     257.0000000        0.2534588
     258.0000000        0.2550686
     259.0000000        0.2584601
     260.0000000        0.2626480
     261.0000000        0.2616507
     262.0000000        0.2588494
     263.0000000        0.2556351
     264.0000000        0.2527490
     265.0000000        0.2491173
     266.0000000        0.2448973
     267.0000000        0.2370991
     268.0000000        0.2285917
     269.0000000        0.2199471
     270.0000000        0.2129230
     271.0000000        0.2083176
     272.0000000        0.2034815
     273.0000000        0.1967163
     274.0000000        0.1929187
     275.0000000        0.1879802
     276.0000000        0.1859522
     277.0000000        0.1881665
     278.0000000        0.1924908
     279.0000000        0.1971674
     280.0000000        0.2029227
     281.0000000        0.2066826
     282.0000000        0.2092552
     283.0000000        0.2089746
     284.0000000        0.2103206
     285.0000000        0.2145029
     286.0000000        0.2179254
     287.0000000        0.2234319
     288.0000000        0.2300049
     289.0000000        0.2374202
     290.0000000        0.2475228
     291.0000000        0.2586767
     292.0000000        0.2705346
     293.0000000        0.2829731
     294.0000000        0.2913750
     295.0000000        0.2936337
     296.0000000        0.3020857
     297.0000000        0.3079608
     298.0000000        0.3070139
     299.0000000        0.3047003
     300.0000000        0.3061106
     301.0000000        0.3094603
     302.0000000        0.3136658
     303.0000000        0.3192497
     304.0000000        0.3202424
     305.0000000        0.3234603
     306.0000000        0.3254361
     307.0000000        0.3249317
     308.0000000        0.3202871
     309.0000000        0.3113333
     310.0000000        0.3079582
     311.0000000        0.3065796
     312.0000000        0.3053481
     313.0000000        0.3031841
     314.0000000        0.3004573
     315.0000000        0.3028903
     316.0000000        0.3016958
     317.0000000        0.2960870
     318.0000000        0.2893771
     319.0000000        0.2871067
     320.0000000        0.2828932
     321.0000000        0.2760425
     322.0000000        0.2690050
     323.0000000        0.2655968
     324.0000000        0.2625110
     325.0000000        0.2579989
     326.0000000        0.2546526
     327.0000000        0.2558467
     328.0000000        0.2547347
     329.0000000        0.2558357
     330.0000000        0.2545667
     331.0000000        0.2551631
     332.0000000        0.2545861
     333.0000000        0.2531816
     334.0000000        0.2528176
     335.0000000        0.2523611
     336.0000000        0.2522402
     337.0000000        0.2509578
     338.0000000        0.2520847
     339.0000000        0.2523768
     340.0000000        0.2513051
     341.0000000        0.2497941
     342.0000000        0.2546119
     343.0000000        0.2576742
     344.0000000        0.2621162
     345.0000000        0.2673240
     346.0000000        0.2710598
     347.0000000        0.2743239
     348.0000000        0.2754701
     349.0000000        0.2729971
     350.0000000        0.2687640
     351.0000000        0.2641284
     352.0000000        0.2615477
     353.0000000        0.2572888
     354.0000000        0.2561766
     355.0000000        0.2534271
     356.0000000        0.2521926
     357.0000000        0.2497464
     358.0000000        0.2491723
     359.0000000        0.2510992
     360.0000000        0.2522217
     361.0000000        0.2535825
     362.0000000        0.2579881
     363.0000000        0.2641168
     364.0000000        0.2708689
     365.0000000        0.2779885
     366.0000000        0.2771827
     367.0000000        0.2764292
     368.0000000        0.2757748
     369.0000000        0.2677807
     370.0000000        0.2579507
     371.0000000        0.2533478
     372.0000000        0.2490940
     373.0000000        0.2429387
     374.0000000        0.2393944
     375.0000000        0.2384597
     376.0000000        0.2411025
     377.0000000        0.2458092
     378.0000000        0.2556355
     379.0000000        0.2634664
     380.0000000        0.2670459
     381.0000000        0.2698779
     382.0000000        0.2760517
     383.0000000        0.2768609
     384.0000000        0.2753403
     385.0000000        0.2780446
     386.0000000        0.2789634
     387.0000000        0.2855215
     388.0000000        0.2875629
     389.0000000        0.2884714
     390.0000000        0.2929718
     391.0000000        0.2978849
     392.0000000        0.2951505
     393.0000000        0.2932689
     394.0000000        0.2929223
     395.0000000        0.2962624
     396.0000000        0.3060494
     397.0000000        0.3094431
     398.0000000        0.3163749
     399.0000000        0.3226311
     400.0000000        0.3243216
     401.0000000        0.3273558
     402.0000000        0.3362603
     403.0000000        0.3422104
     404.0000000        0.3478431
     405.0000000        0.3479752
     406.0000000        0.3478854
     407.0000000        0.3502924
     408.0000000        0.3550334
     409.0000000        0.3519679
     410.0000000        0.3481702
     411.0000000        0.3426552
     412.0000000        0.3348670
     413.0000000        0.3299488
     414.0000000        0.3277822
     415.0000000        0.3218316
     416.0000000        0.3183638
     417.0000000        0.3162261
     418.0000000        0.3100806
     419.0000000        0.3063611
     420.0000000        0.2985174
     421.0000000        0.2998093
     422.0000000        0.3006233
     423.0000000        0.2951117
     424.0000000        0.2910035
     425.0000000        0.2854591
     426.0000000        0.2784667
     427.0000000        0.2723061
     428.0000000        0.2679466
     429.0000000        0.2623591
     430.0000000        0.2581765
     431.0000000        0.2559216
     432.0000000        0.2501384
     433.0000000        0.2470661
     434.0000000        0.2493537
     435.0000000        0.2522356
     436.0000000        0.2497801
     437.0000000        0.2459935
     438.0000000        0.2434818
     439.0000000        0.2388218
     440.0000000        0.2330716
     441.0000000        0.2283140
     442.0000000        0.2251002
     443.0000000        0.2199392
     444.0000000        0.2165143
     445.0000000        0.2163659
     446.0000000        0.2157254
     447.0000000        0.2155542
     448.0000000        0.2142110
     449.0000000        0.2129341
     450.0000000        0.2109231
     451.0000000        0.2092521
     452.0000000        0.2065222
     453.0000000        0.2063126
     454.0000000        0.2098582
     455.0000000        0.2164373
     456.0000000        0.2230717
     457.0000000        0.2266017
     458.0000000        0.2316853
     459.0000000        0.2357680
     460.0000000        0.2402708
     461.0000000        0.2439097
     462.0000000        0.2441095
     463.0000000        0.2468326
     464.0000000        0.2496574
     465.0000000        0.2491549
     466.0000000        0.2470676
     467.0000000        0.2483960
     468.0000000        0.2497333
     469.0000000        0.2449832
     470.0000000        0.2401333
     471.0000000        0.2365114
     472.0000000        0.2332536
     473.0000000        0.2284329
     474.0000000        0.2252301
     475.0000000        0.2251036
     476.0000000        0.2239105
     477.0000000        0.2229268
     478.0000000        0.2231010
     479.0000000        0.2217641
     480.0000000        0.2160594
     481.0000000        0.2093525
     482.0000000        0.2020590
     483.0000000        0.1969824
     484.0000000        0.1936783
     485.0000000        0.1895426
     486.0000000        0.1843982
     487.0000000        0.1806390
     488.0000000        0.1778338
     489.0000000        0.1754667
     490.0000000        0.1743907
     491.0000000        0.1718754
     492.0000000        0.1703333
     493.0000000        0.1695451
     494.0000000        0.1690554
     495.0000000        0.1698834
     496.0000000        0.1718471
     497.0000000        0.1738270
     498.0000000        0.1739155
     499.0000000        0.1751058
     500.0000000        0.1768323
     501.0000000        0.1790149
     502.0000000        0.1815764
     503.0000000        0.1842445
     504.0000000        0.1860364
     505.0000000        0.1880366
     506.0000000        0.1885151
     507.0000000        0.1898158
     508.0000000        0.1907621
     509.0000000        0.1902956
     510.0000000        0.1893802
     511.0000000        0.1913699
     512.0000000        0.1930954
     513.0000000        0.1913005
     514.0000000        0.1893931
     515.0000000        0.1889217
     516.0000000        0.1909565
     517.0000000        0.1937482
     518.0000000        0.1971986
     519.0000000        0.2018524
     520.0000000        0.2070877
     521.0000000        0.2123503
     522.0000000        0.2171499
     523.0000000        0.2182140
     524.0000000        0.2179633
     525.0000000        0.2163397
     526.0000000        0.2109449
     527.0000000        0.2079645
     528.0000000        0.2058076
     529.0000000        0.2047802
     530.0000000        0.2086806
     531.0000000        0.2133084
     532.0000000        0.2169219
     533.0000000        0.2206669
     534.0000000        0.2253455
     535.0000000        0.2294441
     536.0000000        0.2310886
     537.0000000        0.2314749
     538.0000000        0.2301337
     539.0000000        0.2273123
     540.0000000        0.2255267
     541.0000000        0.2231593
     542.0000000        0.2210436
     543.0000000        0.2188932
     544.0000000        0.2175401
     545.0000000        0.2171393
     546.0000000        0.2155658
     547.0000000        0.2118295
     548.0000000        0.2077877
     549.0000000        0.2049372
     550.0000000        0.2015974
     551.0000000        0.1997186
     552.0000000        0.1994951
     553.0000000        0.1975354
     554.0000000        0.1972985
     555.0000000        0.1978926
     556.0000000        0.1958499
     557.0000000        0.1932588
     558.0000000        0.1905367
     559.0000000        0.1850313
     560.0000000        0.1813131
     561.0000000        0.1791383
     562.0000000        0.1784831
     563.0000000        0.1762621
     564.0000000        0.1756175
     565.0000000        0.1745763
     566.0000000        0.1742672
     567.0000000        0.1742510
     568.0000000        0.1740453
     569.0000000        0.1743238
     570.0000000        0.1749456
     571.0000000        0.1729552
     572.0000000        0.1707766
     573.0000000        0.1708726
     574.0000000        0.1735866
     575.0000000        0.1751218
     576.0000000        0.1768918
     577.0000000        0.1780258
     578.0000000        0.1816075
     579.0000000        0.1870434
     580.0000000        0.1940105
     581.0000000        0.1966256
     582.0000000        0.1988361
     583.0000000        0.2026404
     584.0000000        0.2035461
     585.0000000        0.2038358
     586.0000000        0.2044383
     587.0000000        0.2040621
     588.0000000        0.2052665
     589.0000000        0.2077551
     590.0000000        0.2082595
     591.0000000        0.2071169
     592.0000000        0.2051878
     593.0000000        0.2023248
     594.0000000        0.2004888
     595.0000000        0.1964510
     596.0000000        0.1922774
     597.0000000        0.1875784
     598.0000000        0.1819760
     599.0000000        0.1773711
     600.0000000        0.1729288
