       1.0000000        7.4948462
       2.0000000        7.4024962
       3.0000000        7.3049036
       4.0000000        7.2663861
       5.0000000        7.2106828
       6.0000000        7.1389772
       7.0000000        7.0593022
       8.0000000        7.0048039
       9.0000000        6.9076580
      10.0000000        6.8396097
      11.0000000        6.7810257
      12.0000000        6.7235363
      13.0000000        6.7334887
      14.0000000        6.7322619
      15.0000000        6.7366837
      16.0000000        6.7571978
      17.0000000        6.7915256
      18.0000000        6.8084485
      19.0000000        6.8098699
      20.0000000        6.7663555
      21.0000000        6.7192132
      22.0000000        6.7103372
      23.0000000        6.6780476
      24.0000000        6.6221298
      25.0000000        6.5380269
      26.0000000        6.4920757
      27.0000000        6.4263261
      28.0000000        6.4302461
      29.0000000        6.4493087
      30.0000000        6.4275363
      31.0000000        6.4399650
      32.0000000        6.4490567
      33.0000000        6.4809490
      34.0000000        6.4701200
      35.0000000        6.4297538
      36.0000000        6.4057270
      37.0000000        6.3557584
      38.0000000        6.2944112
      39.0000000        6.3165994
      40.0000000        6.3503828
      41.0000000        6.4028258
      42.0000000        6.4583052
      43.0000000        6.4613007
      44.0000000        6.4700091
      45.0000000        6.5751708
      46.0000000        6.7265460
      47.0000000        6.8778360
      48.0000000        7.0189225
      49.0000000        7.1491649
      50.0000000        7.2491852
      51.0000000        7.2749523
      52.0000000        7.2979787
      53.0000000        7.3703983
      54.0000000        7.4628490
      55.0000000        7.5274265
      56.0000000        7.5320870
      57.0000000        7.4475696
      58.0000000        7.3834772
      59.0000000        7.2868145
      60.0000000        7.1622271
      61.0000000        7.0317797
      62.0000000        6.9354967
      63.0000000        6.8467833
      64.0000000        6.7709052
      65.0000000        6.7006904
      66.0000000        6.6551171
      67.0000000        6.6705379
      68.0000000        6.6948798
      69.0000000        6.6886231
      70.0000000        6.7270421
      71.0000000        6.8074444
      72.0000000        6.8820797
      73.0000000        6.9521488
      74.0000000        7.0155692
      75.0000000        7.0177271
      76.0000000        7.0312738
      77.0000000        7.0679254
      78.0000000        7.1276885
      79.0000000        7.1671584
      80.0000000        7.1519227
      81.0000000        7.0856009
      82.0000000        7.0241400
      83.0000000        6.9560502
      84.0000000        6.8694714
      85.0000000        6.7599325
      86.0000000        6.6499262
      87.0000000        6.5216077
      88.0000000        6.3748298
      89.0000000        6.2142953
      90.0000000        6.1182657
      91.0000000        6.0291578
      92.0000000        5.9600253
      93.0000000        5.9119747
      94.0000000        5.8689465
      95.0000000        5.8286543
      96.0000000        5.7684403
      97.0000000        5.7031773
      98.0000000        5.6301712
      99.0000000        5.5859037
     100.0000000        5.5498814
     101.0000000        5.5540687
     102.0000000        5.5689514
     103.0000000        5.5922720
     104.0000000        5.6076566
     105.0000000        5.6134239
     106.0000000        5.5875702
     107.0000000        5.5459442
     108.0000000        5.4991326
     109.0000000        5.4441988
     110.0000000        5.3783940
     111.0000000        5.3144949
     112.0000000        5.2489052
     113.0000000        5.1617804
     114.0000000        5.0831059
     115.0000000        5.0219124
     116.0000000        4.9429488
     117.0000000        4.8712668
     118.0000000        4.8252377
     119.0000000        4.7907506
     120.0000000        4.7752387
     121.0000000        4.7692076
     122.0000000        4.7763970
     123.0000000        4.7978393
     124.0000000        4.8328029
     125.0000000        4.8890877
     126.0000000        4.9328747
     127.0000000        4.9716416
     128.0000000        5.0287345
     129.0000000        5.0765544
     130.0000000        5.1082574
     131.0000000        5.1387036
     132.0000000        5.1738315
     133.0000000        5.1989144
     134.0000000        5.2373877
     135.0000000        5.2712348
     136.0000000        5.3141362
     137.0000000        5.3367709
     138.0000000        5.3422768
     139.0000000        5.3335534
     140.0000000        5.3229884
     141.0000000        5.3348035
     142.0000000        5.3347704
     143.0000000        5.3298775
     144.0000000        5.3504183
     145.0000000        5.3840063
     146.0000000        5.4421814
     147.0000000        5.5337164
     148.0000000        5.6019936
     149.0000000        5.6783274
     150.0000000        5.7903417
     151.0000000        5.8657784
     152.0000000        5.9290252
     153.0000000        5.9997745
     154.0000000        6.0642996
     155.0000000        6.1259846
     156.0000000        6.1953103
     157.0000000        6.2763122
     158.0000000        6.3627287
     159.0000000        6.4068237
     160.0000000        6.3856474
     161.0000000        6.3769507
     162.0000000        6.3854799
     163.0000000        6.3844499
     164.0000000        6.4001130
     165.0000000        6.4196028
     166.0000000        6.4216547
     167.0000000        6.3943831
     168.0000000        6.3611616
     169.0000000        6.3706517
     170.0000000        6.4130811
     171.0000000        6.4179995
     172.0000000        6.3962104
     173.0000000        6.4210722
     174.0000000        6.4536446
     175.0000000        6.4434469
     176.0000000        6.4177461
     177.0000000        6.4459367
     178.0000000        6.5065935
     179.0000000        6.5580070
     180.0000000        6.5881984
     181.0000000        6.5986013
     182.0000000        6.5828375
     183.0000000        6.5529296
     184.0000000        6.4820147
     185.0000000        6.3751306
     186.0000000        6.2615804
     187.0000000        6.2096303
     188.0000000        6.1556485
     189.0000000        6.0974677
     190.0000000        6.0583724
     191.0000000        5.9885111
     192.0000000        5.9304273
     193.0000000        5.8674757
     194.0000000        5.8001218
     195.0000000        5.7604834
     196.0000000        5.7317011
     197.0000000        5.6980752
     198.0000000        5.6945216
     199.0000000        5.6851992
     200.0000000        5.6802668
     201.0000000        5.6656692
     202.0000000        5.6509886
     203.0000000        5.6445705
     204.0000000        5.6104502
     205.0000000        5.5894474
     206.0000000        5.5585318
     207.0000000        5.5435975
     208.0000000        5.5399851
     209.0000000        5.5239582
     210.0000000        5.5238429
     211.0000000        5.5671345
     212.0000000        5.6134880
     213.0000000        5.6663860
     214.0000000        5.7040666
     215.0000000        5.7108725
     216.0000000        5.7668424
     217.0000000        5.8021752
     218.0000000        5.8206933
     219.0000000        5.8303498
     220.0000000        5.8669234
     221.0000000        5.8969253
     222.0000000        5.9014093
     223.0000000        5.8880707
     224.0000000        5.8862039
     225.0000000        5.8915705
     226.0000000        5.8714982
     227.0000000        5.8493129
     228.0000000        5.8434782
     229.0000000        5.8443551
     230.0000000        5.8602389
     231.0000000        5.8938870
     232.0000000        5.8771474
     233.0000000        5.8312875
     234.0000000        5.8159261
     235.0000000        5.8382175
     236.0000000        5.8239727
     237.0000000        5.8295959
     238.0000000        5.8522273
     239.0000000        5.8790370
     240.0000000        5.8977386
     241.0000000        5.8797130
     242.0000000        5.8920671
     243.0000000        5.8923664
     244.0000000        5.8870839
     245.0000000        5.8863061
     246.0000000        5.8609334
     247.0000000        5.8712669
     248.0000000        5.9391140
     249.0000000        6.0302277
     250.0000000        6.1096564
     251.0000000        6.1839141
     252.0000000        6.2344922
     253.0000000        6.2626324
     254.0000000        6.3117352
     255.0000000        6.3975175
     256.0000000        6.4600885
     257.0000000        6.5043362
     258.0000000        6.5177185
     259.0000000        6.5556948
     260.0000000        6.5964338
     261.0000000        6.5885860
     262.0000000        6.5662693
     263.0000000        6.5200909
     264.0000000        6.4883396
     265.0000000        6.4321838
     266.0000000        6.3593687
     267.0000000        6.2561047
     268.0000000        6.1397698
     269.0000000        6.0055381
     270.0000000        5.9073519
     271.0000000        5.8490701
     272.0000000        5.7848034
     273.0000000        5.6912868
     274.0000000        5.6459982
     275.0000000        5.5823708
     276.0000000        5.5576332
     277.0000000        5.5890774
     278.0000000        5.6516130
     279.0000000        5.7190687
     280.0000000        5.8012151
     281.0000000        5.8601509
     282.0000000        5.8987028
     283.0000000        5.8942869
     284.0000000        5.9228103
     285.0000000        5.9843227
     286.0000000        6.0340395
     287.0000000        6.1136332
     288.0000000        6.2038990
     289.0000000        6.3105452
     290.0000000        6.4324324
     291.0000000        6.5696214
     292.0000000        6.7234423
     293.0000000        6.8779429
     294.0000000        6.9813203
     295.0000000        7.0225670
     296.0000000        7.1220073
     297.0000000        7.1910710
     298.0000000        7.1977935
     299.0000000        7.1740823
     300.0000000        7.1744494
     301.0000000        7.2110907
     302.0000000        7.2608978
     303.0000000        7.3257415
     304.0000000        7.3538259
     305.0000000        7.3987212
     306.0000000        7.4036476
     307.0000000        7.3827934
     308.0000000        7.3213901
     309.0000000        7.2313809
     310.0000000        7.1979009
     311.0000000        7.1708420
     312.0000000        7.1581652
     313.0000000        7.1533652
     314.0000000        7.1328861
     315.0000000        7.1594582
     316.0000000        7.1387949
     317.0000000        7.0763027
     318.0000000        7.0026889
     319.0000000        6.9761400
     320.0000000        6.9249336
     321.0000000        6.8307862
     322.0000000        6.7398154
     323.0000000        6.6973251
     324.0000000        6.6617649
     325.0000000        6.6104177
     326.0000000        6.5628024
     327.0000000        6.5739470
     328.0000000        6.5660277
     329.0000000        6.5853536
     330.0000000        6.5707850
     331.0000000        6.5759586
     332.0000000        6.5619966
     333.0000000        6.5412037
     334.0000000        6.5417026
     335.0000000        6.5388460
     336.0000000        6.5394030
     337.0000000        6.5192281
     338.0000000        6.5293668
     339.0000000        6.5335291
     340.0000000        6.5149976
     341.0000000        6.5047681
     342.0000000        6.5585901
     343.0000000        6.5940238
     344.0000000        6.6458985
     345.0000000        6.7055114
     346.0000000        6.7446622
     347.0000000        6.7782132
     348.0000000        6.7842302
     349.0000000        6.7565903
     350.0000000        6.6986853
     351.0000000        6.6402035
     352.0000000        6.6084897
     353.0000000        6.5604426
     354.0000000        6.5443237
     355.0000000        6.5188807
     356.0000000        6.4954950
     357.0000000        6.4561642
     358.0000000        6.4517507
     359.0000000        6.4784200
     360.0000000        6.5056508
     361.0000000        6.5230672
     362.0000000        6.5811945
     363.0000000        6.6580121
     364.0000000        6.7370229
     365.0000000        6.8140225
     366.0000000        6.7964234
     367.0000000        6.7789671
     368.0000000        6.7565539
     369.0000000        6.6535294
     370.0000000        6.5258982
     371.0000000        6.4538026
     372.0000000        6.3975512
     373.0000000        6.3283478
     374.0000000        6.3061575
     375.0000000        6.3188011
     376.0000000        6.3617535
     377.0000000        6.4288499
     378.0000000        6.5547920
     379.0000000        6.6488493
     380.0000000        6.7053628
     381.0000000        6.7304661
     382.0000000        6.7955229
     383.0000000        6.7988119
     384.0000000        6.7785000
     385.0000000        6.8100202
     386.0000000        6.8231537
     387.0000000        6.8809058
     388.0000000        6.8966674
     389.0000000        6.9210754
     390.0000000        6.9736108
     391.0000000        7.0341461
     392.0000000        7.0168211
     393.0000000        7.0087768
     394.0000000        7.0155017
     395.0000000        7.0577079
     396.0000000        7.1682458
     397.0000000        7.2128277
     398.0000000        7.2923282
     399.0000000        7.3558224
     400.0000000        7.3685656
     401.0000000        7.3983988
     402.0000000        7.4691875
     403.0000000        7.5202983
     404.0000000        7.5819038
     405.0000000        7.5870552
     406.0000000        7.5729644
     407.0000000        7.6008078
     408.0000000        7.6650324
     409.0000000        7.6380335
     410.0000000        7.5955729
     411.0000000        7.5400147
     412.0000000        7.4670095
     413.0000000        7.4105480
     414.0000000        7.3879968
     415.0000000        7.3152728
     416.0000000        7.2789556
     417.0000000        7.2617029
     418.0000000        7.1896416
     419.0000000        7.1359560
     420.0000000        7.0535529
     421.0000000        7.0709776
     422.0000000        7.0756109
     423.0000000        7.0186672
     424.0000000        6.9697704
     425.0000000        6.8990936
     426.0000000        6.8214010
     427.0000000        6.7554242
     428.0000000        6.7100437
     429.0000000        6.6425996
     430.0000000        6.5950705
     431.0000000        6.5568556
     432.0000000        6.4817676
     433.0000000        6.4377069
     434.0000000        6.4631473
     435.0000000        6.4917721
     436.0000000        6.4607999
     437.0000000        6.4219629
     438.0000000        6.3846206
     439.0000000        6.3113140
     440.0000000        6.2330352
     441.0000000        6.1601040
     442.0000000        6.1153096
     443.0000000        6.0564298
     444.0000000        6.0247803
     445.0000000        6.0177998
     446.0000000        6.0038839
     447.0000000        5.9955304
     448.0000000        5.9746354
     449.0000000        5.9707324
     450.0000000        5.9589300
     451.0000000        5.9403366
     452.0000000        5.9051654
     453.0000000        5.9057712
     454.0000000        5.9575540
     455.0000000        6.0471872
     456.0000000        6.1390428
     457.0000000        6.1890434
     458.0000000        6.2455338
     459.0000000        6.2857782
     460.0000000        6.3340140
     461.0000000        6.3801155
     462.0000000        6.3750790
     463.0000000        6.3963297
     464.0000000        6.4323920
     465.0000000        6.4254978
     466.0000000        6.3999934
     467.0000000        6.4141495
     468.0000000        6.4232927
     469.0000000        6.3629291
     470.0000000        6.3001322
     471.0000000        6.2594942
     472.0000000        6.2258391
     473.0000000        6.1575632
     474.0000000        6.1142970
     475.0000000        6.1131008
     476.0000000        6.0911036
     477.0000000        6.0736528
     478.0000000        6.0842647
     479.0000000        6.0612181
     480.0000000        5.9776823
     481.0000000        5.8877952
     482.0000000        5.8007055
     483.0000000        5.7328244
     484.0000000        5.6872078
     485.0000000        5.6272370
     486.0000000        5.5570162
     487.0000000        5.4995360
     488.0000000        5.4599865
     489.0000000        5.4255223
     490.0000000        5.4113396
     491.0000000        5.3822456
     492.0000000        5.3584297
     493.0000000        5.3475440
     494.0000000        5.3481679
     495.0000000        5.3601045
     496.0000000        5.3914740
     497.0000000        5.4170071
     498.0000000        5.4077659
     499.0000000        5.4185743
     500.0000000        5.4429197
     501.0000000        5.4660256
     502.0000000        5.4996823
     503.0000000        5.5404934
     504.0000000        5.5754573
     505.0000000        5.6077056
     506.0000000        5.6154972
     507.0000000        5.6266495
     508.0000000        5.6411153
     509.0000000        5.6351537
     510.0000000        5.6298726
     511.0000000        5.6627087
     512.0000000        5.6861008
     513.0000000        5.6690758
     514.0000000        5.6440501
     515.0000000        5.6407769
     516.0000000        5.6703436
     517.0000000        5.7134255
     518.0000000        5.7569090
     519.0000000        5.8118239
     520.0000000        5.8821078
     521.0000000        5.9455925
     522.0000000        5.9988425
     523.0000000        5.9974835
     524.0000000        6.0008251
     525.0000000        5.9847416
     526.0000000        5.9184330
     527.0000000        5.8894695
     528.0000000        5.8756422
     529.0000000        5.8617505
     530.0000000        5.9244124
     531.0000000        5.9968389
     532.0000000        6.0526193
     533.0000000        6.1092095
     534.0000000        6.1752154
     535.0000000        6.2276820
     536.0000000        6.2449323
     537.0000000        6.2390602
     538.0000000        6.2214067
     539.0000000        6.1894438
     540.0000000        6.1631639
     541.0000000        6.1329178
     542.0000000        6.1057123
     543.0000000        6.0727407
     544.0000000        6.0428335
     545.0000000        6.0247271
     546.0000000        6.0076017
     547.0000000        5.9534576
     548.0000000        5.8969837
     549.0000000        5.8622720
     550.0000000        5.8175018
     551.0000000        5.7967000
     552.0000000        5.8012327
     553.0000000        5.7772857
     554.0000000        5.7654258
     555.0000000        5.7701749
     556.0000000        5.7445334
     557.0000000        5.7070631
     558.0000000        5.6720530
     559.0000000        5.5885316
     560.0000000        5.5290826
     561.0000000        5.4892341
     562.0000000        5.4658837
     563.0000000        5.4326695
     564.0000000        5.4310448
     565.0000000        5.4147406
     566.0000000        5.4075575
     567.0000000        5.4083774
     568.0000000        5.4005570
     569.0000000        5.4017852
     570.0000000        5.4145791
     571.0000000        5.3829037
     572.0000000        5.3412452
     573.0000000        5.3392201
     574.0000000        5.3867782
     575.0000000        5.4229131
     576.0000000        5.4558154
     577.0000000        5.4781147
     578.0000000        5.5328078
     579.0000000        5.6140110
     580.0000000        5.7112108
     581.0000000        5.7497018
     582.0000000        5.7819892
     583.0000000        5.8355588
     584.0000000        5.8561610
     585.0000000        5.8643736
     586.0000000        5.8681495
     587.0000000        5.8594050
     588.0000000        5.8704448
     589.0000000        5.8941492
     590.0000000        5.8911790
     591.0000000        5.8620197
     592.0000000        5.8210718
     593.0000000        5.7834951
     594.0000000        5.7580424
     595.0000000        5.6942631
     596.0000000        5.6414528
     597.0000000        5.5750132
     598.0000000        5.4919740
     599.0000000        5.4345035
     600.0000000        5.3747918
