1 3.0660897745000000
2 3.1295879744999997
3 3.2315477745000001
4 3.3672312744999999
5 3.5034382744999997
6 3.6309456744999995
7 3.7364975744999995
8 3.8718739744999997
9 4.0526109744999994
10 4.2345145744999995
11 4.4297452745000001
12 4.6268511744999996
13 4.8632723744999993
14 5.1308681744999998
15 5.3763878744999998
16 5.5472792745000001
17 5.6727152744999998
18 5.8002981745000000
19 5.9270257745000006
20 6.1135796745000004
21 6.3073792745000006
22 6.4285445745000001
23 6.3729625744999989
24 6.2441919744999996
25 6.1648502744999991
26 6.1352158745000001
27 6.1437269744999998
28 6.1620366744999995
29 6.2253131745000001
30 6.2788627745000003
31 6.3078919745000004
32 6.3203065745000000
33 6.2712177745000002
34 6.2056306745000001
35 6.2276979744999998
36 6.3676415745000003
37 6.5225722744999999
38 6.7066540744999994
39 6.9529283744999990
40 7.2109514744999998
41 7.4663345744999994
42 7.7440730744999993
43 7.9861520744999996
44 8.1231620744999997
45 8.1854920744999990
46 8.1896080744999988
47 8.2387530744999999
48 8.3631590745000004
49 8.5172180745000006
50 8.7580490745000006
51 8.9753770744999990
52 9.1749310744999999
53 9.3630270744999997
54 9.3498530745000004
55 9.1976950745000003
56 9.0546800745000002
57 8.8504940745000003
58 8.6227200745000001
59 8.4019880745000002
60 8.0820640744999999
61 7.8246890745000002
62 7.6608840745000002
63 7.5491793744999995
64 7.4388104745000003
65 7.3428451744999990
66 7.2879206745000005
67 7.2585732744999998
68 7.2122028744999991
69 7.1647452744999995
70 7.2302150745000002
71 7.3639807744999999
72 7.6393650745000006
73 8.0160680744999997
74 8.2745880745000004
75 8.4341560745000006
76 8.5888340744999994
77 8.6779080744999995
78 8.7895350744999998
79 8.8696520744999994
80 8.9502180745000004
81 9.0112080744999989
82 8.9776030744999993
83 8.8849150745000003
84 8.7757930744999992
85 8.6827910744999990
86 8.6498440744999989
87 8.5477700744999989
88 8.3712180744999998
89 8.1422510744999990
90 7.9096970745000004
91 7.6746030745000002
92 7.4957512744999999
93 7.4494454744999992
94 7.4785617744999993
95 7.4743351745000002
96 7.3702258744999991
97 7.2983941745000003
98 7.2838583744999994
99 7.2898568744999999
100 7.2996338744999996
101 7.2858578744999996
102 7.3215157744999999
103 7.3676367744999993
104 7.3955310744999991
105 7.4235423745000002
106 7.4531194744999993
107 7.4612527745000001
108 7.4853179744999991
109 7.5641801745000006
110 7.6222160744999989
111 7.5702499744999994
112 7.4781489744999998
113 7.4387349744999991
114 7.4932426744999994
115 7.5571034744999999
116 7.5671204744999994
117 7.5927130744999989
118 7.8123960745000005
119 8.0603560744999996
120 8.3742200745000002
121 8.6635620744999997
122 8.7919960745000001
123 8.9247860745000001
124 9.0124830745000004
125 8.9801590744999995
126 8.8517220744999996
127 8.7165600745000003
128 8.5396610744999997
129 8.3823620744999996
130 8.2351310744999999
131 8.0838300744999998
132 7.9117570745000005
133 7.7184590745000001
134 7.5885260744999989
135 7.4660748745000003
136 7.4654712745000005
137 7.4510824744999997
138 7.3976871744999997
139 7.2772670744999992
140 7.1609828745000002
141 6.9305583745000003
142 6.6127051745000003
143 6.3549297745000004
144 6.0863629745000001
145 5.8659877744999989
146 5.6613157745000002
147 5.4831080744999996
148 5.4492843744999995
149 5.4838457744999998
150 5.5029893744999994
151 5.5575124744999993
152 5.5644823744999998
153 5.5038051745000001
154 5.4999304744999993
155 5.5262734744999999
156 5.5164590744999993
157 5.5203112745000000
158 5.4994347745000001
159 5.4669625745000001
160 5.5396486744999995
161 5.5623974745000000
162 5.5712901744999996
163 5.5593026744999996
164 5.4886618745000000
165 5.4646815745000001
166 5.4531806744999995
167 5.4169953744999999
168 5.3238559744999998
169 5.2264537744999995
170 5.1468056744999995
171 5.0598247745000000
172 4.9772490744999995
173 4.8691124744999996
174 4.7508226744999993
175 4.6300586744999999
176 4.5027816744999996
177 4.3484821745000000
178 4.1614261744999999
179 4.0398626745000001
180 3.9783624744999999
181 3.9375973745000001
182 3.8615805744999996
183 3.8074651744999999
184 3.8127915744999994
185 3.8930682745000000
186 4.0277243745000000
187 4.2237062744999996
188 4.4528116744999995
189 4.6806112744999995
190 4.8992836744999995
191 5.1047671745000001
192 5.3628204744999994
193 5.6387718744999997
194 5.9641546744999996
195 6.3213456744999998
196 6.6327197744999999
197 6.8996329744999993
198 7.2447359744999993
199 7.5526192744999996
200 7.6450330745000006
201 7.6200120745000000
202 7.5497909745000005
203 7.3951344744999989
204 7.2762003745000001
205 7.1872186745000004
206 7.0933458744999989
207 7.0426154744999998
208 7.0037496744999999
209 6.9599052745000005
210 6.9300464744999992
211 6.8681628744999994
212 6.8460137744999994
213 6.8046584745000001
214 6.8068529744999999
215 6.9358312744999999
216 7.2064044744999993
217 7.3508788744999993
218 7.3558154745000000
219 7.3358989744999992
220 7.2752458744999995
221 7.1691930744999990
222 6.9667348745000002
223 6.7803731744999993
224 6.6310917744999998
225 6.4993423744999994
226 6.3846622745000001
227 6.1852219744999992
228 5.9988012744999999
229 5.8621370744999997
230 5.8321197744999989
231 5.8088613744999993
232 5.7408296745000005
233 5.7775209744999998
234 5.8330686744999998
235 5.8502671744999990
236 5.9167076744999996
237 5.9740152744999993
238 5.8713008744999993
239 5.7028834745000001
240 5.5430868745000001
241 5.4052494744999997
242 5.3428408744999993
243 5.3315631744999994
244 5.4563930744999993
245 5.6141288745000004
246 5.7332840745000002
247 5.8946633745000003
248 6.0762213744999993
249 6.2877352744999992
250 6.5135105744999997
251 6.7565921744999997
252 6.9944367745000005
253 7.0741479744999989
254 7.0718042744999998
255 7.0206542745000000
256 6.9104037744999989
257 6.7507061744999994
258 6.5813176744999993
259 6.4388430744999994
260 6.3143044745000001
261 6.2166294744999995
262 6.1876455744999994
263 6.2806724744999993
264 6.4453536744999997
265 6.5782786744999999
266 6.6666841745000003
267 6.7200554745000005
268 6.7750586745000003
269 6.8275011745000000
270 6.7669404745000001
271 6.6963824745000000
272 6.6365443744999997
273 6.5733150745000000
274 6.5363808744999989
275 6.5392927744999998
276 6.5900305745000001
277 6.7037121744999997
278 6.8472953744999998
279 7.0065867745000006
280 7.0799128744999997
281 7.1071197744999992
282 7.0907311745000001
283 7.0400738744999991
284 7.0263636744999989
285 7.1451561745000003
286 7.3638563744999992
287 7.6228050745000004
288 7.9230350744999996
289 8.2838670744999998
290 8.6599410744999989
291 8.8754910744999993
292 8.9665210744999992
293 8.9942040744999989
294 8.9897200744999992
295 8.9154980745000003
296 8.7537100744999989
297 8.6141670744999992
298 8.4392350744999991
299 8.2409690744999988
300 7.9905050744999997
301 7.9101580745000000
302 7.9807590744999999
303 8.1071820744999989
304 8.2660410745000004
305 8.3985420744999999
306 8.4449910744999990
307 8.4575260745000005
308 8.4299750744999997
309 8.2591240744999990
310 7.9725430744999990
311 7.7023560744999990
312 7.5196637744999997
313 7.4093720745000002
314 7.2585605745000006
315 7.1014669744999992
316 6.9902718744999994
317 6.9184409744999993
318 6.8439639744999994
319 6.7869282744999992
320 6.6641298745000004
321 6.5278550744999997
322 6.4119369744999997
323 6.2489534745000004
324 6.1267803744999991
325 6.1061863745000000
326 6.1224716744999998
327 6.1154532745000001
328 6.0496243745000005
329 5.9391323744999998
330 5.7080172744999995
331 5.5706130744999998
332 5.5723054744999994
333 5.6534630744999994
334 5.7330622744999999
335 5.8338817745000000
336 5.8918734745000005
337 5.9436559745000004
338 6.0644478744999990
339 6.2178300745000001
340 6.3914133744999990
341 6.5905859744999997
342 6.7337607745000003
343 6.8934603745000000
344 6.9307732744999999
345 6.9306319744999989
346 6.8612402745000001
347 6.7821925744999998
348 6.6818531745000005
349 6.5014277744999998
350 6.4579377744999995
351 6.5079184745000003
352 6.4315412744999989
353 6.2641596745000001
354 6.1331264744999991
355 6.0343104744999998
356 6.0624256745000000
357 6.1574134745000002
358 6.2622112745000003
359 6.3635371744999993
360 6.4508952745000006
361 6.5004322744999996
362 6.5170408744999992
363 6.5867994744999994
364 6.6934937745000003
365 6.8394366744999999
366 6.9231963744999998
367 6.9274495744999989
368 6.9473597744999989
369 7.0742789745000003
370 7.2539318744999992
371 7.4303328744999995
372 7.5474748744999989
373 7.5322274744999991
374 7.4851083744999993
375 7.3422653745000002
376 7.2111827744999992
377 7.1006713744999992
378 6.9282479744999996
379 6.6889334744999989
380 6.5167847744999996
381 6.3714246745000001
382 6.2571287744999999
383 6.2052013744999996
384 6.1806458744999997
385 6.1669212744999999
386 6.1677847744999994
387 6.2115380745000000
388 6.2806074745000000
389 6.4178571744999999
390 6.5046774744999993
391 6.5709421744999990
392 6.6554774744999996
393 6.7215452745000004
394 6.7858210744999994
395 6.8593263745000002
396 6.9526537744999999
397 7.0288244745000004
398 7.0870706744999996
399 7.1346316744999996
400 7.0942002745000003
401 6.9257719744999999
402 6.6693303744999994
403 6.5042784744999995
404 6.4107595745000001
405 6.3444238745000003
406 6.3178545745000001
407 6.3664109744999990
408 6.5001496744999994
409 6.7386707744999992
410 7.0131335744999994
411 7.1590452745000004
412 7.2014700744999995
413 7.1350431744999998
414 7.1256791745000001
415 7.2288157744999992
416 7.3029166745000005
417 7.3970880744999992
418 7.5582878744999995
419 7.6957720744999989
420 7.7324770745000002
421 7.6385560745000003
422 7.4893838744999996
423 7.3489562744999990
424 7.2063036744999991
425 6.9658934744999996
426 6.6231928744999990
427 6.3574433744999990
428 6.1695230744999989
429 6.0119952745000003
430 5.8975017745000002
431 5.8425626744999999
432 5.8721231745000004
433 5.9477903745000003
434 6.0008271744999995
435 6.0180980744999992
436 5.9588199744999990
437 5.8288151744999990
438 5.6786840744999996
439 5.4122381744999997
440 5.1194000744999997
441 4.8906714744999995
442 4.7501888745000000
443 4.6985384744999994
444 4.7414772744999993
445 4.8093308744999996
446 4.8939275745000002
447 5.0239337744999997
448 5.1812125744999999
449 5.3504757744999996
450 5.4876600744999999
451 5.5724649744999999
452 5.6409329745000001
453 5.6709509745000002
454 5.6447243744999991
455 5.5600659744999996
456 5.4274889745000001
457 5.2419783744999995
458 5.0385259744999997
459 4.8292809744999996
460 4.6372693744999998
461 4.4326734744999996
462 4.2642343745000000
463 4.1425236744999996
464 4.0803443745000001
465 4.1003147745000001
466 4.2052785744999994
467 4.3496931744999996
468 4.5064224744999999
469 4.7169825744999994
470 4.8436451744999998
471 4.9504052744999996
472 5.0406067744999996
473 5.0938004745000001
474 5.0808742744999993
475 5.0235205745000000
476 5.0036283744999999
477 5.0857768744999996
478 5.2002860745000001
479 5.3370387744999999
480 5.5408153744999993
481 5.7560748744999994
482 5.9358189745000001
483 6.0782618744999990
484 6.2362828745000005
485 6.4354104744999994
486 6.5598965744999997
487 6.6543176744999997
488 6.7809658744999997
489 6.9425453744999999
490 7.1151796745000002
491 7.3144824745000001
492 7.4471214744999994
493 7.5616794745000000
494 7.6893280745000006
495 7.7770910744999995
496 7.8076030744999994
497 7.8645560744999994
498 8.0439970745000000
499 8.2130600744999995
500 8.4196920745000003
501 8.6798990744999998
502 8.9286650744999996
503 9.1019700745000005
504 9.2038140745000003
505 9.3201500744999990
506 9.3556430744999997
507 9.2478150745000001
508 9.1017710745000002
509 8.9245180744999999
510 8.7636540744999998
511 8.5873000744999999
512 8.4341540745000003
513 8.3137700744999989
514 8.1553840745000006
515 7.8898830745000001
516 7.6107040744999992
517 7.4273591744999994
518 7.3753732744999994
519 7.2930368745000003
520 7.2459452745000004
521 7.1819552744999999
522 7.1048675745000001
523 6.9894186744999995
524 6.7729067744999991
525 6.5349324744999997
526 6.3071904745000005
527 6.0611635745000001
528 5.8165457744999998
529 5.6744039745000006
530 5.5147437744999994
531 5.3068076744999999
532 5.0440166744999999
533 4.8404499744999994
534 4.6191342744999995
535 4.3839059744999993
536 4.1517720744999993
537 3.9544868744999997
538 3.8444522745000000
539 3.7042648744999997
540 3.5526243744999997
541 3.4402337744999993
542 3.3299392745000000
543 3.2299849744999998
544 3.1255356745000000
545 2.9942664744999998
546 2.8848830744999994
547 2.7758874744999993
548 2.6913162745000001
549 2.6346946744999995
550 2.5579133745000000
551 2.5016884744999999
552 2.4920104744999998
553 2.4599823745000000
554 2.3886647744999996
555 2.2958691744999999
556 2.2265821744999998
557 2.2069696744999998
558 2.1998822744999993
559 2.2161528744999996
560 2.2316991745000001
561 2.2746650744999997
562 2.3531913744999997
563 2.4676412745000000
564 2.5972385744999995
565 2.7168031744999999
566 2.8424967744999998
567 2.9690937745000001
568 3.0432125745000000
569 3.1264784744999998
570 3.2387877744999995
571 3.3593737744999999
572 3.5164009744999998
573 3.7059503744999995
574 3.9255018745000001
575 4.1460264744999993
576 4.3073868744999997
577 4.4172028745000000
578 4.5197874744999993
579 4.6658349745000001
580 4.8721813744999993
581 5.1339252745000001
582 5.4512294744999998
583 5.7764509744999994
584 6.0741836745000004
585 6.4503554745000002
586 6.8837999745000005
587 7.3869183745000004
588 7.8236430744999996
589 8.1320330744999989
590 8.2551410744999991
591 8.3137080744999992
592 8.2587750744999990
593 8.1715500744999989
594 8.1443500745000001
595 8.1767520744999995
596 8.2988590744999993
597 8.4226320744999992
598 8.5416110745000005
599 8.6115200744999996
600 8.5967160744999997
