       1.0000000        2.2109883
       2.0000000        2.2114949
       3.0000000        2.2119951
       4.0000000        2.2093966
       5.0000000        2.2055948
       6.0000000        2.1992688
       7.0000000        2.1890235
       8.0000000        2.1801949
       9.0000000        2.1763446
      10.0000000        2.1784031
      11.0000000        2.1836696
      12.0000000        2.1868784
      13.0000000        2.1854353
      14.0000000        2.1817336
      15.0000000        2.1728373
      16.0000000        2.1672008
      17.0000000        2.1649041
      18.0000000        2.1629741
      19.0000000        2.1556828
      20.0000000        2.1464894
      21.0000000        2.1390572
      22.0000000        2.1338670
      23.0000000        2.1330686
      24.0000000        2.1323149
      25.0000000        2.1320469
      26.0000000        2.1321542
      27.0000000        2.1366203
      28.0000000        2.1413527
      29.0000000        2.1417806
      30.0000000        2.1449928
      31.0000000        2.1492400
      32.0000000        2.1533279
      33.0000000        2.1592889
      34.0000000        2.1644585
      35.0000000        2.1668003
      36.0000000        2.1719894
      37.0000000        2.1858177
      38.0000000        2.2066901
      39.0000000        2.2301979
      40.0000000        2.2468672
      41.0000000        2.2512829
      42.0000000        2.2473819
      43.0000000        2.2459619
      44.0000000        2.2497416
      45.0000000        2.2534466
      46.0000000        2.2488725
      47.0000000        2.2411208
      48.0000000        2.2307847
      49.0000000        2.2141407
      50.0000000        2.1981006
      51.0000000        2.1884334
      52.0000000        2.1829095
      53.0000000        2.1744130
      54.0000000        2.1605992
      55.0000000        2.1478877
      56.0000000        2.1418920
      57.0000000        2.1438470
      58.0000000        2.1461504
      59.0000000        2.1480112
      60.0000000        2.1532478
      61.0000000        2.1572721
      62.0000000        2.1570263
      63.0000000        2.1546948
      64.0000000        2.1568663
      65.0000000        2.1657922
      66.0000000        2.1721842
      67.0000000        2.1787124
      68.0000000        2.1806231
      69.0000000        2.1785986
      70.0000000        2.1805916
      71.0000000        2.1846523
      72.0000000        2.1872821
      73.0000000        2.1894205
      74.0000000        2.1954856
      75.0000000        2.2026193
      76.0000000        2.2078657
      77.0000000        2.2102966
      78.0000000        2.2126026
      79.0000000        2.2147880
      80.0000000        2.2164531
      81.0000000        2.2204919
      82.0000000        2.2279742
      83.0000000        2.2332332
      84.0000000        2.2360728
      85.0000000        2.2379212
      86.0000000        2.2384684
      87.0000000        2.2368352
      88.0000000        2.2323716
      89.0000000        2.2300148
      90.0000000        2.2287836
      91.0000000        2.2223713
      92.0000000        2.2111886
      93.0000000        2.2005341
      94.0000000        2.1912825
      95.0000000        2.1875496
      96.0000000        2.1897616
      97.0000000        2.1964834
      98.0000000        2.1995189
      99.0000000        2.2013409
     100.0000000        2.1992161
     101.0000000        2.1936235
     102.0000000        2.1871150
     103.0000000        2.1822479
     104.0000000        2.1794405
     105.0000000        2.1751530
     106.0000000        2.1700046
     107.0000000        2.1650825
     108.0000000        2.1591175
     109.0000000        2.1514745
     110.0000000        2.1426160
     111.0000000        2.1403537
     112.0000000        2.1437602
     113.0000000        2.1490870
     114.0000000        2.1575456
     115.0000000        2.1695135
     116.0000000        2.1784499
     117.0000000        2.1831143
     118.0000000        2.1811225
     119.0000000        2.1782744
     120.0000000        2.1771698
     121.0000000        2.1771939
     122.0000000        2.1755862
     123.0000000        2.1733775
     124.0000000        2.1709325
     125.0000000        2.1688826
     126.0000000        2.1706939
     127.0000000        2.1743777
     128.0000000        2.1791322
     129.0000000        2.1843693
     130.0000000        2.1918273
     131.0000000        2.1957417
     132.0000000        2.1931276
     133.0000000        2.1929762
     134.0000000        2.1975760
     135.0000000        2.2041054
     136.0000000        2.2102766
     137.0000000        2.2184708
     138.0000000        2.2245989
     139.0000000        2.2249269
     140.0000000        2.2229578
     141.0000000        2.2225659
     142.0000000        2.2251849
     143.0000000        2.2242756
     144.0000000        2.2214141
     145.0000000        2.2132027
     146.0000000        2.2022610
     147.0000000        2.1951227
     148.0000000        2.1875117
     149.0000000        2.1799169
     150.0000000        2.1771772
     151.0000000        2.1750553
     152.0000000        2.1719975
     153.0000000        2.1627553
     154.0000000        2.1468260
     155.0000000        2.1330602
     156.0000000        2.1307755
     157.0000000        2.1439312
     158.0000000        2.1608438
     159.0000000        2.1741912
     160.0000000        2.1878028
     161.0000000        2.1984916
     162.0000000        2.2044370
     163.0000000        2.2094550
     164.0000000        2.2171979
     165.0000000        2.2266474
     166.0000000        2.2349138
     167.0000000        2.2369781
     168.0000000        2.2401624
     169.0000000        2.2432823
     170.0000000        2.2361522
     171.0000000        2.2268448
     172.0000000        2.2149825
     173.0000000        2.2010961
     174.0000000        2.1914992
     175.0000000        2.1823497
     176.0000000        2.1756437
     177.0000000        2.1702406
     178.0000000        2.1654072
     179.0000000        2.1626942
     180.0000000        2.1658976
     181.0000000        2.1706281
     182.0000000        2.1711354
     183.0000000        2.1742494
     184.0000000        2.1815293
     185.0000000        2.1950014
     186.0000000        2.2030072
     187.0000000        2.2012689
     188.0000000        2.1919470
     189.0000000        2.1827555
     190.0000000        2.1741359
     191.0000000        2.1641212
     192.0000000        2.1553319
     193.0000000        2.1509063
     194.0000000        2.1564574
     195.0000000        2.1705179
     196.0000000        2.1857595
     197.0000000        2.1974051
     198.0000000        2.2027767
     199.0000000        2.2049074
     200.0000000        2.2058752
     201.0000000        2.2065828
     202.0000000        2.2042866
     203.0000000        2.1973062
     204.0000000        2.1888731
     205.0000000        2.1840789
     206.0000000        2.1830485
     207.0000000        2.1807368
     208.0000000        2.1765671
     209.0000000        2.1719387
     210.0000000        2.1686060
     211.0000000        2.1697292
     212.0000000        2.1755085
     213.0000000        2.1836951
     214.0000000        2.1890686
     215.0000000        2.1904421
     216.0000000        2.1917336
     217.0000000        2.1920273
     218.0000000        2.1898675
     219.0000000        2.1876504
     220.0000000        2.1919098
     221.0000000        2.2031531
     222.0000000        2.2112329
     223.0000000        2.2085977
     224.0000000        2.2003477
     225.0000000        2.1919181
     226.0000000        2.1902225
     227.0000000        2.1936853
     228.0000000        2.1905141
     229.0000000        2.1885402
     230.0000000        2.1942387
     231.0000000        2.2026470
     232.0000000        2.2101417
     233.0000000        2.2102785
     234.0000000        2.2138956
     235.0000000        2.2175543
     236.0000000        2.2188187
     237.0000000        2.2195032
     238.0000000        2.2181311
     239.0000000        2.2190390
     240.0000000        2.2163641
     241.0000000        2.2069278
     242.0000000        2.2033129
     243.0000000        2.1987131
     244.0000000        2.1880081
     245.0000000        2.1825626
     246.0000000        2.1839962
     247.0000000        2.1836467
     248.0000000        2.1813338
     249.0000000        2.1817164
     250.0000000        2.1873107
     251.0000000        2.1919897
     252.0000000        2.1921148
     253.0000000        2.1943669
     254.0000000        2.1961019
     255.0000000        2.1974201
     256.0000000        2.1984563
     257.0000000        2.1994903
     258.0000000        2.2001729
     259.0000000        2.1977062
     260.0000000        2.1902504
     261.0000000        2.1865008
     262.0000000        2.1909933
     263.0000000        2.1985705
     264.0000000        2.2069657
     265.0000000        2.2120481
     266.0000000        2.2095642
     267.0000000        2.2049809
     268.0000000        2.2021499
     269.0000000        2.1984773
     270.0000000        2.1954029
     271.0000000        2.1941512
     272.0000000        2.1917365
     273.0000000        2.1847003
     274.0000000        2.1753702
     275.0000000        2.1720371
     276.0000000        2.1782804
     277.0000000        2.1828024
     278.0000000        2.1848967
     279.0000000        2.1901016
     280.0000000        2.1922455
     281.0000000        2.1885772
     282.0000000        2.1808224
     283.0000000        2.1726959
     284.0000000        2.1677182
     285.0000000        2.1679730
     286.0000000        2.1741667
     287.0000000        2.1821904
     288.0000000        2.1875288
     289.0000000        2.1927962
     290.0000000        2.2012095
     291.0000000        2.2095435
     292.0000000        2.2153187
     293.0000000        2.2194333
     294.0000000        2.2282326
     295.0000000        2.2403667
     296.0000000        2.2460644
     297.0000000        2.2420664
     298.0000000        2.2295141
     299.0000000        2.2146821
     300.0000000        2.2002740
     301.0000000        2.1887341
     302.0000000        2.1753225
     303.0000000        2.1652124
     304.0000000        2.1598229
     305.0000000        2.1581569
     306.0000000        2.1634347
     307.0000000        2.1693134
     308.0000000        2.1714544
     309.0000000        2.1707563
     310.0000000        2.1735959
     311.0000000        2.1781180
     312.0000000        2.1762054
     313.0000000        2.1725059
     314.0000000        2.1714468
     315.0000000        2.1703501
     316.0000000        2.1715944
     317.0000000        2.1759639
     318.0000000        2.1794794
     319.0000000        2.1769843
     320.0000000        2.1707318
     321.0000000        2.1660135
     322.0000000        2.1632597
     323.0000000        2.1592360
     324.0000000        2.1563253
     325.0000000        2.1552629
     326.0000000        2.1591358
     327.0000000        2.1696839
     328.0000000        2.1868742
     329.0000000        2.2052577
     330.0000000        2.2184343
     331.0000000        2.2272296
     332.0000000        2.2371602
     333.0000000        2.2440934
     334.0000000        2.2498870
     335.0000000        2.2549746
     336.0000000        2.2497058
     337.0000000        2.2372129
     338.0000000        2.2246845
     339.0000000        2.2162144
     340.0000000        2.2112341
     341.0000000        2.2082713
     342.0000000        2.2065690
     343.0000000        2.2067041
     344.0000000        2.2072508
     345.0000000        2.2082739
     346.0000000        2.2094550
     347.0000000        2.2107432
     348.0000000        2.2093341
     349.0000000        2.2094066
     350.0000000        2.2094221
     351.0000000        2.2091441
     352.0000000        2.2094326
     353.0000000        2.2147956
     354.0000000        2.2227216
     355.0000000        2.2276838
     356.0000000        2.2343771
     357.0000000        2.2394881
     358.0000000        2.2349858
     359.0000000        2.2225566
     360.0000000        2.2129591
     361.0000000        2.2088890
     362.0000000        2.2047203
     363.0000000        2.1968997
     364.0000000        2.1888547
     365.0000000        2.1840050
     366.0000000        2.1849170
     367.0000000        2.1859121
     368.0000000        2.1836872
     369.0000000        2.1813028
     370.0000000        2.1832936
     371.0000000        2.1847162
     372.0000000        2.1860187
     373.0000000        2.1860733
     374.0000000        2.1875827
     375.0000000        2.1885476
     376.0000000        2.1874657
     377.0000000        2.1877835
     378.0000000        2.1908765
     379.0000000        2.1965141
     380.0000000        2.2005060
     381.0000000        2.2041676
     382.0000000        2.2075338
     383.0000000        2.2074120
     384.0000000        2.2061515
     385.0000000        2.2082255
     386.0000000        2.2045405
     387.0000000        2.1971014
     388.0000000        2.1894422
     389.0000000        2.1822989
     390.0000000        2.1836925
     391.0000000        2.1901817
     392.0000000        2.2012231
     393.0000000        2.2116241
     394.0000000        2.2179506
     395.0000000        2.2264485
     396.0000000        2.2335358
     397.0000000        2.2408869
     398.0000000        2.2434649
     399.0000000        2.2413020
     400.0000000        2.2374516
     401.0000000        2.2364264
     402.0000000        2.2334266
     403.0000000        2.2287607
     404.0000000        2.2231734
     405.0000000        2.2189240
     406.0000000        2.2108850
     407.0000000        2.2001541
     408.0000000        2.1898236
     409.0000000        2.1814420
     410.0000000        2.1809664
     411.0000000        2.1889117
     412.0000000        2.1944706
     413.0000000        2.1929307
     414.0000000        2.1899607
     415.0000000        2.1932802
     416.0000000        2.2025387
     417.0000000        2.2134414
     418.0000000        2.2186687
     419.0000000        2.2248242
     420.0000000        2.2372534
     421.0000000        2.2464850
     422.0000000        2.2511601
     423.0000000        2.2519608
     424.0000000        2.2508497
     425.0000000        2.2479069
     426.0000000        2.2494876
     427.0000000        2.2574060
     428.0000000        2.2651830
     429.0000000        2.2667634
     430.0000000        2.2734590
     431.0000000        2.2840943
     432.0000000        2.2862465
     433.0000000        2.2846303
     434.0000000        2.2749605
     435.0000000        2.2618413
     436.0000000        2.2513738
     437.0000000        2.2427135
     438.0000000        2.2310274
     439.0000000        2.2102311
     440.0000000        2.1896267
     441.0000000        2.1764405
     442.0000000        2.1652453
     443.0000000        2.1507988
     444.0000000        2.1422598
     445.0000000        2.1423774
     446.0000000        2.1482911
     447.0000000        2.1536806
     448.0000000        2.1586258
     449.0000000        2.1662602
     450.0000000        2.1762197
     451.0000000        2.1863034
     452.0000000        2.1920292
     453.0000000        2.1958830
     454.0000000        2.1944222
     455.0000000        2.1839406
     456.0000000        2.1745682
     457.0000000        2.1670368
     458.0000000        2.1601498
     459.0000000        2.1619701
     460.0000000        2.1731582
     461.0000000        2.1879556
     462.0000000        2.2049851
     463.0000000        2.2165589
     464.0000000        2.2145774
     465.0000000        2.2096803
     466.0000000        2.2101533
     467.0000000        2.2148070
     468.0000000        2.2178428
     469.0000000        2.2151268
     470.0000000        2.2097473
     471.0000000        2.2037055
     472.0000000        2.1974044
     473.0000000        2.1872845
     474.0000000        2.1777449
     475.0000000        2.1719408
     476.0000000        2.1702087
     477.0000000        2.1713073
     478.0000000        2.1738796
     479.0000000        2.1754751
     480.0000000        2.1769876
     481.0000000        2.1763861
     482.0000000        2.1733496
     483.0000000        2.1731343
     484.0000000        2.1734338
     485.0000000        2.1734056
     486.0000000        2.1714261
     487.0000000        2.1691360
     488.0000000        2.1684315
     489.0000000        2.1647701
     490.0000000        2.1604264
     491.0000000        2.1588123
     492.0000000        2.1635768
     493.0000000        2.1737728
     494.0000000        2.1814690
     495.0000000        2.1880429
     496.0000000        2.1953547
     497.0000000        2.1980426
     498.0000000        2.1953943
     499.0000000        2.1915245
     500.0000000        2.1876278
     501.0000000        2.1849868
     502.0000000        2.1835930
     503.0000000        2.1852570
     504.0000000        2.1840904
     505.0000000        2.1812031
     506.0000000        2.1727755
     507.0000000        2.1605337
     508.0000000        2.1478903
     509.0000000        2.1425397
     510.0000000        2.1442134
     511.0000000        2.1497185
     512.0000000        2.1581724
     513.0000000        2.1589885
     514.0000000        2.1544056
     515.0000000        2.1526008
     516.0000000        2.1561213
     517.0000000        2.1566701
     518.0000000        2.1509745
     519.0000000        2.1495743
     520.0000000        2.1586885
     521.0000000        2.1712062
     522.0000000        2.1763494
     523.0000000        2.1776237
     524.0000000        2.1816473
     525.0000000        2.1877742
     526.0000000        2.1944127
     527.0000000        2.2031922
     528.0000000        2.2120533
     529.0000000        2.2245064
     530.0000000        2.2370529
     531.0000000        2.2471244
     532.0000000        2.2513266
     533.0000000        2.2512965
     534.0000000        2.2450373
     535.0000000        2.2371712
     536.0000000        2.2335162
     537.0000000        2.2368381
     538.0000000        2.2426887
     539.0000000        2.2418430
     540.0000000        2.2384853
     541.0000000        2.2385967
     542.0000000        2.2366507
     543.0000000        2.2268822
     544.0000000        2.2124124
     545.0000000        2.2004285
     546.0000000        2.1887405
     547.0000000        2.1776342
     548.0000000        2.1698868
     549.0000000        2.1630826
     550.0000000        2.1556120
     551.0000000        2.1560140
     552.0000000        2.1637375
     553.0000000        2.1731164
     554.0000000        2.1812217
     555.0000000        2.1884906
     556.0000000        2.1994798
     557.0000000        2.2107651
     558.0000000        2.2195647
     559.0000000        2.2234755
     560.0000000        2.2257552
     561.0000000        2.2244051
     562.0000000        2.2238283
     563.0000000        2.2243307
     564.0000000        2.2220232
     565.0000000        2.2128737
     566.0000000        2.2050979
     567.0000000        2.2043245
     568.0000000        2.2082672
     569.0000000        2.2098637
     570.0000000        2.2062764
     571.0000000        2.2040565
     572.0000000        2.2042243
     573.0000000        2.2054949
     574.0000000        2.2068250
     575.0000000        2.2117949
     576.0000000        2.2159836
     577.0000000        2.2178581
     578.0000000        2.2174926
     579.0000000        2.2153375
     580.0000000        2.2171240
     581.0000000        2.2259550
     582.0000000        2.2373381
     583.0000000        2.2432787
     584.0000000        2.2423451
     585.0000000        2.2408495
     586.0000000        2.2411470
     587.0000000        2.2412326
     588.0000000        2.2397068
     589.0000000        2.2323391
     590.0000000        2.2196722
     591.0000000        2.2064066
     592.0000000        2.1971519
     593.0000000        2.1930115
     594.0000000        2.1916091
     595.0000000        2.1893778
     596.0000000        2.1872563
     597.0000000        2.1873970
     598.0000000        2.1850908
     599.0000000        2.1797082
     600.0000000        2.1744907
