       1.0000000        3.3763387
       2.0000000        3.2746282
       3.0000000        3.2055958
       4.0000000        3.1603163
       5.0000000        3.1301304
       6.0000000        3.1017657
       7.0000000        3.0697637
       8.0000000        3.0418304
       9.0000000        3.0140733
      10.0000000        2.9847811
      11.0000000        2.9553262
      12.0000000        2.9239914
      13.0000000        2.8930969
      14.0000000        2.8636421
      15.0000000        2.8308117
      16.0000000        2.7990135
      17.0000000        2.7670085
      18.0000000        2.7353856
      19.0000000        2.7019106
      20.0000000        2.6691374
      21.0000000        2.6383045
      22.0000000        2.6104282
      23.0000000        2.5860655
      24.0000000        2.5639114
      25.0000000        2.5411419
      26.0000000        2.5207019
      27.0000000        2.5038251
      28.0000000        2.4916685
      29.0000000        2.4813578
      30.0000000        2.4743883
      31.0000000        2.4695697
      32.0000000        2.4646600
      33.0000000        2.4604448
      34.0000000        2.4588790
      35.0000000        2.4588235
      36.0000000        2.4530270
      37.0000000        2.4478201
      38.0000000        2.4451970
      39.0000000        2.4398557
      40.0000000        2.4365500
      41.0000000        2.4351312
      42.0000000        2.4354041
      43.0000000        2.4375580
      44.0000000        2.4402844
      45.0000000        2.4448028
      46.0000000        2.4476653
      47.0000000        2.4517049
      48.0000000        2.4543168
      49.0000000        2.4592552
      50.0000000        2.4640644
      51.0000000        2.4660533
      52.0000000        2.4671106
      53.0000000        2.4691033
      54.0000000        2.4740761
      55.0000000        2.4788073
      56.0000000        2.4811583
      57.0000000        2.4817466
      58.0000000        2.4842313
      59.0000000        2.4856263
      60.0000000        2.4858434
      61.0000000        2.4854086
      62.0000000        2.4833581
      63.0000000        2.4804408
      64.0000000        2.4758469
      65.0000000        2.4666706
      66.0000000        2.4575740
      67.0000000        2.4481789
      68.0000000        2.4390523
      69.0000000        2.4305453
      70.0000000        2.4224901
      71.0000000        2.4147412
      72.0000000        2.4079470
      73.0000000        2.3998754
      74.0000000        2.3950737
      75.0000000        2.3890796
      76.0000000        2.3836788
      77.0000000        2.3797833
      78.0000000        2.3740983
      79.0000000        2.3696038
      80.0000000        2.3666814
      81.0000000        2.3614841
      82.0000000        2.3557105
      83.0000000        2.3513325
      84.0000000        2.3466629
      85.0000000        2.3411608
      86.0000000        2.3361752
      87.0000000        2.3326375
      88.0000000        2.3303633
      89.0000000        2.3274648
      90.0000000        2.3251210
      91.0000000        2.3215922
      92.0000000        2.3186733
      93.0000000        2.3176740
      94.0000000        2.3156960
      95.0000000        2.3117606
      96.0000000        2.3067132
      97.0000000        2.3042469
      98.0000000        2.3024335
      99.0000000        2.3020134
     100.0000000        2.3019050
     101.0000000        2.3006700
     102.0000000        2.3019154
     103.0000000        2.3039750
     104.0000000        2.3066016
     105.0000000        2.3105199
     106.0000000        2.3156027
     107.0000000        2.3194422
     108.0000000        2.3238135
     109.0000000        2.3267255
     110.0000000        2.3291966
     111.0000000        2.3304753
     112.0000000        2.3311578
     113.0000000        2.3324618
     114.0000000        2.3352361
     115.0000000        2.3382112
     116.0000000        2.3405122
     117.0000000        2.3422711
     118.0000000        2.3448361
     119.0000000        2.3482900
     120.0000000        2.3504688
     121.0000000        2.3537274
     122.0000000        2.3559369
     123.0000000        2.3578811
     124.0000000        2.3603421
     125.0000000        2.3616654
     126.0000000        2.3639926
     127.0000000        2.3662406
     128.0000000        2.3665695
     129.0000000        2.3670863
     130.0000000        2.3703399
     131.0000000        2.3711603
     132.0000000        2.3702650
     133.0000000        2.3697251
     134.0000000        2.3700933
     135.0000000        2.3720192
     136.0000000        2.3748207
     137.0000000        2.3769995
     138.0000000        2.3784825
     139.0000000        2.3797759
     140.0000000        2.3826717
     141.0000000        2.3860420
     142.0000000        2.3886678
     143.0000000        2.3918472
     144.0000000        2.3953160
     145.0000000        2.3952200
     146.0000000        2.3935639
     147.0000000        2.3925256
     148.0000000        2.3941228
     149.0000000        2.3950625
     150.0000000        2.3926586
     151.0000000        2.3881170
     152.0000000        2.3841364
     153.0000000        2.3805609
     154.0000000        2.3785269
     155.0000000        2.3759275
     156.0000000        2.3739928
     157.0000000        2.3726814
     158.0000000        2.3711034
     159.0000000        2.3708620
     160.0000000        2.3720411
     161.0000000        2.3743442
     162.0000000        2.3752687
     163.0000000        2.3741263
     164.0000000        2.3760830
     165.0000000        2.3798537
     166.0000000        2.3835222
     167.0000000        2.3855081
     168.0000000        2.3876426
     169.0000000        2.3901286
     170.0000000        2.3933133
     171.0000000        2.3979367
     172.0000000        2.4001913
     173.0000000        2.4030817
     174.0000000        2.4066722
     175.0000000        2.4102244
     176.0000000        2.4142709
     177.0000000        2.4181022
     178.0000000        2.4191082
     179.0000000        2.4172339
     180.0000000        2.4149007
     181.0000000        2.4134490
     182.0000000        2.4109662
     183.0000000        2.4071595
     184.0000000        2.4033036
     185.0000000        2.3966072
     186.0000000        2.3911566
     187.0000000        2.3860052
     188.0000000        2.3825059
     189.0000000        2.3797695
     190.0000000        2.3781855
     191.0000000        2.3765733
     192.0000000        2.3768071
     193.0000000        2.3780145
     194.0000000        2.3783471
     195.0000000        2.3771717
     196.0000000        2.3763191
     197.0000000        2.3768298
     198.0000000        2.3755613
     199.0000000        2.3734971
     200.0000000        2.3724414
     201.0000000        2.3721445
     202.0000000        2.3700760
     203.0000000        2.3689483
     204.0000000        2.3686161
     205.0000000        2.3680263
     206.0000000        2.3665740
     207.0000000        2.3676714
     208.0000000        2.3671690
     209.0000000        2.3665560
     210.0000000        2.3657386
     211.0000000        2.3687827
     212.0000000        2.3733816
     213.0000000        2.3763224
     214.0000000        2.3793882
     215.0000000        2.3812570
     216.0000000        2.3817521
     217.0000000        2.3811047
     218.0000000        2.3821876
     219.0000000        2.3839136
     220.0000000        2.3849647
     221.0000000        2.3852022
     222.0000000        2.3840112
     223.0000000        2.3840587
     224.0000000        2.3850450
     225.0000000        2.3835138
     226.0000000        2.3806342
     227.0000000        2.3765958
     228.0000000        2.3710903
     229.0000000        2.3653136
     230.0000000        2.3593617
     231.0000000        2.3552639
     232.0000000        2.3529797
     233.0000000        2.3511315
     234.0000000        2.3481285
     235.0000000        2.3441725
     236.0000000        2.3424400
     237.0000000        2.3416088
     238.0000000        2.3397887
     239.0000000        2.3414922
     240.0000000        2.3438841
     241.0000000        2.3476561
     242.0000000        2.3528534
     243.0000000        2.3553845
     244.0000000        2.3560071
     245.0000000        2.3555526
     246.0000000        2.3509116
     247.0000000        2.3474250
     248.0000000        2.3434165
     249.0000000        2.3403933
     250.0000000        2.3397991
     251.0000000        2.3393235
     252.0000000        2.3362242
     253.0000000        2.3325093
     254.0000000        2.3279680
     255.0000000        2.3237569
     256.0000000        2.3186481
     257.0000000        2.3145241
     258.0000000        2.3118153
     259.0000000        2.3087563
     260.0000000        2.3054923
     261.0000000        2.3026119
     262.0000000        2.3008292
     263.0000000        2.2994402
     264.0000000        2.2996097
     265.0000000        2.2981230
     266.0000000        2.2993775
     267.0000000        2.3006257
     268.0000000        2.3015278
     269.0000000        2.3036508
     270.0000000        2.3058764
     271.0000000        2.3059278
     272.0000000        2.3059066
     273.0000000        2.3055249
     274.0000000        2.3062221
     275.0000000        2.3066860
     276.0000000        2.3092676
     277.0000000        2.3150598
     278.0000000        2.3216935
     279.0000000        2.3287653
     280.0000000        2.3354401
     281.0000000        2.3415820
     282.0000000        2.3498840
     283.0000000        2.3589060
     284.0000000        2.3663691
     285.0000000        2.3719391
     286.0000000        2.3765117
     287.0000000        2.3815444
     288.0000000        2.3860068
     289.0000000        2.3884953
     290.0000000        2.3889100
     291.0000000        2.3889527
     292.0000000        2.3905649
     293.0000000        2.3917524
     294.0000000        2.3905793
     295.0000000        2.3901135
     296.0000000        2.3900522
     297.0000000        2.3873849
     298.0000000        2.3831622
     299.0000000        2.3813702
     300.0000000        2.3811694
     301.0000000        2.3826097
     302.0000000        2.3857418
     303.0000000        2.3906513
     304.0000000        2.3929681
     305.0000000        2.3963709
     306.0000000        2.3980266
     307.0000000        2.4002986
     308.0000000        2.4057042
     309.0000000        2.4112958
     310.0000000        2.4179224
     311.0000000        2.4255078
     312.0000000        2.4297671
     313.0000000        2.4301161
     314.0000000        2.4278346
     315.0000000        2.4249776
     316.0000000        2.4240261
     317.0000000        2.4260885
     318.0000000        2.4268327
     319.0000000        2.4262019
     320.0000000        2.4254031
     321.0000000        2.4256204
     322.0000000        2.4256316
     323.0000000        2.4238616
     324.0000000        2.4218288
     325.0000000        2.4232943
     326.0000000        2.4242832
     327.0000000        2.4249192
     328.0000000        2.4259596
     329.0000000        2.4276123
     330.0000000        2.4280221
     331.0000000        2.4279246
     332.0000000        2.4287188
     333.0000000        2.4269274
     334.0000000        2.4242879
     335.0000000        2.4212124
     336.0000000        2.4191306
     337.0000000        2.4176869
     338.0000000        2.4153446
     339.0000000        2.4129052
     340.0000000        2.4093777
     341.0000000        2.4059764
     342.0000000        2.4022926
     343.0000000        2.3983298
     344.0000000        2.3936563
     345.0000000        2.3886636
     346.0000000        2.3836493
     347.0000000        2.3792588
     348.0000000        2.3795422
     349.0000000        2.3797367
     350.0000000        2.3808700
     351.0000000        2.3836217
     352.0000000        2.3882445
     353.0000000        2.3926511
     354.0000000        2.3947882
     355.0000000        2.3967023
     356.0000000        2.3987030
     357.0000000        2.4005402
     358.0000000        2.4017126
     359.0000000        2.4046684
     360.0000000        2.4082828
     361.0000000        2.4124386
     362.0000000        2.4136532
     363.0000000        2.4135036
     364.0000000        2.4132870
     365.0000000        2.4095763
     366.0000000        2.4059646
     367.0000000        2.4043452
     368.0000000        2.4048513
     369.0000000        2.4045421
     370.0000000        2.4043436
     371.0000000        2.4026222
     372.0000000        2.4014367
     373.0000000        2.3993554
     374.0000000        2.3950327
     375.0000000        2.3914897
     376.0000000        2.3865532
     377.0000000        2.3831861
     378.0000000        2.3804259
     379.0000000        2.3779966
     380.0000000        2.3762772
     381.0000000        2.3762775
     382.0000000        2.3737183
     383.0000000        2.3719470
     384.0000000        2.3699891
     385.0000000        2.3693960
     386.0000000        2.3693453
     387.0000000        2.3691639
     388.0000000        2.3675795
     389.0000000        2.3638664
     390.0000000        2.3609255
     391.0000000        2.3591273
     392.0000000        2.3581932
     393.0000000        2.3599002
     394.0000000        2.3624164
     395.0000000        2.3623865
     396.0000000        2.3626051
     397.0000000        2.3627467
     398.0000000        2.3609827
     399.0000000        2.3573580
     400.0000000        2.3545773
     401.0000000        2.3514566
     402.0000000        2.3481513
     403.0000000        2.3465671
     404.0000000        2.3447992
     405.0000000        2.3417923
     406.0000000        2.3402870
     407.0000000        2.3392449
     408.0000000        2.3379216
     409.0000000        2.3363877
     410.0000000        2.3364045
     411.0000000        2.3365449
     412.0000000        2.3353151
     413.0000000        2.3359073
     414.0000000        2.3366138
     415.0000000        2.3416214
     416.0000000        2.3461284
     417.0000000        2.3508258
     418.0000000        2.3545166
     419.0000000        2.3567387
     420.0000000        2.3582454
     421.0000000        2.3585066
     422.0000000        2.3568640
     423.0000000        2.3576724
     424.0000000        2.3581035
     425.0000000        2.3598753
     426.0000000        2.3621518
     427.0000000        2.3632832
     428.0000000        2.3628373
     429.0000000        2.3609158
     430.0000000        2.3595813
     431.0000000        2.3590580
     432.0000000        2.3581155
     433.0000000        2.3587120
     434.0000000        2.3612349
     435.0000000        2.3664501
     436.0000000        2.3715595
     437.0000000        2.3752756
     438.0000000        2.3795641
     439.0000000        2.3840368
     440.0000000        2.3860689
     441.0000000        2.3865899
     442.0000000        2.3877623
     443.0000000        2.3902371
     444.0000000        2.3932132
     445.0000000        2.3959510
     446.0000000        2.3983785
     447.0000000        2.4029463
     448.0000000        2.4061498
     449.0000000        2.4105945
     450.0000000        2.4160442
     451.0000000        2.4210718
     452.0000000        2.4234953
     453.0000000        2.4249527
     454.0000000        2.4258916
     455.0000000        2.4258209
     456.0000000        2.4269203
     457.0000000        2.4279204
     458.0000000        2.4292601
     459.0000000        2.4280346
     460.0000000        2.4270361
     461.0000000        2.4258501
     462.0000000        2.4250589
     463.0000000        2.4238696
     464.0000000        2.4221228
     465.0000000        2.4225744
     466.0000000        2.4236299
     467.0000000        2.4242920
     468.0000000        2.4224332
     469.0000000        2.4214367
     470.0000000        2.4203817
     471.0000000        2.4210865
     472.0000000        2.4209825
     473.0000000        2.4193649
     474.0000000        2.4196430
     475.0000000        2.4203857
     476.0000000        2.4212175
     477.0000000        2.4220529
     478.0000000        2.4218257
     479.0000000        2.4205229
     480.0000000        2.4169927
     481.0000000        2.4130822
     482.0000000        2.4065170
     483.0000000        2.4002252
     484.0000000        2.3940607
     485.0000000        2.3886129
     486.0000000        2.3837634
     487.0000000        2.3789961
     488.0000000        2.3741150
     489.0000000        2.3690461
     490.0000000        2.3661284
     491.0000000        2.3647597
     492.0000000        2.3643290
     493.0000000        2.3620747
     494.0000000        2.3623990
     495.0000000        2.3630113
     496.0000000        2.3638419
     497.0000000        2.3655655
     498.0000000        2.3682854
     499.0000000        2.3696252
     500.0000000        2.3720664
     501.0000000        2.3733712
     502.0000000        2.3739989
     503.0000000        2.3759255
     504.0000000        2.3766662
     505.0000000        2.3771100
     506.0000000        2.3764890
     507.0000000        2.3761103
     508.0000000        2.3751657
     509.0000000        2.3741054
     510.0000000        2.3722404
     511.0000000        2.3699055
     512.0000000        2.3676257
     513.0000000        2.3659536
     514.0000000        2.3643517
     515.0000000        2.3631103
     516.0000000        2.3643140
     517.0000000        2.3638400
     518.0000000        2.3628773
     519.0000000        2.3623957
     520.0000000        2.3630132
     521.0000000        2.3660404
     522.0000000        2.3703326
     523.0000000        2.3718091
     524.0000000        2.3745663
     525.0000000        2.3789800
     526.0000000        2.3810810
     527.0000000        2.3818863
     528.0000000        2.3852038
     529.0000000        2.3911530
     530.0000000        2.3958544
     531.0000000        2.3979203
     532.0000000        2.3997216
     533.0000000        2.4038372
     534.0000000        2.4075143
     535.0000000        2.4085003
     536.0000000        2.4083998
     537.0000000        2.4073611
     538.0000000        2.4053877
     539.0000000        2.4039639
     540.0000000        2.4035034
     541.0000000        2.4039284
     542.0000000        2.4059087
     543.0000000        2.4097454
     544.0000000        2.4135276
     545.0000000        2.4181664
     546.0000000        2.4210463
     547.0000000        2.4224675
     548.0000000        2.4250429
     549.0000000        2.4291178
     550.0000000        2.4319444
     551.0000000        2.4343647
     552.0000000        2.4367771
     553.0000000        2.4392011
     554.0000000        2.4399580
     555.0000000        2.4398481
     556.0000000        2.4381683
     557.0000000        2.4371332
     558.0000000        2.4347147
     559.0000000        2.4322201
     560.0000000        2.4324627
     561.0000000        2.4363642
     562.0000000        2.4393131
     563.0000000        2.4448148
     564.0000000        2.4498403
     565.0000000        2.4523926
     566.0000000        2.4548534
     567.0000000        2.4556911
     568.0000000        2.4543934
     569.0000000        2.4532930
     570.0000000        2.4508509
     571.0000000        2.4497440
     572.0000000        2.4489948
     573.0000000        2.4472704
     574.0000000        2.4439724
     575.0000000        2.4417162
     576.0000000        2.4403609
     577.0000000        2.4393164
     578.0000000        2.4355743
     579.0000000        2.4317828
     580.0000000        2.4294123
     581.0000000        2.4283020
     582.0000000        2.4261566
     583.0000000        2.4230753
     584.0000000        2.4183545
     585.0000000        2.4121583
     586.0000000        2.4062079
     587.0000000        2.4022916
     588.0000000        2.3978047
     589.0000000        2.3915294
     590.0000000        2.3871320
     591.0000000        2.3851008
     592.0000000        2.3816296
     593.0000000        2.3786021
     594.0000000        2.3748204
     595.0000000        2.3737337
     596.0000000        2.3735990
     597.0000000        2.3736054
     598.0000000        2.3732503
     599.0000000        2.3737325
     600.0000000        2.3719950
