       1.0000000        5.0173589
       2.0000000        4.8820348
       3.0000000        4.7868443
       4.0000000        4.7300663
       5.0000000        4.6892720
       6.0000000        4.6684469
       7.0000000        4.6727707
       8.0000000        4.6719510
       9.0000000        4.7139737
      10.0000000        4.7692737
      11.0000000        4.8054829
      12.0000000        4.8596001
      13.0000000        4.8905390
      14.0000000        4.9416718
      15.0000000        5.0141486
      16.0000000        5.0503007
      17.0000000        5.0590604
      18.0000000        5.0451933
      19.0000000        5.0550103
      20.0000000        5.0541727
      21.0000000        5.0359581
      22.0000000        4.9986877
      23.0000000        4.9659828
      24.0000000        4.9566068
      25.0000000        4.9026886
      26.0000000        4.8358356
      27.0000000        4.8203182
      28.0000000        4.8227774
      29.0000000        4.8276186
      30.0000000        4.8400319
      31.0000000        4.8188725
      32.0000000        4.8246768
      33.0000000        4.8161637
      34.0000000        4.8052435
      35.0000000        4.8289518
      36.0000000        4.8647805
      37.0000000        4.8373903
      38.0000000        4.7850690
      39.0000000        4.7474105
      40.0000000        4.7335775
      41.0000000        4.7022033
      42.0000000        4.6846880
      43.0000000        4.6922178
      44.0000000        4.7535813
      45.0000000        4.7790091
      46.0000000        4.8016728
      47.0000000        4.8303162
      48.0000000        4.8781697
      49.0000000        4.9303756
      50.0000000        4.9265917
      51.0000000        4.9062153
      52.0000000        4.8621210
      53.0000000        4.8300336
      54.0000000        4.8090372
      55.0000000        4.7653540
      56.0000000        4.7259527
      57.0000000        4.7360927
      58.0000000        4.7587802
      59.0000000        4.7939770
      60.0000000        4.8357977
      61.0000000        4.8366332
      62.0000000        4.7844648
      63.0000000        4.7647240
      64.0000000        4.7572379
      65.0000000        4.7460329
      66.0000000        4.7172743
      67.0000000        4.7393317
      68.0000000        4.8167219
      69.0000000        4.8195072
      70.0000000        4.8498113
      71.0000000        4.8937859
      72.0000000        4.8922468
      73.0000000        4.9547951
      74.0000000        5.0173663
      75.0000000        5.0639402
      76.0000000        5.0922773
      77.0000000        5.0802906
      78.0000000        5.0965381
      79.0000000        5.1064965
      80.0000000        5.1274006
      81.0000000        5.1321047
      82.0000000        5.1154152
      83.0000000        5.0820674
      84.0000000        5.0417170
      85.0000000        4.9790276
      86.0000000        4.9193820
      87.0000000        4.8856997
      88.0000000        4.8910397
      89.0000000        4.9024720
      90.0000000        4.9106784
      91.0000000        4.9241457
      92.0000000        4.9590321
      93.0000000        4.9856876
      94.0000000        4.9813852
      95.0000000        4.9780171
      96.0000000        4.9504346
      97.0000000        4.9242369
      98.0000000        4.9392726
      99.0000000        5.0083802
     100.0000000        5.0971937
     101.0000000        5.1615740
     102.0000000        5.2214533
     103.0000000        5.2928227
     104.0000000        5.3228239
     105.0000000        5.3028088
     106.0000000        5.3054815
     107.0000000        5.2870932
     108.0000000        5.2863163
     109.0000000        5.2512277
     110.0000000        5.2009533
     111.0000000        5.1872641
     112.0000000        5.2079934
     113.0000000        5.2259781
     114.0000000        5.2379075
     115.0000000        5.2368883
     116.0000000        5.2248509
     117.0000000        5.2742269
     118.0000000        5.3411654
     119.0000000        5.3945419
     120.0000000        5.4323381
     121.0000000        5.4368046
     122.0000000        5.3621368
     123.0000000        5.3072111
     124.0000000        5.2914005
     125.0000000        5.2909997
     126.0000000        5.1974918
     127.0000000        5.1260385
     128.0000000        5.0928791
     129.0000000        5.0817109
     130.0000000        5.0636719
     131.0000000        5.0450364
     132.0000000        4.9973872
     133.0000000        4.9655447
     134.0000000        4.9570015
     135.0000000        4.9607821
     136.0000000        4.9698020
     137.0000000        4.9857897
     138.0000000        4.9982587
     139.0000000        5.0149410
     140.0000000        5.0265766
     141.0000000        5.0341192
     142.0000000        4.9939297
     143.0000000        4.9697027
     144.0000000        4.9608399
     145.0000000        4.9583998
     146.0000000        4.9783560
     147.0000000        4.9777599
     148.0000000        4.9839581
     149.0000000        4.9938444
     150.0000000        4.9854164
     151.0000000        4.9450706
     152.0000000        4.9399343
     153.0000000        4.9733877
     154.0000000        4.9907615
     155.0000000        5.0002049
     156.0000000        4.9739618
     157.0000000        4.9779016
     158.0000000        4.9850081
     159.0000000        5.0061163
     160.0000000        5.0185287
     161.0000000        5.0063473
     162.0000000        5.0039104
     163.0000000        4.9769926
     164.0000000        4.9745700
     165.0000000        4.9381489
     166.0000000        4.8969565
     167.0000000        4.8882316
     168.0000000        4.9022881
     169.0000000        4.9378984
     170.0000000        4.9457298
     171.0000000        4.9778810
     172.0000000        4.9975713
     173.0000000        5.0059458
     174.0000000        5.0108743
     175.0000000        5.0128855
     176.0000000        5.0544403
     177.0000000        5.0789725
     178.0000000        5.0802740
     179.0000000        5.1147145
     180.0000000        5.1762068
     181.0000000        5.2717037
     182.0000000        5.3077332
     183.0000000        5.3167175
     184.0000000        5.3084484
     185.0000000        5.2694450
     186.0000000        5.2484351
     187.0000000        5.2231253
     188.0000000        5.1538790
     189.0000000        5.0631038
     190.0000000        5.0514004
     191.0000000        5.0446640
     192.0000000        5.0030736
     193.0000000        4.9257860
     194.0000000        4.9047636
     195.0000000        4.8840758
     196.0000000        4.8640626
     197.0000000        4.8504298
     198.0000000        4.8418226
     199.0000000        4.8211019
     200.0000000        4.8188875
     201.0000000        4.8415384
     202.0000000        4.8851902
     203.0000000        4.9666782
     204.0000000        5.0667270
     205.0000000        5.1385085
     206.0000000        5.2194463
     207.0000000        5.2910057
     208.0000000        5.3498388
     209.0000000        5.3798412
     210.0000000        5.3887254
     211.0000000        5.3369115
     212.0000000        5.2871074
     213.0000000        5.2383384
     214.0000000        5.2012558
     215.0000000        5.1508525
     216.0000000        5.0875089
     217.0000000        5.0641140
     218.0000000        5.0578273
     219.0000000        5.0837469
     220.0000000        5.0964447
     221.0000000        5.1081604
     222.0000000        5.1260186
     223.0000000        5.1453394
     224.0000000        5.1976993
     225.0000000        5.2307402
     226.0000000        5.2270290
     227.0000000        5.2566461
     228.0000000        5.2694871
     229.0000000        5.2714748
     230.0000000        5.2529723
     231.0000000        5.1856753
     232.0000000        5.1874401
     233.0000000        5.1483747
     234.0000000        5.1179412
     235.0000000        5.0882203
     236.0000000        5.0565691
     237.0000000        5.0308858
     238.0000000        4.9795758
     239.0000000        4.9045667
     240.0000000        4.8692651
     241.0000000        4.8417750
     242.0000000        4.8649072
     243.0000000        4.8589654
     244.0000000        4.8268684
     245.0000000        4.8177070
     246.0000000        4.8066481
     247.0000000        4.8201538
     248.0000000        4.8457558
     249.0000000        4.8330104
     250.0000000        4.8177569
     251.0000000        4.8666727
     252.0000000        4.8644790
     253.0000000        4.8811805
     254.0000000        4.8821657
     255.0000000        4.8811519
     256.0000000        4.9249039
     257.0000000        4.9623915
     258.0000000        4.9686835
     259.0000000        4.9651869
     260.0000000        4.9495279
     261.0000000        4.9067977
     262.0000000        4.8979116
     263.0000000        4.8972150
     264.0000000        4.8877260
     265.0000000        4.9224572
     266.0000000        4.9806793
     267.0000000        5.0278925
     268.0000000        5.0642940
     269.0000000        5.0744816
     270.0000000        5.0768087
     271.0000000        5.1165415
     272.0000000        5.1155414
     273.0000000        5.1172441
     274.0000000        5.1086975
     275.0000000        5.0995562
     276.0000000        5.0600009
     277.0000000        4.9827839
     278.0000000        4.9380480
     279.0000000        4.9297848
     280.0000000        4.9365334
     281.0000000        4.9552877
     282.0000000        4.9578633
     283.0000000        4.9405286
     284.0000000        4.9010678
     285.0000000        4.8892032
     286.0000000        4.8918407
     287.0000000        4.9059142
     288.0000000        4.9202029
     289.0000000        4.8907044
     290.0000000        4.8845974
     291.0000000        4.9190013
     292.0000000        4.9668909
     293.0000000        5.0022703
     294.0000000        5.0512453
     295.0000000        5.0609402
     296.0000000        5.0416626
     297.0000000        5.0249547
     298.0000000        5.0261197
     299.0000000        5.0301658
     300.0000000        4.9993859
     301.0000000        4.9520400
     302.0000000        4.9103720
     303.0000000        4.8834969
     304.0000000        4.8854389
     305.0000000        4.8926074
     306.0000000        4.9207974
     307.0000000        4.9900558
     308.0000000        5.0484363
     309.0000000        5.0688797
     310.0000000        5.0727528
     311.0000000        5.0309613
     312.0000000        5.0146579
     313.0000000        4.9772826
     314.0000000        4.9655454
     315.0000000        4.9650653
     316.0000000        5.0076877
     317.0000000        5.0254974
     318.0000000        5.0397059
     319.0000000        5.0178980
     320.0000000        5.0282272
     321.0000000        5.0087566
     322.0000000        5.0154570
     323.0000000        4.9908514
     324.0000000        4.9711429
     325.0000000        4.9307083
     326.0000000        4.9517232
     327.0000000        4.9726968
     328.0000000        4.9900304
     329.0000000        5.0433075
     330.0000000        5.0938869
     331.0000000        5.1226281
     332.0000000        5.1610403
     333.0000000        5.1554344
     334.0000000        5.1785894
     335.0000000        5.2057529
     336.0000000        5.2197859
     337.0000000        5.2429213
     338.0000000        5.2851130
     339.0000000        5.2858701
     340.0000000        5.2796049
     341.0000000        5.2464372
     342.0000000        5.1971502
     343.0000000        5.1779688
     344.0000000        5.1494599
     345.0000000        5.1385306
     346.0000000        5.1127126
     347.0000000        5.0457282
     348.0000000        5.0126018
     349.0000000        5.0222353
     350.0000000        5.0300003
     351.0000000        5.0244062
     352.0000000        5.0335464
     353.0000000        5.0394180
     354.0000000        5.0604255
     355.0000000        5.1063414
     356.0000000        5.1263120
     357.0000000        5.1414362
     358.0000000        5.1144229
     359.0000000        5.0728056
     360.0000000        5.0677391
     361.0000000        5.0712082
     362.0000000        5.0701033
     363.0000000        5.0624942
     364.0000000        5.0582438
     365.0000000        5.0788224
     366.0000000        5.0565438
     367.0000000        5.0209738
     368.0000000        4.9709157
     369.0000000        4.9541021
     370.0000000        4.9463869
     371.0000000        4.8993537
     372.0000000        4.8638399
     373.0000000        4.8595168
     374.0000000        4.8911589
     375.0000000        4.9338828
     376.0000000        4.9921720
     377.0000000        5.0113792
     378.0000000        5.0151100
     379.0000000        5.0161722
     380.0000000        5.0045123
     381.0000000        4.9471313
     382.0000000        4.9169459
     383.0000000        4.8833876
     384.0000000        4.8679123
     385.0000000        4.8972249
     386.0000000        4.9344968
     387.0000000        4.9406859
     388.0000000        4.9682976
     389.0000000        4.9929854
     390.0000000        5.0134938
     391.0000000        5.0127735
     392.0000000        4.9902790
     393.0000000        5.0152797
     394.0000000        5.0029351
     395.0000000        4.9631106
     396.0000000        4.9284699
     397.0000000        4.9182066
     398.0000000        4.9082250
     399.0000000        4.8886043
     400.0000000        4.8839215
     401.0000000        4.8149663
     402.0000000        4.7634726
     403.0000000        4.7172396
     404.0000000        4.6740473
     405.0000000        4.6495225
     406.0000000        4.6353037
     407.0000000        4.6311376
     408.0000000        4.6167005
     409.0000000        4.6399306
     410.0000000        4.7202334
     411.0000000        4.8176871
     412.0000000        4.8666599
     413.0000000        4.9203048
     414.0000000        4.9525932
     415.0000000        4.9278822
     416.0000000        4.9412256
     417.0000000        4.9966285
     418.0000000        5.0342938
     419.0000000        5.0947206
     420.0000000        5.1547581
     421.0000000        5.1877286
     422.0000000        5.2140865
     423.0000000        5.1839833
     424.0000000        5.1674376
     425.0000000        5.1737097
     426.0000000        5.1781170
     427.0000000        5.1403377
     428.0000000        5.1005404
     429.0000000        5.0819291
     430.0000000        5.0830798
     431.0000000        5.1355650
     432.0000000        5.1574293
     433.0000000        5.1294988
     434.0000000        5.1043483
     435.0000000        5.0856675
     436.0000000        5.0628383
     437.0000000        4.9976156
     438.0000000        4.9389029
     439.0000000        4.8923053
     440.0000000        4.8636955
     441.0000000        4.8378709
     442.0000000        4.8281441
     443.0000000        4.8728999
     444.0000000        4.9253022
     445.0000000        4.9797752
     446.0000000        5.0132403
     447.0000000        5.0084209
     448.0000000        4.9606622
     449.0000000        4.9354056
     450.0000000        4.9787630
     451.0000000        4.9999759
     452.0000000        5.0264958
     453.0000000        5.0320146
     454.0000000        5.0684227
     455.0000000        5.0941891
     456.0000000        5.1176826
     457.0000000        5.1464189
     458.0000000        5.1430758
     459.0000000        5.1336725
     460.0000000        5.1480256
     461.0000000        5.1831010
     462.0000000        5.1848690
     463.0000000        5.1759200
     464.0000000        5.1581122
     465.0000000        5.1509018
     466.0000000        5.1565539
     467.0000000        5.1561610
     468.0000000        5.1381362
     469.0000000        5.0656248
     470.0000000        5.0035637
     471.0000000        4.9316399
     472.0000000        4.8706728
     473.0000000        4.8248831
     474.0000000        4.8009562
     475.0000000        4.8290414
     476.0000000        4.8322675
     477.0000000        4.8334476
     478.0000000        4.8412363
     479.0000000        4.8733861
     480.0000000        4.8912324
     481.0000000        4.9067141
     482.0000000        4.9446744
     483.0000000        4.9917612
     484.0000000        5.0265736
     485.0000000        5.0329139
     486.0000000        5.0421960
     487.0000000        5.0244213
     488.0000000        5.0089568
     489.0000000        4.9755400
     490.0000000        4.9480732
     491.0000000        4.9370994
     492.0000000        4.9422358
     493.0000000        4.9918723
     494.0000000        5.0296276
     495.0000000        5.0272321
     496.0000000        4.9800415
     497.0000000        4.9518338
     498.0000000        4.9414528
     499.0000000        4.9334057
     500.0000000        4.9256982
     501.0000000        4.8994646
     502.0000000        4.8965715
     503.0000000        4.9152775
     504.0000000        4.9004749
     505.0000000        4.8934579
     506.0000000        4.8567992
     507.0000000        4.8112128
     508.0000000        4.7698987
     509.0000000        4.7728511
     510.0000000        4.7894679
     511.0000000        4.7786615
     512.0000000        4.7563202
     513.0000000        4.7570662
     514.0000000        4.7612448
     515.0000000        4.7692558
     516.0000000        4.7646843
     517.0000000        4.7509313
     518.0000000        4.7439119
     519.0000000        4.7464549
     520.0000000        4.7565608
     521.0000000        4.7848661
     522.0000000        4.8122147
     523.0000000        4.8163724
     524.0000000        4.8202924
     525.0000000        4.8378105
     526.0000000        4.8540592
     527.0000000        4.8607786
     528.0000000        4.8578854
     529.0000000        4.8328079
     530.0000000        4.8386213
     531.0000000        4.8390525
     532.0000000        4.8451369
     533.0000000        4.8555551
     534.0000000        4.8523691
     535.0000000        4.8493447
     536.0000000        4.8843469
     537.0000000        4.9070504
     538.0000000        4.9479449
     539.0000000        4.9390523
     540.0000000        4.9125488
     541.0000000        4.9102900
     542.0000000        4.9172914
     543.0000000        4.9193031
     544.0000000        4.8959681
     545.0000000        4.8910861
     546.0000000        4.9089250
     547.0000000        4.8993151
     548.0000000        4.8777053
     549.0000000        4.8940083
     550.0000000        4.9469422
     551.0000000        4.9893033
     552.0000000        5.0254437
     553.0000000        5.0679964
     554.0000000        5.1266293
     555.0000000        5.1751941
     556.0000000        5.1931500
     557.0000000        5.1944546
     558.0000000        5.2109908
     559.0000000        5.1643362
     560.0000000        5.1083698
     561.0000000        5.0248200
     562.0000000        4.9381355
     563.0000000        4.8794987
     564.0000000        4.8642059
     565.0000000        4.8860298
     566.0000000        4.9169115
     567.0000000        4.9353384
     568.0000000        4.9548482
     569.0000000        4.9859516
     570.0000000        5.0042360
     571.0000000        5.0278488
     572.0000000        5.0288876
     573.0000000        5.0130622
     574.0000000        5.0387180
     575.0000000        5.0512584
     576.0000000        5.0303672
     577.0000000        4.9942362
     578.0000000        4.9637353
     579.0000000        4.9834925
     580.0000000        4.9595424
     581.0000000        4.9374235
     582.0000000        4.9413006
     583.0000000        4.9543825
     584.0000000        4.9903193
     585.0000000        5.0430566
     586.0000000        5.0958648
     587.0000000        5.1651558
     588.0000000        5.2190096
     589.0000000        5.2165006
     590.0000000        5.1936939
     591.0000000        5.1527700
     592.0000000        5.1075583
     593.0000000        5.1134985
     594.0000000        5.1499838
     595.0000000        5.1417178
     596.0000000        5.1283202
     597.0000000        5.1689426
     598.0000000        5.1829737
     599.0000000        5.2258841
     600.0000000        5.2566961
