       1.0000000        0.3299663
       2.0000000        0.3046737
       3.0000000        0.2962106
       4.0000000        0.2948807
       5.0000000        0.2868852
       6.0000000        0.2794097
       7.0000000        0.2735795
       8.0000000        0.2698493
       9.0000000        0.2630917
      10.0000000        0.2576438
      11.0000000        0.2558062
      12.0000000        0.2490843
      13.0000000        0.2449780
      14.0000000        0.2453539
      15.0000000        0.2431160
      16.0000000        0.2401297
      17.0000000        0.2422647
      18.0000000        0.2445465
      19.0000000        0.2445733
      20.0000000        0.2416518
      21.0000000        0.2403431
      22.0000000        0.2429199
      23.0000000        0.2440560
      24.0000000        0.2430339
      25.0000000        0.2460235
      26.0000000        0.2520076
      27.0000000        0.2517675
      28.0000000        0.2516755
      29.0000000        0.2539452
      30.0000000        0.2567074
      31.0000000        0.2555135
      32.0000000        0.2505149
      33.0000000        0.2472396
      34.0000000        0.2465344
      35.0000000        0.2484755
      36.0000000        0.2503184
      37.0000000        0.2549829
      38.0000000        0.2626716
      39.0000000        0.2688592
      40.0000000        0.2683218
      41.0000000        0.2693818
      42.0000000        0.2685922
      43.0000000        0.2645924
      44.0000000        0.2590864
      45.0000000        0.2567492
      46.0000000        0.2542998
      47.0000000        0.2494159
      48.0000000        0.2468975
      49.0000000        0.2420896
      50.0000000        0.2397318
      51.0000000        0.2407080
      52.0000000        0.2428328
      53.0000000        0.2449708
      54.0000000        0.2464975
      55.0000000        0.2448511
      56.0000000        0.2416217
      57.0000000        0.2398163
      58.0000000        0.2377706
      59.0000000        0.2386052
      60.0000000        0.2416724
      61.0000000        0.2438439
      62.0000000        0.2479946
      63.0000000        0.2541544
      64.0000000        0.2594893
      65.0000000        0.2637599
      66.0000000        0.2681388
      67.0000000        0.2717758
      68.0000000        0.2688231
      69.0000000        0.2628942
      70.0000000        0.2617565
      71.0000000        0.2594938
      72.0000000        0.2575540
      73.0000000        0.2561842
      74.0000000        0.2548138
      75.0000000        0.2541603
      76.0000000        0.2505063
      77.0000000        0.2517899
      78.0000000        0.2506139
      79.0000000        0.2502839
      80.0000000        0.2454039
      81.0000000        0.2409977
      82.0000000        0.2401177
      83.0000000        0.2405342
      84.0000000        0.2449751
      85.0000000        0.2487875
      86.0000000        0.2528188
      87.0000000        0.2575093
      88.0000000        0.2608187
      89.0000000        0.2609235
      90.0000000        0.2591900
      91.0000000        0.2614023
      92.0000000        0.2634120
      93.0000000        0.2663570
      94.0000000        0.2685152
      95.0000000        0.2701621
      96.0000000        0.2696806
      97.0000000        0.2635824
      98.0000000        0.2605429
      99.0000000        0.2610309
     100.0000000        0.2669388
     101.0000000        0.2669901
     102.0000000        0.2625561
     103.0000000        0.2595212
     104.0000000        0.2544881
     105.0000000        0.2530739
     106.0000000        0.2536163
     107.0000000        0.2500863
     108.0000000        0.2510744
     109.0000000        0.2550225
     110.0000000        0.2596888
     111.0000000        0.2650670
     112.0000000        0.2654587
     113.0000000        0.2614590
     114.0000000        0.2550373
     115.0000000        0.2530767
     116.0000000        0.2492908
     117.0000000        0.2462120
     118.0000000        0.2472952
     119.0000000        0.2460375
     120.0000000        0.2413204
     121.0000000        0.2380282
     122.0000000        0.2363571
     123.0000000        0.2357324
     124.0000000        0.2354868
     125.0000000        0.2348523
     126.0000000        0.2376652
     127.0000000        0.2421330
     128.0000000        0.2428486
     129.0000000        0.2375854
     130.0000000        0.2364123
     131.0000000        0.2417048
     132.0000000        0.2446412
     133.0000000        0.2501019
     134.0000000        0.2525262
     135.0000000        0.2567909
     136.0000000        0.2594431
     137.0000000        0.2600160
     138.0000000        0.2574570
     139.0000000        0.2571811
     140.0000000        0.2578647
     141.0000000        0.2520770
     142.0000000        0.2505715
     143.0000000        0.2490801
     144.0000000        0.2461298
     145.0000000        0.2451389
     146.0000000        0.2488883
     147.0000000        0.2561035
     148.0000000        0.2602878
     149.0000000        0.2615873
     150.0000000        0.2610479
     151.0000000        0.2591481
     152.0000000        0.2580901
     153.0000000        0.2621149
     154.0000000        0.2597803
     155.0000000        0.2563607
     156.0000000        0.2527123
     157.0000000        0.2492449
     158.0000000        0.2473214
     159.0000000        0.2472065
     160.0000000        0.2496488
     161.0000000        0.2525573
     162.0000000        0.2554235
     163.0000000        0.2608367
     164.0000000        0.2655312
     165.0000000        0.2703980
     166.0000000        0.2742210
     167.0000000        0.2719539
     168.0000000        0.2714456
     169.0000000        0.2694998
     170.0000000        0.2688493
     171.0000000        0.2697149
     172.0000000        0.2704593
     173.0000000        0.2683891
     174.0000000        0.2685800
     175.0000000        0.2700240
     176.0000000        0.2737638
     177.0000000        0.2746333
     178.0000000        0.2708598
     179.0000000        0.2652403
     180.0000000        0.2622647
     181.0000000        0.2615810
     182.0000000        0.2596948
     183.0000000        0.2588024
     184.0000000        0.2594750
     185.0000000        0.2594238
     186.0000000        0.2586536
     187.0000000        0.2629691
     188.0000000        0.2678743
     189.0000000        0.2790984
     190.0000000        0.2905318
     191.0000000        0.3003490
     192.0000000        0.3038742
     193.0000000        0.3063645
     194.0000000        0.3040541
     195.0000000        0.2998572
     196.0000000        0.2998085
     197.0000000        0.2979914
     198.0000000        0.2948354
     199.0000000        0.2909848
     200.0000000        0.2862389
     201.0000000        0.2816398
     202.0000000        0.2713636
     203.0000000        0.2636158
     204.0000000        0.2578574
     205.0000000        0.2518597
     206.0000000        0.2482362
     207.0000000        0.2455983
     208.0000000        0.2472628
     209.0000000        0.2504585
     210.0000000        0.2558595
     211.0000000        0.2609830
     212.0000000        0.2648706
     213.0000000        0.2719791
     214.0000000        0.2774343
     215.0000000        0.2759871
     216.0000000        0.2720199
     217.0000000        0.2695850
     218.0000000        0.2698816
     219.0000000        0.2704114
     220.0000000        0.2664735
     221.0000000        0.2656480
     222.0000000        0.2660548
     223.0000000        0.2653633
     224.0000000        0.2640230
     225.0000000        0.2621709
     226.0000000        0.2630022
     227.0000000        0.2629344
     228.0000000        0.2561030
     229.0000000        0.2530289
     230.0000000        0.2468521
     231.0000000        0.2382659
     232.0000000        0.2357303
     233.0000000        0.2383454
     234.0000000        0.2405169
     235.0000000        0.2435781
     236.0000000        0.2447668
     237.0000000        0.2508980
     238.0000000        0.2565606
     239.0000000        0.2578729
     240.0000000        0.2572852
     241.0000000        0.2554323
     242.0000000        0.2507803
     243.0000000        0.2473844
     244.0000000        0.2445596
     245.0000000        0.2419186
     246.0000000        0.2415778
     247.0000000        0.2417596
     248.0000000        0.2408502
     249.0000000        0.2398971
     250.0000000        0.2422299
     251.0000000        0.2447397
     252.0000000        0.2493332
     253.0000000        0.2489277
     254.0000000        0.2477715
     255.0000000        0.2466676
     256.0000000        0.2456680
     257.0000000        0.2484373
     258.0000000        0.2516409
     259.0000000        0.2551163
     260.0000000        0.2560424
     261.0000000        0.2588321
     262.0000000        0.2591253
     263.0000000        0.2637274
     264.0000000        0.2692935
     265.0000000        0.2678994
     266.0000000        0.2675678
     267.0000000        0.2716441
     268.0000000        0.2802428
     269.0000000        0.2854959
     270.0000000        0.2876718
     271.0000000        0.2876436
     272.0000000        0.2882235
     273.0000000        0.2857822
     274.0000000        0.2820583
     275.0000000        0.2726666
     276.0000000        0.2648885
     277.0000000        0.2561525
     278.0000000        0.2513454
     279.0000000        0.2484579
     280.0000000        0.2495234
     281.0000000        0.2501776
     282.0000000        0.2530248
     283.0000000        0.2555810
     284.0000000        0.2623534
     285.0000000        0.2674241
     286.0000000        0.2708181
     287.0000000        0.2712900
     288.0000000        0.2696647
     289.0000000        0.2688224
     290.0000000        0.2678668
     291.0000000        0.2681762
     292.0000000        0.2697870
     293.0000000        0.2712321
     294.0000000        0.2720799
     295.0000000        0.2720279
     296.0000000        0.2772639
     297.0000000        0.2755714
     298.0000000        0.2644383
     299.0000000        0.2573635
     300.0000000        0.2559109
     301.0000000        0.2538261
     302.0000000        0.2558782
     303.0000000        0.2627176
     304.0000000        0.2671809
     305.0000000        0.2677893
     306.0000000        0.2695204
     307.0000000        0.2705598
     308.0000000        0.2775047
     309.0000000        0.2787940
     310.0000000        0.2791689
     311.0000000        0.2799441
     312.0000000        0.2834057
     313.0000000        0.2842646
     314.0000000        0.2813108
     315.0000000        0.2793846
     316.0000000        0.2786887
     317.0000000        0.2780510
     318.0000000        0.2782189
     319.0000000        0.2773733
     320.0000000        0.2756160
     321.0000000        0.2704733
     322.0000000        0.2664369
     323.0000000        0.2671888
     324.0000000        0.2680403
     325.0000000        0.2689947
     326.0000000        0.2677769
     327.0000000        0.2629157
     328.0000000        0.2603811
     329.0000000        0.2603016
     330.0000000        0.2612143
     331.0000000        0.2643466
     332.0000000        0.2649250
     333.0000000        0.2651902
     334.0000000        0.2645799
     335.0000000        0.2622456
     336.0000000        0.2624375
     337.0000000        0.2625051
     338.0000000        0.2618000
     339.0000000        0.2604919
     340.0000000        0.2550234
     341.0000000        0.2549193
     342.0000000        0.2583612
     343.0000000        0.2635982
     344.0000000        0.2696274
     345.0000000        0.2734455
     346.0000000        0.2749571
     347.0000000        0.2789170
     348.0000000        0.2879937
     349.0000000        0.2942991
     350.0000000        0.2981619
     351.0000000        0.2943418
     352.0000000        0.2911780
     353.0000000        0.2880743
     354.0000000        0.2865918
     355.0000000        0.2887615
     356.0000000        0.2833712
     357.0000000        0.2787029
     358.0000000        0.2733720
     359.0000000        0.2645261
     360.0000000        0.2550458
     361.0000000        0.2507120
     362.0000000        0.2471070
     363.0000000        0.2428102
     364.0000000        0.2399279
     365.0000000        0.2382792
     366.0000000        0.2387318
     367.0000000        0.2365199
     368.0000000        0.2401750
     369.0000000        0.2422537
     370.0000000        0.2418869
     371.0000000        0.2445752
     372.0000000        0.2462253
     373.0000000        0.2449884
     374.0000000        0.2450056
     375.0000000        0.2439637
     376.0000000        0.2420454
     377.0000000        0.2383197
     378.0000000        0.2388388
     379.0000000        0.2430430
     380.0000000        0.2485821
     381.0000000        0.2521782
     382.0000000        0.2554515
     383.0000000        0.2558994
     384.0000000        0.2541868
     385.0000000        0.2518872
     386.0000000        0.2490838
     387.0000000        0.2506793
     388.0000000        0.2542941
     389.0000000        0.2557998
     390.0000000        0.2617589
     391.0000000        0.2670998
     392.0000000        0.2727665
     393.0000000        0.2757347
     394.0000000        0.2755885
     395.0000000        0.2787672
     396.0000000        0.2841513
     397.0000000        0.2861399
     398.0000000        0.2855357
     399.0000000        0.2820583
     400.0000000        0.2760814
     401.0000000        0.2720724
     402.0000000        0.2658955
     403.0000000        0.2563582
     404.0000000        0.2518733
     405.0000000        0.2503670
     406.0000000        0.2472451
     407.0000000        0.2416758
     408.0000000        0.2396382
     409.0000000        0.2355762
     410.0000000        0.2343369
     411.0000000        0.2341296
     412.0000000        0.2344031
     413.0000000        0.2349847
     414.0000000        0.2411559
     415.0000000        0.2494972
     416.0000000        0.2523378
     417.0000000        0.2555039
     418.0000000        0.2591867
     419.0000000        0.2650686
     420.0000000        0.2691315
     421.0000000        0.2748929
     422.0000000        0.2823343
     423.0000000        0.2890280
     424.0000000        0.3004139
     425.0000000        0.3061523
     426.0000000        0.3046430
     427.0000000        0.2997090
     428.0000000        0.3006567
     429.0000000        0.2953733
     430.0000000        0.2922154
     431.0000000        0.2863304
     432.0000000        0.2784635
     433.0000000        0.2699764
     434.0000000        0.2630995
     435.0000000        0.2560969
     436.0000000        0.2497281
     437.0000000        0.2459417
     438.0000000        0.2429630
     439.0000000        0.2419995
     440.0000000        0.2451068
     441.0000000        0.2511575
     442.0000000        0.2553708
     443.0000000        0.2518497
     444.0000000        0.2487207
     445.0000000        0.2498920
     446.0000000        0.2507123
     447.0000000        0.2527566
     448.0000000        0.2558993
     449.0000000        0.2592017
     450.0000000        0.2641182
     451.0000000        0.2668468
     452.0000000        0.2701421
     453.0000000        0.2735239
     454.0000000        0.2708139
     455.0000000        0.2682806
     456.0000000        0.2648727
     457.0000000        0.2642634
     458.0000000        0.2668832
     459.0000000        0.2636449
     460.0000000        0.2605286
     461.0000000        0.2564419
     462.0000000        0.2481317
     463.0000000        0.2428042
     464.0000000        0.2386592
     465.0000000        0.2382687
     466.0000000        0.2353379
     467.0000000        0.2334179
     468.0000000        0.2335966
     469.0000000        0.2354649
     470.0000000        0.2407019
     471.0000000        0.2532471
     472.0000000        0.2629455
     473.0000000        0.2687337
     474.0000000        0.2754889
     475.0000000        0.2837718
     476.0000000        0.2860127
     477.0000000        0.2860045
     478.0000000        0.2848747
     479.0000000        0.2813406
     480.0000000        0.2757253
     481.0000000        0.2668607
     482.0000000        0.2568196
     483.0000000        0.2504836
     484.0000000        0.2460361
     485.0000000        0.2408455
     486.0000000        0.2397236
     487.0000000        0.2435439
     488.0000000        0.2510315
     489.0000000        0.2567300
     490.0000000        0.2622318
     491.0000000        0.2706398
     492.0000000        0.2781982
     493.0000000        0.2896119
     494.0000000        0.2991761
     495.0000000        0.3011120
     496.0000000        0.2955060
     497.0000000        0.2876726
     498.0000000        0.2831885
     499.0000000        0.2778830
     500.0000000        0.2724337
     501.0000000        0.2704530
     502.0000000        0.2668790
     503.0000000        0.2606013
     504.0000000        0.2538140
     505.0000000        0.2437923
     506.0000000        0.2354836
     507.0000000        0.2343252
     508.0000000        0.2332277
     509.0000000        0.2335956
     510.0000000        0.2408039
     511.0000000        0.2433703
     512.0000000        0.2454236
     513.0000000        0.2434297
     514.0000000        0.2405541
     515.0000000        0.2432158
     516.0000000        0.2418694
     517.0000000        0.2404114
     518.0000000        0.2402377
     519.0000000        0.2399018
     520.0000000        0.2374791
     521.0000000        0.2348928
     522.0000000        0.2357923
     523.0000000        0.2389097
     524.0000000        0.2444460
     525.0000000        0.2474948
     526.0000000        0.2525656
     527.0000000        0.2595720
     528.0000000        0.2656925
     529.0000000        0.2631325
     530.0000000        0.2629830
     531.0000000        0.2599849
     532.0000000        0.2527802
     533.0000000        0.2476366
     534.0000000        0.2423243
     535.0000000        0.2381317
     536.0000000        0.2393176
     537.0000000        0.2438169
     538.0000000        0.2513600
     539.0000000        0.2560857
     540.0000000        0.2595035
     541.0000000        0.2663451
     542.0000000        0.2712702
     543.0000000        0.2712876
     544.0000000        0.2735890
     545.0000000        0.2715011
     546.0000000        0.2716329
     547.0000000        0.2731574
     548.0000000        0.2752886
     549.0000000        0.2810380
     550.0000000        0.2846335
     551.0000000        0.2817001
     552.0000000        0.2708248
     553.0000000        0.2589583
     554.0000000        0.2527418
     555.0000000        0.2528915
     556.0000000        0.2536636
     557.0000000        0.2560943
     558.0000000        0.2589422
     559.0000000        0.2646357
     560.0000000        0.2671861
     561.0000000        0.2704660
     562.0000000        0.2704689
     563.0000000        0.2683259
     564.0000000        0.2622390
     565.0000000        0.2537518
     566.0000000        0.2440347
     567.0000000        0.2351988
     568.0000000        0.2278530
     569.0000000        0.2251097
     570.0000000        0.2293508
     571.0000000        0.2333813
     572.0000000        0.2385362
     573.0000000        0.2396477
     574.0000000        0.2415564
     575.0000000        0.2464139
     576.0000000        0.2506383
     577.0000000        0.2480217
     578.0000000        0.2448076
     579.0000000        0.2455551
     580.0000000        0.2428467
     581.0000000        0.2421514
     582.0000000        0.2451346
     583.0000000        0.2475639
     584.0000000        0.2498844
     585.0000000        0.2488659
     586.0000000        0.2475884
     587.0000000        0.2472183
     588.0000000        0.2483319
     589.0000000        0.2459571
     590.0000000        0.2441148
     591.0000000        0.2428927
     592.0000000        0.2382529
     593.0000000        0.2308666
     594.0000000        0.2263876
     595.0000000        0.2244542
     596.0000000        0.2231366
     597.0000000        0.2238806
     598.0000000        0.2270387
     599.0000000        0.2290465
     600.0000000        0.2295277
