       1.0000000        9.4487126
       2.0000000        8.8306678
       3.0000000        8.3849359
       4.0000000        8.0666757
       5.0000000        7.8038998
       6.0000000        7.6521377
       7.0000000        7.5210072
       8.0000000        7.4316252
       9.0000000        7.2409415
      10.0000000        7.1118485
      11.0000000        7.0269056
      12.0000000        6.9774005
      13.0000000        6.8859407
      14.0000000        6.7986472
      15.0000000        6.6393743
      16.0000000        6.4850127
      17.0000000        6.3362395
      18.0000000        6.1568389
      19.0000000        6.0073427
      20.0000000        5.8615619
      21.0000000        5.7090547
      22.0000000        5.5688414
      23.0000000        5.4620628
      24.0000000        5.3964641
      25.0000000        5.3125780
      26.0000000        5.1801886
      27.0000000        5.0834270
      28.0000000        5.0117190
      29.0000000        4.9848580
      30.0000000        4.9812379
      31.0000000        4.9681776
      32.0000000        4.9335877
      33.0000000        4.8874643
      34.0000000        4.8548259
      35.0000000        4.8145964
      36.0000000        4.7553884
      37.0000000        4.7030972
      38.0000000        4.6555772
      39.0000000        4.6115093
      40.0000000        4.5408822
      41.0000000        4.4338587
      42.0000000        4.3335977
      43.0000000        4.2416652
      44.0000000        4.1639481
      45.0000000        4.0768102
      46.0000000        3.9658826
      47.0000000        3.8363458
      48.0000000        3.7094518
      49.0000000        3.6283261
      50.0000000        3.5786617
      51.0000000        3.5462110
      52.0000000        3.5435116
      53.0000000        3.5566995
      54.0000000        3.5642866
      55.0000000        3.5718156
      56.0000000        3.5867469
      57.0000000        3.6156139
      58.0000000        3.6802638
      59.0000000        3.7591103
      60.0000000        3.8539183
      61.0000000        3.9589979
      62.0000000        4.0797220
      63.0000000        4.2095338
      64.0000000        4.3049825
      65.0000000        4.3606620
      66.0000000        4.3915350
      67.0000000        4.3845694
      68.0000000        4.3693992
      69.0000000        4.3708561
      70.0000000        4.3581010
      71.0000000        4.3317802
      72.0000000        4.3034360
      73.0000000        4.2880346
      74.0000000        4.2785803
      75.0000000        4.2984471
      76.0000000        4.3177036
      77.0000000        4.3087445
      78.0000000        4.2889827
      79.0000000        4.2812299
      80.0000000        4.2914020
      81.0000000        4.3245822
      82.0000000        4.3742422
      83.0000000        4.4308524
      84.0000000        4.5195375
      85.0000000        4.5966724
      86.0000000        4.6900608
      87.0000000        4.7969221
      88.0000000        4.9275715
      89.0000000        5.1039823
      90.0000000        5.2476405
      91.0000000        5.3687954
      92.0000000        5.4107110
      93.0000000        5.4063976
      94.0000000        5.4695331
      95.0000000        5.5291440
      96.0000000        5.5591694
      97.0000000        5.5963781
      98.0000000        5.5834645
      99.0000000        5.6255306
     100.0000000        5.7116440
     101.0000000        5.7316562
     102.0000000        5.7354710
     103.0000000        5.7072161
     104.0000000        5.6706961
     105.0000000        5.6088802
     106.0000000        5.5086946
     107.0000000        5.4267335
     108.0000000        5.3685714
     109.0000000        5.3020133
     110.0000000        5.2657154
     111.0000000        5.2318206
     112.0000000        5.2082575
     113.0000000        5.1295074
     114.0000000        4.9882260
     115.0000000        4.8647229
     116.0000000        4.7833906
     117.0000000        4.7029379
     118.0000000        4.6137968
     119.0000000        4.5436568
     120.0000000        4.4704250
     121.0000000        4.4377650
     122.0000000        4.3951358
     123.0000000        4.3518159
     124.0000000        4.2976040
     125.0000000        4.2667980
     126.0000000        4.2491750
     127.0000000        4.2265310
     128.0000000        4.1984061
     129.0000000        4.1559448
     130.0000000        4.1053577
     131.0000000        4.0401003
     132.0000000        3.9884057
     133.0000000        3.9754048
     134.0000000        4.0051139
     135.0000000        4.0442733
     136.0000000        4.0793087
     137.0000000        4.1138758
     138.0000000        4.1494044
     139.0000000        4.1732082
     140.0000000        4.2366989
     141.0000000        4.3028406
     142.0000000        4.3619465
     143.0000000        4.4093082
     144.0000000        4.4485788
     145.0000000        4.5157999
     146.0000000        4.5811166
     147.0000000        4.6191097
     148.0000000        4.6703501
     149.0000000        4.7246626
     150.0000000        4.7600031
     151.0000000        4.8073166
     152.0000000        4.8239564
     153.0000000        4.8583709
     154.0000000        4.9119096
     155.0000000        4.9860229
     156.0000000        5.0397353
     157.0000000        5.0640510
     158.0000000        5.0348488
     159.0000000        5.0107990
     160.0000000        4.9774424
     161.0000000        5.0030349
     162.0000000        5.0526849
     163.0000000        5.1197626
     164.0000000        5.1670329
     165.0000000        5.1467369
     166.0000000        5.1323297
     167.0000000        5.1676914
     168.0000000        5.2234712
     169.0000000        5.2933397
     170.0000000        5.3659864
     171.0000000        5.3817793
     172.0000000        5.3759578
     173.0000000        5.4064852
     174.0000000        5.4009048
     175.0000000        5.3949399
     176.0000000        5.4521117
     177.0000000        5.5129992
     178.0000000        5.4946427
     179.0000000        5.4631841
     180.0000000        5.4360870
     181.0000000        5.4041703
     182.0000000        5.3885110
     183.0000000        5.3511192
     184.0000000        5.3686647
     185.0000000        5.4169429
     186.0000000        5.4484930
     187.0000000        5.5111163
     188.0000000        5.5613654
     189.0000000        5.5924913
     190.0000000        5.6352491
     191.0000000        5.6733018
     192.0000000        5.7429934
     193.0000000        5.8130347
     194.0000000        5.8929356
     195.0000000        5.9488174
     196.0000000        5.9487412
     197.0000000        5.9492021
     198.0000000        5.9475472
     199.0000000        5.8826812
     200.0000000        5.8351256
     201.0000000        5.7833209
     202.0000000        5.7375219
     203.0000000        5.7418057
     204.0000000        5.7023796
     205.0000000        5.6314698
     206.0000000        5.5864227
     207.0000000        5.5172441
     208.0000000        5.4306920
     209.0000000        5.3381768
     210.0000000        5.2164592
     211.0000000        5.1483844
     212.0000000        5.1070971
     213.0000000        5.0715852
     214.0000000        5.0495934
     215.0000000        5.0304454
     216.0000000        5.0141074
     217.0000000        5.0183351
     218.0000000        5.0243751
     219.0000000        5.0399712
     220.0000000        5.1177131
     221.0000000        5.2151653
     222.0000000        5.2766271
     223.0000000        5.3411882
     224.0000000        5.3988305
     225.0000000        5.4257961
     226.0000000        5.4102015
     227.0000000        5.3985721
     228.0000000        5.3597988
     229.0000000        5.2866573
     230.0000000        5.2146126
     231.0000000        5.1332579
     232.0000000        5.1091351
     233.0000000        5.0786045
     234.0000000        5.0262704
     235.0000000        4.9656791
     236.0000000        4.8586238
     237.0000000        4.7530658
     238.0000000        4.6530446
     239.0000000        4.6123260
     240.0000000        4.5860105
     241.0000000        4.5688860
     242.0000000        4.5557592
     243.0000000        4.5408412
     244.0000000        4.5421382
     245.0000000        4.5414834
     246.0000000        4.5426555
     247.0000000        4.5730952
     248.0000000        4.6171247
     249.0000000        4.6840580
     250.0000000        4.7383543
     251.0000000        4.7900261
     252.0000000        4.8082041
     253.0000000        4.7951457
     254.0000000        4.7321965
     255.0000000        4.6459557
     256.0000000        4.5510036
     257.0000000        4.4647199
     258.0000000        4.3601047
     259.0000000        4.2701317
     260.0000000        4.2080893
     261.0000000        4.1605746
     262.0000000        4.1180030
     263.0000000        4.1051857
     264.0000000        4.0892084
     265.0000000        4.0860458
     266.0000000        4.0806760
     267.0000000        4.0995773
     268.0000000        4.1243975
     269.0000000        4.1647073
     270.0000000        4.2444411
     271.0000000        4.3485596
     272.0000000        4.4254387
     273.0000000        4.4704956
     274.0000000        4.5430689
     275.0000000        4.6346594
     276.0000000        4.7289748
     277.0000000        4.8386302
     278.0000000        4.9269746
     279.0000000        4.9888275
     280.0000000        5.0203704
     281.0000000        5.0068555
     282.0000000        4.9938308
     283.0000000        4.9613760
     284.0000000        4.8945303
     285.0000000        4.8234590
     286.0000000        4.7480775
     287.0000000        4.7206151
     288.0000000        4.7283210
     289.0000000        4.7440932
     290.0000000        4.7392056
     291.0000000        4.7260694
     292.0000000        4.7178102
     293.0000000        4.7384326
     294.0000000        4.7035947
     295.0000000        4.7053991
     296.0000000        4.7320453
     297.0000000        4.7582294
     298.0000000        4.7781985
     299.0000000        4.7695686
     300.0000000        4.7886362
     301.0000000        4.8083803
     302.0000000        4.8247139
     303.0000000        4.8295141
     304.0000000        4.8361857
     305.0000000        4.8210985
     306.0000000        4.8152214
     307.0000000        4.7958254
     308.0000000        4.7857099
     309.0000000        4.8175770
     310.0000000        4.8569545
     311.0000000        4.8902179
     312.0000000        4.9255658
     313.0000000        4.8991159
     314.0000000        4.8478274
     315.0000000        4.8263784
     316.0000000        4.8227417
     317.0000000        4.8440516
     318.0000000        4.8652514
     319.0000000        4.9177259
     320.0000000        4.9589151
     321.0000000        4.9902306
     322.0000000        5.0129017
     323.0000000        5.0953754
     324.0000000        5.1876456
     325.0000000        5.2703221
     326.0000000        5.3725371
     327.0000000        5.5120551
     328.0000000        5.6082791
     329.0000000        5.7302252
     330.0000000        5.8228184
     331.0000000        5.8295586
     332.0000000        5.8792754
     333.0000000        5.9457492
     334.0000000        5.9846342
     335.0000000        5.9473780
     336.0000000        5.8871074
     337.0000000        5.8202459
     338.0000000        5.7618869
     339.0000000        5.6900394
     340.0000000        5.5965641
     341.0000000        5.5193322
     342.0000000        5.4723114
     343.0000000        5.4207365
     344.0000000        5.2682464
     345.0000000        5.1385949
     346.0000000        5.0157041
     347.0000000        4.9402136
     348.0000000        4.8689730
     349.0000000        4.8190832
     350.0000000        4.8144071
     351.0000000        4.8157137
     352.0000000        4.8178455
     353.0000000        4.8338277
     354.0000000        4.8381187
     355.0000000        4.8280612
     356.0000000        4.8191566
     357.0000000        4.7766598
     358.0000000        4.7527977
     359.0000000        4.7672712
     360.0000000        4.7690324
     361.0000000        4.8010588
     362.0000000        4.8663622
     363.0000000        4.9514929
     364.0000000        5.0322942
     365.0000000        5.0843776
     366.0000000        5.1543933
     367.0000000        5.1951632
     368.0000000        5.2205542
     369.0000000        5.2665768
     370.0000000        5.2709291
     371.0000000        5.2858006
     372.0000000        5.2385716
     373.0000000        5.2001217
     374.0000000        5.1679845
     375.0000000        5.1214130
     376.0000000        5.0434207
     377.0000000        4.9880703
     378.0000000        4.9650469
     379.0000000        4.9502637
     380.0000000        4.8840133
     381.0000000        4.8027794
     382.0000000        4.7128831
     383.0000000        4.6466923
     384.0000000        4.5625359
     385.0000000        4.5081763
     386.0000000        4.4513413
     387.0000000        4.3686103
     388.0000000        4.2842325
     389.0000000        4.2151683
     390.0000000        4.1655050
     391.0000000        4.1393725
     392.0000000        4.1126924
     393.0000000        4.0680778
     394.0000000        3.9987380
     395.0000000        3.9322926
     396.0000000        3.8816443
     397.0000000        3.8615839
     398.0000000        3.8328816
     399.0000000        3.7579526
     400.0000000        3.6869028
     401.0000000        3.6502036
     402.0000000        3.6334994
     403.0000000        3.5960643
     404.0000000        3.5311561
     405.0000000        3.4747476
     406.0000000        3.4401738
     407.0000000        3.4200075
     408.0000000        3.3669289
     409.0000000        3.3044984
     410.0000000        3.2734595
     411.0000000        3.2406791
     412.0000000        3.2096463
     413.0000000        3.2183744
     414.0000000        3.2214572
     415.0000000        3.2280838
     416.0000000        3.2349506
     417.0000000        3.2542465
     418.0000000        3.2423294
     419.0000000        3.2258385
     420.0000000        3.2465225
     421.0000000        3.3156430
     422.0000000        3.3854522
     423.0000000        3.4397948
     424.0000000        3.4851278
     425.0000000        3.5347307
     426.0000000        3.5989470
     427.0000000        3.6603829
     428.0000000        3.7348630
     429.0000000        3.8064719
     430.0000000        3.8860675
     431.0000000        3.9819078
     432.0000000        4.0835924
     433.0000000        4.1945033
     434.0000000        4.3123414
     435.0000000        4.4168643
     436.0000000        4.5081804
     437.0000000        4.5917233
     438.0000000        4.6787237
     439.0000000        4.7611223
     440.0000000        4.7906880
     441.0000000        4.7972130
     442.0000000        4.7850318
     443.0000000        4.7868437
     444.0000000        4.7660332
     445.0000000        4.6565752
     446.0000000        4.5401767
     447.0000000        4.4387319
     448.0000000        4.3470647
     449.0000000        4.2412296
     450.0000000        4.1579040
     451.0000000        4.1010924
     452.0000000        4.0257579
     453.0000000        3.9360218
     454.0000000        3.8650739
     455.0000000        3.8150786
     456.0000000        3.7797035
     457.0000000        3.7585992
     458.0000000        3.7590221
     459.0000000        3.7663050
     460.0000000        3.7707233
     461.0000000        3.7671612
     462.0000000        3.7339390
     463.0000000        3.7102769
     464.0000000        3.6973049
     465.0000000        3.6727547
     466.0000000        3.6505561
     467.0000000        3.6658364
     468.0000000        3.7145463
     469.0000000        3.7753244
     470.0000000        3.8162552
     471.0000000        3.8370830
     472.0000000        3.8531157
     473.0000000        3.8680384
     474.0000000        3.9099098
     475.0000000        3.9767591
     476.0000000        4.0322954
     477.0000000        4.0834019
     478.0000000        4.1455670
     479.0000000        4.2198667
     480.0000000        4.3007735
     481.0000000        4.3924854
     482.0000000        4.4848812
     483.0000000        4.5625322
     484.0000000        4.6762688
     485.0000000        4.8041607
     486.0000000        4.9097246
     487.0000000        5.0224920
     488.0000000        5.0767177
     489.0000000        5.0717751
     490.0000000        5.0441406
     491.0000000        5.0324706
     492.0000000        4.9589338
     493.0000000        4.8758422
     494.0000000        4.8125674
     495.0000000        4.7805983
     496.0000000        4.7546991
     497.0000000        4.7250964
     498.0000000        4.7128609
     499.0000000        4.6752063
     500.0000000        4.6540717
     501.0000000        4.6159435
     502.0000000        4.5784746
     503.0000000        4.5418670
     504.0000000        4.4800520
     505.0000000        4.4574264
     506.0000000        4.4405915
     507.0000000        4.4261427
     508.0000000        4.3976522
     509.0000000        4.3676224
     510.0000000        4.3358399
     511.0000000        4.3152832
     512.0000000        4.2820974
     513.0000000        4.2429669
     514.0000000        4.1892436
     515.0000000        4.1166654
     516.0000000        4.0494812
     517.0000000        3.9780929
     518.0000000        3.9017755
     519.0000000        3.8404870
     520.0000000        3.7798225
     521.0000000        3.7130039
     522.0000000        3.6574465
     523.0000000        3.6106733
     524.0000000        3.5906243
     525.0000000        3.5863426
     526.0000000        3.5991639
     527.0000000        3.6038694
     528.0000000        3.6062047
     529.0000000        3.6027339
     530.0000000        3.6110222
     531.0000000        3.6306859
     532.0000000        3.6610460
     533.0000000        3.6864781
     534.0000000        3.6933755
     535.0000000        3.7185170
     536.0000000        3.7461185
     537.0000000        3.7705369
     538.0000000        3.8007627
     539.0000000        3.8572660
     540.0000000        3.8839633
     541.0000000        3.8746675
     542.0000000        3.8393155
     543.0000000        3.7957579
     544.0000000        3.7477720
     545.0000000        3.6947812
     546.0000000        3.6536849
     547.0000000        3.6439819
     548.0000000        3.6545827
     549.0000000        3.6700186
     550.0000000        3.6793570
     551.0000000        3.6997133
     552.0000000        3.7086362
     553.0000000        3.7162181
     554.0000000        3.7362242
     555.0000000        3.7542784
     556.0000000        3.7872281
     557.0000000        3.8130929
     558.0000000        3.8516696
     559.0000000        3.8745252
     560.0000000        3.8768417
     561.0000000        3.9006672
     562.0000000        3.9274737
     563.0000000        3.9261290
     564.0000000        3.9356643
     565.0000000        3.9624538
     566.0000000        4.0082992
     567.0000000        4.0586500
     568.0000000        4.1159749
     569.0000000        4.1790963
     570.0000000        4.2499039
     571.0000000        4.3169688
     572.0000000        4.3550992
     573.0000000        4.3453582
     574.0000000        4.3144316
     575.0000000        4.2869068
     576.0000000        4.2714600
     577.0000000        4.2551274
     578.0000000        4.2393138
     579.0000000        4.2402831
     580.0000000        4.2360024
     581.0000000        4.2046933
     582.0000000        4.1631588
     583.0000000        4.1471261
     584.0000000        4.1684065
     585.0000000        4.1761066
     586.0000000        4.1908636
     587.0000000        4.2134365
     588.0000000        4.2905230
     589.0000000        4.3676406
     590.0000000        4.4543354
     591.0000000        4.5094468
     592.0000000        4.5821074
     593.0000000        4.6478644
     594.0000000        4.7320341
     595.0000000        4.8029111
     596.0000000        4.8854567
     597.0000000        4.9732075
     598.0000000        5.0531326
     599.0000000        5.0887542
     600.0000000        5.0788255
