       1.0000000        0.3761877
       2.0000000        0.3514096
       3.0000000        0.3343842
       4.0000000        0.3197827
       5.0000000        0.3125249
       6.0000000        0.3075092
       7.0000000        0.3039028
       8.0000000        0.3002140
       9.0000000        0.2957930
      10.0000000        0.2943349
      11.0000000        0.2966968
      12.0000000        0.3009971
      13.0000000        0.3036757
      14.0000000        0.3006389
      15.0000000        0.2939080
      16.0000000        0.2857678
      17.0000000        0.2784882
      18.0000000        0.2793073
      19.0000000        0.2821512
      20.0000000        0.2838447
      21.0000000        0.2826605
      22.0000000        0.2739197
      23.0000000        0.2695496
      24.0000000        0.2728627
      25.0000000        0.2796125
      26.0000000        0.2872238
      27.0000000        0.2915955
      28.0000000        0.2936974
      29.0000000        0.2962315
      30.0000000        0.2960106
      31.0000000        0.2918808
      32.0000000        0.2860124
      33.0000000        0.2845556
      34.0000000        0.2816999
      35.0000000        0.2801984
      36.0000000        0.2832061
      37.0000000        0.2802243
      38.0000000        0.2727932
      39.0000000        0.2652244
      40.0000000        0.2618828
      41.0000000        0.2608323
      42.0000000        0.2609535
      43.0000000        0.2627501
      44.0000000        0.2645830
      45.0000000        0.2608414
      46.0000000        0.2593573
      47.0000000        0.2608253
      48.0000000        0.2635299
      49.0000000        0.2650474
      50.0000000        0.2638841
      51.0000000        0.2685886
      52.0000000        0.2730735
      53.0000000        0.2791217
      54.0000000        0.2851102
      55.0000000        0.2899579
      56.0000000        0.2969082
      57.0000000        0.3004079
      58.0000000        0.3020421
      59.0000000        0.3045451
      60.0000000        0.3064451
      61.0000000        0.3117883
      62.0000000        0.3121671
      63.0000000        0.3161687
      64.0000000        0.3199548
      65.0000000        0.3179707
      66.0000000        0.3161300
      67.0000000        0.3163483
      68.0000000        0.3201328
      69.0000000        0.3221709
      70.0000000        0.3264636
      71.0000000        0.3279073
      72.0000000        0.3282687
      73.0000000        0.3274578
      74.0000000        0.3268572
      75.0000000        0.3231462
      76.0000000        0.3188999
      77.0000000        0.3228003
      78.0000000        0.3320214
      79.0000000        0.3381984
      80.0000000        0.3393606
      81.0000000        0.3375903
      82.0000000        0.3330517
      83.0000000        0.3290635
      84.0000000        0.3247127
      85.0000000        0.3240811
      86.0000000        0.3206150
      87.0000000        0.3118275
      88.0000000        0.3059340
      89.0000000        0.3015386
      90.0000000        0.2950981
      91.0000000        0.2890492
      92.0000000        0.2887670
      93.0000000        0.2918783
      94.0000000        0.2954094
      95.0000000        0.3002961
      96.0000000        0.3039278
      97.0000000        0.3047463
      98.0000000        0.3035154
      99.0000000        0.3018470
     100.0000000        0.3041046
     101.0000000        0.3033282
     102.0000000        0.3010092
     103.0000000        0.3000715
     104.0000000        0.2995422
     105.0000000        0.2947542
     106.0000000        0.2916603
     107.0000000        0.2882128
     108.0000000        0.2873249
     109.0000000        0.2856495
     110.0000000        0.2814048
     111.0000000        0.2838071
     112.0000000        0.2889541
     113.0000000        0.2862039
     114.0000000        0.2820931
     115.0000000        0.2819086
     116.0000000        0.2835670
     117.0000000        0.2824910
     118.0000000        0.2832093
     119.0000000        0.2888878
     120.0000000        0.2907599
     121.0000000        0.2895293
     122.0000000        0.2846047
     123.0000000        0.2774297
     124.0000000        0.2684860
     125.0000000        0.2650866
     126.0000000        0.2590176
     127.0000000        0.2579215
     128.0000000        0.2571500
     129.0000000        0.2571619
     130.0000000        0.2594119
     131.0000000        0.2603091
     132.0000000        0.2614484
     133.0000000        0.2591101
     134.0000000        0.2631921
     135.0000000        0.2751587
     136.0000000        0.2861854
     137.0000000        0.2932952
     138.0000000        0.2967120
     139.0000000        0.3007469
     140.0000000        0.3000638
     141.0000000        0.3000117
     142.0000000        0.3005591
     143.0000000        0.3043190
     144.0000000        0.3051702
     145.0000000        0.3012012
     146.0000000        0.2992214
     147.0000000        0.2969854
     148.0000000        0.2949723
     149.0000000        0.2901297
     150.0000000        0.2840028
     151.0000000        0.2770019
     152.0000000        0.2741644
     153.0000000        0.2749329
     154.0000000        0.2761397
     155.0000000        0.2742813
     156.0000000        0.2790444
     157.0000000        0.2838768
     158.0000000        0.2868233
     159.0000000        0.2939861
     160.0000000        0.2985498
     161.0000000        0.3041445
     162.0000000        0.3062242
     163.0000000        0.3071676
     164.0000000        0.3017936
     165.0000000        0.3003825
     166.0000000        0.3023213
     167.0000000        0.3032979
     168.0000000        0.3011455
     169.0000000        0.3022717
     170.0000000        0.3029982
     171.0000000        0.3069289
     172.0000000        0.3127026
     173.0000000        0.3165047
     174.0000000        0.3179420
     175.0000000        0.3173601
     176.0000000        0.3173007
     177.0000000        0.3175513
     178.0000000        0.3149621
     179.0000000        0.3158347
     180.0000000        0.3137178
     181.0000000        0.3098261
     182.0000000        0.3043865
     183.0000000        0.3038861
     184.0000000        0.3084733
     185.0000000        0.3144323
     186.0000000        0.3188711
     187.0000000        0.3202916
     188.0000000        0.3197243
     189.0000000        0.3214537
     190.0000000        0.3233152
     191.0000000        0.3240421
     192.0000000        0.3250979
     193.0000000        0.3228380
     194.0000000        0.3199084
     195.0000000        0.3170512
     196.0000000        0.3061136
     197.0000000        0.2972330
     198.0000000        0.2887639
     199.0000000        0.2832956
     200.0000000        0.2796650
     201.0000000        0.2795421
     202.0000000        0.2828232
     203.0000000        0.2823006
     204.0000000        0.2791461
     205.0000000        0.2762135
     206.0000000        0.2776222
     207.0000000        0.2802058
     208.0000000        0.2850193
     209.0000000        0.2881673
     210.0000000        0.2872532
     211.0000000        0.2935997
     212.0000000        0.2991753
     213.0000000        0.3027004
     214.0000000        0.3056548
     215.0000000        0.3072593
     216.0000000        0.3066217
     217.0000000        0.3082671
     218.0000000        0.3074244
     219.0000000        0.3050604
     220.0000000        0.3093884
     221.0000000        0.3097416
     222.0000000        0.3093020
     223.0000000        0.3069650
     224.0000000        0.3015250
     225.0000000        0.2928221
     226.0000000        0.2916665
     227.0000000        0.2901259
     228.0000000        0.2917931
     229.0000000        0.2954983
     230.0000000        0.2995722
     231.0000000        0.2995389
     232.0000000        0.3039418
     233.0000000        0.3081769
     234.0000000        0.3128044
     235.0000000        0.3172057
     236.0000000        0.3177013
     237.0000000        0.3183420
     238.0000000        0.3172999
     239.0000000        0.3124398
     240.0000000        0.3104515
     241.0000000        0.3105389
     242.0000000        0.3063489
     243.0000000        0.3034432
     244.0000000        0.3029647
     245.0000000        0.3029386
     246.0000000        0.3019460
     247.0000000        0.3049351
     248.0000000        0.3090170
     249.0000000        0.3072062
     250.0000000        0.3013841
     251.0000000        0.2944246
     252.0000000        0.2885837
     253.0000000        0.2776470
     254.0000000        0.2683135
     255.0000000        0.2643802
     256.0000000        0.2598101
     257.0000000        0.2568824
     258.0000000        0.2555352
     259.0000000        0.2568528
     260.0000000        0.2620361
     261.0000000        0.2680511
     262.0000000        0.2673712
     263.0000000        0.2635132
     264.0000000        0.2586052
     265.0000000        0.2527334
     266.0000000        0.2494202
     267.0000000        0.2467618
     268.0000000        0.2471028
     269.0000000        0.2478313
     270.0000000        0.2525890
     271.0000000        0.2589754
     272.0000000        0.2653488
     273.0000000        0.2701315
     274.0000000        0.2763416
     275.0000000        0.2827415
     276.0000000        0.2862229
     277.0000000        0.2890283
     278.0000000        0.2868198
     279.0000000        0.2899679
     280.0000000        0.2967732
     281.0000000        0.3040522
     282.0000000        0.3037278
     283.0000000        0.3014262
     284.0000000        0.2992388
     285.0000000        0.2988879
     286.0000000        0.2990294
     287.0000000        0.2992980
     288.0000000        0.3057948
     289.0000000        0.3136723
     290.0000000        0.3205933
     291.0000000        0.3245001
     292.0000000        0.3227173
     293.0000000        0.3177735
     294.0000000        0.3222946
     295.0000000        0.3235365
     296.0000000        0.3178824
     297.0000000        0.3119936
     298.0000000        0.3145930
     299.0000000        0.3196739
     300.0000000        0.3195635
     301.0000000        0.3210731
     302.0000000        0.3227171
     303.0000000        0.3244678
     304.0000000        0.3235101
     305.0000000        0.3147295
     306.0000000        0.3056813
     307.0000000        0.3018110
     308.0000000        0.2959324
     309.0000000        0.2905462
     310.0000000        0.2800297
     311.0000000        0.2744267
     312.0000000        0.2707929
     313.0000000        0.2705292
     314.0000000        0.2721800
     315.0000000        0.2755072
     316.0000000        0.2817666
     317.0000000        0.2918065
     318.0000000        0.2983538
     319.0000000        0.3070113
     320.0000000        0.3194316
     321.0000000        0.3286101
     322.0000000        0.3260132
     323.0000000        0.3236063
     324.0000000        0.3240463
     325.0000000        0.3228285
     326.0000000        0.3202487
     327.0000000        0.3178951
     328.0000000        0.3216174
     329.0000000        0.3189402
     330.0000000        0.3185064
     331.0000000        0.3209513
     332.0000000        0.3213946
     333.0000000        0.3218330
     334.0000000        0.3196169
     335.0000000        0.3191643
     336.0000000        0.3218770
     337.0000000        0.3209792
     338.0000000        0.3149478
     339.0000000        0.3098695
     340.0000000        0.3074934
     341.0000000        0.2994769
     342.0000000        0.2976503
     343.0000000        0.2988343
     344.0000000        0.2932009
     345.0000000        0.2891067
     346.0000000        0.2857591
     347.0000000        0.2842403
     348.0000000        0.2865588
     349.0000000        0.2865464
     350.0000000        0.2887050
     351.0000000        0.2893672
     352.0000000        0.2882519
     353.0000000        0.2839292
     354.0000000        0.2846268
     355.0000000        0.2911319
     356.0000000        0.2983251
     357.0000000        0.2980032
     358.0000000        0.2957555
     359.0000000        0.2969642
     360.0000000        0.2963519
     361.0000000        0.2954086
     362.0000000        0.2902853
     363.0000000        0.2885438
     364.0000000        0.2899047
     365.0000000        0.2938554
     366.0000000        0.2933415
     367.0000000        0.2913679
     368.0000000        0.2929362
     369.0000000        0.2931659
     370.0000000        0.2930276
     371.0000000        0.2879910
     372.0000000        0.2831758
     373.0000000        0.2832606
     374.0000000        0.2901641
     375.0000000        0.3008401
     376.0000000        0.3145524
     377.0000000        0.3223497
     378.0000000        0.3288984
     379.0000000        0.3331800
     380.0000000        0.3360060
     381.0000000        0.3341947
     382.0000000        0.3291636
     383.0000000        0.3349392
     384.0000000        0.3358499
     385.0000000        0.3325328
     386.0000000        0.3339573
     387.0000000        0.3337057
     388.0000000        0.3263870
     389.0000000        0.3165645
     390.0000000        0.3098214
     391.0000000        0.3071942
     392.0000000        0.3012622
     393.0000000        0.2971562
     394.0000000        0.2906621
     395.0000000        0.2848066
     396.0000000        0.2807581
     397.0000000        0.2812964
     398.0000000        0.2847345
     399.0000000        0.2892891
     400.0000000        0.2920574
     401.0000000        0.2984391
     402.0000000        0.3059847
     403.0000000        0.3145284
     404.0000000        0.3222536
     405.0000000        0.3270108
     406.0000000        0.3300981
     407.0000000        0.3274828
     408.0000000        0.3282249
     409.0000000        0.3338726
     410.0000000        0.3402949
     411.0000000        0.3453096
     412.0000000        0.3470165
     413.0000000        0.3500973
     414.0000000        0.3442886
     415.0000000        0.3389707
     416.0000000        0.3387207
     417.0000000        0.3296349
     418.0000000        0.3203434
     419.0000000        0.3136623
     420.0000000        0.3049414
     421.0000000        0.2954640
     422.0000000        0.2896444
     423.0000000        0.2858379
     424.0000000        0.2814304
     425.0000000        0.2751645
     426.0000000        0.2731392
     427.0000000        0.2724753
     428.0000000        0.2736309
     429.0000000        0.2769393
     430.0000000        0.2796828
     431.0000000        0.2792693
     432.0000000        0.2811553
     433.0000000        0.2833568
     434.0000000        0.2826648
     435.0000000        0.2767414
     436.0000000        0.2701091
     437.0000000        0.2675102
     438.0000000        0.2632033
     439.0000000        0.2615444
     440.0000000        0.2580514
     441.0000000        0.2606950
     442.0000000        0.2622423
     443.0000000        0.2649393
     444.0000000        0.2626379
     445.0000000        0.2643647
     446.0000000        0.2617182
     447.0000000        0.2582242
     448.0000000        0.2567755
     449.0000000        0.2574172
     450.0000000        0.2583055
     451.0000000        0.2604171
     452.0000000        0.2613753
     453.0000000        0.2624050
     454.0000000        0.2660775
     455.0000000        0.2715046
     456.0000000        0.2738168
     457.0000000        0.2775071
     458.0000000        0.2849456
     459.0000000        0.2839030
     460.0000000        0.2782043
     461.0000000        0.2727388
     462.0000000        0.2723598
     463.0000000        0.2720419
     464.0000000        0.2721603
     465.0000000        0.2769416
     466.0000000        0.2815902
     467.0000000        0.2837628
     468.0000000        0.2903348
     469.0000000        0.2931859
     470.0000000        0.2965318
     471.0000000        0.2997499
     472.0000000        0.3033316
     473.0000000        0.3042187
     474.0000000        0.3063951
     475.0000000        0.3091992
     476.0000000        0.3151930
     477.0000000        0.3113274
     478.0000000        0.3040396
     479.0000000        0.3001585
     480.0000000        0.2941687
     481.0000000        0.2867665
     482.0000000        0.2812015
     483.0000000        0.2764111
     484.0000000        0.2706949
     485.0000000        0.2663878
     486.0000000        0.2668890
     487.0000000        0.2684707
     488.0000000        0.2709093
     489.0000000        0.2711924
     490.0000000        0.2729234
     491.0000000        0.2768759
     492.0000000        0.2789570
     493.0000000        0.2789034
     494.0000000        0.2811854
     495.0000000        0.2816541
     496.0000000        0.2798695
     497.0000000        0.2788727
     498.0000000        0.2791740
     499.0000000        0.2847338
     500.0000000        0.2897190
     501.0000000        0.2925613
     502.0000000        0.2956284
     503.0000000        0.3023104
     504.0000000        0.3070205
     505.0000000        0.3054973
     506.0000000        0.3039742
     507.0000000        0.2997583
     508.0000000        0.2997164
     509.0000000        0.3022402
     510.0000000        0.2990267
     511.0000000        0.2925778
     512.0000000        0.2885111
     513.0000000        0.2916260
     514.0000000        0.2956065
     515.0000000        0.2969971
     516.0000000        0.2967941
     517.0000000        0.2986011
     518.0000000        0.2983927
     519.0000000        0.2967072
     520.0000000        0.2965091
     521.0000000        0.2959588
     522.0000000        0.2918705
     523.0000000        0.2875008
     524.0000000        0.2839654
     525.0000000        0.2833364
     526.0000000        0.2842091
     527.0000000        0.2852559
     528.0000000        0.2848504
     529.0000000        0.2842127
     530.0000000        0.2762934
     531.0000000        0.2728562
     532.0000000        0.2714897
     533.0000000        0.2707855
     534.0000000        0.2710599
     535.0000000        0.2701965
     536.0000000        0.2672140
     537.0000000        0.2719614
     538.0000000        0.2783881
     539.0000000        0.2818375
     540.0000000        0.2840155
     541.0000000        0.2855298
     542.0000000        0.2866534
     543.0000000        0.2878512
     544.0000000        0.2819726
     545.0000000        0.2787281
     546.0000000        0.2768886
     547.0000000        0.2769373
     548.0000000        0.2798602
     549.0000000        0.2832236
     550.0000000        0.2884328
     551.0000000        0.2941149
     552.0000000        0.2970395
     553.0000000        0.2985728
     554.0000000        0.2984923
     555.0000000        0.3020579
     556.0000000        0.3047902
     557.0000000        0.3086043
     558.0000000        0.3123680
     559.0000000        0.3194603
     560.0000000        0.3232978
     561.0000000        0.3223038
     562.0000000        0.3226101
     563.0000000        0.3182565
     564.0000000        0.3109717
     565.0000000        0.3067387
     566.0000000        0.3034715
     567.0000000        0.2939310
     568.0000000        0.2830455
     569.0000000        0.2745683
     570.0000000        0.2682768
     571.0000000        0.2649699
     572.0000000        0.2606088
     573.0000000        0.2579883
     574.0000000        0.2564939
     575.0000000        0.2566771
     576.0000000        0.2541709
     577.0000000        0.2536890
     578.0000000        0.2568708
     579.0000000        0.2613702
     580.0000000        0.2647254
     581.0000000        0.2687406
     582.0000000        0.2727186
     583.0000000        0.2756681
     584.0000000        0.2766545
     585.0000000        0.2807989
     586.0000000        0.2868106
     587.0000000        0.2888654
     588.0000000        0.2899351
     589.0000000        0.2914898
     590.0000000        0.2919842
     591.0000000        0.2886696
     592.0000000        0.2864875
     593.0000000        0.2826777
     594.0000000        0.2830451
     595.0000000        0.2808328
     596.0000000        0.2821052
     597.0000000        0.2856981
     598.0000000        0.2896468
     599.0000000        0.2931350
     600.0000000        0.2933380
