       1.0000000        0.2696144
       2.0000000        0.2607746
       3.0000000        0.2605158
       4.0000000        0.2602769
       5.0000000        0.2617058
       6.0000000        0.2621508
       7.0000000        0.2675070
       8.0000000        0.2750229
       9.0000000        0.2757208
      10.0000000        0.2725327
      11.0000000        0.2684112
      12.0000000        0.2622277
      13.0000000        0.2560585
      14.0000000        0.2532895
      15.0000000        0.2530085
      16.0000000        0.2508904
      17.0000000        0.2498197
      18.0000000        0.2502085
      19.0000000        0.2509793
      20.0000000        0.2578458
      21.0000000        0.2639849
      22.0000000        0.2700305
      23.0000000        0.2744782
      24.0000000        0.2777050
      25.0000000        0.2828762
      26.0000000        0.2870061
      27.0000000        0.2934674
      28.0000000        0.2999323
      29.0000000        0.3029388
      30.0000000        0.2986705
      31.0000000        0.2964077
      32.0000000        0.2941030
      33.0000000        0.2934371
      34.0000000        0.2874447
      35.0000000        0.2777583
      36.0000000        0.2684371
      37.0000000        0.2646162
      38.0000000        0.2580001
      39.0000000        0.2470634
      40.0000000        0.2339104
      41.0000000        0.2208255
      42.0000000        0.2097536
      43.0000000        0.2040235
      44.0000000        0.2009064
      45.0000000        0.1992889
      46.0000000        0.1996082
      47.0000000        0.1982026
      48.0000000        0.1948174
      49.0000000        0.1914219
      50.0000000        0.1897143
      51.0000000        0.1876741
      52.0000000        0.1865286
      53.0000000        0.1858311
      54.0000000        0.1840305
      55.0000000        0.1816536
      56.0000000        0.1783209
      57.0000000        0.1757072
      58.0000000        0.1732075
      59.0000000        0.1687568
      60.0000000        0.1634156
      61.0000000        0.1575930
      62.0000000        0.1523011
      63.0000000        0.1478337
      64.0000000        0.1436161
      65.0000000        0.1384704
      66.0000000        0.1320698
      67.0000000        0.1256289
      68.0000000        0.1206233
      69.0000000        0.1160096
      70.0000000        0.1114172
      71.0000000        0.1063909
      72.0000000        0.1017809
      73.0000000        0.0984255
      74.0000000        0.0953760
      75.0000000        0.0928145
      76.0000000        0.0907498
      77.0000000        0.0883334
      78.0000000        0.0852397
      79.0000000        0.0818340
      80.0000000        0.0785993
      81.0000000        0.0758161
      82.0000000        0.0741181
      83.0000000        0.0726289
      84.0000000        0.0713882
      85.0000000        0.0706261
      86.0000000        0.0701145
      87.0000000        0.0692017
      88.0000000        0.0680648
      89.0000000        0.0671904
      90.0000000        0.0662545
      91.0000000        0.0648180
      92.0000000        0.0627928
      93.0000000        0.0603887
      94.0000000        0.0582155
      95.0000000        0.0563787
      96.0000000        0.0549002
      97.0000000        0.0536776
      98.0000000        0.0525277
      99.0000000        0.0511895
     100.0000000        0.0499134
     101.0000000        0.0487456
     102.0000000        0.0476502
     103.0000000        0.0466460
     104.0000000        0.0457790
     105.0000000        0.0451035
     106.0000000        0.0446720
     107.0000000        0.0444613
     108.0000000        0.0445248
     109.0000000        0.0448385
     110.0000000        0.0451385
     111.0000000        0.0454636
     112.0000000        0.0457857
     113.0000000        0.0461056
     114.0000000        0.0463174
     115.0000000        0.0467607
     116.0000000        0.0475321
     117.0000000        0.0486296
     118.0000000        0.0498095
     119.0000000        0.0511455
     120.0000000        0.0526353
     121.0000000        0.0545455
     122.0000000        0.0567845
     123.0000000        0.0590063
     124.0000000        0.0612517
     125.0000000        0.0636255
     126.0000000        0.0658146
     127.0000000        0.0677166
     128.0000000        0.0694006
     129.0000000        0.0708401
     130.0000000        0.0722944
     131.0000000        0.0739639
     132.0000000        0.0757457
     133.0000000        0.0772146
     134.0000000        0.0786802
     135.0000000        0.0804625
     136.0000000        0.0818827
     137.0000000        0.0824196
     138.0000000        0.0821683
     139.0000000        0.0816998
     140.0000000        0.0814081
     141.0000000        0.0813050
     142.0000000        0.0811940
     143.0000000        0.0809858
     144.0000000        0.0807172
     145.0000000        0.0807811
     146.0000000        0.0808163
     147.0000000        0.0804836
     148.0000000        0.0796593
     149.0000000        0.0792399
     150.0000000        0.0789990
     151.0000000        0.0790260
     152.0000000        0.0795320
     153.0000000        0.0796373
     154.0000000        0.0794324
     155.0000000        0.0786761
     156.0000000        0.0780334
     157.0000000        0.0779475
     158.0000000        0.0780818
     159.0000000        0.0778472
     160.0000000        0.0768023
     161.0000000        0.0752561
     162.0000000        0.0739042
     163.0000000        0.0727651
     164.0000000        0.0721027
     165.0000000        0.0721148
     166.0000000        0.0724442
     167.0000000        0.0728319
     168.0000000        0.0727597
     169.0000000        0.0722568
     170.0000000        0.0716059
     171.0000000        0.0707795
     172.0000000        0.0691800
     173.0000000        0.0668806
     174.0000000        0.0644449
     175.0000000        0.0619764
     176.0000000        0.0596517
     177.0000000        0.0576416
     178.0000000        0.0557245
     179.0000000        0.0539380
     180.0000000        0.0521939
     181.0000000        0.0504742
     182.0000000        0.0489017
     183.0000000        0.0472951
     184.0000000        0.0456311
     185.0000000        0.0439859
     186.0000000        0.0425505
     187.0000000        0.0412406
     188.0000000        0.0399972
     189.0000000        0.0390407
     190.0000000        0.0383218
     191.0000000        0.0376558
     192.0000000        0.0368878
     193.0000000        0.0359494
     194.0000000        0.0349561
     195.0000000        0.0339984
     196.0000000        0.0331272
     197.0000000        0.0323444
     198.0000000        0.0316851
     199.0000000        0.0311593
     200.0000000        0.0307814
     201.0000000        0.0305004
     202.0000000        0.0303168
     203.0000000        0.0302182
     204.0000000        0.0301393
     205.0000000        0.0299622
     206.0000000        0.0296485
     207.0000000        0.0292099
     208.0000000        0.0286570
     209.0000000        0.0280093
     210.0000000        0.0273164
     211.0000000        0.0266209
     212.0000000        0.0259558
     213.0000000        0.0253292
     214.0000000        0.0247249
     215.0000000        0.0241415
     216.0000000        0.0235462
     217.0000000        0.0229186
     218.0000000        0.0222885
     219.0000000        0.0216950
     220.0000000        0.0211575
     221.0000000        0.0206782
     222.0000000        0.0202433
     223.0000000        0.0198360
     224.0000000        0.0194577
     225.0000000        0.0191106
     226.0000000        0.0188048
     227.0000000        0.0185541
     228.0000000        0.0183494
     229.0000000        0.0181712
     230.0000000        0.0180041
     231.0000000        0.0178403
     232.0000000        0.0176827
     233.0000000        0.0175372
     234.0000000        0.0174069
     235.0000000        0.0172895
     236.0000000        0.0171786
     237.0000000        0.0170702
     238.0000000        0.0169755
     239.0000000        0.0168995
     240.0000000        0.0168352
     241.0000000        0.0167727
     242.0000000        0.0167016
     243.0000000        0.0166283
     244.0000000        0.0165588
     245.0000000        0.0164991
     246.0000000        0.0164547
     247.0000000        0.0164295
     248.0000000        0.0164130
     249.0000000        0.0164021
     250.0000000        0.0164058
     251.0000000        0.0164191
     252.0000000        0.0164322
     253.0000000        0.0164545
     254.0000000        0.0165019
     255.0000000        0.0165998
     256.0000000        0.0167794
     257.0000000        0.0170587
     258.0000000        0.0174326
     259.0000000        0.0178871
     260.0000000        0.0184074
     261.0000000        0.0189861
     262.0000000        0.0196244
     263.0000000        0.0203100
     264.0000000        0.0210332
     265.0000000        0.0218038
     266.0000000        0.0226505
     267.0000000        0.0236320
     268.0000000        0.0247795
     269.0000000        0.0260526
     270.0000000        0.0274039
     271.0000000        0.0288178
     272.0000000        0.0303248
     273.0000000        0.0319408
     274.0000000        0.0336741
     275.0000000        0.0354277
     276.0000000        0.0370614
     277.0000000        0.0385180
     278.0000000        0.0398740
     279.0000000        0.0412270
     280.0000000        0.0426675
     281.0000000        0.0442531
     282.0000000        0.0459660
     283.0000000        0.0475407
     284.0000000        0.0487810
     285.0000000        0.0497613
     286.0000000        0.0505477
     287.0000000        0.0510870
     288.0000000        0.0516991
     289.0000000        0.0525881
     290.0000000        0.0537988
     291.0000000        0.0551683
     292.0000000        0.0564405
     293.0000000        0.0575059
     294.0000000        0.0583813
     295.0000000        0.0590448
     296.0000000        0.0593474
     297.0000000        0.0592014
     298.0000000        0.0588606
     299.0000000        0.0585646
     300.0000000        0.0583749
     301.0000000        0.0584424
     302.0000000        0.0586389
     303.0000000        0.0588557
     304.0000000        0.0587676
     305.0000000        0.0583349
     306.0000000        0.0576576
     307.0000000        0.0570124
     308.0000000        0.0566174
     309.0000000        0.0565269
     310.0000000        0.0564879
     311.0000000        0.0563550
     312.0000000        0.0560584
     313.0000000        0.0557878
     314.0000000        0.0555152
     315.0000000        0.0550940
     316.0000000        0.0543094
     317.0000000        0.0531674
     318.0000000        0.0519658
     319.0000000        0.0508527
     320.0000000        0.0497560
     321.0000000        0.0486659
     322.0000000        0.0478584
     323.0000000        0.0472831
     324.0000000        0.0468686
     325.0000000        0.0466536
     326.0000000        0.0466047
     327.0000000        0.0466732
     328.0000000        0.0466158
     329.0000000        0.0465015
     330.0000000        0.0465184
     331.0000000        0.0466586
     332.0000000        0.0468188
     333.0000000        0.0469225
     334.0000000        0.0469546
     335.0000000        0.0467975
     336.0000000        0.0463418
     337.0000000        0.0455808
     338.0000000        0.0445828
     339.0000000        0.0434687
     340.0000000        0.0422050
     341.0000000        0.0408670
     342.0000000        0.0397004
     343.0000000        0.0386986
     344.0000000        0.0377879
     345.0000000        0.0370132
     346.0000000        0.0364176
     347.0000000        0.0360492
     348.0000000        0.0359429
     349.0000000        0.0361023
     350.0000000        0.0364984
     351.0000000        0.0370400
     352.0000000        0.0376274
     353.0000000        0.0382436
     354.0000000        0.0389014
     355.0000000        0.0394314
     356.0000000        0.0396426
     357.0000000        0.0395598
     358.0000000        0.0394031
     359.0000000        0.0392831
     360.0000000        0.0391469
     361.0000000        0.0389991
     362.0000000        0.0388490
     363.0000000        0.0386513
     364.0000000        0.0384031
     365.0000000        0.0382045
     366.0000000        0.0381693
     367.0000000        0.0383306
     368.0000000        0.0386620
     369.0000000        0.0391775
     370.0000000        0.0396550
     371.0000000        0.0399925
     372.0000000        0.0402162
     373.0000000        0.0403256
     374.0000000        0.0404698
     375.0000000        0.0407299
     376.0000000        0.0411025
     377.0000000        0.0415700
     378.0000000        0.0420232
     379.0000000        0.0423098
     380.0000000        0.0424298
     381.0000000        0.0424144
     382.0000000        0.0423203
     383.0000000        0.0422228
     384.0000000        0.0420723
     385.0000000        0.0418825
     386.0000000        0.0416650
     387.0000000        0.0413184
     388.0000000        0.0408344
     389.0000000        0.0403309
     390.0000000        0.0399371
     391.0000000        0.0396508
     392.0000000        0.0395229
     393.0000000        0.0395880
     394.0000000        0.0398764
     395.0000000        0.0403537
     396.0000000        0.0408659
     397.0000000        0.0412849
     398.0000000        0.0414183
     399.0000000        0.0412830
     400.0000000        0.0410122
     401.0000000        0.0404995
     402.0000000        0.0398615
     403.0000000        0.0391811
     404.0000000        0.0383827
     405.0000000        0.0375521
     406.0000000        0.0367481
     407.0000000        0.0359194
     408.0000000        0.0350212
     409.0000000        0.0340198
     410.0000000        0.0329196
     411.0000000        0.0317288
     412.0000000        0.0305673
     413.0000000        0.0294627
     414.0000000        0.0283701
     415.0000000        0.0273311
     416.0000000        0.0263977
     417.0000000        0.0255810
     418.0000000        0.0248724
     419.0000000        0.0242828
     420.0000000        0.0238115
     421.0000000        0.0234237
     422.0000000        0.0230733
     423.0000000        0.0227437
     424.0000000        0.0224475
     425.0000000        0.0221873
     426.0000000        0.0219792
     427.0000000        0.0218147
     428.0000000        0.0216630
     429.0000000        0.0215111
     430.0000000        0.0213725
     431.0000000        0.0212819
     432.0000000        0.0212678
     433.0000000        0.0213401
     434.0000000        0.0214827
     435.0000000        0.0216774
     436.0000000        0.0219056
     437.0000000        0.0221440
     438.0000000        0.0223623
     439.0000000        0.0225485
     440.0000000        0.0227280
     441.0000000        0.0229214
     442.0000000        0.0231119
     443.0000000        0.0232706
     444.0000000        0.0233882
     445.0000000        0.0234625
     446.0000000        0.0234932
     447.0000000        0.0234921
     448.0000000        0.0234665
     449.0000000        0.0234255
     450.0000000        0.0233825
     451.0000000        0.0233377
     452.0000000        0.0232710
     453.0000000        0.0231705
     454.0000000        0.0230431
     455.0000000        0.0228887
     456.0000000        0.0226972
     457.0000000        0.0224586
     458.0000000        0.0221743
     459.0000000        0.0218624
     460.0000000        0.0215379
     461.0000000        0.0212203
     462.0000000        0.0209300
     463.0000000        0.0206915
     464.0000000        0.0205110
     465.0000000        0.0203702
     466.0000000        0.0202251
     467.0000000        0.0200398
     468.0000000        0.0198445
     469.0000000        0.0197055
     470.0000000        0.0196582
     471.0000000        0.0197091
     472.0000000        0.0198689
     473.0000000        0.0201175
     474.0000000        0.0204318
     475.0000000        0.0208030
     476.0000000        0.0212291
     477.0000000        0.0216966
     478.0000000        0.0221797
     479.0000000        0.0226795
     480.0000000        0.0232154
     481.0000000        0.0237894
     482.0000000        0.0243944
     483.0000000        0.0250228
     484.0000000        0.0256772
     485.0000000        0.0263703
     486.0000000        0.0271427
     487.0000000        0.0280299
     488.0000000        0.0290296
     489.0000000        0.0300943
     490.0000000        0.0311365
     491.0000000        0.0320910
     492.0000000        0.0329320
     493.0000000        0.0336499
     494.0000000        0.0341752
     495.0000000        0.0344775
     496.0000000        0.0346350
     497.0000000        0.0347723
     498.0000000        0.0349786
     499.0000000        0.0352441
     500.0000000        0.0355357
     501.0000000        0.0358363
     502.0000000        0.0361410
     503.0000000        0.0364445
     504.0000000        0.0367604
     505.0000000        0.0371357
     506.0000000        0.0375739
     507.0000000        0.0380491
     508.0000000        0.0385269
     509.0000000        0.0389587
     510.0000000        0.0393305
     511.0000000        0.0396239
     512.0000000        0.0398547
     513.0000000        0.0400824
     514.0000000        0.0403037
     515.0000000        0.0405639
     516.0000000        0.0408812
     517.0000000        0.0412911
     518.0000000        0.0418807
     519.0000000        0.0426157
     520.0000000        0.0434769
     521.0000000        0.0444348
     522.0000000        0.0453660
     523.0000000        0.0463148
     524.0000000        0.0474292
     525.0000000        0.0486926
     526.0000000        0.0500461
     527.0000000        0.0515057
     528.0000000        0.0530468
     529.0000000        0.0547009
     530.0000000        0.0564897
     531.0000000        0.0583213
     532.0000000        0.0599471
     533.0000000        0.0613316
     534.0000000        0.0626252
     535.0000000        0.0641377
     536.0000000        0.0660507
     537.0000000        0.0682962
     538.0000000        0.0707039
     539.0000000        0.0727806
     540.0000000        0.0745363
     541.0000000        0.0763714
     542.0000000        0.0783875
     543.0000000        0.0798482
     544.0000000        0.0806338
     545.0000000        0.0810262
     546.0000000        0.0809380
     547.0000000        0.0800862
     548.0000000        0.0787397
     549.0000000        0.0770184
     550.0000000        0.0747301
     551.0000000        0.0717907
     552.0000000        0.0687686
     553.0000000        0.0659230
     554.0000000        0.0631936
     555.0000000        0.0608563
     556.0000000        0.0590772
     557.0000000        0.0576590
     558.0000000        0.0563864
     559.0000000        0.0550622
     560.0000000        0.0536309
     561.0000000        0.0524497
     562.0000000        0.0515830
     563.0000000        0.0510005
     564.0000000        0.0506029
     565.0000000        0.0503311
     566.0000000        0.0499143
     567.0000000        0.0492835
     568.0000000        0.0485454
     569.0000000        0.0477876
     570.0000000        0.0470676
     571.0000000        0.0463096
     572.0000000        0.0458112
     573.0000000        0.0453064
     574.0000000        0.0447332
     575.0000000        0.0440610
     576.0000000        0.0433448
     577.0000000        0.0427360
     578.0000000        0.0422198
     579.0000000        0.0418958
     580.0000000        0.0418939
     581.0000000        0.0424451
     582.0000000        0.0434471
     583.0000000        0.0448605
     584.0000000        0.0465496
     585.0000000        0.0483433
     586.0000000        0.0501020
     587.0000000        0.0519284
     588.0000000        0.0536206
     589.0000000        0.0550256
     590.0000000        0.0561963
     591.0000000        0.0571111
     592.0000000        0.0576923
     593.0000000        0.0580915
     594.0000000        0.0584110
     595.0000000        0.0583914
     596.0000000        0.0579659
     597.0000000        0.0570920
     598.0000000        0.0559044
     599.0000000        0.0545782
     600.0000000        0.0532017
