       1.0000000        2.5204229
       2.0000000        2.5045014
       3.0000000        2.4785391
       4.0000000        2.4484742
       5.0000000        2.4270786
       6.0000000        2.4213619
       7.0000000        2.4241126
       8.0000000        2.4215020
       9.0000000        2.4138502
      10.0000000        2.4108004
      11.0000000        2.4156251
      12.0000000        2.4210817
      13.0000000        2.4181411
      14.0000000        2.3991789
      15.0000000        2.3792244
      16.0000000        2.3817292
      17.0000000        2.3932610
      18.0000000        2.3874172
      19.0000000        2.3679975
      20.0000000        2.3617805
      21.0000000        2.3655233
      22.0000000        2.3724271
      23.0000000        2.3881653
      24.0000000        2.4017898
      25.0000000        2.4029339
      26.0000000        2.3901489
      27.0000000        2.3732940
      28.0000000        2.3650401
      29.0000000        2.3743261
      30.0000000        2.3832082
      31.0000000        2.3805506
      32.0000000        2.3741747
      33.0000000        2.3694392
      34.0000000        2.3630669
      35.0000000        2.3600774
      36.0000000        2.3631136
      37.0000000        2.3689568
      38.0000000        2.3724020
      39.0000000        2.3745069
      40.0000000        2.3845709
      41.0000000        2.4001076
      42.0000000        2.4155328
      43.0000000        2.4242622
      44.0000000        2.4268470
      45.0000000        2.4271975
      46.0000000        2.4152841
      47.0000000        2.4066426
      48.0000000        2.4002840
      49.0000000        2.3854066
      50.0000000        2.3669552
      51.0000000        2.3579309
      52.0000000        2.3591915
      53.0000000        2.3661933
      54.0000000        2.3666200
      55.0000000        2.3607113
      56.0000000        2.3512388
      57.0000000        2.3392191
      58.0000000        2.3272262
      59.0000000        2.3195658
      60.0000000        2.3181992
      61.0000000        2.3192173
      62.0000000        2.3210095
      63.0000000        2.3268750
      64.0000000        2.3445697
      65.0000000        2.3698143
      66.0000000        2.3908336
      67.0000000        2.4028445
      68.0000000        2.4063733
      69.0000000        2.4053130
      70.0000000        2.4097974
      71.0000000        2.4083816
      72.0000000        2.3919683
      73.0000000        2.3725352
      74.0000000        2.3605922
      75.0000000        2.3587814
      76.0000000        2.3612103
      77.0000000        2.3642418
      78.0000000        2.3627213
      79.0000000        2.3651140
      80.0000000        2.3787512
      81.0000000        2.3890380
      82.0000000        2.3968703
      83.0000000        2.3948862
      84.0000000        2.3847997
      85.0000000        2.3791969
      86.0000000        2.3719094
      87.0000000        2.3595568
      88.0000000        2.3477020
      89.0000000        2.3422185
      90.0000000        2.3533137
      91.0000000        2.3809218
      92.0000000        2.4102349
      93.0000000        2.4315929
      94.0000000        2.4399837
      95.0000000        2.4369578
      96.0000000        2.4183129
      97.0000000        2.3896988
      98.0000000        2.3669868
      99.0000000        2.3638071
     100.0000000        2.3613992
     101.0000000        2.3486339
     102.0000000        2.3294275
     103.0000000        2.3160114
     104.0000000        2.3132896
     105.0000000        2.3146441
     106.0000000        2.3040372
     107.0000000        2.2848638
     108.0000000        2.2630461
     109.0000000        2.2416181
     110.0000000        2.2208994
     111.0000000        2.2032804
     112.0000000        2.2054807
     113.0000000        2.2280793
     114.0000000        2.2596052
     115.0000000        2.2896075
     116.0000000        2.3125245
     117.0000000        2.3231652
     118.0000000        2.3238114
     119.0000000        2.3204223
     120.0000000        2.3207635
     121.0000000        2.3266344
     122.0000000        2.3364517
     123.0000000        2.3374082
     124.0000000        2.3293198
     125.0000000        2.3303564
     126.0000000        2.3316008
     127.0000000        2.3268968
     128.0000000        2.3204127
     129.0000000        2.3105834
     130.0000000        2.3018309
     131.0000000        2.3001956
     132.0000000        2.3058925
     133.0000000        2.3203597
     134.0000000        2.3337203
     135.0000000        2.3408838
     136.0000000        2.3503567
     137.0000000        2.3580150
     138.0000000        2.3695531
     139.0000000        2.3870825
     140.0000000        2.3978314
     141.0000000        2.4069224
     142.0000000        2.4200614
     143.0000000        2.4315395
     144.0000000        2.4425808
     145.0000000        2.4441389
     146.0000000        2.4346059
     147.0000000        2.4340015
     148.0000000        2.4341309
     149.0000000        2.4300411
     150.0000000        2.4282481
     151.0000000        2.4248093
     152.0000000        2.4242366
     153.0000000        2.4340663
     154.0000000        2.4444340
     155.0000000        2.4446858
     156.0000000        2.4369076
     157.0000000        2.4331306
     158.0000000        2.4408338
     159.0000000        2.4472325
     160.0000000        2.4363957
     161.0000000        2.4188615
     162.0000000        2.4035099
     163.0000000        2.3938992
     164.0000000        2.3822623
     165.0000000        2.3710008
     166.0000000        2.3716470
     167.0000000        2.3794946
     168.0000000        2.3851785
     169.0000000        2.3970112
     170.0000000        2.4113955
     171.0000000        2.4142049
     172.0000000        2.3998470
     173.0000000        2.3862564
     174.0000000        2.3911244
     175.0000000        2.4070927
     176.0000000        2.4216148
     177.0000000        2.4254497
     178.0000000        2.4257153
     179.0000000        2.4295414
     180.0000000        2.4322463
     181.0000000        2.4378143
     182.0000000        2.4488716
     183.0000000        2.4523909
     184.0000000        2.4578817
     185.0000000        2.4693330
     186.0000000        2.4726889
     187.0000000        2.4656862
     188.0000000        2.4420796
     189.0000000        2.4244462
     190.0000000        2.4178846
     191.0000000        2.4157043
     192.0000000        2.4227727
     193.0000000        2.4368807
     194.0000000        2.4526401
     195.0000000        2.4742582
     196.0000000        2.4974447
     197.0000000        2.5051522
     198.0000000        2.4829312
     199.0000000        2.4550908
     200.0000000        2.4346996
     201.0000000        2.4201169
     202.0000000        2.4197103
     203.0000000        2.4273224
     204.0000000        2.4295029
     205.0000000        2.4287088
     206.0000000        2.4336449
     207.0000000        2.4346729
     208.0000000        2.4271982
     209.0000000        2.4231543
     210.0000000        2.4229948
     211.0000000        2.4260543
     212.0000000        2.4306057
     213.0000000        2.4360998
     214.0000000        2.4496523
     215.0000000        2.4529549
     216.0000000        2.4395854
     217.0000000        2.4204109
     218.0000000        2.4076277
     219.0000000        2.4122891
     220.0000000        2.4246801
     221.0000000        2.4249979
     222.0000000        2.4145345
     223.0000000        2.4158948
     224.0000000        2.4200861
     225.0000000        2.4098706
     226.0000000        2.3903962
     227.0000000        2.3810935
     228.0000000        2.3845123
     229.0000000        2.3891339
     230.0000000        2.3918033
     231.0000000        2.3947185
     232.0000000        2.3996605
     233.0000000        2.4010662
     234.0000000        2.4113540
     235.0000000        2.4367938
     236.0000000        2.4631417
     237.0000000        2.4730884
     238.0000000        2.4705147
     239.0000000        2.4595687
     240.0000000        2.4458150
     241.0000000        2.4301498
     242.0000000        2.4167736
     243.0000000        2.4012403
     244.0000000        2.3892717
     245.0000000        2.3850160
     246.0000000        2.3960654
     247.0000000        2.4138602
     248.0000000        2.4216665
     249.0000000        2.4234265
     250.0000000        2.4223175
     251.0000000        2.4165994
     252.0000000        2.4133518
     253.0000000        2.4123443
     254.0000000        2.4247297
     255.0000000        2.4539027
     256.0000000        2.4795338
     257.0000000        2.4859328
     258.0000000        2.4835467
     259.0000000        2.4791962
     260.0000000        2.4705929
     261.0000000        2.4629780
     262.0000000        2.4712410
     263.0000000        2.4824523
     264.0000000        2.4855253
     265.0000000        2.4874440
     266.0000000        2.4878746
     267.0000000        2.4901366
     268.0000000        2.4922635
     269.0000000        2.4867975
     270.0000000        2.4822148
     271.0000000        2.4825412
     272.0000000        2.4867010
     273.0000000        2.4888672
     274.0000000        2.4962534
     275.0000000        2.5042556
     276.0000000        2.5150615
     277.0000000        2.5298910
     278.0000000        2.5372191
     279.0000000        2.5320722
     280.0000000        2.5288682
     281.0000000        2.5183875
     282.0000000        2.5148717
     283.0000000        2.5167933
     284.0000000        2.5139925
     285.0000000        2.5012566
     286.0000000        2.4893493
     287.0000000        2.4873184
     288.0000000        2.4900224
     289.0000000        2.4872727
     290.0000000        2.4839269
     291.0000000        2.4864537
     292.0000000        2.4905780
     293.0000000        2.4980010
     294.0000000        2.5018823
     295.0000000        2.4954311
     296.0000000        2.4889039
     297.0000000        2.4908907
     298.0000000        2.5096035
     299.0000000        2.5258074
     300.0000000        2.5323537
     301.0000000        2.5338847
     302.0000000        2.5252417
     303.0000000        2.5082041
     304.0000000        2.4814859
     305.0000000        2.4492818
     306.0000000        2.4273764
     307.0000000        2.4186326
     308.0000000        2.4169861
     309.0000000        2.4246491
     310.0000000        2.4402344
     311.0000000        2.4526330
     312.0000000        2.4467249
     313.0000000        2.4269534
     314.0000000        2.4112139
     315.0000000        2.4166483
     316.0000000        2.4324287
     317.0000000        2.4474647
     318.0000000        2.4680439
     319.0000000        2.4898438
     320.0000000        2.4971980
     321.0000000        2.4945297
     322.0000000        2.4862042
     323.0000000        2.4664214
     324.0000000        2.4372070
     325.0000000        2.4105475
     326.0000000        2.3870170
     327.0000000        2.3689006
     328.0000000        2.3683964
     329.0000000        2.3653905
     330.0000000        2.3623342
     331.0000000        2.3577136
     332.0000000        2.3601509
     333.0000000        2.3696049
     334.0000000        2.3752880
     335.0000000        2.3750229
     336.0000000        2.3722713
     337.0000000        2.3716711
     338.0000000        2.3752335
     339.0000000        2.3833703
     340.0000000        2.3920136
     341.0000000        2.3933426
     342.0000000        2.3902380
     343.0000000        2.3879737
     344.0000000        2.3842560
     345.0000000        2.3815997
     346.0000000        2.3908788
     347.0000000        2.4078600
     348.0000000        2.4241368
     349.0000000        2.4386903
     350.0000000        2.4422941
     351.0000000        2.4425610
     352.0000000        2.4412975
     353.0000000        2.4374532
     354.0000000        2.4352589
     355.0000000        2.4414079
     356.0000000        2.4572124
     357.0000000        2.4609595
     358.0000000        2.4424848
     359.0000000        2.4210732
     360.0000000        2.4077601
     361.0000000        2.3953958
     362.0000000        2.3722760
     363.0000000        2.3519551
     364.0000000        2.3480181
     365.0000000        2.3648489
     366.0000000        2.3852310
     367.0000000        2.3956574
     368.0000000        2.3990379
     369.0000000        2.4096063
     370.0000000        2.4360298
     371.0000000        2.4534932
     372.0000000        2.4573366
     373.0000000        2.4522589
     374.0000000        2.4477268
     375.0000000        2.4404236
     376.0000000        2.4209863
     377.0000000        2.4014036
     378.0000000        2.3891147
     379.0000000        2.3830155
     380.0000000        2.3792307
     381.0000000        2.3717134
     382.0000000        2.3505548
     383.0000000        2.3329222
     384.0000000        2.3276899
     385.0000000        2.3373832
     386.0000000        2.3472036
     387.0000000        2.3421770
     388.0000000        2.3281914
     389.0000000        2.3238997
     390.0000000        2.3344455
     391.0000000        2.3550157
     392.0000000        2.3837618
     393.0000000        2.4092016
     394.0000000        2.4355977
     395.0000000        2.4662436
     396.0000000        2.4866299
     397.0000000        2.4959976
     398.0000000        2.4990083
     399.0000000        2.4927319
     400.0000000        2.4840487
     401.0000000        2.4800653
     402.0000000        2.4709084
     403.0000000        2.4475061
     404.0000000        2.4195706
     405.0000000        2.3951614
     406.0000000        2.3747665
     407.0000000        2.3712588
     408.0000000        2.3824717
     409.0000000        2.3975267
     410.0000000        2.4094806
     411.0000000        2.4206725
     412.0000000        2.4318926
     413.0000000        2.4556756
     414.0000000        2.4781316
     415.0000000        2.4884504
     416.0000000        2.4836746
     417.0000000        2.4694504
     418.0000000        2.4440515
     419.0000000        2.4159669
     420.0000000        2.4013570
     421.0000000        2.3999145
     422.0000000        2.4030118
     423.0000000        2.4121537
     424.0000000        2.4243818
     425.0000000        2.4313254
     426.0000000        2.4370172
     427.0000000        2.4527659
     428.0000000        2.4715001
     429.0000000        2.4856595
     430.0000000        2.4911180
     431.0000000        2.4867277
     432.0000000        2.4841149
     433.0000000        2.4799704
     434.0000000        2.4646762
     435.0000000        2.4462729
     436.0000000        2.4445575
     437.0000000        2.4458805
     438.0000000        2.4429857
     439.0000000        2.4478905
     440.0000000        2.4513315
     441.0000000        2.4479373
     442.0000000        2.4298265
     443.0000000        2.4076073
     444.0000000        2.3891851
     445.0000000        2.3751155
     446.0000000        2.3649909
     447.0000000        2.3664137
     448.0000000        2.3763270
     449.0000000        2.3840485
     450.0000000        2.3840199
     451.0000000        2.3760146
     452.0000000        2.3649986
     453.0000000        2.3616217
     454.0000000        2.3724025
     455.0000000        2.3940937
     456.0000000        2.4092607
     457.0000000        2.4110389
     458.0000000        2.4059009
     459.0000000        2.4062275
     460.0000000        2.4064640
     461.0000000        2.4085129
     462.0000000        2.4058363
     463.0000000        2.4110029
     464.0000000        2.4334129
     465.0000000        2.4616773
     466.0000000        2.4855619
     467.0000000        2.4957484
     468.0000000        2.4924275
     469.0000000        2.4811879
     470.0000000        2.4769658
     471.0000000        2.4712099
     472.0000000        2.4552419
     473.0000000        2.4393499
     474.0000000        2.4274108
     475.0000000        2.4198391
     476.0000000        2.4194025
     477.0000000        2.4339220
     478.0000000        2.4470264
     479.0000000        2.4677657
     480.0000000        2.4929093
     481.0000000        2.5094885
     482.0000000        2.5186292
     483.0000000        2.5251686
     484.0000000        2.5208686
     485.0000000        2.5142876
     486.0000000        2.5260339
     487.0000000        2.5437219
     488.0000000        2.5525385
     489.0000000        2.5691715
     490.0000000        2.5811403
     491.0000000        2.5701779
     492.0000000        2.5447174
     493.0000000        2.5157056
     494.0000000        2.4913264
     495.0000000        2.4769362
     496.0000000        2.4672174
     497.0000000        2.4563713
     498.0000000        2.4407044
     499.0000000        2.4287040
     500.0000000        2.4200709
     501.0000000        2.4059078
     502.0000000        2.4007376
     503.0000000        2.4055703
     504.0000000        2.3994411
     505.0000000        2.3854429
     506.0000000        2.3900472
     507.0000000        2.4033369
     508.0000000        2.4109303
     509.0000000        2.4177437
     510.0000000        2.4225556
     511.0000000        2.4313130
     512.0000000        2.4390412
     513.0000000        2.4358686
     514.0000000        2.4274036
     515.0000000        2.4163842
     516.0000000        2.3981315
     517.0000000        2.3804907
     518.0000000        2.3691710
     519.0000000        2.3568472
     520.0000000        2.3621505
     521.0000000        2.3736429
     522.0000000        2.3733135
     523.0000000        2.3629394
     524.0000000        2.3622517
     525.0000000        2.3733946
     526.0000000        2.3944592
     527.0000000        2.4098947
     528.0000000        2.4168192
     529.0000000        2.4221799
     530.0000000        2.4197659
     531.0000000        2.4034973
     532.0000000        2.3868187
     533.0000000        2.3703985
     534.0000000        2.3536638
     535.0000000        2.3435628
     536.0000000        2.3395371
     537.0000000        2.3479202
     538.0000000        2.3698103
     539.0000000        2.3927593
     540.0000000        2.4061919
     541.0000000        2.4093827
     542.0000000        2.4148683
     543.0000000        2.4333800
     544.0000000        2.4503611
     545.0000000        2.4500580
     546.0000000        2.4283302
     547.0000000        2.4069234
     548.0000000        2.4030069
     549.0000000        2.4245444
     550.0000000        2.4566011
     551.0000000        2.4830500
     552.0000000        2.4888693
     553.0000000        2.4669577
     554.0000000        2.4362843
     555.0000000        2.4107352
     556.0000000        2.4042386
     557.0000000        2.4115317
     558.0000000        2.4225336
     559.0000000        2.4293979
     560.0000000        2.4269879
     561.0000000        2.4125687
     562.0000000        2.3872046
     563.0000000        2.3646920
     564.0000000        2.3556293
     565.0000000        2.3656750
     566.0000000        2.3871190
     567.0000000        2.4150145
     568.0000000        2.4487572
     569.0000000        2.4640290
     570.0000000        2.4484662
     571.0000000        2.4256411
     572.0000000        2.4094679
     573.0000000        2.3913842
     574.0000000        2.3751128
     575.0000000        2.3624465
     576.0000000        2.3541020
     577.0000000        2.3536228
     578.0000000        2.3612196
     579.0000000        2.3678586
     580.0000000        2.3667213
     581.0000000        2.3807575
     582.0000000        2.4093165
     583.0000000        2.4197823
     584.0000000        2.4098847
     585.0000000        2.4053133
     586.0000000        2.4164607
     587.0000000        2.4343098
     588.0000000        2.4401676
     589.0000000        2.4330428
     590.0000000        2.4217733
     591.0000000        2.4195800
     592.0000000        2.4383660
     593.0000000        2.4651506
     594.0000000        2.4921429
     595.0000000        2.5086673
     596.0000000        2.5081841
     597.0000000        2.4940417
     598.0000000        2.4908430
     599.0000000        2.5072602
     600.0000000        2.5150074
