       1.0000000        0.3509530
       2.0000000        0.3366497
       3.0000000        0.3294317
       4.0000000        0.3211641
       5.0000000        0.3077112
       6.0000000        0.2985544
       7.0000000        0.2973868
       8.0000000        0.2943818
       9.0000000        0.2908175
      10.0000000        0.2865694
      11.0000000        0.2893069
      12.0000000        0.2939353
      13.0000000        0.2946711
      14.0000000        0.2902938
      15.0000000        0.2847525
      16.0000000        0.2802637
      17.0000000        0.2818613
      18.0000000        0.2871474
      19.0000000        0.2900057
      20.0000000        0.2902735
      21.0000000        0.2890801
      22.0000000        0.2899822
      23.0000000        0.2891189
      24.0000000        0.2876468
      25.0000000        0.2885453
      26.0000000        0.2852024
      27.0000000        0.2814473
      28.0000000        0.2784552
      29.0000000        0.2808141
      30.0000000        0.2859367
      31.0000000        0.2898014
      32.0000000        0.2891176
      33.0000000        0.2878649
      34.0000000        0.2875878
      35.0000000        0.2869034
      36.0000000        0.2834903
      37.0000000        0.2814913
      38.0000000        0.2809607
      39.0000000        0.2818628
      40.0000000        0.2813572
      41.0000000        0.2817095
      42.0000000        0.2889039
      43.0000000        0.2948470
      44.0000000        0.2958505
      45.0000000        0.3000353
      46.0000000        0.2977866
      47.0000000        0.2933554
      48.0000000        0.2915365
      49.0000000        0.2889431
      50.0000000        0.2845446
      51.0000000        0.2801492
      52.0000000        0.2778962
      53.0000000        0.2798418
      54.0000000        0.2826856
      55.0000000        0.2823144
      56.0000000        0.2775105
      57.0000000        0.2743802
      58.0000000        0.2728666
      59.0000000        0.2696076
      60.0000000        0.2663804
      61.0000000        0.2637742
      62.0000000        0.2636792
      63.0000000        0.2619681
      64.0000000        0.2623779
      65.0000000        0.2686741
      66.0000000        0.2773230
      67.0000000        0.2829705
      68.0000000        0.2859907
      69.0000000        0.2869005
      70.0000000        0.2890437
      71.0000000        0.2923946
      72.0000000        0.2912454
      73.0000000        0.2895666
      74.0000000        0.2857905
      75.0000000        0.2835322
      76.0000000        0.2830285
      77.0000000        0.2829987
      78.0000000        0.2800255
      79.0000000        0.2753988
      80.0000000        0.2777600
      81.0000000        0.2791553
      82.0000000        0.2860026
      83.0000000        0.2903812
      84.0000000        0.2846164
      85.0000000        0.2826147
      86.0000000        0.2821591
      87.0000000        0.2796119
      88.0000000        0.2760891
      89.0000000        0.2726120
      90.0000000        0.2706890
      91.0000000        0.2734599
      92.0000000        0.2778102
      93.0000000        0.2823403
      94.0000000        0.2852053
      95.0000000        0.2868684
      96.0000000        0.2861179
      97.0000000        0.2823825
      98.0000000        0.2773813
      99.0000000        0.2791425
     100.0000000        0.2811919
     101.0000000        0.2823151
     102.0000000        0.2774697
     103.0000000        0.2724808
     104.0000000        0.2691417
     105.0000000        0.2678699
     106.0000000        0.2617023
     107.0000000        0.2570937
     108.0000000        0.2501388
     109.0000000        0.2427858
     110.0000000        0.2378923
     111.0000000        0.2288913
     112.0000000        0.2234758
     113.0000000        0.2219717
     114.0000000        0.2277302
     115.0000000        0.2386247
     116.0000000        0.2502876
     117.0000000        0.2591659
     118.0000000        0.2622704
     119.0000000        0.2635364
     120.0000000        0.2649509
     121.0000000        0.2670036
     122.0000000        0.2679514
     123.0000000        0.2649259
     124.0000000        0.2610930
     125.0000000        0.2619776
     126.0000000        0.2639306
     127.0000000        0.2652257
     128.0000000        0.2665597
     129.0000000        0.2623416
     130.0000000        0.2545215
     131.0000000        0.2507590
     132.0000000        0.2519223
     133.0000000        0.2546750
     134.0000000        0.2592374
     135.0000000        0.2634999
     136.0000000        0.2665028
     137.0000000        0.2672052
     138.0000000        0.2693070
     139.0000000        0.2727140
     140.0000000        0.2734711
     141.0000000        0.2774191
     142.0000000        0.2856408
     143.0000000        0.2920098
     144.0000000        0.2973660
     145.0000000        0.2996792
     146.0000000        0.2959011
     147.0000000        0.2965271
     148.0000000        0.3017053
     149.0000000        0.2994598
     150.0000000        0.2993762
     151.0000000        0.2997750
     152.0000000        0.2984961
     153.0000000        0.2979816
     154.0000000        0.2973210
     155.0000000        0.2934452
     156.0000000        0.2936114
     157.0000000        0.2915802
     158.0000000        0.2908183
     159.0000000        0.2915636
     160.0000000        0.2918545
     161.0000000        0.2928496
     162.0000000        0.2893571
     163.0000000        0.2873796
     164.0000000        0.2875879
     165.0000000        0.2860708
     166.0000000        0.2832750
     167.0000000        0.2841247
     168.0000000        0.2819999
     169.0000000        0.2802378
     170.0000000        0.2834926
     171.0000000        0.2876784
     172.0000000        0.2853998
     173.0000000        0.2793996
     174.0000000        0.2821837
     175.0000000        0.2862613
     176.0000000        0.2905643
     177.0000000        0.2945508
     178.0000000        0.2958245
     179.0000000        0.2974142
     180.0000000        0.2968243
     181.0000000        0.2939017
     182.0000000        0.2948919
     183.0000000        0.2997838
     184.0000000        0.3029912
     185.0000000        0.3093803
     186.0000000        0.3150309
     187.0000000        0.3224287
     188.0000000        0.3205992
     189.0000000        0.3157946
     190.0000000        0.3129240
     191.0000000        0.3076301
     192.0000000        0.3048463
     193.0000000        0.3032541
     194.0000000        0.3042579
     195.0000000        0.3071461
     196.0000000        0.3104544
     197.0000000        0.3099282
     198.0000000        0.3063085
     199.0000000        0.3021841
     200.0000000        0.3034909
     201.0000000        0.3016874
     202.0000000        0.2986978
     203.0000000        0.2965452
     204.0000000        0.2983329
     205.0000000        0.2975735
     206.0000000        0.2942482
     207.0000000        0.2934107
     208.0000000        0.2926686
     209.0000000        0.2929791
     210.0000000        0.2942269
     211.0000000        0.2936856
     212.0000000        0.2957533
     213.0000000        0.2961606
     214.0000000        0.2971625
     215.0000000        0.2997218
     216.0000000        0.3028358
     217.0000000        0.3031757
     218.0000000        0.2996671
     219.0000000        0.2919054
     220.0000000        0.2863139
     221.0000000        0.2862617
     222.0000000        0.2859406
     223.0000000        0.2868082
     224.0000000        0.2884383
     225.0000000        0.2866293
     226.0000000        0.2855649
     227.0000000        0.2827425
     228.0000000        0.2820833
     229.0000000        0.2800122
     230.0000000        0.2783663
     231.0000000        0.2770990
     232.0000000        0.2827038
     233.0000000        0.2873093
     234.0000000        0.2885915
     235.0000000        0.2908064
     236.0000000        0.2987799
     237.0000000        0.3079365
     238.0000000        0.3165828
     239.0000000        0.3194856
     240.0000000        0.3176614
     241.0000000        0.3132324
     242.0000000        0.3069361
     243.0000000        0.2967413
     244.0000000        0.2937367
     245.0000000        0.2949066
     246.0000000        0.2959741
     247.0000000        0.2990146
     248.0000000        0.2995847
     249.0000000        0.2976793
     250.0000000        0.2971742
     251.0000000        0.2979085
     252.0000000        0.2976713
     253.0000000        0.2957795
     254.0000000        0.2938122
     255.0000000        0.2994483
     256.0000000        0.3083110
     257.0000000        0.3146163
     258.0000000        0.3180287
     259.0000000        0.3158165
     260.0000000        0.3154511
     261.0000000        0.3131833
     262.0000000        0.3110244
     263.0000000        0.3110604
     264.0000000        0.3098341
     265.0000000        0.3083486
     266.0000000        0.3092266
     267.0000000        0.3117705
     268.0000000        0.3146980
     269.0000000        0.3144520
     270.0000000        0.3147454
     271.0000000        0.3149355
     272.0000000        0.3190987
     273.0000000        0.3204307
     274.0000000        0.3220251
     275.0000000        0.3228510
     276.0000000        0.3241433
     277.0000000        0.3275949
     278.0000000        0.3319805
     279.0000000        0.3334925
     280.0000000        0.3352909
     281.0000000        0.3316687
     282.0000000        0.3303817
     283.0000000        0.3290115
     284.0000000        0.3283560
     285.0000000        0.3257937
     286.0000000        0.3223060
     287.0000000        0.3179090
     288.0000000        0.3130396
     289.0000000        0.3108505
     290.0000000        0.3083235
     291.0000000        0.3076659
     292.0000000        0.3065168
     293.0000000        0.3120979
     294.0000000        0.3211404
     295.0000000        0.3247855
     296.0000000        0.3264265
     297.0000000        0.3237404
     298.0000000        0.3217688
     299.0000000        0.3220934
     300.0000000        0.3249993
     301.0000000        0.3329660
     302.0000000        0.3391763
     303.0000000        0.3414985
     304.0000000        0.3369325
     305.0000000        0.3248797
     306.0000000        0.3101221
     307.0000000        0.2994487
     308.0000000        0.2948122
     309.0000000        0.2909217
     310.0000000        0.2897412
     311.0000000        0.2969382
     312.0000000        0.3019800
     313.0000000        0.3023109
     314.0000000        0.2965496
     315.0000000        0.2966667
     316.0000000        0.2986219
     317.0000000        0.3003652
     318.0000000        0.3082462
     319.0000000        0.3167400
     320.0000000        0.3174510
     321.0000000        0.3182407
     322.0000000        0.3188993
     323.0000000        0.3177177
     324.0000000        0.3107242
     325.0000000        0.3011794
     326.0000000        0.2913101
     327.0000000        0.2775876
     328.0000000        0.2793898
     329.0000000        0.2812612
     330.0000000        0.2848811
     331.0000000        0.2832787
     332.0000000        0.2796557
     333.0000000        0.2776928
     334.0000000        0.2777604
     335.0000000        0.2801469
     336.0000000        0.2819129
     337.0000000        0.2836467
     338.0000000        0.2840684
     339.0000000        0.2863519
     340.0000000        0.2873962
     341.0000000        0.2846218
     342.0000000        0.2845524
     343.0000000        0.2881750
     344.0000000        0.2918849
     345.0000000        0.2920620
     346.0000000        0.2926889
     347.0000000        0.2958251
     348.0000000        0.2980682
     349.0000000        0.3044225
     350.0000000        0.3044603
     351.0000000        0.3030280
     352.0000000        0.3043020
     353.0000000        0.3023829
     354.0000000        0.3004548
     355.0000000        0.2996000
     356.0000000        0.2989999
     357.0000000        0.3002364
     358.0000000        0.2989002
     359.0000000        0.2927710
     360.0000000        0.2890872
     361.0000000        0.2892451
     362.0000000        0.2873282
     363.0000000        0.2792316
     364.0000000        0.2734036
     365.0000000        0.2730150
     366.0000000        0.2762946
     367.0000000        0.2831215
     368.0000000        0.2871980
     369.0000000        0.2894037
     370.0000000        0.2960319
     371.0000000        0.3012024
     372.0000000        0.3029588
     373.0000000        0.3063130
     374.0000000        0.3042261
     375.0000000        0.3011231
     376.0000000        0.2958136
     377.0000000        0.2902533
     378.0000000        0.2881492
     379.0000000        0.2866648
     380.0000000        0.2830181
     381.0000000        0.2809928
     382.0000000        0.2756167
     383.0000000        0.2697749
     384.0000000        0.2623138
     385.0000000        0.2584570
     386.0000000        0.2579240
     387.0000000        0.2598721
     388.0000000        0.2584954
     389.0000000        0.2547845
     390.0000000        0.2584661
     391.0000000        0.2623270
     392.0000000        0.2700254
     393.0000000        0.2768880
     394.0000000        0.2849801
     395.0000000        0.2943505
     396.0000000        0.3022343
     397.0000000        0.3089066
     398.0000000        0.3116569
     399.0000000        0.3113563
     400.0000000        0.3056628
     401.0000000        0.3008143
     402.0000000        0.2979543
     403.0000000        0.2942003
     404.0000000        0.2881323
     405.0000000        0.2863253
     406.0000000        0.2836243
     407.0000000        0.2815253
     408.0000000        0.2821082
     409.0000000        0.2836581
     410.0000000        0.2865365
     411.0000000        0.2911079
     412.0000000        0.2905840
     413.0000000        0.2962050
     414.0000000        0.3012978
     415.0000000        0.3065414
     416.0000000        0.3098823
     417.0000000        0.3073133
     418.0000000        0.3019112
     419.0000000        0.2958039
     420.0000000        0.2919807
     421.0000000        0.2864028
     422.0000000        0.2835008
     423.0000000        0.2841976
     424.0000000        0.2874317
     425.0000000        0.2906959
     426.0000000        0.2955042
     427.0000000        0.3024089
     428.0000000        0.3048831
     429.0000000        0.3095224
     430.0000000        0.3179808
     431.0000000        0.3179944
     432.0000000        0.3177828
     433.0000000        0.3155388
     434.0000000        0.3132715
     435.0000000        0.3077742
     436.0000000        0.3050217
     437.0000000        0.3068696
     438.0000000        0.3046123
     439.0000000        0.3057303
     440.0000000        0.3022945
     441.0000000        0.3001259
     442.0000000        0.2978227
     443.0000000        0.2952302
     444.0000000        0.2881782
     445.0000000        0.2805626
     446.0000000        0.2757657
     447.0000000        0.2721620
     448.0000000        0.2717282
     449.0000000        0.2742537
     450.0000000        0.2758696
     451.0000000        0.2776167
     452.0000000        0.2747811
     453.0000000        0.2698171
     454.0000000        0.2715460
     455.0000000        0.2772266
     456.0000000        0.2835383
     457.0000000        0.2910922
     458.0000000        0.2906047
     459.0000000        0.2916387
     460.0000000        0.2913359
     461.0000000        0.2925629
     462.0000000        0.2930558
     463.0000000        0.2895165
     464.0000000        0.2938314
     465.0000000        0.3013680
     466.0000000        0.3093694
     467.0000000        0.3137174
     468.0000000        0.3155194
     469.0000000        0.3134245
     470.0000000        0.3120551
     471.0000000        0.3123828
     472.0000000        0.3107170
     473.0000000        0.3075348
     474.0000000        0.3036257
     475.0000000        0.2989375
     476.0000000        0.2918861
     477.0000000        0.2897884
     478.0000000        0.2895006
     479.0000000        0.2979488
     480.0000000        0.3055504
     481.0000000        0.3109390
     482.0000000        0.3159131
     483.0000000        0.3198574
     484.0000000        0.3188937
     485.0000000        0.3193975
     486.0000000        0.3224054
     487.0000000        0.3259129
     488.0000000        0.3300286
     489.0000000        0.3336564
     490.0000000        0.3380172
     491.0000000        0.3408948
     492.0000000        0.3382868
     493.0000000        0.3331202
     494.0000000        0.3272002
     495.0000000        0.3235384
     496.0000000        0.3191949
     497.0000000        0.3200191
     498.0000000        0.3143996
     499.0000000        0.3040928
     500.0000000        0.2983435
     501.0000000        0.2953645
     502.0000000        0.2912083
     503.0000000        0.2882843
     504.0000000        0.2897380
     505.0000000        0.2862783
     506.0000000        0.2834460
     507.0000000        0.2833731
     508.0000000        0.2863969
     509.0000000        0.2910473
     510.0000000        0.2922962
     511.0000000        0.2970839
     512.0000000        0.3010716
     513.0000000        0.3021539
     514.0000000        0.3029528
     515.0000000        0.3032241
     516.0000000        0.3015290
     517.0000000        0.2920873
     518.0000000        0.2874004
     519.0000000        0.2796243
     520.0000000        0.2764372
     521.0000000        0.2751396
     522.0000000        0.2813374
     523.0000000        0.2856834
     524.0000000        0.2846879
     525.0000000        0.2823834
     526.0000000        0.2856345
     527.0000000        0.2875222
     528.0000000        0.2881090
     529.0000000        0.2890381
     530.0000000        0.2901896
     531.0000000        0.2889929
     532.0000000        0.2856421
     533.0000000        0.2851217
     534.0000000        0.2844901
     535.0000000        0.2833729
     536.0000000        0.2789818
     537.0000000        0.2710903
     538.0000000        0.2703772
     539.0000000        0.2754971
     540.0000000        0.2823385
     541.0000000        0.2871029
     542.0000000        0.2883938
     543.0000000        0.2931931
     544.0000000        0.2939844
     545.0000000        0.2955977
     546.0000000        0.2932935
     547.0000000        0.2901185
     548.0000000        0.2856595
     549.0000000        0.2857646
     550.0000000        0.2918141
     551.0000000        0.2995377
     552.0000000        0.3059713
     553.0000000        0.3064158
     554.0000000        0.3072762
     555.0000000        0.3018151
     556.0000000        0.3006677
     557.0000000        0.3018265
     558.0000000        0.3022522
     559.0000000        0.3032034
     560.0000000        0.3053621
     561.0000000        0.3048688
     562.0000000        0.2992061
     563.0000000        0.2883909
     564.0000000        0.2752861
     565.0000000        0.2723856
     566.0000000        0.2752945
     567.0000000        0.2788747
     568.0000000        0.2836005
     569.0000000        0.2908228
     570.0000000        0.2976766
     571.0000000        0.2988265
     572.0000000        0.2981558
     573.0000000        0.2926305
     574.0000000        0.2873792
     575.0000000        0.2839552
     576.0000000        0.2767158
     577.0000000        0.2738354
     578.0000000        0.2694150
     579.0000000        0.2712459
     580.0000000        0.2716482
     581.0000000        0.2701151
     582.0000000        0.2749907
     583.0000000        0.2808732
     584.0000000        0.2844933
     585.0000000        0.2857670
     586.0000000        0.2871856
     587.0000000        0.2876557
     588.0000000        0.2840069
     589.0000000        0.2831127
     590.0000000        0.2851191
     591.0000000        0.2867239
     592.0000000        0.2915245
     593.0000000        0.2933507
     594.0000000        0.2948753
     595.0000000        0.3007263
     596.0000000        0.3090138
     597.0000000        0.3179660
     598.0000000        0.3241754
     599.0000000        0.3274554
     600.0000000        0.3286110
