       1.0000000       15.7990120
       2.0000000       12.0160350
       3.0000000       10.0240280
       4.0000000        8.7347792
       5.0000000        7.9014596
       6.0000000        7.5057414
       7.0000000        7.3895192
       8.0000000        7.2847055
       9.0000000        7.2711374
      10.0000000        7.2055344
      11.0000000        7.1839300
      12.0000000        7.1145865
      13.0000000        7.0356117
      14.0000000        6.9654336
      15.0000000        6.9123990
      16.0000000        6.8347479
      17.0000000        6.7867219
      18.0000000        6.6821222
      19.0000000        6.5615834
      20.0000000        6.5356885
      21.0000000        6.4143352
      22.0000000        6.3094203
      23.0000000        6.1908272
      24.0000000        6.0896914
      25.0000000        5.9685184
      26.0000000        5.8322490
      27.0000000        5.6329987
      28.0000000        5.4315057
      29.0000000        5.2751892
      30.0000000        5.1698481
      31.0000000        5.0780489
      32.0000000        4.9864764
      33.0000000        4.9243736
      34.0000000        4.8299974
      35.0000000        4.7070559
      36.0000000        4.5894717
      37.0000000        4.4716573
      38.0000000        4.3664380
      39.0000000        4.3097909
      40.0000000        4.2833040
      41.0000000        4.2975421
      42.0000000        4.3293328
      43.0000000        4.3740133
      44.0000000        4.4406207
      45.0000000        4.5101846
      46.0000000        4.5621608
      47.0000000        4.6213878
      48.0000000        4.7324903
      49.0000000        4.8503162
      50.0000000        4.9452824
      51.0000000        5.0779592
      52.0000000        5.2124896
      53.0000000        5.2932720
      54.0000000        5.3845332
      55.0000000        5.4931433
      56.0000000        5.5601968
      57.0000000        5.6055776
      58.0000000        5.6760717
      59.0000000        5.7982934
      60.0000000        5.8872872
      61.0000000        5.9438730
      62.0000000        5.9430917
      63.0000000        5.9092852
      64.0000000        5.8631037
      65.0000000        5.7637121
      66.0000000        5.6210278
      67.0000000        5.4740575
      68.0000000        5.3309953
      69.0000000        5.1844331
      70.0000000        5.0320886
      71.0000000        4.9195050
      72.0000000        4.8277435
      73.0000000        4.7225435
      74.0000000        4.6314618
      75.0000000        4.5793171
      76.0000000        4.5170564
      77.0000000        4.4948889
      78.0000000        4.4919742
      79.0000000        4.4683305
      80.0000000        4.4110082
      81.0000000        4.3468624
      82.0000000        4.3074514
      83.0000000        4.3000392
      84.0000000        4.2970954
      85.0000000        4.2691575
      86.0000000        4.2495419
      87.0000000        4.2338824
      88.0000000        4.2187544
      89.0000000        4.2356346
      90.0000000        4.2752407
      91.0000000        4.3165278
      92.0000000        4.3907074
      93.0000000        4.4960397
      94.0000000        4.5832858
      95.0000000        4.6558722
      96.0000000        4.7305203
      97.0000000        4.8250280
      98.0000000        4.9027730
      99.0000000        4.9885731
     100.0000000        5.0215651
     101.0000000        5.0828068
     102.0000000        5.1169644
     103.0000000        5.1495543
     104.0000000        5.2037587
     105.0000000        5.2649333
     106.0000000        5.3498890
     107.0000000        5.3826647
     108.0000000        5.4565020
     109.0000000        5.5974983
     110.0000000        5.7466753
     111.0000000        5.8363559
     112.0000000        5.9050670
     113.0000000        6.0117671
     114.0000000        6.1069162
     115.0000000        6.2132003
     116.0000000        6.2958328
     117.0000000        6.3039691
     118.0000000        6.2672867
     119.0000000        6.2045337
     120.0000000        6.0715906
     121.0000000        6.0229117
     122.0000000        5.9861582
     123.0000000        5.9250566
     124.0000000        5.8607789
     125.0000000        5.7820847
     126.0000000        5.7092129
     127.0000000        5.6659581
     128.0000000        5.6047714
     129.0000000        5.5274316
     130.0000000        5.4342174
     131.0000000        5.3248263
     132.0000000        5.2076576
     133.0000000        5.0881191
     134.0000000        4.9821701
     135.0000000        4.8645411
     136.0000000        4.8042520
     137.0000000        4.7361679
     138.0000000        4.6745577
     139.0000000        4.6099213
     140.0000000        4.5956388
     141.0000000        4.5699023
     142.0000000        4.5414837
     143.0000000        4.5681356
     144.0000000        4.6263965
     145.0000000        4.6749608
     146.0000000        4.7054254
     147.0000000        4.7401871
     148.0000000        4.7985102
     149.0000000        4.8150237
     150.0000000        4.8166361
     151.0000000        4.8608484
     152.0000000        4.8743562
     153.0000000        4.8989381
     154.0000000        4.9225872
     155.0000000        4.9823669
     156.0000000        5.0331831
     157.0000000        5.0366952
     158.0000000        5.0095901
     159.0000000        4.9865237
     160.0000000        5.0048610
     161.0000000        5.0042184
     162.0000000        4.9668834
     163.0000000        4.9810112
     164.0000000        4.9682919
     165.0000000        4.9749304
     166.0000000        4.9672820
     167.0000000        4.9970303
     168.0000000        5.0549278
     169.0000000        5.1174570
     170.0000000        5.1116989
     171.0000000        5.1618583
     172.0000000        5.2060446
     173.0000000        5.2812543
     174.0000000        5.3857141
     175.0000000        5.4980654
     176.0000000        5.5922340
     177.0000000        5.7200558
     178.0000000        5.8579265
     179.0000000        5.9637097
     180.0000000        6.0184971
     181.0000000        6.1287708
     182.0000000        6.1962966
     183.0000000        6.1698483
     184.0000000        6.0945569
     185.0000000        6.0350068
     186.0000000        5.9589311
     187.0000000        5.8824276
     188.0000000        5.7949533
     189.0000000        5.6628532
     190.0000000        5.5470354
     191.0000000        5.4475592
     192.0000000        5.2933073
     193.0000000        5.1664055
     194.0000000        5.0749433
     195.0000000        4.9721622
     196.0000000        4.9089996
     197.0000000        4.8645679
     198.0000000        4.8152703
     199.0000000        4.7313738
     200.0000000        4.6742957
     201.0000000        4.6130175
     202.0000000        4.5589230
     203.0000000        4.4812782
     204.0000000        4.4118464
     205.0000000        4.3374229
     206.0000000        4.2945654
     207.0000000        4.2498496
     208.0000000        4.2011576
     209.0000000        4.1608292
     210.0000000        4.1258429
     211.0000000        4.0968939
     212.0000000        4.0760581
     213.0000000        4.0272417
     214.0000000        3.9717401
     215.0000000        3.9349984
     216.0000000        3.9051864
     217.0000000        3.8930498
     218.0000000        3.8852868
     219.0000000        3.8590545
     220.0000000        3.8281508
     221.0000000        3.8158322
     222.0000000        3.8223266
     223.0000000        3.8200450
     224.0000000        3.7949673
     225.0000000        3.7602474
     226.0000000        3.7410364
     227.0000000        3.7394423
     228.0000000        3.7305093
     229.0000000        3.7197017
     230.0000000        3.6971007
     231.0000000        3.6886759
     232.0000000        3.6913832
     233.0000000        3.6992964
     234.0000000        3.7000330
     235.0000000        3.7365224
     236.0000000        3.7848193
     237.0000000        3.8394894
     238.0000000        3.8811797
     239.0000000        3.9038584
     240.0000000        3.9355703
     241.0000000        3.9899331
     242.0000000        4.0648432
     243.0000000        4.1516714
     244.0000000        4.2285464
     245.0000000        4.2767631
     246.0000000        4.3274698
     247.0000000        4.3926922
     248.0000000        4.4578396
     249.0000000        4.5369274
     250.0000000        4.5913789
     251.0000000        4.5815290
     252.0000000        4.6279238
     253.0000000        4.6731522
     254.0000000        4.7475844
     255.0000000        4.8246056
     256.0000000        4.8612443
     257.0000000        4.9388842
     258.0000000        4.9766817
     259.0000000        4.9949423
     260.0000000        4.9950749
     261.0000000        4.9889685
     262.0000000        4.9516457
     263.0000000        4.9049639
     264.0000000        4.8549197
     265.0000000        4.7479007
     266.0000000        4.6248523
     267.0000000        4.5026076
     268.0000000        4.4082777
     269.0000000        4.3459186
     270.0000000        4.2489106
     271.0000000        4.1590927
     272.0000000        4.0951618
     273.0000000        4.0332994
     274.0000000        3.9353649
     275.0000000        3.8191818
     276.0000000        3.7253876
     277.0000000        3.6574756
     278.0000000        3.6405123
     279.0000000        3.6354315
     280.0000000        3.6091654
     281.0000000        3.5874430
     282.0000000        3.5672559
     283.0000000        3.5358484
     284.0000000        3.4876588
     285.0000000        3.4578616
     286.0000000        3.4467417
     287.0000000        3.4386869
     288.0000000        3.4270468
     289.0000000        3.4134952
     290.0000000        3.3987512
     291.0000000        3.3711845
     292.0000000        3.3690277
     293.0000000        3.3805501
     294.0000000        3.4015548
     295.0000000        3.4321639
     296.0000000        3.4788745
     297.0000000        3.5240876
     298.0000000        3.5471073
     299.0000000        3.5714070
     300.0000000        3.5718298
     301.0000000        3.6169586
     302.0000000        3.6707817
     303.0000000        3.7293001
     304.0000000        3.7891682
     305.0000000        3.8653840
     306.0000000        3.9281296
     307.0000000        3.9669538
     308.0000000        3.9808393
     309.0000000        3.9973486
     310.0000000        4.0376311
     311.0000000        4.0799886
     312.0000000        4.1034770
     313.0000000        4.1255851
     314.0000000        4.1310939
     315.0000000        4.1199247
     316.0000000        4.0740893
     317.0000000        4.0523296
     318.0000000        4.0649531
     319.0000000        4.0796190
     320.0000000        4.0748884
     321.0000000        4.0778261
     322.0000000        4.0975243
     323.0000000        4.1199478
     324.0000000        4.1295564
     325.0000000        4.1389527
     326.0000000        4.1332538
     327.0000000        4.1344974
     328.0000000        4.1511615
     329.0000000        4.1574649
     330.0000000        4.1622804
     331.0000000        4.1565414
     332.0000000        4.1591077
     333.0000000        4.2067690
     334.0000000        4.2730207
     335.0000000        4.3687829
     336.0000000        4.4774441
     337.0000000        4.5767250
     338.0000000        4.6897562
     339.0000000        4.7708664
     340.0000000        4.8331442
     341.0000000        4.9010990
     342.0000000        4.9874039
     343.0000000        5.0529274
     344.0000000        5.0863489
     345.0000000        5.0873593
     346.0000000        5.0938301
     347.0000000        5.1092951
     348.0000000        5.1286942
     349.0000000        5.1704435
     350.0000000        5.2055770
     351.0000000        5.1951228
     352.0000000        5.1462282
     353.0000000        5.1075303
     354.0000000        5.0546612
     355.0000000        5.0292665
     356.0000000        4.9924638
     357.0000000        4.9422890
     358.0000000        4.9308908
     359.0000000        4.8979086
     360.0000000        4.8674490
     361.0000000        4.8418567
     362.0000000        4.8387598
     363.0000000        4.8002165
     364.0000000        4.7432513
     365.0000000        4.7056348
     366.0000000        4.6845892
     367.0000000        4.6610279
     368.0000000        4.6137799
     369.0000000        4.5739856
     370.0000000        4.5419243
     371.0000000        4.5167687
     372.0000000        4.4951552
     373.0000000        4.4720384
     374.0000000        4.4385153
     375.0000000        4.4237623
     376.0000000        4.4071180
     377.0000000        4.3805501
     378.0000000        4.3799106
     379.0000000        4.3812810
     380.0000000        4.4002803
     381.0000000        4.4416987
     382.0000000        4.4810708
     383.0000000        4.5132747
     384.0000000        4.5316684
     385.0000000        4.5542949
     386.0000000        4.5922162
     387.0000000        4.6352306
     388.0000000        4.6676989
     389.0000000        4.6927520
     390.0000000        4.7148237
     391.0000000        4.7451037
     392.0000000        4.7763752
     393.0000000        4.8305650
     394.0000000        4.8842135
     395.0000000        4.9526950
     396.0000000        4.9734016
     397.0000000        4.9738708
     398.0000000        4.9587446
     399.0000000        4.9826955
     400.0000000        4.9895502
     401.0000000        4.9347996
     402.0000000        4.8665534
     403.0000000        4.8018787
     404.0000000        4.7230577
     405.0000000        4.6350293
     406.0000000        4.5453291
     407.0000000        4.4632505
     408.0000000        4.3988675
     409.0000000        4.3556410
     410.0000000        4.3318154
     411.0000000        4.2968256
     412.0000000        4.2389023
     413.0000000        4.2016453
     414.0000000        4.1771080
     415.0000000        4.1502104
     416.0000000        4.1464603
     417.0000000        4.1626603
     418.0000000        4.1727230
     419.0000000        4.1896126
     420.0000000        4.2072523
     421.0000000        4.2237573
     422.0000000        4.2470859
     423.0000000        4.2788727
     424.0000000        4.3011601
     425.0000000        4.3135664
     426.0000000        4.3361880
     427.0000000        4.3316638
     428.0000000        4.3130627
     429.0000000        4.3213736
     430.0000000        4.3453418
     431.0000000        4.3600328
     432.0000000        4.3397205
     433.0000000        4.3048356
     434.0000000        4.2631741
     435.0000000        4.2260504
     436.0000000        4.1925724
     437.0000000        4.1382399
     438.0000000        4.0599033
     439.0000000        4.0034312
     440.0000000        3.9787665
     441.0000000        3.9618529
     442.0000000        3.9471811
     443.0000000        3.9446573
     444.0000000        3.9395293
     445.0000000        3.9725772
     446.0000000        4.0001867
     447.0000000        4.0458613
     448.0000000        4.1235832
     449.0000000        4.1931840
     450.0000000        4.2313614
     451.0000000        4.2930033
     452.0000000        4.3405325
     453.0000000        4.3558390
     454.0000000        4.4151288
     455.0000000        4.5009826
     456.0000000        4.5950781
     457.0000000        4.6807669
     458.0000000        4.7251282
     459.0000000        4.7843893
     460.0000000        4.8512775
     461.0000000        4.9032537
     462.0000000        4.9396780
     463.0000000        4.9984213
     464.0000000        5.0563616
     465.0000000        5.1154329
     466.0000000        5.1796787
     467.0000000        5.2320496
     468.0000000        5.2671587
     469.0000000        5.2496005
     470.0000000        5.2408482
     471.0000000        5.2490706
     472.0000000        5.2474192
     473.0000000        5.2320354
     474.0000000        5.2406683
     475.0000000        5.2119500
     476.0000000        5.1796415
     477.0000000        5.1618573
     478.0000000        5.1502297
     479.0000000        5.1896197
     480.0000000        5.2219859
     481.0000000        5.2665868
     482.0000000        5.2988529
     483.0000000        5.3037378
     484.0000000        5.2784251
     485.0000000        5.2440611
     486.0000000        5.2335033
     487.0000000        5.1844424
     488.0000000        5.1511007
     489.0000000        5.1844043
     490.0000000        5.2258561
     491.0000000        5.2716615
     492.0000000        5.3286237
     493.0000000        5.3365915
     494.0000000        5.3499600
     495.0000000        5.3941594
     496.0000000        5.4299569
     497.0000000        5.4388558
     498.0000000        5.4539264
     499.0000000        5.4944589
     500.0000000        5.5350490
     501.0000000        5.5594355
     502.0000000        5.5926891
     503.0000000        5.6043758
     504.0000000        5.6152774
     505.0000000        5.6357541
     506.0000000        5.7376793
     507.0000000        5.9242498
     508.0000000        6.1520731
     509.0000000        6.3031494
     510.0000000        6.4014824
     511.0000000        6.3598667
     512.0000000        6.2849272
     513.0000000        6.1549926
     514.0000000        5.9387424
     515.0000000        5.7645057
     516.0000000        5.6413382
     517.0000000        5.5476276
     518.0000000        5.4690937
     519.0000000        5.4065906
     520.0000000        5.3411897
     521.0000000        5.2821864
     522.0000000        5.2276047
     523.0000000        5.1838460
     524.0000000        5.1800504
     525.0000000        5.2005705
     526.0000000        5.2613694
     527.0000000        5.2870387
     528.0000000        5.2733489
     529.0000000        5.2695516
     530.0000000        5.2588804
     531.0000000        5.2875592
     532.0000000        5.3446485
     533.0000000        5.3678921
     534.0000000        5.3447246
     535.0000000        5.3462999
     536.0000000        5.3546755
     537.0000000        5.3089966
     538.0000000        5.1935658
     539.0000000        5.0417629
     540.0000000        4.8908786
     541.0000000        4.7439570
     542.0000000        4.6427660
     543.0000000        4.5786473
     544.0000000        4.5220052
     545.0000000        4.4417124
     546.0000000        4.3265010
     547.0000000        4.2331609
     548.0000000        4.1660459
     549.0000000        4.0998231
     550.0000000        4.0389294
     551.0000000        3.9898036
     552.0000000        3.9457226
     553.0000000        3.9227801
     554.0000000        3.8969900
     555.0000000        3.8673427
     556.0000000        3.8345434
     557.0000000        3.8085136
     558.0000000        3.8139407
     559.0000000        3.8349327
     560.0000000        3.8697024
     561.0000000        3.9201856
     562.0000000        3.9961126
     563.0000000        4.0633308
     564.0000000        4.1237360
     565.0000000        4.1839830
     566.0000000        4.2564041
     567.0000000        4.3613833
     568.0000000        4.5069613
     569.0000000        4.6509132
     570.0000000        4.7813133
     571.0000000        4.9161665
     572.0000000        5.0358116
     573.0000000        5.1170971
     574.0000000        5.1700266
     575.0000000        5.2552201
     576.0000000        5.3085491
     577.0000000        5.3633617
     578.0000000        5.4350335
     579.0000000        5.4832901
     580.0000000        5.4773896
     581.0000000        5.4490191
     582.0000000        5.4319195
     583.0000000        5.3803199
     584.0000000        5.3064981
     585.0000000        5.2522008
     586.0000000        5.2366359
     587.0000000        5.2212256
     588.0000000        5.2106781
     589.0000000        5.1615102
     590.0000000        5.0874773
     591.0000000        5.0204936
     592.0000000        4.9295506
     593.0000000        4.8530094
     594.0000000        4.8025959
     595.0000000        4.7757858
     596.0000000        4.7624214
     597.0000000        4.7699326
     598.0000000        4.7888504
     599.0000000        4.8368108
     600.0000000        4.9047666
