       1.0000000        0.2763961
       2.0000000        0.2728865
       3.0000000        0.2718926
       4.0000000        0.2683799
       5.0000000        0.2654028
       6.0000000        0.2686053
       7.0000000        0.2719350
       8.0000000        0.2713583
       9.0000000        0.2717171
      10.0000000        0.2749525
      11.0000000        0.2792006
      12.0000000        0.2809955
      13.0000000        0.2850204
      14.0000000        0.2898187
      15.0000000        0.2980478
      16.0000000        0.3015426
      17.0000000        0.3030292
      18.0000000        0.3077860
      19.0000000        0.3144128
      20.0000000        0.3193944
      21.0000000        0.3254543
      22.0000000        0.3277773
      23.0000000        0.3277081
      24.0000000        0.3267468
      25.0000000        0.3300299
      26.0000000        0.3279792
      27.0000000        0.3230090
      28.0000000        0.3122409
      29.0000000        0.3030732
      30.0000000        0.3026675
      31.0000000        0.3111508
      32.0000000        0.3159222
      33.0000000        0.3178588
      34.0000000        0.3204366
      35.0000000        0.3274175
      36.0000000        0.3320237
      37.0000000        0.3349096
      38.0000000        0.3434024
      39.0000000        0.3590636
      40.0000000        0.3689030
      41.0000000        0.3826778
      42.0000000        0.3853908
      43.0000000        0.3897136
      44.0000000        0.3970613
      45.0000000        0.4099313
      46.0000000        0.4236888
      47.0000000        0.4326335
      48.0000000        0.4406559
      49.0000000        0.4393611
      50.0000000        0.4318886
      51.0000000        0.4245776
      52.0000000        0.4288878
      53.0000000        0.4354218
      54.0000000        0.4416407
      55.0000000        0.4396064
      56.0000000        0.4374770
      57.0000000        0.4397789
      58.0000000        0.4410268
      59.0000000        0.4367931
      60.0000000        0.4354422
      61.0000000        0.4349783
      62.0000000        0.4311105
      63.0000000        0.4228784
      64.0000000        0.4183437
      65.0000000        0.4118062
      66.0000000        0.4068660
      67.0000000        0.4084360
      68.0000000        0.4075128
      69.0000000        0.4120289
      70.0000000        0.4072623
      71.0000000        0.4011268
      72.0000000        0.3896898
      73.0000000        0.3822612
      74.0000000        0.3742200
      75.0000000        0.3712019
      76.0000000        0.3695123
      77.0000000        0.3639550
      78.0000000        0.3547819
      79.0000000        0.3473322
      80.0000000        0.3377848
      81.0000000        0.3312591
      82.0000000        0.3306292
      83.0000000        0.3310356
      84.0000000        0.3272827
      85.0000000        0.3167357
      86.0000000        0.3067476
      87.0000000        0.2999470
      88.0000000        0.2918733
      89.0000000        0.2839139
      90.0000000        0.2787188
      91.0000000        0.2727270
      92.0000000        0.2623076
      93.0000000        0.2515076
      94.0000000        0.2440509
      95.0000000        0.2350825
      96.0000000        0.2301608
      97.0000000        0.2267361
      98.0000000        0.2232364
      99.0000000        0.2235452
     100.0000000        0.2253340
     101.0000000        0.2271088
     102.0000000        0.2283513
     103.0000000        0.2281492
     104.0000000        0.2283747
     105.0000000        0.2283890
     106.0000000        0.2237991
     107.0000000        0.2161222
     108.0000000        0.2128785
     109.0000000        0.2134653
     110.0000000        0.2184870
     111.0000000        0.2251789
     112.0000000        0.2306845
     113.0000000        0.2346799
     114.0000000        0.2400029
     115.0000000        0.2447664
     116.0000000        0.2483325
     117.0000000        0.2529987
     118.0000000        0.2537557
     119.0000000        0.2549842
     120.0000000        0.2594911
     121.0000000        0.2559646
     122.0000000        0.2496157
     123.0000000        0.2470365
     124.0000000        0.2483302
     125.0000000        0.2468599
     126.0000000        0.2455380
     127.0000000        0.2452311
     128.0000000        0.2489535
     129.0000000        0.2531468
     130.0000000        0.2577170
     131.0000000        0.2611319
     132.0000000        0.2611379
     133.0000000        0.2624328
     134.0000000        0.2642175
     135.0000000        0.2672591
     136.0000000        0.2738605
     137.0000000        0.2797024
     138.0000000        0.2790919
     139.0000000        0.2750373
     140.0000000        0.2737540
     141.0000000        0.2719191
     142.0000000        0.2684361
     143.0000000        0.2612046
     144.0000000        0.2542258
     145.0000000        0.2477182
     146.0000000        0.2424561
     147.0000000        0.2399108
     148.0000000        0.2377656
     149.0000000        0.2364069
     150.0000000        0.2355621
     151.0000000        0.2379702
     152.0000000        0.2461713
     153.0000000        0.2534102
     154.0000000        0.2582170
     155.0000000        0.2669503
     156.0000000        0.2760362
     157.0000000        0.2804350
     158.0000000        0.2825400
     159.0000000        0.2901172
     160.0000000        0.2915727
     161.0000000        0.2911977
     162.0000000        0.2810738
     163.0000000        0.2709910
     164.0000000        0.2657205
     165.0000000        0.2630989
     166.0000000        0.2615346
     167.0000000        0.2610201
     168.0000000        0.2585551
     169.0000000        0.2554247
     170.0000000        0.2491308
     171.0000000        0.2395569
     172.0000000        0.2307204
     173.0000000        0.2211017
     174.0000000        0.2129096
     175.0000000        0.2091484
     176.0000000        0.2080046
     177.0000000        0.2078994
     178.0000000        0.2088490
     179.0000000        0.2111277
     180.0000000        0.2170139
     181.0000000        0.2209905
     182.0000000        0.2245367
     183.0000000        0.2316377
     184.0000000        0.2372139
     185.0000000        0.2425424
     186.0000000        0.2479157
     187.0000000        0.2480617
     188.0000000        0.2495612
     189.0000000        0.2501888
     190.0000000        0.2532360
     191.0000000        0.2622799
     192.0000000        0.2754368
     193.0000000        0.2857818
     194.0000000        0.2923931
     195.0000000        0.2974996
     196.0000000        0.2993416
     197.0000000        0.3017508
     198.0000000        0.3094824
     199.0000000        0.3179447
     200.0000000        0.3200701
     201.0000000        0.3171025
     202.0000000        0.3173590
     203.0000000        0.3182048
     204.0000000        0.3172519
     205.0000000        0.3099027
     206.0000000        0.3024436
     207.0000000        0.3002677
     208.0000000        0.2947367
     209.0000000        0.2927698
     210.0000000        0.2860772
     211.0000000        0.2826926
     212.0000000        0.2776398
     213.0000000        0.2726355
     214.0000000        0.2670888
     215.0000000        0.2620848
     216.0000000        0.2564694
     217.0000000        0.2489200
     218.0000000        0.2429183
     219.0000000        0.2377199
     220.0000000        0.2317718
     221.0000000        0.2279612
     222.0000000        0.2244416
     223.0000000        0.2262535
     224.0000000        0.2272182
     225.0000000        0.2267715
     226.0000000        0.2278756
     227.0000000        0.2290389
     228.0000000        0.2302097
     229.0000000        0.2316669
     230.0000000        0.2352269
     231.0000000        0.2343266
     232.0000000        0.2325983
     233.0000000        0.2362960
     234.0000000        0.2404143
     235.0000000        0.2437205
     236.0000000        0.2449648
     237.0000000        0.2418763
     238.0000000        0.2384227
     239.0000000        0.2350677
     240.0000000        0.2350701
     241.0000000        0.2333206
     242.0000000        0.2337212
     243.0000000        0.2369163
     244.0000000        0.2389367
     245.0000000        0.2393837
     246.0000000        0.2433463
     247.0000000        0.2478710
     248.0000000        0.2508517
     249.0000000        0.2540823
     250.0000000        0.2558820
     251.0000000        0.2523778
     252.0000000        0.2506215
     253.0000000        0.2498247
     254.0000000        0.2510818
     255.0000000        0.2536889
     256.0000000        0.2551405
     257.0000000        0.2582065
     258.0000000        0.2599748
     259.0000000        0.2584968
     260.0000000        0.2570072
     261.0000000        0.2547273
     262.0000000        0.2487005
     263.0000000        0.2464157
     264.0000000        0.2444674
     265.0000000        0.2418747
     266.0000000        0.2411046
     267.0000000        0.2442672
     268.0000000        0.2491134
     269.0000000        0.2533533
     270.0000000        0.2555041
     271.0000000        0.2582601
     272.0000000        0.2611593
     273.0000000        0.2617005
     274.0000000        0.2628895
     275.0000000        0.2664159
     276.0000000        0.2725306
     277.0000000        0.2779410
     278.0000000        0.2816046
     279.0000000        0.2840846
     280.0000000        0.2846096
     281.0000000        0.2853459
     282.0000000        0.2831755
     283.0000000        0.2823767
     284.0000000        0.2792242
     285.0000000        0.2791557
     286.0000000        0.2835760
     287.0000000        0.2812005
     288.0000000        0.2763851
     289.0000000        0.2726148
     290.0000000        0.2684929
     291.0000000        0.2660243
     292.0000000        0.2669720
     293.0000000        0.2736638
     294.0000000        0.2756486
     295.0000000        0.2730082
     296.0000000        0.2701075
     297.0000000        0.2695929
     298.0000000        0.2712548
     299.0000000        0.2731100
     300.0000000        0.2803202
     301.0000000        0.2877838
     302.0000000        0.2953841
     303.0000000        0.2999663
     304.0000000        0.3043390
     305.0000000        0.3087765
     306.0000000        0.3118353
     307.0000000        0.3156646
     308.0000000        0.3098542
     309.0000000        0.3062506
     310.0000000        0.3064323
     311.0000000        0.3138124
     312.0000000        0.3130930
     313.0000000        0.3189806
     314.0000000        0.3282776
     315.0000000        0.3400443
     316.0000000        0.3479678
     317.0000000        0.3451573
     318.0000000        0.3427192
     319.0000000        0.3372361
     320.0000000        0.3359116
     321.0000000        0.3386003
     322.0000000        0.3471523
     323.0000000        0.3579086
     324.0000000        0.3658744
     325.0000000        0.3746595
     326.0000000        0.3815713
     327.0000000        0.3830723
     328.0000000        0.3811345
     329.0000000        0.3841522
     330.0000000        0.3891386
     331.0000000        0.3978171
     332.0000000        0.3990199
     333.0000000        0.3975130
     334.0000000        0.3970790
     335.0000000        0.3974183
     336.0000000        0.4004124
     337.0000000        0.4020525
     338.0000000        0.4010050
     339.0000000        0.3980805
     340.0000000        0.3961885
     341.0000000        0.3964889
     342.0000000        0.3903907
     343.0000000        0.3774124
     344.0000000        0.3688445
     345.0000000        0.3645108
     346.0000000        0.3572958
     347.0000000        0.3451964
     348.0000000        0.3362941
     349.0000000        0.3302865
     350.0000000        0.3214148
     351.0000000        0.3090085
     352.0000000        0.2988613
     353.0000000        0.2869410
     354.0000000        0.2773102
     355.0000000        0.2712647
     356.0000000        0.2643453
     357.0000000        0.2616935
     358.0000000        0.2583611
     359.0000000        0.2529731
     360.0000000        0.2515670
     361.0000000        0.2479827
     362.0000000        0.2466802
     363.0000000        0.2475844
     364.0000000        0.2477050
     365.0000000        0.2468290
     366.0000000        0.2412672
     367.0000000        0.2351058
     368.0000000        0.2322765
     369.0000000        0.2279935
     370.0000000        0.2245695
     371.0000000        0.2212929
     372.0000000        0.2194415
     373.0000000        0.2168226
     374.0000000        0.2162462
     375.0000000        0.2170793
     376.0000000        0.2173962
     377.0000000        0.2155813
     378.0000000        0.2138417
     379.0000000        0.2116873
     380.0000000        0.2114303
     381.0000000        0.2094358
     382.0000000        0.2095669
     383.0000000        0.2086667
     384.0000000        0.2048285
     385.0000000        0.2018983
     386.0000000        0.1998265
     387.0000000        0.1970826
     388.0000000        0.1960486
     389.0000000        0.1939854
     390.0000000        0.1927107
     391.0000000        0.1912466
     392.0000000        0.1903165
     393.0000000        0.1897840
     394.0000000        0.1881722
     395.0000000        0.1857402
     396.0000000        0.1837670
     397.0000000        0.1837719
     398.0000000        0.1824022
     399.0000000        0.1791832
     400.0000000        0.1757054
     401.0000000        0.1733262
     402.0000000        0.1713352
     403.0000000        0.1681933
     404.0000000        0.1641193
     405.0000000        0.1623193
     406.0000000        0.1604184
     407.0000000        0.1589999
     408.0000000        0.1591156
     409.0000000        0.1594825
     410.0000000        0.1604181
     411.0000000        0.1598384
     412.0000000        0.1581083
     413.0000000        0.1582448
     414.0000000        0.1586716
     415.0000000        0.1606100
     416.0000000        0.1639500
     417.0000000        0.1656025
     418.0000000        0.1653337
     419.0000000        0.1661988
     420.0000000        0.1668072
     421.0000000        0.1708386
     422.0000000        0.1761424
     423.0000000        0.1801906
     424.0000000        0.1814755
     425.0000000        0.1834428
     426.0000000        0.1839251
     427.0000000        0.1841795
     428.0000000        0.1872911
     429.0000000        0.1912102
     430.0000000        0.1991263
     431.0000000        0.2069131
     432.0000000        0.2126875
     433.0000000        0.2222812
     434.0000000        0.2308092
     435.0000000        0.2352324
     436.0000000        0.2352891
     437.0000000        0.2368272
     438.0000000        0.2387504
     439.0000000        0.2417049
     440.0000000        0.2424348
     441.0000000        0.2455558
     442.0000000        0.2491337
     443.0000000        0.2495809
     444.0000000        0.2469779
     445.0000000        0.2406526
     446.0000000        0.2314702
     447.0000000        0.2212807
     448.0000000        0.2127151
     449.0000000        0.2045913
     450.0000000        0.1956641
     451.0000000        0.1884620
     452.0000000        0.1815247
     453.0000000        0.1755253
     454.0000000        0.1706443
     455.0000000        0.1650966
     456.0000000        0.1587734
     457.0000000        0.1538865
     458.0000000        0.1509594
     459.0000000        0.1487546
     460.0000000        0.1459073
     461.0000000        0.1444315
     462.0000000        0.1433400
     463.0000000        0.1423879
     464.0000000        0.1402290
     465.0000000        0.1375583
     466.0000000        0.1372658
     467.0000000        0.1382011
     468.0000000        0.1408537
     469.0000000        0.1432013
     470.0000000        0.1458607
     471.0000000        0.1505140
     472.0000000        0.1577457
     473.0000000        0.1662368
     474.0000000        0.1738925
     475.0000000        0.1810594
     476.0000000        0.1853606
     477.0000000        0.1903067
     478.0000000        0.1957908
     479.0000000        0.1996464
     480.0000000        0.2030954
     481.0000000        0.2091435
     482.0000000        0.2148560
     483.0000000        0.2201610
     484.0000000        0.2280332
     485.0000000        0.2397216
     486.0000000        0.2508508
     487.0000000        0.2573754
     488.0000000        0.2648720
     489.0000000        0.2728831
     490.0000000        0.2754563
     491.0000000        0.2791364
     492.0000000        0.2797051
     493.0000000        0.2823956
     494.0000000        0.2839605
     495.0000000        0.2858430
     496.0000000        0.2881970
     497.0000000        0.2918612
     498.0000000        0.2991457
     499.0000000        0.3009656
     500.0000000        0.3064754
     501.0000000        0.3108531
     502.0000000        0.3127790
     503.0000000        0.3118857
     504.0000000        0.3081980
     505.0000000        0.3064515
     506.0000000        0.3098337
     507.0000000        0.3090588
     508.0000000        0.3008218
     509.0000000        0.2973829
     510.0000000        0.2901125
     511.0000000        0.2809735
     512.0000000        0.2708288
     513.0000000        0.2636079
     514.0000000        0.2582133
     515.0000000        0.2534520
     516.0000000        0.2462440
     517.0000000        0.2371646
     518.0000000        0.2300166
     519.0000000        0.2272813
     520.0000000        0.2257244
     521.0000000        0.2194824
     522.0000000        0.2155518
     523.0000000        0.2130994
     524.0000000        0.2114920
     525.0000000        0.2079723
     526.0000000        0.2037529
     527.0000000        0.2003804
     528.0000000        0.1996896
     529.0000000        0.1979923
     530.0000000        0.1963226
     531.0000000        0.1938494
     532.0000000        0.1909412
     533.0000000        0.1867333
     534.0000000        0.1845995
     535.0000000        0.1828985
     536.0000000        0.1816615
     537.0000000        0.1815960
     538.0000000        0.1809448
     539.0000000        0.1814685
     540.0000000        0.1808210
     541.0000000        0.1821434
     542.0000000        0.1814364
     543.0000000        0.1793204
     544.0000000        0.1769322
     545.0000000        0.1760329
     546.0000000        0.1752175
     547.0000000        0.1759836
     548.0000000        0.1764476
     549.0000000        0.1785010
     550.0000000        0.1819279
     551.0000000        0.1837494
     552.0000000        0.1845199
     553.0000000        0.1826747
     554.0000000        0.1832331
     555.0000000        0.1872820
     556.0000000        0.1907912
     557.0000000        0.1964615
     558.0000000        0.2066039
     559.0000000        0.2153372
     560.0000000        0.2236609
     561.0000000        0.2321844
     562.0000000        0.2393433
     563.0000000        0.2469665
     564.0000000        0.2549110
     565.0000000        0.2592554
     566.0000000        0.2605118
     567.0000000        0.2578904
     568.0000000        0.2543199
     569.0000000        0.2494903
     570.0000000        0.2442270
     571.0000000        0.2399928
     572.0000000        0.2354768
     573.0000000        0.2322823
     574.0000000        0.2283614
     575.0000000        0.2252582
     576.0000000        0.2210179
     577.0000000        0.2171626
     578.0000000        0.2155370
     579.0000000        0.2161285
     580.0000000        0.2161430
     581.0000000        0.2172683
     582.0000000        0.2166233
     583.0000000        0.2203836
     584.0000000        0.2236131
     585.0000000        0.2270832
     586.0000000        0.2292757
     587.0000000        0.2312729
     588.0000000        0.2336205
     589.0000000        0.2345274
     590.0000000        0.2319144
     591.0000000        0.2280820
     592.0000000        0.2253616
     593.0000000        0.2222653
     594.0000000        0.2201346
     595.0000000        0.2196452
     596.0000000        0.2188606
     597.0000000        0.2161004
     598.0000000        0.2167203
     599.0000000        0.2196223
     600.0000000        0.2205587
