       1.0000000        0.2930638
       2.0000000        0.2810670
       3.0000000        0.2820666
       4.0000000        0.2798933
       5.0000000        0.2777600
       6.0000000        0.2771155
       7.0000000        0.2786410
       8.0000000        0.2810614
       9.0000000        0.2823491
      10.0000000        0.2876418
      11.0000000        0.2887764
      12.0000000        0.2848087
      13.0000000        0.2779805
      14.0000000        0.2725665
      15.0000000        0.2640366
      16.0000000        0.2588831
      17.0000000        0.2570406
      18.0000000        0.2579814
      19.0000000        0.2595870
      20.0000000        0.2629983
      21.0000000        0.2614744
      22.0000000        0.2590205
      23.0000000        0.2579351
      24.0000000        0.2591510
      25.0000000        0.2597053
      26.0000000        0.2614068
      27.0000000        0.2635811
      28.0000000        0.2617621
      29.0000000        0.2585654
      30.0000000        0.2539679
      31.0000000        0.2467861
      32.0000000        0.2409882
      33.0000000        0.2379903
      34.0000000        0.2354000
      35.0000000        0.2334068
      36.0000000        0.2343736
      37.0000000        0.2357401
      38.0000000        0.2373331
      39.0000000        0.2340885
      40.0000000        0.2328159
      41.0000000        0.2329032
      42.0000000        0.2312120
      43.0000000        0.2281731
      44.0000000        0.2246462
      45.0000000        0.2193339
      46.0000000        0.2138532
      47.0000000        0.2114093
      48.0000000        0.2098435
      49.0000000        0.2108630
      50.0000000        0.2154437
      51.0000000        0.2246508
      52.0000000        0.2323637
      53.0000000        0.2388492
      54.0000000        0.2474977
      55.0000000        0.2566790
      56.0000000        0.2665268
      57.0000000        0.2729592
      58.0000000        0.2737544
      59.0000000        0.2755197
      60.0000000        0.2706471
      61.0000000        0.2662711
      62.0000000        0.2661023
      63.0000000        0.2673727
      64.0000000        0.2687258
      65.0000000        0.2671957
      66.0000000        0.2612306
      67.0000000        0.2545295
      68.0000000        0.2522300
      69.0000000        0.2469137
      70.0000000        0.2386684
      71.0000000        0.2350283
      72.0000000        0.2373211
      73.0000000        0.2432540
      74.0000000        0.2524426
      75.0000000        0.2615379
      76.0000000        0.2650604
      77.0000000        0.2679068
      78.0000000        0.2680259
      79.0000000        0.2667791
      80.0000000        0.2619833
      81.0000000        0.2561067
      82.0000000        0.2558763
      83.0000000        0.2522066
      84.0000000        0.2476594
      85.0000000        0.2430775
      86.0000000        0.2417256
      87.0000000        0.2412162
      88.0000000        0.2431665
      89.0000000        0.2432156
      90.0000000        0.2466085
      91.0000000        0.2499345
      92.0000000        0.2498534
      93.0000000        0.2483061
      94.0000000        0.2490654
      95.0000000        0.2521411
      96.0000000        0.2569816
      97.0000000        0.2576060
      98.0000000        0.2603413
      99.0000000        0.2584171
     100.0000000        0.2548831
     101.0000000        0.2523694
     102.0000000        0.2473240
     103.0000000        0.2420219
     104.0000000        0.2371526
     105.0000000        0.2325117
     106.0000000        0.2323002
     107.0000000        0.2335430
     108.0000000        0.2353724
     109.0000000        0.2347472
     110.0000000        0.2331130
     111.0000000        0.2334808
     112.0000000        0.2368672
     113.0000000        0.2355408
     114.0000000        0.2338138
     115.0000000        0.2322051
     116.0000000        0.2331932
     117.0000000        0.2366331
     118.0000000        0.2417903
     119.0000000        0.2481103
     120.0000000        0.2566578
     121.0000000        0.2621828
     122.0000000        0.2674713
     123.0000000        0.2702042
     124.0000000        0.2708021
     125.0000000        0.2746895
     126.0000000        0.2809068
     127.0000000        0.2851662
     128.0000000        0.2876615
     129.0000000        0.2874160
     130.0000000        0.2853222
     131.0000000        0.2816527
     132.0000000        0.2772475
     133.0000000        0.2765060
     134.0000000        0.2771146
     135.0000000        0.2753903
     136.0000000        0.2765018
     137.0000000        0.2767187
     138.0000000        0.2750650
     139.0000000        0.2759497
     140.0000000        0.2734365
     141.0000000        0.2684055
     142.0000000        0.2621233
     143.0000000        0.2571905
     144.0000000        0.2521306
     145.0000000        0.2469094
     146.0000000        0.2461085
     147.0000000        0.2437446
     148.0000000        0.2397880
     149.0000000        0.2387453
     150.0000000        0.2348889
     151.0000000        0.2300384
     152.0000000        0.2295920
     153.0000000        0.2295643
     154.0000000        0.2295643
     155.0000000        0.2317542
     156.0000000        0.2335153
     157.0000000        0.2377918
     158.0000000        0.2417745
     159.0000000        0.2455559
     160.0000000        0.2490398
     161.0000000        0.2516269
     162.0000000        0.2545325
     163.0000000        0.2611381
     164.0000000        0.2684759
     165.0000000        0.2706928
     166.0000000        0.2696500
     167.0000000        0.2676653
     168.0000000        0.2702688
     169.0000000        0.2743881
     170.0000000        0.2773814
     171.0000000        0.2724459
     172.0000000        0.2687964
     173.0000000        0.2659105
     174.0000000        0.2660068
     175.0000000        0.2656961
     176.0000000        0.2608409
     177.0000000        0.2580379
     178.0000000        0.2527393
     179.0000000        0.2469787
     180.0000000        0.2430382
     181.0000000        0.2419586
     182.0000000        0.2431069
     183.0000000        0.2417125
     184.0000000        0.2385946
     185.0000000        0.2356265
     186.0000000        0.2309417
     187.0000000        0.2309201
     188.0000000        0.2287979
     189.0000000        0.2301859
     190.0000000        0.2308185
     191.0000000        0.2276283
     192.0000000        0.2252883
     193.0000000        0.2262227
     194.0000000        0.2216143
     195.0000000        0.2198546
     196.0000000        0.2240810
     197.0000000        0.2301802
     198.0000000        0.2357713
     199.0000000        0.2409514
     200.0000000        0.2471616
     201.0000000        0.2564603
     202.0000000        0.2599467
     203.0000000        0.2605569
     204.0000000        0.2635890
     205.0000000        0.2661957
     206.0000000        0.2649865
     207.0000000        0.2669491
     208.0000000        0.2688059
     209.0000000        0.2683015
     210.0000000        0.2671577
     211.0000000        0.2679762
     212.0000000        0.2694864
     213.0000000        0.2730428
     214.0000000        0.2759669
     215.0000000        0.2814648
     216.0000000        0.2870499
     217.0000000        0.2912341
     218.0000000        0.2907954
     219.0000000        0.2854864
     220.0000000        0.2813223
     221.0000000        0.2786008
     222.0000000        0.2791152
     223.0000000        0.2817841
     224.0000000        0.2809412
     225.0000000        0.2769937
     226.0000000        0.2762565
     227.0000000        0.2716219
     228.0000000        0.2675169
     229.0000000        0.2601125
     230.0000000        0.2501163
     231.0000000        0.2411362
     232.0000000        0.2362560
     233.0000000        0.2358385
     234.0000000        0.2380415
     235.0000000        0.2401949
     236.0000000        0.2410967
     237.0000000        0.2423377
     238.0000000        0.2478547
     239.0000000        0.2508974
     240.0000000        0.2519694
     241.0000000        0.2579329
     242.0000000        0.2635134
     243.0000000        0.2651324
     244.0000000        0.2697305
     245.0000000        0.2758976
     246.0000000        0.2760701
     247.0000000        0.2702703
     248.0000000        0.2644427
     249.0000000        0.2583480
     250.0000000        0.2543418
     251.0000000        0.2553016
     252.0000000        0.2544572
     253.0000000        0.2559038
     254.0000000        0.2553899
     255.0000000        0.2560824
     256.0000000        0.2548368
     257.0000000        0.2500194
     258.0000000        0.2472783
     259.0000000        0.2487280
     260.0000000        0.2490845
     261.0000000        0.2492624
     262.0000000        0.2484092
     263.0000000        0.2531080
     264.0000000        0.2590554
     265.0000000        0.2641843
     266.0000000        0.2642249
     267.0000000        0.2632930
     268.0000000        0.2627549
     269.0000000        0.2637729
     270.0000000        0.2618830
     271.0000000        0.2580501
     272.0000000        0.2568446
     273.0000000        0.2600802
     274.0000000        0.2579908
     275.0000000        0.2558278
     276.0000000        0.2568125
     277.0000000        0.2597653
     278.0000000        0.2606426
     279.0000000        0.2607316
     280.0000000        0.2568855
     281.0000000        0.2569252
     282.0000000        0.2551499
     283.0000000        0.2529860
     284.0000000        0.2476916
     285.0000000        0.2421404
     286.0000000        0.2391316
     287.0000000        0.2359596
     288.0000000        0.2330843
     289.0000000        0.2335490
     290.0000000        0.2356580
     291.0000000        0.2371008
     292.0000000        0.2387038
     293.0000000        0.2409431
     294.0000000        0.2471023
     295.0000000        0.2541015
     296.0000000        0.2591443
     297.0000000        0.2586376
     298.0000000        0.2557025
     299.0000000        0.2550086
     300.0000000        0.2594591
     301.0000000        0.2660189
     302.0000000        0.2738299
     303.0000000        0.2789834
     304.0000000        0.2814400
     305.0000000        0.2819001
     306.0000000        0.2843166
     307.0000000        0.2846942
     308.0000000        0.2802556
     309.0000000        0.2752319
     310.0000000        0.2702956
     311.0000000        0.2691646
     312.0000000        0.2667343
     313.0000000        0.2620529
     314.0000000        0.2564473
     315.0000000        0.2514533
     316.0000000        0.2478116
     317.0000000        0.2442628
     318.0000000        0.2423059
     319.0000000        0.2397640
     320.0000000        0.2376658
     321.0000000        0.2333437
     322.0000000        0.2316125
     323.0000000        0.2315319
     324.0000000        0.2330659
     325.0000000        0.2338636
     326.0000000        0.2363832
     327.0000000        0.2399562
     328.0000000        0.2435110
     329.0000000        0.2536608
     330.0000000        0.2610939
     331.0000000        0.2678531
     332.0000000        0.2730717
     333.0000000        0.2774265
     334.0000000        0.2796247
     335.0000000        0.2816547
     336.0000000        0.2787865
     337.0000000        0.2739649
     338.0000000        0.2744627
     339.0000000        0.2753275
     340.0000000        0.2777212
     341.0000000        0.2807554
     342.0000000        0.2864038
     343.0000000        0.2856474
     344.0000000        0.2768137
     345.0000000        0.2703742
     346.0000000        0.2662129
     347.0000000        0.2648245
     348.0000000        0.2632115
     349.0000000        0.2595562
     350.0000000        0.2607552
     351.0000000        0.2654110
     352.0000000        0.2659636
     353.0000000        0.2643706
     354.0000000        0.2607637
     355.0000000        0.2586098
     356.0000000        0.2576975
     357.0000000        0.2590911
     358.0000000        0.2564736
     359.0000000        0.2526098
     360.0000000        0.2512239
     361.0000000        0.2525134
     362.0000000        0.2595360
     363.0000000        0.2649581
     364.0000000        0.2736267
     365.0000000        0.2793144
     366.0000000        0.2864516
     367.0000000        0.2916341
     368.0000000        0.2919140
     369.0000000        0.2927753
     370.0000000        0.2914050
     371.0000000        0.2928239
     372.0000000        0.2918153
     373.0000000        0.2941387
     374.0000000        0.2948770
     375.0000000        0.2943908
     376.0000000        0.2922011
     377.0000000        0.2870916
     378.0000000        0.2788863
     379.0000000        0.2737143
     380.0000000        0.2708885
     381.0000000        0.2672254
     382.0000000        0.2582575
     383.0000000        0.2505783
     384.0000000        0.2463360
     385.0000000        0.2462220
     386.0000000        0.2453686
     387.0000000        0.2428239
     388.0000000        0.2438958
     389.0000000        0.2411879
     390.0000000        0.2395065
     391.0000000        0.2392943
     392.0000000        0.2424340
     393.0000000        0.2410757
     394.0000000        0.2364959
     395.0000000        0.2349619
     396.0000000        0.2385949
     397.0000000        0.2443033
     398.0000000        0.2494415
     399.0000000        0.2546975
     400.0000000        0.2542088
     401.0000000        0.2520963
     402.0000000        0.2533280
     403.0000000        0.2517135
     404.0000000        0.2512140
     405.0000000        0.2490068
     406.0000000        0.2471436
     407.0000000        0.2483043
     408.0000000        0.2482996
     409.0000000        0.2483409
     410.0000000        0.2472229
     411.0000000        0.2468046
     412.0000000        0.2431007
     413.0000000        0.2415353
     414.0000000        0.2425648
     415.0000000        0.2485806
     416.0000000        0.2591329
     417.0000000        0.2622346
     418.0000000        0.2612603
     419.0000000        0.2603755
     420.0000000        0.2594746
     421.0000000        0.2594446
     422.0000000        0.2530489
     423.0000000        0.2461918
     424.0000000        0.2452353
     425.0000000        0.2434369
     426.0000000        0.2451728
     427.0000000        0.2473742
     428.0000000        0.2494821
     429.0000000        0.2562200
     430.0000000        0.2618759
     431.0000000        0.2654390
     432.0000000        0.2692960
     433.0000000        0.2675287
     434.0000000        0.2668509
     435.0000000        0.2617548
     436.0000000        0.2566549
     437.0000000        0.2550416
     438.0000000        0.2557222
     439.0000000        0.2558796
     440.0000000        0.2561575
     441.0000000        0.2618028
     442.0000000        0.2631261
     443.0000000        0.2650425
     444.0000000        0.2698551
     445.0000000        0.2708110
     446.0000000        0.2719668
     447.0000000        0.2725188
     448.0000000        0.2703041
     449.0000000        0.2666816
     450.0000000        0.2590238
     451.0000000        0.2541583
     452.0000000        0.2517670
     453.0000000        0.2494051
     454.0000000        0.2449843
     455.0000000        0.2430106
     456.0000000        0.2394057
     457.0000000        0.2372644
     458.0000000        0.2322932
     459.0000000        0.2275834
     460.0000000        0.2226838
     461.0000000        0.2230810
     462.0000000        0.2265824
     463.0000000        0.2299833
     464.0000000        0.2347245
     465.0000000        0.2389556
     466.0000000        0.2473714
     467.0000000        0.2515821
     468.0000000        0.2560672
     469.0000000        0.2574025
     470.0000000        0.2638269
     471.0000000        0.2654689
     472.0000000        0.2690545
     473.0000000        0.2693168
     474.0000000        0.2688664
     475.0000000        0.2671088
     476.0000000        0.2705209
     477.0000000        0.2738772
     478.0000000        0.2748807
     479.0000000        0.2815561
     480.0000000        0.2852428
     481.0000000        0.2864452
     482.0000000        0.2839247
     483.0000000        0.2833073
     484.0000000        0.2831847
     485.0000000        0.2807706
     486.0000000        0.2724798
     487.0000000        0.2648443
     488.0000000        0.2587600
     489.0000000        0.2544057
     490.0000000        0.2546806
     491.0000000        0.2554050
     492.0000000        0.2511738
     493.0000000        0.2523473
     494.0000000        0.2535020
     495.0000000        0.2540882
     496.0000000        0.2531844
     497.0000000        0.2530176
     498.0000000        0.2528521
     499.0000000        0.2557992
     500.0000000        0.2594895
     501.0000000        0.2613834
     502.0000000        0.2621619
     503.0000000        0.2629169
     504.0000000        0.2631584
     505.0000000        0.2642662
     506.0000000        0.2635838
     507.0000000        0.2657087
     508.0000000        0.2687251
     509.0000000        0.2651609
     510.0000000        0.2605461
     511.0000000        0.2598715
     512.0000000        0.2607398
     513.0000000        0.2604764
     514.0000000        0.2604188
     515.0000000        0.2580481
     516.0000000        0.2589765
     517.0000000        0.2588460
     518.0000000        0.2565059
     519.0000000        0.2540882
     520.0000000        0.2498898
     521.0000000        0.2462158
     522.0000000        0.2419323
     523.0000000        0.2424790
     524.0000000        0.2433987
     525.0000000        0.2434863
     526.0000000        0.2413672
     527.0000000        0.2423761
     528.0000000        0.2426352
     529.0000000        0.2422808
     530.0000000        0.2398934
     531.0000000        0.2397550
     532.0000000        0.2428122
     533.0000000        0.2483036
     534.0000000        0.2516512
     535.0000000        0.2526909
     536.0000000        0.2548487
     537.0000000        0.2552817
     538.0000000        0.2505432
     539.0000000        0.2460812
     540.0000000        0.2398095
     541.0000000        0.2346707
     542.0000000        0.2297301
     543.0000000        0.2220632
     544.0000000        0.2184274
     545.0000000        0.2166512
     546.0000000        0.2134146
     547.0000000        0.2127073
     548.0000000        0.2150874
     549.0000000        0.2197773
     550.0000000        0.2196760
     551.0000000        0.2168293
     552.0000000        0.2158922
     553.0000000        0.2185020
     554.0000000        0.2258506
     555.0000000        0.2362032
     556.0000000        0.2471982
     557.0000000        0.2525590
     558.0000000        0.2590474
     559.0000000        0.2665275
     560.0000000        0.2720517
     561.0000000        0.2774910
     562.0000000        0.2849027
     563.0000000        0.2943959
     564.0000000        0.2979631
     565.0000000        0.2958198
     566.0000000        0.2878158
     567.0000000        0.2767656
     568.0000000        0.2703412
     569.0000000        0.2670667
     570.0000000        0.2625948
     571.0000000        0.2577190
     572.0000000        0.2534280
     573.0000000        0.2463080
     574.0000000        0.2431749
     575.0000000        0.2433793
     576.0000000        0.2454207
     577.0000000        0.2470844
     578.0000000        0.2485730
     579.0000000        0.2531501
     580.0000000        0.2587702
     581.0000000        0.2586036
     582.0000000        0.2562202
     583.0000000        0.2544864
     584.0000000        0.2579310
     585.0000000        0.2620603
     586.0000000        0.2685512
     587.0000000        0.2710427
     588.0000000        0.2749895
     589.0000000        0.2826787
     590.0000000        0.2864052
     591.0000000        0.2893298
     592.0000000        0.2905697
     593.0000000        0.2913596
     594.0000000        0.2879964
     595.0000000        0.2828064
     596.0000000        0.2776546
     597.0000000        0.2739206
     598.0000000        0.2704461
     599.0000000        0.2710403
     600.0000000        0.2706790
