1 0.0348910863333334
2 0.0289957863333334
3 0.0313663863333334
4 0.0347535863333334
5 0.0302967863333334
6 0.0333764863333334
7 0.0250006863333334
8 0.0248456863333334
9 0.0230870863333334
10 0.0202211863333334
11 0.0141255863333334
12 0.0129598863333334
13 0.0089737863333334
14 0.0088193863333334
15 0.0072016863333334
16 0.0045058863333334
17 0.0057414863333334
18 0.0060008863333334
19 0.0037215863333334
20 0.0097680863333334
21 0.0055415863333334
22 0.0049401863333334
23 0.0038105863333334
24 0.0031108863333334
25 0.0019353863333334
26 -0.0014215136666666
27 -0.0029346136666666
28 0.0007667863333334
29 -0.0009239136666666
30 -0.0022503136666666
31 -0.0063456136666666
32 -0.0057930136666666
33 -0.0053842136666666
34 -0.0066445136666666
35 -0.0079668136666666
36 -0.0097014136666666
37 -0.0123146136666666
38 -0.0131136136666666
39 -0.0151741136666666
40 -0.0169767136666666
41 -0.0179201136666666
42 -0.0197226136666666
43 -0.0212767136666666
44 -0.0235239136666666
45 -0.0247229136666666
46 -0.0260790136666666
47 -0.0281899136666666
48 -0.0284485136666666
49 -0.0290230136666666
50 -0.0293019136666666
51 -0.0281356136666666
52 -0.0291924136666666
53 -0.0297882136666666
54 -0.0298520136666666
55 -0.0297396136666666
56 -0.0283212136666666
57 -0.0286062136666666
58 -0.0276076136666666
59 -0.0281296136666666
60 -0.0292813136666666
61 -0.0284569136666666
62 -0.0281959136666666
63 -0.0286784136666666
64 -0.0290702136666666
65 -0.0273819136666666
66 -0.0272147136666666
67 -0.0263763136666666
68 -0.0262497136666666
69 -0.0254610136666666
70 -0.0263726136666666
71 -0.0275662136666666
72 -0.0274170136666666
73 -0.0278413136666666
74 -0.0263938136666666
75 -0.0256117136666666
76 -0.0257662136666666
77 -0.0257752136666666
78 -0.0247097136666666
79 -0.0235609136666666
80 -0.0252530136666666
81 -0.0254112136666666
82 -0.0228124136666666
83 -0.0207860136666666
84 -0.0205845136666666
85 -0.0196715136666666
86 -0.0177580136666666
87 -0.0173469136666666
88 -0.0152578136666666
89 -0.0136992136666666
90 -0.0126535136666666
91 -0.0117528136666666
92 -0.0113413136666666
93 -0.0128138136666666
94 -0.0118123136666666
95 -0.0110028136666666
96 -0.0096776136666666
97 -0.0081381136666666
98 -0.0093004136666666
99 -0.0098901136666666
100 -0.0123925136666666
101 -0.0136793136666666
102 -0.0154542136666666
103 -0.0185715136666666
104 -0.0194251136666666
105 -0.0215305136666666
106 -0.0245272136666666
107 -0.0253640136666666
108 -0.0266350136666666
109 -0.0287867136666666
110 -0.0307423136666666
111 -0.0314288136666666
112 -0.0333685136666666
113 -0.0337779136666666
114 -0.0333641136666666
115 -0.0337521136666666
116 -0.0336209136666666
117 -0.0336257136666666
118 -0.0327363136666666
119 -0.0323405136666666
120 -0.0320205136666666
121 -0.0313088136666666
122 -0.0304302136666666
123 -0.0304089136666666
124 -0.0305475136666666
125 -0.0302959136666666
126 -0.0302123136666666
127 -0.0297221136666666
128 -0.0285977136666666
129 -0.0291082136666666
130 -0.0290271136666666
131 -0.0283466136666666
132 -0.0273548136666666
133 -0.0256094136666666
134 -0.0242994136666666
135 -0.0232466136666666
136 -0.0225284136666666
137 -0.0232131136666666
138 -0.0230982136666666
139 -0.0229504136666666
140 -0.0227722136666666
141 -0.0220511136666666
142 -0.0201836136666666
143 -0.0179094136666666
144 -0.0173799136666666
145 -0.0176387136666666
146 -0.0160007136666666
147 -0.0133179136666666
148 -0.0130868136666666
149 -0.0090466136666666
150 -0.0092431136666666
151 -0.0080409136666666
152 -0.0085607136666666
153 -0.0054101136666666
154 -0.0020201136666666
155 -0.0012957136666666
156 -0.0044716136666666
157 -0.0040420136666666
158 -0.0028854136666666
159 -0.0020484136666666
160 -0.0004031136666666
161 -0.0019122136666666
162 -0.0060470136666666
163 -0.0011366136666666
164 -0.0040616136666666
165 -0.0019445136666666
166 -0.0065284136666666
167 -0.0066334136666666
168 -0.0031716136666666
169 0.0019130863333334
170 0.0020969863333334
171 0.0004336863333334
172 0.0003003863333334
173 0.0029675863333334
174 0.0035339863333334
175 0.0037785863333334
176 0.0076302863333334
177 0.0074625863333334
178 0.0060982863333334
179 0.0050183863333334
180 0.0040645863333334
181 0.0072438863333334
182 0.0089216863333334
183 0.0142647863333334
184 0.0093230863333334
185 0.0176677863333334
186 0.0155140863333334
187 0.0135497863333334
188 0.0129792863333334
189 0.0150867863333334
190 0.0131273863333334
191 0.0086111863333334
192 0.0103061863333334
193 0.0062275863333334
194 0.0049561863333334
195 0.0061611863333334
196 0.0070107863333334
197 0.0105960863333334
198 0.0137184863333334
199 0.0143475863333334
200 0.0176776863333334
201 0.0153861863333334
202 0.0171969863333334
203 0.0116074863333334
204 0.0083154863333334
205 0.0047591863333334
206 0.0023901863333334
207 0.0020041863333334
208 0.0010735863333334
209 -0.0005254136666666
210 -0.0013437136666666
211 -0.0035142136666666
212 -0.0068842136666666
213 -0.0076829136666666
214 -0.0087413136666666
215 -0.0114686136666666
216 -0.0144183136666666
217 -0.0156049136666666
218 -0.0141304136666666
219 -0.0155300136666666
220 -0.0186064136666666
221 -0.0182647136666666
222 -0.0185680136666666
223 -0.0172148136666666
224 -0.0181971136666666
225 -0.0167324136666666
226 -0.0166859136666666
227 -0.0154975136666666
228 -0.0155995136666666
229 -0.0151102136666666
230 -0.0159396136666666
231 -0.0165634136666666
232 -0.0172326136666666
233 -0.0167564136666666
234 -0.0160515136666666
235 -0.0163494136666666
236 -0.0171494136666666
237 -0.0172214136666666
238 -0.0189150136666666
239 -0.0200136136666666
240 -0.0217205136666666
241 -0.0220729136666666
242 -0.0220451136666666
243 -0.0211111136666666
244 -0.0214737136666666
245 -0.0222044136666666
246 -0.0210735136666666
247 -0.0203904136666666
248 -0.0210260136666666
249 -0.0199786136666666
250 -0.0191022136666666
251 -0.0180359136666666
252 -0.0180525136666666
253 -0.0177839136666666
254 -0.0149048136666666
255 -0.0153356136666666
256 -0.0152677136666666
257 -0.0114365136666666
258 -0.0103694136666666
259 -0.0085984136666666
260 -0.0082408136666666
261 -0.0052364136666666
262 -0.0057067136666666
263 -0.0072722136666666
264 -0.0057652136666666
265 -0.0086170136666666
266 -0.0097933136666666
267 -0.0106401136666666
268 -0.0081130136666666
269 -0.0078493136666666
270 -0.0083662136666666
271 -0.0077825136666666
272 -0.0102314136666666
273 -0.0106332136666666
274 -0.0120432136666666
275 -0.0087497136666666
276 -0.0102933136666666
277 -0.0106689136666666
278 -0.0134161136666666
279 -0.0113363136666666
280 -0.0111527136666666
281 -0.0092297136666666
282 -0.0092430136666666
283 -0.0045536136666666
284 -0.0016314136666666
285 0.0002610863333334
286 0.0033846863333334
287 0.0033229863333334
288 0.0041758863333334
289 0.0011610863333334
290 0.0006544863333334
291 0.0007500863333334
292 0.0010754863333334
293 0.0065222863333334
294 0.0069827863333334
295 0.0116185863333334
296 0.0070447863333334
297 0.0103899863333334
298 0.0087769863333334
299 0.0066487863333334
300 0.0023529863333334
301 -0.0015117136666666
302 -0.0005528136666666
303 -0.0002966136666666
304 -0.0043396136666666
305 -0.0066735136666666
306 -0.0069203136666666
307 -0.0088274136666666
308 -0.0079783136666666
309 -0.0104831136666666
310 -0.0120800136666666
311 -0.0127277136666666
312 -0.0161206136666666
313 -0.0187791136666666
314 -0.0226720136666666
315 -0.0244929136666666
316 -0.0271198136666666
317 -0.0285461136666666
318 -0.0292737136666666
319 -0.0298183136666666
320 -0.0309432136666666
321 -0.0319542136666666
322 -0.0317917136666666
323 -0.0315280136666666
324 -0.0319098136666666
325 -0.0319741136666666
326 -0.0313000136666666
327 -0.0309027136666666
328 -0.0299370136666666
329 -0.0292757136666666
330 -0.0304624136666666
331 -0.0311823136666666
332 -0.0303854136666666
333 -0.0306755136666666
334 -0.0302557136666666
335 -0.0298821136666666
336 -0.0300666136666666
337 -0.0295848136666666
338 -0.0297455136666666
339 -0.0301488136666666
340 -0.0305708136666666
341 -0.0311304136666666
342 -0.0302952136666666
343 -0.0300693136666666
344 -0.0292814136666666
345 -0.0281469136666666
346 -0.0273522136666666
347 -0.0271644136666666
348 -0.0276075136666666
349 -0.0260732136666666
350 -0.0229791136666666
351 -0.0219716136666666
352 -0.0218057136666666
353 -0.0200796136666666
354 -0.0190618136666666
355 -0.0171045136666666
356 -0.0176150136666666
357 -0.0162515136666666
358 -0.0157307136666666
359 -0.0167169136666666
360 -0.0150324136666666
361 -0.0136049136666666
362 -0.0105440136666666
363 -0.0086957136666666
364 -0.0081483136666666
365 -0.0095223136666666
366 -0.0069107136666666
367 -0.0081699136666666
368 -0.0078109136666666
369 -0.0069736136666666
370 -0.0033438136666666
371 -0.0026761136666666
372 0.0012584863333334
373 -0.0032341136666666
374 -0.0059305136666666
375 -0.0038591136666666
376 -0.0013293136666666
377 -0.0038256136666666
378 -0.0033307136666666
379 -0.0008598136666666
380 -0.0008439136666666
381 -0.0014328136666666
382 -0.0017179136666666
383 -0.0031158136666666
384 -0.0038469136666666
385 -0.0077964136666666
386 -0.0063032136666666
387 -0.0040030136666666
388 -0.0056697136666666
389 -0.0065620136666666
390 -0.0074992136666666
391 -0.0075054136666666
392 -0.0084806136666666
393 -0.0097685136666666
394 -0.0082921136666666
395 -0.0077427136666666
396 -0.0103561136666666
397 -0.0105152136666666
398 -0.0131747136666666
399 -0.0135753136666666
400 -0.0132488136666666
401 -0.0136153136666666
402 -0.0151943136666666
403 -0.0165187136666666
404 -0.0184847136666666
405 -0.0198346136666666
406 -0.0189584136666666
407 -0.0195999136666666
408 -0.0185773136666666
409 -0.0187039136666666
410 -0.0189879136666666
411 -0.0200297136666666
412 -0.0200698136666666
413 -0.0212869136666666
414 -0.0214166136666666
415 -0.0228076136666666
416 -0.0228937136666666
417 -0.0231973136666666
418 -0.0229061136666666
419 -0.0220864136666666
420 -0.0229985136666666
421 -0.0244570136666666
422 -0.0255307136666666
423 -0.0250258136666666
424 -0.0246331136666666
425 -0.0247980136666666
426 -0.0219595136666666
427 -0.0195392136666666
428 -0.0188489136666666
429 -0.0188239136666666
430 -0.0207786136666666
431 -0.0203048136666666
432 -0.0205916136666666
433 -0.0190679136666666
434 -0.0196887136666666
435 -0.0217695136666666
436 -0.0217210136666666
437 -0.0216469136666666
438 -0.0232006136666666
439 -0.0246361136666666
440 -0.0258316136666666
441 -0.0274990136666666
442 -0.0277562136666666
443 -0.0270125136666666
444 -0.0256496136666666
445 -0.0254392136666666
446 -0.0253305136666666
447 -0.0257134136666666
448 -0.0271891136666666
449 -0.0279191136666666
450 -0.0285837136666666
451 -0.0280616136666666
452 -0.0291227136666666
453 -0.0277901136666666
454 -0.0287203136666666
455 -0.0282383136666666
456 -0.0294229136666666
457 -0.0300705136666666
458 -0.0309243136666666
459 -0.0301929136666666
460 -0.0288107136666666
461 -0.0271349136666666
462 -0.0258401136666666
463 -0.0256238136666666
464 -0.0254895136666666
465 -0.0254831136666666
466 -0.0237686136666666
467 -0.0232194136666666
468 -0.0212077136666666
469 -0.0195865136666666
470 -0.0186826136666666
471 -0.0192707136666666
472 -0.0181592136666666
473 -0.0181400136666666
474 -0.0180936136666666
475 -0.0185742136666666
476 -0.0189620136666666
477 -0.0179443136666666
478 -0.0165781136666666
479 -0.0173855136666666
480 -0.0175771136666666
481 -0.0153892136666666
482 -0.0147684136666666
483 -0.0147195136666666
484 -0.0168630136666666
485 -0.0173326136666666
486 -0.0176575136666666
487 -0.0184128136666666
488 -0.0175404136666666
489 -0.0189246136666666
490 -0.0193656136666666
491 -0.0206109136666666
492 -0.0220979136666666
493 -0.0222741136666666
494 -0.0231868136666666
495 -0.0242568136666666
496 -0.0241910136666666
497 -0.0245935136666666
498 -0.0242755136666666
499 -0.0245287136666666
500 -0.0227995136666666
501 -0.0223317136666666
502 -0.0219302136666666
503 -0.0205870136666666
504 -0.0227292136666666
505 -0.0215811136666666
506 -0.0199782136666666
507 -0.0179589136666666
508 -0.0162974136666666
509 -0.0162857136666666
510 -0.0169880136666666
511 -0.0164082136666666
512 -0.0171669136666666
513 -0.0186663136666666
514 -0.0166363136666666
515 -0.0168848136666666
516 -0.0195705136666666
517 -0.0200100136666666
518 -0.0183567136666666
519 -0.0193613136666666
520 -0.0202711136666666
521 -0.0188672136666666
522 -0.0189254136666666
523 -0.0189667136666666
524 -0.0176792136666666
525 -0.0180013136666666
526 -0.0171473136666666
527 -0.0141906136666666
528 -0.0132285136666666
529 -0.0143182136666666
530 -0.0138609136666666
531 -0.0131251136666666
532 -0.0150106136666666
533 -0.0162960136666666
534 -0.0145254136666666
535 -0.0140037136666666
536 -0.0133673136666666
537 -0.0162001136666666
538 -0.0145852136666666
539 -0.0131427136666666
540 -0.0137600136666666
541 -0.0167153136666666
542 -0.0174388136666666
543 -0.0198117136666666
544 -0.0200779136666666
545 -0.0198486136666666
546 -0.0202425136666666
547 -0.0201618136666666
548 -0.0202992136666666
549 -0.0212884136666666
550 -0.0238819136666666
551 -0.0254468136666666
552 -0.0270123136666666
553 -0.0280734136666666
554 -0.0301081136666666
555 -0.0311365136666666
556 -0.0319714136666666
557 -0.0319201136666666
558 -0.0310284136666666
559 -0.0306249136666666
560 -0.0291581136666666
561 -0.0306718136666666
562 -0.0315598136666666
563 -0.0318063136666666
564 -0.0302308136666666
565 -0.0295250136666666
566 -0.0282272136666666
567 -0.0287378136666666
568 -0.0273466136666666
569 -0.0245873136666666
570 -0.0240356136666666
571 -0.0220950136666666
572 -0.0208683136666666
573 -0.0205636136666666
574 -0.0159296136666666
575 -0.0116659136666666
576 -0.0096848136666666
577 -0.0078691136666666
578 -0.0044065136666666
579 -0.0039364136666666
580 -0.0056208136666666
581 -0.0070983136666666
582 -0.0069333136666666
583 -0.0064033136666666
584 -0.0086513136666666
585 -0.0094783136666666
586 -0.0111695136666666
587 -0.0108099136666666
588 -0.0117550136666666
589 -0.0121394136666666
590 -0.0110914136666666
591 -0.0130916136666666
592 -0.0115521136666666
593 -0.0138421136666666
594 -0.0155324136666666
595 -0.0150994136666666
596 -0.0162894136666666
597 -0.0166064136666666
598 -0.0158346136666666
599 -0.0173142136666666
600 -0.0185816136666666
