1 0.1338052146666666
2 0.0980147146666666
3 0.0746331146666666
4 0.0329483146666666
5 0.0187501146666666
6 0.0007747146666666
7 -0.0131732853333334
8 -0.0207595853333334
9 -0.0263399853333334
10 -0.0234023853333334
11 -0.0288691853333334
12 -0.0282285853333334
13 -0.0236421853333334
14 -0.0196683853333334
15 -0.0235411853333334
16 -0.0321005853333334
17 -0.0369032853333334
18 -0.0396229853333334
19 -0.0337274853333334
20 -0.0351851853333334
21 -0.0354066853333334
22 -0.0289107853333334
23 -0.0429908853333334
24 -0.0432925853333334
25 -0.0385578853333334
26 -0.0348918853333334
27 -0.0435453853333334
28 -0.0452765853333334
29 -0.0384913853333334
30 -0.0361600853333334
31 -0.0311900853333334
32 -0.0267678853333334
33 -0.0235597853333334
34 -0.0260803853333334
35 -0.0288524853333334
36 -0.0258264853333334
37 -0.0319797853333334
38 -0.0353804853333334
39 -0.0500324853333334
40 -0.0568838853333334
41 -0.0571831853333334
42 -0.0584117853333334
43 -0.0532356853333334
44 -0.0478846853333334
45 -0.0467941853333334
46 -0.0496863853333334
47 -0.0460746853333334
48 -0.0435158853333334
49 -0.0407156853333334
50 -0.0422852853333334
51 -0.0464723853333334
52 -0.0484414853333334
53 -0.0496833853333334
54 -0.0474445853333334
55 -0.0424586853333334
56 -0.0437116853333334
57 -0.0499265853333334
58 -0.0495095853333334
59 -0.0447790853333334
60 -0.0335728853333334
61 -0.0235511853333334
62 -0.0274648853333334
63 -0.0344647853333334
64 -0.0468353853333334
65 -0.0498550853333334
66 -0.0535331853333334
67 -0.0543752853333334
68 -0.0437777853333334
69 -0.0352220853333334
70 -0.0367919853333334
71 -0.0407539853333334
72 -0.0375617853333334
73 -0.0364516853333334
74 -0.0338168853333334
75 -0.0297055853333334
76 -0.0150699853333334
77 -0.0149922853333334
78 -0.0302944853333334
79 -0.0282774853333334
80 -0.0325548853333334
81 -0.0299779853333334
82 -0.0321692853333334
83 -0.0361743853333334
84 -0.0352258853333334
85 -0.0281086853333334
86 -0.0274520853333334
87 -0.0287307853333334
88 -0.0300003853333334
89 -0.0340989853333334
90 -0.0341879853333334
91 -0.0367686853333334
92 -0.0423773853333334
93 -0.0417312853333334
94 -0.0395794853333334
95 -0.0360295853333334
96 -0.0337234853333334
97 -0.0381061853333334
98 -0.0426575853333334
99 -0.0413560853333334
100 -0.0469716853333334
101 -0.0396829853333334
102 -0.0369158853333334
103 -0.0476796853333334
104 -0.0475187853333334
105 -0.0410812853333334
106 -0.0359728853333334
107 -0.0374658853333334
108 -0.0470646853333334
109 -0.0465572853333334
110 -0.0360768853333334
111 -0.0353231853333334
112 -0.0336060853333334
113 -0.0349829853333334
114 -0.0421732853333334
115 -0.0335622853333334
116 -0.0295365853333334
117 -0.0383821853333334
118 -0.0397267853333334
119 -0.0385367853333334
120 -0.0361930853333334
121 -0.0442358853333334
122 -0.0523696853333334
123 -0.0502920853333334
124 -0.0512222853333334
125 -0.0439525853333334
126 -0.0442282853333334
127 -0.0427659853333334
128 -0.0377903853333334
129 -0.0300923853333334
130 -0.0303796853333334
131 -0.0357712853333334
132 -0.0385598853333334
133 -0.0494272853333334
134 -0.0451353853333334
135 -0.0414932853333334
136 -0.0465760853333334
137 -0.0519027853333334
138 -0.0494376853333334
139 -0.0478215853333334
140 -0.0443192853333334
141 -0.0453368853333334
142 -0.0418064853333334
143 -0.0407781853333334
144 -0.0415440853333334
145 -0.0448267853333334
146 -0.0420230853333334
147 -0.0513940853333334
148 -0.0576766853333334
149 -0.0624649853333334
150 -0.0570887853333334
151 -0.0494946853333334
152 -0.0476173853333334
153 -0.0490473853333334
154 -0.0553328853333334
155 -0.0587113853333334
156 -0.0564732853333334
157 -0.0555857853333334
158 -0.0561573853333334
159 -0.0505213853333334
160 -0.0473846853333334
161 -0.0419316853333334
162 -0.0407913853333334
163 -0.0390484853333334
164 -0.0364069853333334
165 -0.0348857853333334
166 -0.0269500853333334
167 -0.0265871853333334
168 -0.0243677853333334
169 -0.0278569853333334
170 -0.0323948853333334
171 -0.0377924853333334
172 -0.0411960853333334
173 -0.0450083853333334
174 -0.0480785853333334
175 -0.0531714853333334
176 -0.0548847853333334
177 -0.0541058853333334
178 -0.0532062853333334
179 -0.0602042853333334
180 -0.0574851853333334
181 -0.0491957853333334
182 -0.0542796853333334
183 -0.0596271853333334
184 -0.0514521853333334
185 -0.0505341853333334
186 -0.0445927853333334
187 -0.0325703853333334
188 -0.0310409853333334
189 -0.0290498853333334
190 -0.0309092853333334
191 -0.0298914853333334
192 -0.0274341853333334
193 -0.0318532853333334
194 -0.0307044853333334
195 -0.0318858853333334
196 -0.0402057853333334
197 -0.0403360853333334
198 -0.0365309853333334
199 -0.0389434853333334
200 -0.0433813853333334
201 -0.0504263853333334
202 -0.0485250853333334
203 -0.0357294853333334
204 -0.0310825853333334
205 -0.0373958853333334
206 -0.0355686853333334
207 -0.0358811853333334
208 -0.0464392853333334
209 -0.0491648853333334
210 -0.0432464853333334
211 -0.0455353853333334
212 -0.0381423853333334
213 -0.0315541853333334
214 -0.0344546853333334
215 -0.0368942853333334
216 -0.0410304853333334
217 -0.0265905853333334
218 -0.0287702853333334
219 -0.0355036853333334
220 -0.0419562853333334
221 -0.0404981853333334
222 -0.0418063853333334
223 -0.0403925853333334
224 -0.0372856853333334
225 -0.0349005853333334
226 -0.0381617853333334
227 -0.0347026853333334
228 -0.0251388853333334
229 -0.0172914853333334
230 -0.0193316853333334
231 -0.0214193853333334
232 -0.0191139853333334
233 -0.0269870853333334
234 -0.0290941853333334
235 -0.0267441853333334
236 -0.0302141853333334
237 -0.0330031853333334
238 -0.0351184853333334
239 -0.0381345853333334
240 -0.0389866853333334
241 -0.0453316853333334
242 -0.0544159853333334
243 -0.0626355853333334
244 -0.0630497853333334
245 -0.0552604853333334
246 -0.0559626853333334
247 -0.0537902853333334
248 -0.0539592853333334
249 -0.0554569853333334
250 -0.0593378853333334
251 -0.0526443853333334
252 -0.0458891853333334
253 -0.0438319853333334
254 -0.0435025853333334
255 -0.0440436853333334
256 -0.0410457853333334
257 -0.0439269853333334
258 -0.0475461853333334
259 -0.0475849853333334
260 -0.0476559853333334
261 -0.0393432853333334
262 -0.0344409853333334
263 -0.0350305853333334
264 -0.0323834853333334
265 -0.0292639853333334
266 -0.0309538853333334
267 -0.0355303853333334
268 -0.0369338853333334
269 -0.0389533853333334
270 -0.0431860853333334
271 -0.0420678853333334
272 -0.0456867853333334
273 -0.0492802853333334
274 -0.0407395853333334
275 -0.0407522853333334
276 -0.0425207853333334
277 -0.0405891853333334
278 -0.0386121853333334
279 -0.0345844853333334
280 -0.0377504853333334
281 -0.0374641853333334
282 -0.0396405853333334
283 -0.0418667853333334
284 -0.0390006853333334
285 -0.0400004853333334
286 -0.0410233853333334
287 -0.0389021853333334
288 -0.0398271853333334
289 -0.0415514853333334
290 -0.0463732853333334
291 -0.0475922853333334
292 -0.0476413853333334
293 -0.0436091853333334
294 -0.0430950853333334
295 -0.0442745853333334
296 -0.0524119853333334
297 -0.0483244853333334
298 -0.0440627853333334
299 -0.0441640853333334
300 -0.0451808853333334
301 -0.0408842853333334
302 -0.0409579853333334
303 -0.0495338853333334
304 -0.0540388853333334
305 -0.0536312853333334
306 -0.0586883853333334
307 -0.0563220853333334
308 -0.0593616853333334
309 -0.0569980853333334
310 -0.0572455853333334
311 -0.0545332853333334
312 -0.0552661853333334
313 -0.0549742853333334
314 -0.0542597853333334
315 -0.0521194853333334
316 -0.0561537853333334
317 -0.0560587853333334
318 -0.0501829853333334
319 -0.0493408853333334
320 -0.0558659853333334
321 -0.0569420853333334
322 -0.0598507853333334
323 -0.0615559853333334
324 -0.0542421853333334
325 -0.0457364853333334
326 -0.0503684853333334
327 -0.0551015853333334
328 -0.0585719853333334
329 -0.0580119853333334
330 -0.0488228853333334
331 -0.0444598853333334
332 -0.0443627853333334
333 -0.0392618853333334
334 -0.0295227853333334
335 -0.0299842853333334
336 -0.0333832853333334
337 -0.0411466853333334
338 -0.0435918853333334
339 -0.0460092853333334
340 -0.0457662853333334
341 -0.0429165853333334
342 -0.0471553853333334
343 -0.0531592853333334
344 -0.0475658853333334
345 -0.0428213853333334
346 -0.0335391853333334
347 -0.0327066853333334
348 -0.0332311853333334
349 -0.0377070853333334
350 -0.0420213853333334
351 -0.0551657853333334
352 -0.0577980853333334
353 -0.0519476853333334
354 -0.0497574853333334
355 -0.0405237853333334
356 -0.0380775853333334
357 -0.0339906853333334
358 -0.0353616853333334
359 -0.0394706853333334
360 -0.0435071853333334
361 -0.0446399853333334
362 -0.0376471853333334
363 -0.0424783853333334
364 -0.0572483853333334
365 -0.0596000853333334
366 -0.0583692853333334
367 -0.0606943853333334
368 -0.0578434853333334
369 -0.0570811853333334
370 -0.0590940853333334
371 -0.0579487853333334
372 -0.0550655853333334
373 -0.0517698853333334
374 -0.0498615853333334
375 -0.0527559853333334
376 -0.0439629853333334
377 -0.0401023853333334
378 -0.0402904853333334
379 -0.0398948853333334
380 -0.0404721853333334
381 -0.0395260853333334
382 -0.0446805853333334
383 -0.0457209853333334
384 -0.0488282853333334
385 -0.0490095853333334
386 -0.0460378853333334
387 -0.0465456853333334
388 -0.0484560853333334
389 -0.0563038853333334
390 -0.0608182853333334
391 -0.0570708853333334
392 -0.0575547853333334
393 -0.0548343853333334
394 -0.0453306853333334
395 -0.0455325853333334
396 -0.0477222853333334
397 -0.0481176853333334
398 -0.0455638853333334
399 -0.0359318853333334
400 -0.0391708853333334
401 -0.0453504853333334
402 -0.0397630853333334
403 -0.0420188853333334
404 -0.0445007853333334
405 -0.0484186853333334
406 -0.0440371853333334
407 -0.0434797853333334
408 -0.0407212853333334
409 -0.0363465853333334
410 -0.0386739853333334
411 -0.0428065853333334
412 -0.0447999853333334
413 -0.0460123853333334
414 -0.0467797853333334
415 -0.0422939853333334
416 -0.0400499853333334
417 -0.0367556853333334
418 -0.0326981853333334
419 -0.0323011853333334
420 -0.0377609853333334
421 -0.0449054853333334
422 -0.0509150853333334
423 -0.0460427853333334
424 -0.0528322853333334
425 -0.0533107853333334
426 -0.0474089853333334
427 -0.0486249853333334
428 -0.0535784853333334
429 -0.0529447853333334
430 -0.0556791853333334
431 -0.0463604853333334
432 -0.0487698853333334
433 -0.0505153853333334
434 -0.0484711853333334
435 -0.0481143853333334
436 -0.0413907853333334
437 -0.0391920853333334
438 -0.0414841853333334
439 -0.0423203853333334
440 -0.0397467853333334
441 -0.0314926853333334
442 -0.0326081853333334
443 -0.0377707853333334
444 -0.0452668853333334
445 -0.0524827853333334
446 -0.0459774853333334
447 -0.0450782853333334
448 -0.0518708853333334
449 -0.0451096853333334
450 -0.0462397853333334
451 -0.0483957853333334
452 -0.0461516853333334
453 -0.0449620853333334
454 -0.0514262853333334
455 -0.0556737853333334
456 -0.0486443853333334
457 -0.0426771853333334
458 -0.0434971853333334
459 -0.0452581853333334
460 -0.0498209853333334
461 -0.0493942853333334
462 -0.0519653853333334
463 -0.0547772853333334
464 -0.0511472853333334
465 -0.0416506853333334
466 -0.0399342853333334
467 -0.0380662853333334
468 -0.0335420853333334
469 -0.0426351853333334
470 -0.0431294853333334
471 -0.0339464853333334
472 -0.0286080853333334
473 -0.0326408853333334
474 -0.0271084853333334
475 -0.0238019853333334
476 -0.0357734853333334
477 -0.0394321853333334
478 -0.0368473853333334
479 -0.0390289853333334
480 -0.0460428853333334
481 -0.0373416853333334
482 -0.0282423853333334
483 -0.0353138853333334
484 -0.0380681853333334
485 -0.0407005853333334
486 -0.0401439853333334
487 -0.0395627853333334
488 -0.0391616853333334
489 -0.0373272853333334
490 -0.0324806853333334
491 -0.0349365853333334
492 -0.0311941853333334
493 -0.0271611853333334
494 -0.0261607853333334
495 -0.0291882853333334
496 -0.0361688853333334
497 -0.0388546853333334
498 -0.0431288853333334
499 -0.0439296853333334
500 -0.0419826853333334
501 -0.0510257853333334
502 -0.0434881853333334
503 -0.0388018853333334
504 -0.0396990853333334
505 -0.0517896853333334
506 -0.0549935853333334
507 -0.0475619853333334
508 -0.0409837853333334
509 -0.0400588853333334
510 -0.0383708853333334
511 -0.0367605853333334
512 -0.0374920853333334
513 -0.0408777853333334
514 -0.0337446853333334
515 -0.0304554853333334
516 -0.0261754853333334
517 -0.0281783853333334
518 -0.0338576853333334
519 -0.0334179853333334
520 -0.0289124853333334
521 -0.0358360853333334
522 -0.0435931853333334
523 -0.0444612853333334
524 -0.0424710853333334
525 -0.0373132853333334
526 -0.0367692853333334
527 -0.0350462853333334
528 -0.0359825853333334
529 -0.0416196853333334
530 -0.0374179853333334
531 -0.0352313853333334
532 -0.0393689853333334
533 -0.0332525853333334
534 -0.0315328853333334
535 -0.0340315853333334
536 -0.0391817853333334
537 -0.0441956853333334
538 -0.0415320853333334
539 -0.0391159853333334
540 -0.0418458853333334
541 -0.0409765853333334
542 -0.0454497853333334
543 -0.0446468853333334
544 -0.0420146853333334
545 -0.0430016853333334
546 -0.0429987853333334
547 -0.0366136853333334
548 -0.0353301853333334
549 -0.0373293853333334
550 -0.0388609853333334
551 -0.0399014853333334
552 -0.0390546853333334
553 -0.0340936853333334
554 -0.0330798853333334
555 -0.0420048853333334
556 -0.0461073853333334
557 -0.0468850853333334
558 -0.0480594853333334
559 -0.0514053853333334
560 -0.0538983853333334
561 -0.0579967853333334
562 -0.0534839853333334
563 -0.0492163853333334
564 -0.0416890853333334
565 -0.0442994853333334
566 -0.0441719853333334
567 -0.0375457853333334
568 -0.0346511853333334
569 -0.0303541853333334
570 -0.0301816853333334
571 -0.0268161853333334
572 -0.0293028853333334
573 -0.0316782853333334
574 -0.0367560853333334
575 -0.0329359853333334
576 -0.0370525853333334
577 -0.0363937853333334
578 -0.0321860853333334
579 -0.0346197853333334
580 -0.0351846853333334
581 -0.0348307853333334
582 -0.0381590853333334
583 -0.0378430853333334
584 -0.0394991853333334
585 -0.0324625853333334
586 -0.0286590853333334
587 -0.0269323853333334
588 -0.0267024853333334
589 -0.0304579853333334
590 -0.0337273853333334
591 -0.0413611853333334
592 -0.0461945853333334
593 -0.0464318853333334
594 -0.0400719853333334
595 -0.0405562853333334
596 -0.0443103853333334
597 -0.0412292853333334
598 -0.0437227853333334
599 -0.0396868853333334
600 -0.0318071853333334
