1 0.2836357668333334
2 0.2379941668333334
3 0.2263637668333334
4 0.2105472668333334
5 0.1872173668333334
6 0.1869713668333334
7 0.1649908668333334
8 0.1467443668333334
9 0.1397785668333334
10 0.1742149668333334
11 0.2073243668333334
12 0.2036591668333334
13 0.1888303668333334
14 0.2022856668333334
15 0.1760272668333334
16 0.1660069668333334
17 0.1430075668333334
18 0.1236227668333334
19 0.1501838668333334
20 0.1535770668333334
21 0.0844065668333334
22 0.0901305668333334
23 0.0877192668333334
24 0.0947804668333334
25 0.0840358668333334
26 0.0681994668333334
27 0.0730143668333334
28 0.0513964668333334
29 0.0693868668333334
30 0.0853290668333334
31 0.0859469668333334
32 0.0984789668333334
33 0.1041280668333334
34 0.0948282668333334
35 0.0825676668333334
36 0.1024097668333334
37 0.1130489668333334
38 0.1107278668333334
39 0.0992196668333334
40 0.0901484668333334
41 0.1066773668333334
42 0.1129009668333334
43 0.1051411668333334
44 0.1060264668333334
45 0.1106668668333334
46 0.1100495668333334
47 0.0878398668333334
48 0.0560607668333334
49 0.0443684668333334
50 0.0419808668333334
51 0.0383603668333334
52 0.0592754668333334
53 0.0630129668333334
54 0.0487058668333334
55 0.0325407668333334
56 0.0096337668333334
57 -0.0053080331666666
58 -0.0082361331666666
59 -0.0195019331666666
60 -0.0350069331666666
61 -0.0483921331666666
62 -0.0453589331666666
63 -0.0393280331666666
64 -0.0331831331666666
65 -0.0285345331666666
66 -0.0275928331666666
67 -0.0241821331666666
68 -0.0120742331666666
69 -0.0116530331666666
70 -0.0252016331666666
71 -0.0395905331666666
72 -0.0537810331666666
73 -0.0514446331666666
74 -0.0349995331666666
75 -0.0283212331666666
76 -0.0264288331666666
77 -0.0210162331666666
78 -0.0170760331666666
79 -0.0157225331666666
80 -0.0041951331666666
81 -0.0053506331666666
82 -0.0117223331666666
83 -0.0189944331666666
84 -0.0075942331666666
85 0.0068366668333334
86 0.0057916668333334
87 -0.0041707331666666
88 -0.0097868331666666
89 -0.0152627331666666
90 -0.0265039331666666
91 -0.0193679331666666
92 -0.0008517331666666
93 0.0076835668333334
94 0.0076773668333334
95 -0.0024788331666666
96 -0.0019525331666666
97 0.0045998668333334
98 0.0290613668333334
99 0.0269491668333334
100 0.0080952668333334
101 0.0106271668333334
102 0.0102422668333334
103 0.0009644668333334
104 -0.0093428331666666
105 0.0018842668333334
106 0.0188072668333334
107 0.0239508668333334
108 0.0303704668333334
109 0.0397126668333334
110 0.0321056668333334
111 0.0187420668333334
112 0.0136493668333334
113 0.0214727668333334
114 0.0270306668333334
115 0.0215743668333334
116 0.0066397668333334
117 -0.0043436331666666
118 -0.0026281331666666
119 0.0039404668333334
120 0.0182163668333334
121 0.0363415668333334
122 0.0340093668333334
123 0.0296533668333334
124 0.0167301668333334
125 0.0116594668333334
126 0.0047033668333334
127 -0.0060447331666666
128 -0.0183530331666666
129 -0.0280366331666666
130 -0.0341230331666666
131 -0.0358519331666666
132 -0.0330290331666666
133 -0.0346271331666666
134 -0.0426439331666666
135 -0.0463548331666666
136 -0.0422124331666666
137 -0.0394425331666666
138 -0.0440781331666666
139 -0.0550117331666666
140 -0.0551374331666666
141 -0.0481826331666666
142 -0.0447389331666666
143 -0.0426239331666666
144 -0.0466275331666666
145 -0.0518883331666666
146 -0.0439116331666666
147 -0.0391806331666666
148 -0.0439341331666666
149 -0.0469631331666666
150 -0.0532169331666666
151 -0.0590681331666666
152 -0.0559741331666666
153 -0.0520902331666666
154 -0.0573645331666666
155 -0.0619355331666666
156 -0.0631991331666666
157 -0.0618358331666666
158 -0.0557570331666666
159 -0.0519447331666666
160 -0.0567106331666666
161 -0.0665202331666666
162 -0.0662693331666666
163 -0.0581391331666666
164 -0.0543267331666666
165 -0.0507810331666666
166 -0.0440379331666666
167 -0.0388829331666666
168 -0.0282424331666666
169 -0.0154318331666666
170 -0.0178915331666666
171 -0.0271439331666666
172 -0.0331021331666666
173 -0.0344762331666666
174 -0.0352318331666666
175 -0.0375757331666666
176 -0.0370396331666666
177 -0.0433480331666666
178 -0.0562491331666666
179 -0.0615453331666666
180 -0.0569814331666666
181 -0.0599369331666666
182 -0.0679138331666666
183 -0.0715809331666666
184 -0.0684140331666666
185 -0.0718789331666666
186 -0.0786471331666666
187 -0.0727598331666666
188 -0.0693081331666666
189 -0.0742217331666666
190 -0.0767232331666666
191 -0.0794246331666666
192 -0.0827805331666666
193 -0.0868803331666666
194 -0.0877566331666666
195 -0.0866643331666666
196 -0.0856193331666666
197 -0.0812103331666666
198 -0.0759482331666666
199 -0.0658157331666666
200 -0.0538977331666666
201 -0.0534351331666666
202 -0.0504992331666666
203 -0.0432329331666666
204 -0.0396378331666666
205 -0.0415376331666666
206 -0.0472676331666666
207 -0.0545433331666666
208 -0.0628347331666666
209 -0.0679065331666666
210 -0.0685768331666666
211 -0.0716936331666666
212 -0.0718828331666666
213 -0.0586648331666666
214 -0.0427439331666666
215 -0.0310546331666666
216 -0.0246413331666666
217 -0.0307981331666666
218 -0.0391809331666666
219 -0.0374890331666666
220 -0.0361426331666666
221 -0.0295814331666666
222 -0.0285140331666666
223 -0.0350525331666666
224 -0.0402374331666666
225 -0.0442182331666666
226 -0.0489856331666666
227 -0.0458536331666666
228 -0.0411772331666666
229 -0.0505211331666666
230 -0.0625987331666666
231 -0.0628031331666666
232 -0.0589110331666666
233 -0.0604834331666666
234 -0.0606975331666666
235 -0.0590742331666666
236 -0.0582296331666666
237 -0.0593077331666666
238 -0.0649391331666666
239 -0.0637641331666666
240 -0.0522815331666666
241 -0.0486139331666666
242 -0.0505355331666666
243 -0.0629241331666666
244 -0.0737755331666666
245 -0.0791922331666666
246 -0.0816488331666666
247 -0.0714228331666666
248 -0.0615840331666666
249 -0.0522656331666666
250 -0.0467120331666666
251 -0.0519147331666666
252 -0.0611572331666666
253 -0.0589699331666666
254 -0.0456980331666666
255 -0.0376534331666666
256 -0.0320713331666666
257 -0.0211227331666666
258 -0.0093661331666666
259 -0.0029550331666666
260 -0.0099882331666666
261 -0.0165024331666666
262 -0.0147402331666666
263 -0.0130138331666666
264 -0.0135700331666666
265 -0.0229565331666666
266 -0.0266235331666666
267 -0.0206499331666666
268 -0.0066727331666666
269 -0.0023352331666666
270 -0.0160724331666666
271 -0.0262148331666666
272 -0.0309541331666666
273 -0.0341400331666666
274 -0.0193567331666666
275 0.0088043668333334
276 0.0059016668333334
277 -0.0148901331666666
278 -0.0275066331666666
279 -0.0381087331666666
280 -0.0488536331666666
281 -0.0540461331666666
282 -0.0520777331666666
283 -0.0542142331666666
284 -0.0601810331666666
285 -0.0607423331666666
286 -0.0512103331666666
287 -0.0483529331666666
288 -0.0555378331666666
289 -0.0623905331666666
290 -0.0605815331666666
291 -0.0650094331666666
292 -0.0663098331666666
293 -0.0570333331666666
294 -0.0497782331666666
295 -0.0477846331666666
296 -0.0527940331666666
297 -0.0540346331666666
298 -0.0550933331666666
299 -0.0588974331666666
300 -0.0582572331666666
301 -0.0498483331666666
302 -0.0428935331666666
303 -0.0343005331666666
304 -0.0222180331666666
305 -0.0134064331666666
306 -0.0127260331666666
307 -0.0028495331666666
308 0.0011968668333334
309 -0.0086425331666666
310 -0.0225525331666666
311 -0.0136399331666666
312 0.0029513668333334
313 0.0008415668333334
314 -0.0016984331666666
315 0.0002495668333334
316 -0.0085651331666666
317 -0.0182402331666666
318 -0.0207128331666666
319 -0.0214547331666666
320 -0.0292643331666666
321 -0.0319931331666666
322 -0.0346117331666666
323 -0.0415578331666666
324 -0.0473220331666666
325 -0.0520464331666666
326 -0.0546189331666666
327 -0.0564405331666666
328 -0.0573216331666666
329 -0.0557315331666666
330 -0.0603623331666666
331 -0.0667613331666666
332 -0.0647432331666666
333 -0.0553783331666666
334 -0.0526114331666666
335 -0.0599411331666666
336 -0.0664666331666666
337 -0.0671081331666666
338 -0.0664055331666666
339 -0.0693310331666666
340 -0.0760084331666666
341 -0.0782112331666666
342 -0.0769308331666666
343 -0.0743146331666666
344 -0.0731621331666666
345 -0.0728021331666666
346 -0.0712885331666666
347 -0.0659868331666666
348 -0.0616436331666666
349 -0.0562074331666666
350 -0.0451488331666666
351 -0.0316470331666666
352 -0.0275928331666666
353 -0.0255390331666666
354 -0.0191606331666666
355 -0.0169568331666666
356 -0.0176643331666666
357 -0.0175941331666666
358 -0.0200736331666666
359 -0.0171415331666666
360 -0.0207016331666666
361 -0.0299245331666666
362 -0.0292340331666666
363 -0.0301265331666666
364 -0.0295130331666666
365 -0.0243511331666666
366 -0.0135670331666666
367 -0.0019991331666666
368 0.0106201668333334
369 0.0069600668333334
370 -0.0004837331666666
371 -0.0115511331666666
372 -0.0194815331666666
373 -0.0215206331666666
374 -0.0209645331666666
375 -0.0275764331666666
376 -0.0337956331666666
377 -0.0366754331666666
378 -0.0345708331666666
379 -0.0225713331666666
380 -0.0096494331666666
381 -0.0119482331666666
382 -0.0245349331666666
383 -0.0299604331666666
384 -0.0256292331666666
385 -0.0119489331666666
386 -0.0062186331666666
387 -0.0147011331666666
388 -0.0247734331666666
389 -0.0316293331666666
390 -0.0507230331666666
391 -0.0608584331666666
392 -0.0637363331666666
393 -0.0578897331666666
394 -0.0534297331666666
395 -0.0576993331666666
396 -0.0617569331666666
397 -0.0665598331666666
398 -0.0696398331666666
399 -0.0661856331666666
400 -0.0599722331666666
401 -0.0565141331666666
402 -0.0607298331666666
403 -0.0702959331666666
404 -0.0712811331666666
405 -0.0647465331666666
406 -0.0578200331666666
407 -0.0533706331666666
408 -0.0493497331666666
409 -0.0504536331666666
410 -0.0571807331666666
411 -0.0623221331666666
412 -0.0636829331666666
413 -0.0612193331666666
414 -0.0544119331666666
415 -0.0518662331666666
416 -0.0501070331666666
417 -0.0430452331666666
418 -0.0374591331666666
419 -0.0358609331666666
420 -0.0427186331666666
421 -0.0564541331666666
422 -0.0611602331666666
423 -0.0611652331666666
424 -0.0655679331666666
425 -0.0692456331666666
426 -0.0708718331666666
427 -0.0709144331666666
428 -0.0723410331666666
429 -0.0743641331666666
430 -0.0729341331666666
431 -0.0682125331666666
432 -0.0619341331666666
433 -0.0609125331666666
434 -0.0595492331666666
435 -0.0524022331666666
436 -0.0439059331666666
437 -0.0363190331666666
438 -0.0353689331666666
439 -0.0445805331666666
440 -0.0524473331666666
441 -0.0585024331666666
442 -0.0669935331666666
443 -0.0624260331666666
444 -0.0474500331666666
445 -0.0326684331666666
446 -0.0241256331666666
447 -0.0268346331666666
448 -0.0410985331666666
449 -0.0545657331666666
450 -0.0547431331666666
451 -0.0457790331666666
452 -0.0309348331666666
453 -0.0277762331666666
454 -0.0275050331666666
455 -0.0273925331666666
456 -0.0328469331666666
457 -0.0358189331666666
458 -0.0432336331666666
459 -0.0517713331666666
460 -0.0486666331666666
461 -0.0397980331666666
462 -0.0398590331666666
463 -0.0400199331666666
464 -0.0365104331666666
465 -0.0302949331666666
466 -0.0248886331666666
467 -0.0300848331666666
468 -0.0480355331666666
469 -0.0577948331666666
470 -0.0518038331666666
471 -0.0479318331666666
472 -0.0402605331666666
473 -0.0303925331666666
474 -0.0349359331666666
475 -0.0425893331666666
476 -0.0390066331666666
477 -0.0413350331666666
478 -0.0472064331666666
479 -0.0429712331666666
480 -0.0363013331666666
481 -0.0328608331666666
482 -0.0267228331666666
483 -0.0236710331666666
484 -0.0341959331666666
485 -0.0369812331666666
486 -0.0369903331666666
487 -0.0332729331666666
488 -0.0156295331666666
489 -0.0110194331666666
490 -0.0171048331666666
491 -0.0182113331666666
492 -0.0088452331666666
493 -0.0087530331666666
494 -0.0224518331666666
495 -0.0307918331666666
496 -0.0355798331666666
497 -0.0262358331666666
498 -0.0101283331666666
499 0.0033045668333334
500 -0.0013027331666666
501 -0.0163026331666666
502 -0.0258806331666666
503 -0.0340112331666666
504 -0.0323020331666666
505 -0.0308981331666666
506 -0.0371583331666666
507 -0.0391997331666666
508 -0.0411020331666666
509 -0.0358304331666666
510 -0.0323534331666666
511 -0.0330635331666666
512 -0.0310925331666666
513 -0.0200722331666666
514 -0.0127870331666666
515 -0.0160891331666666
516 -0.0162717331666666
517 -0.0079768331666666
518 -0.0043576331666666
519 -0.0095397331666666
520 -0.0148680331666666
521 -0.0329693331666666
522 -0.0486081331666666
523 -0.0484005331666666
524 -0.0363229331666666
525 -0.0252600331666666
526 -0.0205277331666666
527 -0.0266769331666666
528 -0.0404121331666666
529 -0.0502913331666666
530 -0.0521233331666666
531 -0.0442425331666666
532 -0.0344144331666666
533 -0.0385353331666666
534 -0.0519232331666666
535 -0.0564904331666666
536 -0.0593324331666666
537 -0.0653675331666666
538 -0.0668259331666666
539 -0.0638477331666666
540 -0.0592997331666666
541 -0.0550379331666666
542 -0.0500197331666666
543 -0.0465350331666666
544 -0.0499785331666666
545 -0.0578169331666666
546 -0.0676426331666666
547 -0.0709796331666666
548 -0.0669867331666666
549 -0.0608136331666666
550 -0.0530719331666666
551 -0.0495781331666666
552 -0.0490961331666666
553 -0.0539186331666666
554 -0.0572234331666666
555 -0.0515378331666666
556 -0.0522094331666666
557 -0.0642887331666666
558 -0.0730060331666666
559 -0.0736755331666666
560 -0.0694142331666666
561 -0.0611371331666666
562 -0.0546550331666666
563 -0.0581053331666666
564 -0.0710190331666666
565 -0.0788666331666666
566 -0.0801917331666666
567 -0.0817725331666666
568 -0.0828869331666666
569 -0.0849228331666666
570 -0.0936936331666666
571 -0.1021114331666666
572 -0.1024444331666666
573 -0.1000883331666666
574 -0.0971730331666666
575 -0.0923063331666666
576 -0.0851620331666666
577 -0.0738098331666666
578 -0.0636499331666666
579 -0.0599462331666666
580 -0.0576285331666666
581 -0.0560630331666666
582 -0.0558301331666666
583 -0.0568128331666666
584 -0.0564899331666666
585 -0.0548832331666666
586 -0.0546219331666666
587 -0.0537316331666666
588 -0.0557110331666666
589 -0.0609283331666666
590 -0.0631683331666666
591 -0.0600239331666666
592 -0.0592720331666666
593 -0.0595846331666666
594 -0.0514178331666666
595 -0.0350700331666666
596 -0.0369734331666666
597 -0.0418513331666666
598 -0.0349151331666666
599 -0.0263328331666666
600 -0.0227646331666666
