1 0.0470151416666666
2 0.0389218416666666
3 0.0287127416666666
4 0.0218991416666666
5 0.0187052416666666
6 0.0066219416666666
7 0.0054218416666666
8 0.0010527416666666
9 -0.0059499583333334
10 -0.0069155583333334
11 -0.0086121583333334
12 -0.0134016583333334
13 -0.0103132583333334
14 -0.0095005583333334
15 -0.0119699583333334
16 -0.0116195583333334
17 -0.0141207583333334
18 -0.0131569583333334
19 -0.0149677583333334
20 -0.0149392583333334
21 -0.0139228583333334
22 -0.0167181583333334
23 -0.0159473583333334
24 -0.0155638583333334
25 -0.0162785583333334
26 -0.0174041583333334
27 -0.0170036583333334
28 -0.0181341583333334
29 -0.0163099583333334
30 -0.0158513583333334
31 -0.0149525583333334
32 -0.0161317583333334
33 -0.0151836583333334
34 -0.0145567583333334
35 -0.0142269583333334
36 -0.0148643583333334
37 -0.0153237583333334
38 -0.0164678583333334
39 -0.0183949583333334
40 -0.0168740583333334
41 -0.0191635583333334
42 -0.0200114583333334
43 -0.0204588583333334
44 -0.0201621583333334
45 -0.0198878583333334
46 -0.0214045583333334
47 -0.0214312583333334
48 -0.0199809583333334
49 -0.0191761583333334
50 -0.0177393583333334
51 -0.0167696583333334
52 -0.0174620583333334
53 -0.0165658583333334
54 -0.0206682583333334
55 -0.0207298583333334
56 -0.0203002583333334
57 -0.0199106583333334
58 -0.0172066583333334
59 -0.0180433583333334
60 -0.0184199583333334
61 -0.0191537583333334
62 -0.0184519583333334
63 -0.0180341583333334
64 -0.0168568583333334
65 -0.0175576583333334
66 -0.0190515583333334
67 -0.0172735583333334
68 -0.0168601583333334
69 -0.0178706583333334
70 -0.0174261583333334
71 -0.0192517583333334
72 -0.0212417583333334
73 -0.0171547583333334
74 -0.0151136583333334
75 -0.0144067583333334
76 -0.0146226583333334
77 -0.0139487583333334
78 -0.0131797583333334
79 -0.0132324583333334
80 -0.0126702583333334
81 -0.0134271583333334
82 -0.0115452583333334
83 -0.0137323583333334
84 -0.0152344583333334
85 -0.0130389583333334
86 -0.0152861583333334
87 -0.0155359583333334
88 -0.0134433583333334
89 -0.0135984583333334
90 -0.0163248583333334
91 -0.0147930583333334
92 -0.0165114583333334
93 -0.0120823583333334
94 -0.0131726583333334
95 -0.0164121583333334
96 -0.0168708583333334
97 -0.0167028583333334
98 -0.0186597583333334
99 -0.0165175583333334
100 -0.0161996583333334
101 -0.0169894583333334
102 -0.0162908583333334
103 -0.0173321583333334
104 -0.0196660583333334
105 -0.0194909583333334
106 -0.0179844583333334
107 -0.0179803583333334
108 -0.0183306583333334
109 -0.0194659583333334
110 -0.0179385583333334
111 -0.0174316583333334
112 -0.0160251583333334
113 -0.0160715583333334
114 -0.0182361583333334
115 -0.0171808583333334
116 -0.0185299583333334
117 -0.0165343583333334
118 -0.0184899583333334
119 -0.0143095583333334
120 -0.0170217583333334
121 -0.0160574583333334
122 -0.0141172583333334
123 -0.0158208583333334
124 -0.0161844583333334
125 -0.0149285583333334
126 -0.0176154583333334
127 -0.0169779583333334
128 -0.0165162583333334
129 -0.0190392583333334
130 -0.0172266583333334
131 -0.0145705583333334
132 -0.0171661583333334
133 -0.0186924583333334
134 -0.0163126583333334
135 -0.0182410583333334
136 -0.0183482583333334
137 -0.0191027583333334
138 -0.0190058583333334
139 -0.0192232583333334
140 -0.0173828583333334
141 -0.0173259583333334
142 -0.0172259583333334
143 -0.0163508583333334
144 -0.0179926583333334
145 -0.0184374583333334
146 -0.0180569583333334
147 -0.0175477583333334
148 -0.0172410583333334
149 -0.0192129583333334
150 -0.0202793583333334
151 -0.0202671583333334
152 -0.0220123583333334
153 -0.0215161583333334
154 -0.0205462583333334
155 -0.0191183583333334
156 -0.0182709583333334
157 -0.0210169583333334
158 -0.0227105583333334
159 -0.0230140583333334
160 -0.0228791583333334
161 -0.0215731583333334
162 -0.0204265583333334
163 -0.0174958583333334
164 -0.0185125583333334
165 -0.0170264583333334
166 -0.0173969583333334
167 -0.0128913583333334
168 -0.0141424583333334
169 -0.0165823583333334
170 -0.0161517583333334
171 -0.0177720583333334
172 -0.0172089583333334
173 -0.0185603583333334
174 -0.0161333583333334
175 -0.0168149583333334
176 -0.0177044583333334
177 -0.0178973583333334
178 -0.0194357583333334
179 -0.0217908583333334
180 -0.0216796583333334
181 -0.0204104583333334
182 -0.0191537583333334
183 -0.0214227583333334
184 -0.0203506583333334
185 -0.0212334583333334
186 -0.0205002583333334
187 -0.0194412583333334
188 -0.0188015583333334
189 -0.0153426583333334
190 -0.0172942583333334
191 -0.0171544583333334
192 -0.0183651583333334
193 -0.0155135583333334
194 -0.0156281583333334
195 -0.0142601583333334
196 -0.0148890583333334
197 -0.0147402583333334
198 -0.0159550583333334
199 -0.0174156583333334
200 -0.0163341583333334
201 -0.0181468583333334
202 -0.0186139583333334
203 -0.0185718583333334
204 -0.0163255583333334
205 -0.0156942583333334
206 -0.0185909583333334
207 -0.0173505583333334
208 -0.0153298583333334
209 -0.0177616583333334
210 -0.0194717583333334
211 -0.0198157583333334
212 -0.0207172583333334
213 -0.0226118583333334
214 -0.0187235583333334
215 -0.0182658583333334
216 -0.0182256583333334
217 -0.0163866583333334
218 -0.0174345583333334
219 -0.0154284583333334
220 -0.0181069583333334
221 -0.0158095583333334
222 -0.0150660583333334
223 -0.0151840583333334
224 -0.0165825583333334
225 -0.0153532583333334
226 -0.0143162583333334
227 -0.0166606583333334
228 -0.0141761583333334
229 -0.0162493583333334
230 -0.0153341583333334
231 -0.0124755583333334
232 -0.0132587583333334
233 -0.0141074583333334
234 -0.0158471583333334
235 -0.0124084583333334
236 -0.0152739583333334
237 -0.0172774583333334
238 -0.0171191583333334
239 -0.0176608583333334
240 -0.0174921583333334
241 -0.0174146583333334
242 -0.0191903583333334
243 -0.0197392583333334
244 -0.0208371583333334
245 -0.0208865583333334
246 -0.0201506583333334
247 -0.0197517583333334
248 -0.0212370583333334
249 -0.0227782583333334
250 -0.0211452583333334
251 -0.0199771583333334
252 -0.0232624583333334
253 -0.0204281583333334
254 -0.0221144583333334
255 -0.0215948583333334
256 -0.0215565583333334
257 -0.0199700583333334
258 -0.0191676583333334
259 -0.0205763583333334
260 -0.0199850583333334
261 -0.0189932583333334
262 -0.0200113583333334
263 -0.0174793583333334
264 -0.0163603583333334
265 -0.0151045583333334
266 -0.0157755583333334
267 -0.0156909583333334
268 -0.0170572583333334
269 -0.0179140583333334
270 -0.0151050583333334
271 -0.0146015583333334
272 -0.0154948583333334
273 -0.0165310583333334
274 -0.0139446583333334
275 -0.0162150583333334
276 -0.0164511583333334
277 -0.0154102583333334
278 -0.0172565583333334
279 -0.0156904583333334
280 -0.0154384583333334
281 -0.0162932583333334
282 -0.0173143583333334
283 -0.0184187583333334
284 -0.0161362583333334
285 -0.0146672583333334
286 -0.0133799583333334
287 -0.0166146583333334
288 -0.0157744583333334
289 -0.0153157583333334
290 -0.0154500583333334
291 -0.0176219583333334
292 -0.0175187583333334
293 -0.0173682583333334
294 -0.0187301583333334
295 -0.0176593583333334
296 -0.0168440583333334
297 -0.0194073583333334
298 -0.0211751583333334
299 -0.0198578583333334
300 -0.0181063583333334
301 -0.0172025583333334
302 -0.0194647583333334
303 -0.0182823583333334
304 -0.0176168583333334
305 -0.0192656583333334
306 -0.0217363583333334
307 -0.0228821583333334
308 -0.0222122583333334
309 -0.0230675583333334
310 -0.0214057583333334
311 -0.0221605583333334
312 -0.0230178583333334
313 -0.0223120583333334
314 -0.0216071583333334
315 -0.0213781583333334
316 -0.0217645583333334
317 -0.0214150583333334
318 -0.0215348583333334
319 -0.0218950583333334
320 -0.0226244583333334
321 -0.0226439583333334
322 -0.0231085583333334
323 -0.0233992583333334
324 -0.0237298583333334
325 -0.0227218583333334
326 -0.0218068583333334
327 -0.0222461583333334
328 -0.0224825583333334
329 -0.0216432583333334
330 -0.0212014583333334
331 -0.0216323583333334
332 -0.0201683583333334
333 -0.0198675583333334
334 -0.0163901583333334
335 -0.0170634583333334
336 -0.0150214583333334
337 -0.0152106583333334
338 -0.0137564583333334
339 -0.0143796583333334
340 -0.0168462583333334
341 -0.0185659583333334
342 -0.0189683583333334
343 -0.0175214583333334
344 -0.0184053583333334
345 -0.0183200583333334
346 -0.0171685583333334
347 -0.0145682583333334
348 -0.0143238583333334
349 -0.0172374583333334
350 -0.0171171583333334
351 -0.0174241583333334
352 -0.0166777583333334
353 -0.0184064583333334
354 -0.0177723583333334
355 -0.0180950583333334
356 -0.0190407583333334
357 -0.0174273583333334
358 -0.0168481583333334
359 -0.0198594583333334
360 -0.0186020583333334
361 -0.0169449583333334
362 -0.0149439583333334
363 -0.0170284583333334
364 -0.0158878583333334
365 -0.0175683583333334
366 -0.0182501583333334
367 -0.0204702583333334
368 -0.0209660583333334
369 -0.0221609583333334
370 -0.0218558583333334
371 -0.0216188583333334
372 -0.0226111583333334
373 -0.0222462583333334
374 -0.0219658583333334
375 -0.0197842583333334
376 -0.0194463583333334
377 -0.0180586583333334
378 -0.0181235583333334
379 -0.0167340583333334
380 -0.0171101583333334
381 -0.0166980583333334
382 -0.0189114583333334
383 -0.0176535583333334
384 -0.0190293583333334
385 -0.0199830583333334
386 -0.0199867583333334
387 -0.0202554583333334
388 -0.0208257583333334
389 -0.0196565583333334
390 -0.0188316583333334
391 -0.0189016583333334
392 -0.0191423583333334
393 -0.0198940583333334
394 -0.0201976583333334
395 -0.0211031583333334
396 -0.0195702583333334
397 -0.0185272583333334
398 -0.0189295583333334
399 -0.0206282583333334
400 -0.0192464583333334
401 -0.0179343583333334
402 -0.0171891583333334
403 -0.0179993583333334
404 -0.0169183583333334
405 -0.0184173583333334
406 -0.0170380583333334
407 -0.0167822583333334
408 -0.0187187583333334
409 -0.0182757583333334
410 -0.0181914583333334
411 -0.0160092583333334
412 -0.0154614583333334
413 -0.0167037583333334
414 -0.0175752583333334
415 -0.0179553583333334
416 -0.0185808583333334
417 -0.0206701583333334
418 -0.0203014583333334
419 -0.0185194583333334
420 -0.0171048583333334
421 -0.0183654583333334
422 -0.0173866583333334
423 -0.0160753583333334
424 -0.0172569583333334
425 -0.0191937583333334
426 -0.0199909583333334
427 -0.0213590583333334
428 -0.0212622583333334
429 -0.0216366583333334
430 -0.0201052583333334
431 -0.0200781583333334
432 -0.0195164583333334
433 -0.0204606583333334
434 -0.0197390583333334
435 -0.0175222583333334
436 -0.0182742583333334
437 -0.0184292583333334
438 -0.0176669583333334
439 -0.0180647583333334
440 -0.0170133583333334
441 -0.0166339583333334
442 -0.0155849583333334
443 -0.0140978583333334
444 -0.0163585583333334
445 -0.0155720583333334
446 -0.0146234583333334
447 -0.0188836583333334
448 -0.0177733583333334
449 -0.0184529583333334
450 -0.0195678583333334
451 -0.0186124583333334
452 -0.0183203583333334
453 -0.0181019583333334
454 -0.0189402583333334
455 -0.0198186583333334
456 -0.0197088583333334
457 -0.0201505583333334
458 -0.0203454583333334
459 -0.0176494583333334
460 -0.0178154583333334
461 -0.0169355583333334
462 -0.0174182583333334
463 -0.0186608583333334
464 -0.0195868583333334
465 -0.0203994583333334
466 -0.0176814583333334
467 -0.0167951583333334
468 -0.0173342583333334
469 -0.0175210583333334
470 -0.0171678583333334
471 -0.0148183583333334
472 -0.0135676583333334
473 -0.0132920583333334
474 -0.0118701583333334
475 -0.0132122583333334
476 -0.0171763583333334
477 -0.0144338583333334
478 -0.0149791583333334
479 -0.0141816583333334
480 -0.0184188583333334
481 -0.0165033583333334
482 -0.0154539583333334
483 -0.0158961583333334
484 -0.0143062583333334
485 -0.0163464583333334
486 -0.0153656583333334
487 -0.0124919583333334
488 -0.0144790583333334
489 -0.0156938583333334
490 -0.0148190583333334
491 -0.0130574583333334
492 -0.0115697583333334
493 -0.0126153583333334
494 -0.0132257583333334
495 -0.0143382583333334
496 -0.0169769583333334
497 -0.0165944583333334
498 -0.0175707583333334
499 -0.0177419583333334
500 -0.0187937583333334
501 -0.0174934583333334
502 -0.0196233583333334
503 -0.0200009583333334
504 -0.0184043583333334
505 -0.0176199583333334
506 -0.0168051583333334
507 -0.0194825583333334
508 -0.0212560583333334
509 -0.0177162583333334
510 -0.0175345583333334
511 -0.0164026583333334
512 -0.0159624583333334
513 -0.0167300583333334
514 -0.0158524583333334
515 -0.0136643583333334
516 -0.0142794583333334
517 -0.0132985583333334
518 -0.0135507583333334
519 -0.0151345583333334
520 -0.0133411583333334
521 -0.0109024583333334
522 -0.0119899583333334
523 -0.0146729583333334
524 -0.0144995583333334
525 -0.0145487583333334
526 -0.0147651583333334
527 -0.0146498583333334
528 -0.0156057583333334
529 -0.0189301583333334
530 -0.0170453583333334
531 -0.0171684583333334
532 -0.0167863583333334
533 -0.0152395583333334
534 -0.0151604583333334
535 -0.0162536583333334
536 -0.0159477583333334
537 -0.0173644583333334
538 -0.0198280583333334
539 -0.0211195583333334
540 -0.0200944583333334
541 -0.0175198583333334
542 -0.0193796583333334
543 -0.0185534583333334
544 -0.0173696583333334
545 -0.0187203583333334
546 -0.0184039583333334
547 -0.0162695583333334
548 -0.0132271583333334
549 -0.0134455583333334
550 -0.0144762583333334
551 -0.0142268583333334
552 -0.0156505583333334
553 -0.0176739583333334
554 -0.0161733583333334
555 -0.0185121583333334
556 -0.0172993583333334
557 -0.0171276583333334
558 -0.0189076583333334
559 -0.0225343583333334
560 -0.0214062583333334
561 -0.0216382583333334
562 -0.0210351583333334
563 -0.0204871583333334
564 -0.0223688583333334
565 -0.0196224583333334
566 -0.0199005583333334
567 -0.0208740583333334
568 -0.0161855583333334
569 -0.0170813583333334
570 -0.0159788583333334
571 -0.0161475583333334
572 -0.0163812583333334
573 -0.0136646583333334
574 -0.0154215583333334
575 -0.0134832583333334
576 -0.0163177583333334
577 -0.0152316583333334
578 -0.0147210583333334
579 -0.0177455583333334
580 -0.0170742583333334
581 -0.0175932583333334
582 -0.0165755583333334
583 -0.0161320583333334
584 -0.0149287583333334
585 -0.0166421583333334
586 -0.0160401583333334
587 -0.0172286583333334
588 -0.0166220583333334
589 -0.0106377583333334
590 -0.0099854583333334
591 -0.0125165583333334
592 -0.0160376583333334
593 -0.0161626583333334
594 -0.0166106583333334
595 -0.0185583583333334
596 -0.0183653583333334
597 -0.0183354583333334
598 -0.0172959583333334
599 -0.0198394583333334
600 -0.0186828583333334
