1 0.5888396136666654
2 0.6805603136666656
3 0.7564957136666655
4 0.8170242136666654
5 0.8143275136666654
6 0.7473462136666655
7 0.7051266136666656
8 0.7976612136666656
9 0.9050729136666655
10 0.9928759136666656
11 1.1932952136666655
12 1.2970922136666656
13 1.1450437136666656
14 0.9212302136666655
15 0.9124689136666655
16 1.0168023136666655
17 1.0395719136666655
18 1.0092558136666656
19 0.9544966136666655
20 0.8809922136666655
21 0.8271859136666655
22 0.7165875136666655
23 0.6985383136666656
24 0.7202237136666656
25 0.7151003136666656
26 0.6530777136666654
27 0.5533249136666656
28 0.5043847136666655
29 0.5526458136666654
30 0.6656589136666655
31 0.7090903136666655
32 0.7766800136666656
33 0.7967683136666655
34 0.8585036136666655
35 0.8539910136666655
36 0.8367922136666655
37 0.8745973136666656
38 0.9446568136666655
39 1.0299528136666656
40 1.0236154136666655
41 0.9806849136666655
42 0.9368030136666656
43 0.9404228136666655
44 0.9607295136666656
45 1.0289588136666656
46 1.0244741136666655
47 0.9641335136666656
48 0.9809983136666656
49 0.9574604136666656
50 0.9961635136666656
51 0.9571757136666657
52 0.9221611136666656
53 0.8919308136666655
54 0.9149280136666655
55 0.8878491136666655
56 0.8264892136666655
57 0.8311348136666656
58 0.8826876136666655
59 0.9771130136666655
60 1.0635521136666655
61 1.1182403136666654
62 1.0183422136666656
63 0.7704251136666656
64 0.5511417136666654
65 0.4937064136666655
66 0.6077310136666654
67 0.7820060136666656
68 0.8737484136666656
69 0.9005600136666656
70 0.9474761136666656
71 0.9891289136666654
72 0.9086692136666656
73 0.7306518136666655
74 0.6354446136666656
75 0.6757700136666656
76 0.8174217136666655
77 0.9477239136666655
78 1.0397153136666655
79 1.2246960136666656
80 1.2934824136666656
81 1.1544520136666656
82 0.9737716136666656
83 0.8760832136666656
84 0.8457823136666656
85 0.8685639136666656
86 0.8591164136666656
87 0.7719989136666656
88 0.7607281136666655
89 0.7397761136666656
90 0.7090959136666655
91 0.6575296136666655
92 0.5960474136666656
93 0.5689381136666656
94 0.5774288136666654
95 0.5889921136666654
96 0.5988647136666654
97 0.6192233136666656
98 0.6551802136666656
99 0.7275116136666655
100 0.8610027136666656
101 0.9873341136666656
102 1.0062761136666656
103 0.9405960136666656
104 0.8469489136666655
105 0.7609723136666655
106 0.7484026136666655
107 0.7574350136666654
108 0.8404663136666655
109 0.9240507136666656
110 0.8928081136666655
111 0.7774405136666656
112 0.6531062136666654
113 0.5732957136666654
114 0.5562378136666655
115 0.5960322136666656
116 0.6689411136666656
117 0.7757120136666655
118 0.8681991136666656
119 0.9754131136666655
120 1.0441782136666655
121 1.0400015136666656
122 1.0702561136666655
123 1.0588970136666656
124 1.0922797136666655
125 1.1212383136666655
126 1.0875585136666654
127 0.9916748136666655
128 0.9020671136666656
129 0.9685531136666656
130 1.2256173136666655
131 1.4916806136666656
132 1.6391377136666656
133 1.5378358136666654
134 1.3389301136666656
135 1.2294390136666655
136 1.1929256136666655
137 1.1590633136666655
138 1.0691795136666655
139 0.9981017136666654
140 0.9826567136666655
141 0.9225879136666655
142 0.7917446136666655
143 0.6964403136666655
144 0.7531080136666655
145 0.8905775136666656
146 1.0029591136666656
147 1.0023699136666655
148 0.8998983136666656
149 0.7703800136666656
150 0.7246962136666655
151 0.7805493136666655
152 0.8891289136666656
153 1.0240197136666656
154 1.2032528136666656
155 1.3222392136666656
156 1.4560078136666654
157 1.6229820136666655
158 1.7904568136666654
159 1.9234738136666656
160 1.9878116136666657
161 1.9813015136666654
162 1.8636434136666655
163 1.7656090136666656
164 1.6995163136666656
165 1.5876870136666656
166 1.6091661136666655
167 1.6582358136666655
168 1.7372732136666658
169 1.7630305136666657
170 1.7797434136666657
171 1.9051642136666653
172 1.9535334136666656
173 1.9110045136666653
174 1.9332294136666657
175 2.0373788136666655
176 1.9866016136666653
177 1.7486150136666656
178 1.4270388136666656
179 1.3411939136666655
180 1.3102622136666655
181 1.2132015136666656
182 1.2590544136666655
183 1.5263568136666656
184 1.8790016136666656
185 2.1020169136666653
186 2.2128191136666655
187 2.3183777136666657
188 2.3970408136666657
189 2.2409639136666657
190 2.0779695136666656
191 1.8499191136666657
192 1.6186199136666657
193 1.4288738136666654
194 1.3094468136666655
195 1.2734758136666655
196 1.3102746136666656
197 1.4179959136666656
198 1.3854327136666655
199 1.2676012136666654
200 1.1614702136666655
201 1.0833917136666655
202 1.1076277136666655
203 1.2284402136666654
204 1.3519677136666655
205 1.4201631136666655
206 1.4519668136666655
207 1.5398213136666656
208 1.6282172136666655
209 1.7317212136666655
210 1.8108234136666654
211 1.8134215136666656
212 1.8073687136666656
213 1.8282771136666653
214 1.9905674136666653
215 2.1354418136666657
216 2.1483993136666655
217 2.0238557136666655
218 1.8780093136666656
219 1.7395086136666658
220 1.6941624136666658
221 1.7664323136666655
222 1.8915520136666655
223 1.8496094136666654
224 1.6841338136666657
225 1.5446613136666656
226 1.3584163136666656
227 1.2911690136666656
228 1.3533817136666655
229 1.4284502136666655
230 1.5454349136666656
231 1.6591201136666656
232 1.6329107136666656
233 1.5069883136666655
234 1.4103471136666654
235 1.2919905136666656
236 1.2143590136666655
237 1.2008924136666654
238 1.2111391136666656
239 1.2222613136666656
240 1.3379688136666656
241 1.4560506136666655
242 1.5941232136666657
243 1.7124021136666654
244 1.7042804136666656
245 1.6033760136666655
246 1.4309370136666655
247 1.2146697136666655
248 1.0562255136666656
249 1.0164994136666656
250 1.1100556136666655
251 1.2053215136666655
252 1.2581353136666655
253 1.2623783136666655
254 1.3156075136666656
255 1.3432360136666655
256 1.2546525136666655
257 1.0941186136666656
258 1.0091715136666655
259 1.0248780136666655
260 1.1357351136666656
261 1.2317270136666656
262 1.2936081136666655
263 1.2940539136666656
264 1.2297506136666656
265 1.2160659136666656
266 1.3208265136666655
267 1.4599683136666655
268 1.6037140136666654
269 1.6276865136666654
270 1.6137509136666655
271 1.6368394136666655
272 1.6888075136666654
273 1.7913399136666657
274 1.8118262136666656
275 1.8087058136666654
276 1.7583568136666656
277 1.6902614136666654
278 1.7000070136666654
279 1.7913577136666654
280 1.7974641136666656
281 1.6859770136666654
282 1.5090688136666655
283 1.3577484136666655
284 1.2971774136666656
285 1.4173409136666655
286 1.5208537136666656
287 1.5965872136666655
288 1.6318765136666658
289 1.7140579136666654
290 1.7060714136666655
291 1.6679711136666655
292 1.6144438136666657
293 1.6214185136666655
294 1.7283735136666656
295 1.8745546136666658
296 1.9335461136666656
297 1.9212167136666656
298 1.8049529136666655
299 1.6728234136666655
300 1.6564484136666655
301 1.6800525136666655
302 1.5765204136666655
303 1.4894980136666656
304 1.5000241136666654
305 1.5485127136666654
306 1.6352262136666655
307 1.7377314136666655
308 1.8135505136666654
309 1.8366594136666654
310 1.8900018136666654
311 1.9048788136666657
312 1.8816538136666656
313 1.8900759136666654
314 1.8882282136666655
315 1.9296062136666654
316 1.8059940136666657
317 1.7121572136666656
318 1.8432264136666654
319 2.1357121136666657
320 2.3005528136666658
321 2.1923740136666656
322 2.0795460136666657
323 1.9215658136666653
324 1.7346601136666657
325 1.6969719136666654
326 1.7631297136666655
327 1.7975573136666654
328 1.7887649136666655
329 1.7920463136666656
330 1.7835297136666655
331 1.7019343136666656
332 1.7736988136666656
333 1.9550607136666653
334 2.0190580136666654
335 1.9190073136666657
336 1.7527254136666657
337 1.6087534136666655
338 1.5331602136666656
339 1.5801222136666655
340 1.5548553136666656
341 1.4601152136666655
342 1.4162935136666654
343 1.4583537136666656
344 1.4127667136666655
345 1.3018833136666654
346 1.2346936136666655
347 1.2668810136666655
348 1.3067818136666656
349 1.4486011136666654
350 1.5830797136666654
351 1.6148767136666655
352 1.4808109136666656
353 1.3090779136666655
354 1.2456818136666656
355 1.2738333136666655
356 1.3166048136666655
357 1.3225830136666656
358 1.3517013136666656
359 1.3546922136666655
360 1.2447638136666654
361 1.0818012136666655
362 1.0154977136666656
363 1.0088149136666655
364 1.0086425136666655
365 1.0098007136666656
366 0.9936962136666656
367 1.0072915136666656
368 1.1090991136666655
369 1.1980123136666656
370 1.2047348136666656
371 1.0874238136666656
372 0.8492124136666654
373 0.6438901136666655
374 0.5610933136666656
375 0.5739250136666654
376 0.6598240136666655
377 0.7142043136666656
378 0.6725948136666655
379 0.6352082136666655
380 0.6633872136666656
381 0.7196116136666655
382 0.8274411136666655
383 0.8656347136666656
384 0.8916844136666655
385 0.9044828136666656
386 0.9445006136666656
387 1.0566509136666655
388 1.1786337136666656
389 1.1629876136666655
390 1.0552342136666655
391 0.9505948136666655
392 0.8668464136666656
393 0.8522332136666655
394 0.8507520136666655
395 0.8955415136666656
396 1.0485672136666655
397 1.1213515136666656
398 1.0986214136666654
399 1.0369244136666655
400 1.0098634136666655
401 1.0972904136666655
402 1.1368077136666654
403 1.1791574136666656
404 1.2335509136666656
405 1.2651837136666655
406 1.2704252136666656
407 1.2226038136666655
408 1.1425668136666656
409 1.0896872136666655
410 1.0755787136666655
411 1.0873508136666656
412 1.1709046136666657
413 1.2719248136666654
414 1.3194237136666656
415 1.3182840136666656
416 1.2717123136666655
417 1.2895753136666654
418 1.3182397136666655
419 1.3096942136666656
420 1.2143844136666655
421 1.0308745136666655
422 0.7772379136666656
423 0.5877300136666654
424 0.5425123136666654
425 0.6372759136666655
426 0.7527530136666656
427 0.8697537136666655
428 1.0011713136666656
429 1.0997658136666655
430 1.2229272136666656
431 1.2756079136666656
432 1.2375033136666655
433 1.0973470136666656
434 0.9559817136666655
435 0.9149276136666655
436 0.9222023136666655
437 0.8653839136666654
438 0.8450950136666655
439 0.8427952136666654
440 0.8077769136666655
441 0.7972662136666655
442 0.7408478136666656
443 0.7053385136666654
444 0.6845188136666656
445 0.6528548136666656
446 0.5931305136666656
447 0.4845302136666654
448 0.4241650136666655
449 0.4614892136666655
450 0.4610566136666654
451 0.4323670136666655
452 0.3520837136666655
453 0.2883978136666654
454 0.2772847136666655
455 0.2942375136666655
456 0.2958019136666655
457 0.3404137136666655
458 0.4120127136666655
459 0.3873269136666654
460 0.2825582136666655
461 0.1905678136666655
462 0.1281002136666655
463 0.0939472136666655
464 0.1086670136666655
465 0.1401396136666654
466 0.1723324136666655
467 0.1503510136666655
468 0.0906179136666655
469 0.0450010136666655
470 0.0271521136666655
471 0.0596511136666655
472 0.1063315136666655
473 0.1380984136666655
474 0.2153258136666655
475 0.2752980136666655
476 0.3269038136666655
477 0.3531344136666655
478 0.3754215136666655
479 0.4709450136666655
480 0.5580201136666654
481 0.6435885136666655
482 0.6715804136666654
483 0.6327076136666656
484 0.5739502136666654
485 0.6143820136666656
486 0.7230494136666656
487 0.8742368136666656
488 0.9850290136666655
489 1.0900479136666656
490 1.2264727136666655
491 1.3026240136666656
492 1.3431830136666656
493 1.4246001136666655
494 1.5593818136666655
495 1.7490535136666656
496 1.8937523136666656
497 2.0518203136666657
498 2.1479409136666656
499 2.2447653136666657
500 2.2761326136666655
501 2.2161508136666654
502 2.0615826136666655
503 1.9255032136666657
504 1.8741848136666657
505 1.8874445136666655
506 1.8828518136666657
507 1.7739232136666656
508 1.6495857136666654
509 1.6459875136666655
510 1.7479722136666656
511 1.7860520136666653
512 1.7456016136666657
513 1.7511859136666654
514 1.7493443136666653
515 1.7449102136666657
516 1.6874294136666657
517 1.5826359136666655
518 1.5771603136666656
519 1.6629984136666653
520 1.7734132136666654
521 1.7791223136666656
522 1.6545982136666657
523 1.4072156136666656
524 1.0822449136666656
525 0.8782828136666656
526 0.8840845136666655
527 1.1149429136666655
528 1.3144307136666655
529 1.3706863136666656
530 1.5321548136666656
531 1.8138924136666654
532 2.0740094136666656
533 2.2630539136666656
534 2.3658295136666654
535 2.2966757136666653
536 2.0960641136666656
537 1.8573460136666657
538 1.6580572136666656
539 1.6270285136666653
540 1.6069734136666656
541 1.6014420136666656
542 1.5949824136666655
543 1.5402489136666655
544 1.4404178136666654
545 1.3047135136666654
546 1.2719761136666656
547 1.2349564136666655
548 1.1865156136666655
549 1.0164252136666656
550 0.9111602136666654
551 0.8722172136666655
552 0.8281991136666655
553 0.8189111136666656
554 0.8768067136666655
555 0.9036822136666656
556 0.8836627136666655
557 0.8501677136666654
558 0.7934614136666656
559 0.8005724136666656
560 0.9207232136666654
561 1.0613294136666656
562 1.2535694136666655
563 1.4615539136666655
564 1.5703100136666654
565 1.6005530136666655
566 1.6643162136666656
567 1.7734690136666655
568 1.9333303136666657
569 2.1317696136666657
570 2.2643175136666653
571 2.3276000136666655
572 2.3538608136666657
573 2.3637094136666654
574 2.3441043136666657
575 2.3419483136666654
576 2.3424909136666656
577 2.3669076136666654
578 2.3981931136666654
579 2.3222337136666655
580 2.1479673136666655
581 1.9198561136666656
582 1.6813304136666654
583 1.5610845136666656
584 1.5661826136666654
585 1.6559172136666653
586 1.7137670136666654
587 1.7672367136666653
588 1.7353594136666657
589 1.6921410136666655
590 1.6368375136666655
591 1.4740763136666655
592 1.3312281136666655
593 1.3322384136666656
594 1.3716532136666655
595 1.3912707136666655
596 1.3824539136666656
597 1.4859970136666656
598 1.5317137136666656
599 1.4569871136666654
600 1.3508801136666655
