1 -0.0021017026666667
2 -0.0024670026666667
3 -0.0018050026666667
4 -0.0032655026666667
5 -0.0027117026666667
6 -0.0028739026666667
7 -0.0030043026666667
8 -0.0028780026666667
9 -0.0043043026666667
10 -0.0029852026666667
11 -0.0040248026666667
12 -0.0038975026666667
13 -0.0040588026666667
14 -0.0038909026666667
15 -0.0036501026666667
16 -0.0049625026666667
17 -0.0044345026666667
18 -0.0042618026666667
19 -0.0031390026666667
20 -0.0043582026666667
21 -0.0050022026666667
22 -0.0051611026666667
23 -0.0038435026666667
24 -0.0039023026666667
25 -0.0039543026666667
26 -0.0042047026666667
27 -0.0036925026666667
28 -0.0031016026666667
29 -0.0033160026666667
30 -0.0035411026666667
31 -0.0036746026666667
32 -0.0040838026666667
33 -0.0044409026666667
34 -0.0048464026666667
35 -0.0043590026666667
36 -0.0041921026666667
37 -0.0049246026666667
38 -0.0038844026666667
39 -0.0032405026666667
40 -0.0039528026666667
41 -0.0043499026666667
42 -0.0045385026666667
43 -0.0047601026666667
44 -0.0056583026666667
45 -0.0065161026666667
46 -0.0054287026666667
47 -0.0058128026666667
48 -0.0065072026666667
49 -0.0065591026666667
50 -0.0067859026666667
51 -0.0068238026666667
52 -0.0063997026666667
53 -0.0065798026666667
54 -0.0068148026666667
55 -0.0073983026666667
56 -0.0069960026666667
57 -0.0071895026666667
58 -0.0081054026666667
59 -0.0077686026666667
60 -0.0078964026666667
61 -0.0078818026666667
62 -0.0072600026666667
63 -0.0076067026666667
64 -0.0075785026666667
65 -0.0082457026666667
66 -0.0073883026666667
67 -0.0076187026666667
68 -0.0076169026666667
69 -0.0072371026666667
70 -0.0069733026666667
71 -0.0072761026666667
72 -0.0070797026666667
73 -0.0065188026666667
74 -0.0059229026666667
75 -0.0064014026666667
76 -0.0067347026666667
77 -0.0057113026666667
78 -0.0059645026666667
79 -0.0052470026666667
80 -0.0058586026666667
81 -0.0057487026666667
82 -0.0060525026666667
83 -0.0057367026666667
84 -0.0056266026666667
85 -0.0064677026666667
86 -0.0067270026666667
87 -0.0066152026666667
88 -0.0065900026666667
89 -0.0065359026666667
90 -0.0065374026666667
91 -0.0065462026666667
92 -0.0067336026666667
93 -0.0068632026666667
94 -0.0066799026666667
95 -0.0066826026666667
96 -0.0072606026666667
97 -0.0075712026666667
98 -0.0070334026666667
99 -0.0077131026666667
100 -0.0074171026666667
101 -0.0071459026666667
102 -0.0065319026666667
103 -0.0065499026666667
104 -0.0063364026666667
105 -0.0067912026666667
106 -0.0067277026666667
107 -0.0066110026666667
108 -0.0056879026666667
109 -0.0055163026666667
110 -0.0048443026666667
111 -0.0050764026666667
112 -0.0062400026666667
113 -0.0064840026666667
114 -0.0064990026666667
115 -0.0066482026666667
116 -0.0066105026666667
117 -0.0067057026666667
118 -0.0072204026666667
119 -0.0067087026666667
120 -0.0071700026666667
121 -0.0067912026666667
122 -0.0071591026666667
123 -0.0070768026666667
124 -0.0076167026666667
125 -0.0077132026666667
126 -0.0078259026666667
127 -0.0078043026666667
128 -0.0080288026666667
129 -0.0081828026666667
130 -0.0085329026666667
131 -0.0086672026666667
132 -0.0085827026666667
133 -0.0090739026666667
134 -0.0087076026666667
135 -0.0084075026666667
136 -0.0085896026666667
137 -0.0088173026666667
138 -0.0087393026666667
139 -0.0088214026666667
140 -0.0087579026666667
141 -0.0086165026666667
142 -0.0086627026666667
143 -0.0084480026666667
144 -0.0083930026666667
145 -0.0085748026666667
146 -0.0082127026666667
147 -0.0081697026666667
148 -0.0082204026666667
149 -0.0078976026666667
150 -0.0083769026666667
151 -0.0080176026666667
152 -0.0082903026666667
153 -0.0080912026666667
154 -0.0083124026666667
155 -0.0080849026666667
156 -0.0082177026666667
157 -0.0088225026666667
158 -0.0086666026666667
159 -0.0085389026666667
160 -0.0081099026666667
161 -0.0082922026666667
162 -0.0085668026666667
163 -0.0086309026666667
164 -0.0081806026666667
165 -0.0080762026666667
166 -0.0083497026666667
167 -0.0081555026666667
168 -0.0079171026666667
169 -0.0075422026666667
170 -0.0074132026666667
171 -0.0074801026666667
172 -0.0069359026666667
173 -0.0062856026666667
174 -0.0061179026666667
175 -0.0064332026666667
176 -0.0062467026666667
177 -0.0056407026666667
178 -0.0055367026666667
179 -0.0055919026666667
180 -0.0051404026666667
181 -0.0054847026666667
182 -0.0047152026666667
183 -0.0047147026666667
184 -0.0045859026666667
185 -0.0048832026666667
186 -0.0050503026666667
187 -0.0051042026666667
188 -0.0046997026666667
189 -0.0043464026666667
190 -0.0050001026666667
191 -0.0044005026666667
192 -0.0045155026666667
193 -0.0045814026666667
194 -0.0040060026666667
195 -0.0044001026666667
196 -0.0044824026666667
197 -0.0040232026666667
198 -0.0040681026666667
199 -0.0039289026666667
200 -0.0037977026666667
201 -0.0040661026666667
202 -0.0035809026666667
203 -0.0038513026666667
204 -0.0035977026666667
205 -0.0043718026666667
206 -0.0041267026666667
207 -0.0036782026666667
208 -0.0041378026666667
209 -0.0038334026666667
210 -0.0047628026666667
211 -0.0042121026666667
212 -0.0048755026666667
213 -0.0044460026666667
214 -0.0046224026666667
215 -0.0048265026666667
216 -0.0049439026666667
217 -0.0054155026666667
218 -0.0049807026666667
219 -0.0053664026666667
220 -0.0058625026666667
221 -0.0051512026666667
222 -0.0053040026666667
223 -0.0055067026666667
224 -0.0051647026666667
225 -0.0046766026666667
226 -0.0044985026666667
227 -0.0046792026666667
228 -0.0046513026666667
229 -0.0049761026666667
230 -0.0044248026666667
231 -0.0046898026666667
232 -0.0054952026666667
233 -0.0058581026666667
234 -0.0057084026666667
235 -0.0051867026666667
236 -0.0050764026666667
237 -0.0040639026666667
238 -0.0045953026666667
239 -0.0049351026666667
240 -0.0055778026666667
241 -0.0057901026666667
242 -0.0055257026666667
243 -0.0058384026666667
244 -0.0064410026666667
245 -0.0063812026666667
246 -0.0065261026666667
247 -0.0069776026666667
248 -0.0073123026666667
249 -0.0069998026666667
250 -0.0068057026666667
251 -0.0068560026666667
252 -0.0073101026666667
253 -0.0076458026666667
254 -0.0068662026666667
255 -0.0071460026666667
256 -0.0064345026666667
257 -0.0066290026666667
258 -0.0061883026666667
259 -0.0056491026666667
260 -0.0060149026666667
261 -0.0065574026666667
262 -0.0056765026666667
263 -0.0058998026666667
264 -0.0060582026666667
265 -0.0051604026666667
266 -0.0046619026666667
267 -0.0038390026666667
268 -0.0039565026666667
269 -0.0037750026666667
270 -0.0034837026666667
271 -0.0035583026666667
272 -0.0036547026666667
273 -0.0036843026666667
274 -0.0029973026666667
275 -0.0031582026666667
276 -0.0042437026666667
277 -0.0027671026666667
278 -0.0023201026666667
279 -0.0016063026666667
280 -0.0015354026666667
281 -0.0007397026666667
282 -0.0005788026666667
283 -0.0003827026666667
284 -0.0015057026666667
285 -0.0005392026666667
286 0.0000339973333333
287 -0.0013517026666667
288 -0.0013284026666667
289 0.0000841973333333
290 -0.0014040026666667
291 -0.0008073026666667
292 -0.0022171026666667
293 -0.0011900026666667
294 -0.0014501026666667
295 -0.0014131026666667
296 -0.0024309026666667
297 -0.0027494026666667
298 -0.0031747026666667
299 -0.0023006026666667
300 -0.0024780026666667
301 -0.0015611026666667
302 -0.0027204026666667
303 -0.0028471026666667
304 -0.0040903026666667
305 -0.0042499026666667
306 -0.0032530026666667
307 -0.0034301026666667
308 -0.0035937026666667
309 -0.0043039026666667
310 -0.0033893026666667
311 -0.0027565026666667
312 -0.0030102026666667
313 -0.0033924026666667
314 -0.0025704026666667
315 -0.0028506026666667
316 -0.0022023026666667
317 -0.0029043026666667
318 -0.0033749026666667
319 -0.0030235026666667
320 -0.0029134026666667
321 -0.0030890026666667
322 -0.0021403026666667
323 -0.0038455026666667
324 -0.0017623026666667
325 -0.0025551026666667
326 -0.0033932026666667
327 -0.0017240026666667
328 -0.0013237026666667
329 -0.0018543026666667
330 -0.0005439026666667
331 -0.0006520026666667
332 -0.0013785026666667
333 -0.0010440026666667
334 -0.0016870026666667
335 -0.0029220026666667
336 -0.0027555026666667
337 -0.0037026026666667
338 -0.0033457026666667
339 -0.0044472026666667
340 -0.0036899026666667
341 -0.0040680026666667
342 -0.0046602026666667
343 -0.0044664026666667
344 -0.0041454026666667
345 -0.0049456026666667
346 -0.0050229026666667
347 -0.0055227026666667
348 -0.0057373026666667
349 -0.0053826026666667
350 -0.0056011026666667
351 -0.0055756026666667
352 -0.0065003026666667
353 -0.0070892026666667
354 -0.0072874026666667
355 -0.0071452026666667
356 -0.0076868026666667
357 -0.0081560026666667
358 -0.0076455026666667
359 -0.0076734026666667
360 -0.0077614026666667
361 -0.0075036026666667
362 -0.0079486026666667
363 -0.0083080026666667
364 -0.0084258026666667
365 -0.0081812026666667
366 -0.0085787026666667
367 -0.0084940026666667
368 -0.0085249026666667
369 -0.0080498026666667
370 -0.0084409026666667
371 -0.0087070026666667
372 -0.0089753026666667
373 -0.0092221026666667
374 -0.0090706026666667
375 -0.0091678026666667
376 -0.0088622026666667
377 -0.0087054026666667
378 -0.0087383026666667
379 -0.0088223026666667
380 -0.0091149026666667
381 -0.0091024026666667
382 -0.0090202026666667
383 -0.0086109026666667
384 -0.0086971026666667
385 -0.0085448026666667
386 -0.0084554026666667
387 -0.0087838026666667
388 -0.0083904026666667
389 -0.0082924026666667
390 -0.0083902026666667
391 -0.0082071026666667
392 -0.0079496026666667
393 -0.0079391026666667
394 -0.0079321026666667
395 -0.0081034026666667
396 -0.0078516026666667
397 -0.0079254026666667
398 -0.0083852026666667
399 -0.0086689026666667
400 -0.0084658026666667
401 -0.0083159026666667
402 -0.0082199026666667
403 -0.0083270026666667
404 -0.0085418026666667
405 -0.0085573026666667
406 -0.0086458026666667
407 -0.0086149026666667
408 -0.0088042026666667
409 -0.0085584026666667
410 -0.0083599026666667
411 -0.0083763026666667
412 -0.0087946026666667
413 -0.0082657026666667
414 -0.0082802026666667
415 -0.0086454026666667
416 -0.0083667026666667
417 -0.0081681026666667
418 -0.0081423026666667
419 -0.0080672026666667
420 -0.0080468026666667
421 -0.0081187026666667
422 -0.0085955026666667
423 -0.0084405026666667
424 -0.0083248026666667
425 -0.0084860026666667
426 -0.0087065026666667
427 -0.0085627026666667
428 -0.0085173026666667
429 -0.0084183026666667
430 -0.0088044026666667
431 -0.0086798026666667
432 -0.0083902026666667
433 -0.0085809026666667
434 -0.0086624026666667
435 -0.0084787026666667
436 -0.0086834026666667
437 -0.0088064026666667
438 -0.0086482026666667
439 -0.0088816026666667
440 -0.0085411026666667
441 -0.0086127026666667
442 -0.0086972026666667
443 -0.0092232026666667
444 -0.0092039026666667
445 -0.0090225026666667
446 -0.0085267026666667
447 -0.0087374026666667
448 -0.0088239026666667
449 -0.0086119026666667
450 -0.0090087026666667
451 -0.0092804026666667
452 -0.0092670026666667
453 -0.0092253026666667
454 -0.0092839026666667
455 -0.0090377026666667
456 -0.0091424026666667
457 -0.0092383026666667
458 -0.0092321026666667
459 -0.0094053026666667
460 -0.0095464026666667
461 -0.0096358026666667
462 -0.0092712026666667
463 -0.0093927026666667
464 -0.0094203026666667
465 -0.0096691026666667
466 -0.0097358026666667
467 -0.0097793026666667
468 -0.0097632026666667
469 -0.0097718026666667
470 -0.0093553026666667
471 -0.0093847026666667
472 -0.0091092026666667
473 -0.0090962026666667
474 -0.0092942026666667
475 -0.0088221026666667
476 -0.0088932026666667
477 -0.0089368026666667
478 -0.0088376026666667
479 -0.0086247026666667
480 -0.0083582026666667
481 -0.0086119026666667
482 -0.0084122026666667
483 -0.0081858026666667
484 -0.0079059026666667
485 -0.0081349026666667
486 -0.0079739026666667
487 -0.0080126026666667
488 -0.0078092026666667
489 -0.0080259026666667
490 -0.0078439026666667
491 -0.0083076026666667
492 -0.0077897026666667
493 -0.0070994026666667
494 -0.0076066026666667
495 -0.0076486026666667
496 -0.0077151026666667
497 -0.0073286026666667
498 -0.0069634026666667
499 -0.0066547026666667
500 -0.0068107026666667
501 -0.0056660026666667
502 -0.0061254026666667
503 -0.0056709026666667
504 -0.0062072026666667
505 -0.0064930026666667
506 -0.0065801026666667
507 -0.0063053026666667
508 -0.0067306026666667
509 -0.0075425026666667
510 -0.0067735026666667
511 -0.0067603026666667
512 -0.0068144026666667
513 -0.0064807026666667
514 -0.0062880026666667
515 -0.0066810026666667
516 -0.0064752026666667
517 -0.0067421026666667
518 -0.0070732026666667
519 -0.0069316026666667
520 -0.0072183026666667
521 -0.0067715026666667
522 -0.0067371026666667
523 -0.0062992026666667
524 -0.0054118026666667
525 -0.0054468026666667
526 -0.0053788026666667
527 -0.0045757026666667
528 -0.0044573026666667
529 -0.0047236026666667
530 -0.0047202026666667
531 -0.0047520026666667
532 -0.0048901026666667
533 -0.0028340026666667
534 -0.0027737026666667
535 -0.0034560026666667
536 -0.0026708026666667
537 -0.0025126026666667
538 -0.0019554026666667
539 -0.0010807026666667
540 -0.0018689026666667
541 -0.0036854026666667
542 -0.0040146026666667
543 -0.0037874026666667
544 -0.0033641026666667
545 -0.0038309026666667
546 -0.0038940026666667
547 -0.0039204026666667
548 -0.0037684026666667
549 -0.0043735026666667
550 -0.0040938026666667
551 -0.0042459026666667
552 -0.0046983026666667
553 -0.0043846026666667
554 -0.0051699026666667
555 -0.0065040026666667
556 -0.0065721026666667
557 -0.0062158026666667
558 -0.0060678026666667
559 -0.0067178026666667
560 -0.0066002026666667
561 -0.0067344026666667
562 -0.0064349026666667
563 -0.0055562026666667
564 -0.0062617026666667
565 -0.0059115026666667
566 -0.0057930026666667
567 -0.0055696026666667
568 -0.0056318026666667
569 -0.0051595026666667
570 -0.0054395026666667
571 -0.0056902026666667
572 -0.0057688026666667
573 -0.0056023026666667
574 -0.0057885026666667
575 -0.0062859026666667
576 -0.0054640026666667
577 -0.0055700026666667
578 -0.0060337026666667
579 -0.0054426026666667
580 -0.0054546026666667
581 -0.0059566026666667
582 -0.0068310026666667
583 -0.0064504026666667
584 -0.0065946026666667
585 -0.0068872026666667
586 -0.0069464026666667
587 -0.0063308026666667
588 -0.0065489026666667
589 -0.0064051026666667
590 -0.0067177026666667
591 -0.0064236026666667
592 -0.0065849026666667
593 -0.0073178026666667
594 -0.0072354026666667
595 -0.0073808026666667
596 -0.0075149026666667
597 -0.0075871026666667
598 -0.0077124026666667
599 -0.0078320026666667
600 -0.0078516026666667
