1 0.5580974146666666
2 0.4174501146666666
3 0.4201380146666666
4 0.4298584146666666
5 0.3782700146666667
6 0.3685543146666667
7 0.3797507146666667
8 0.3794436146666667
9 0.3467970146666666
10 0.3331951146666666
11 0.3312690146666666
12 0.3528406146666666
13 0.3234697146666666
14 0.3321423146666666
15 0.3073783146666666
16 0.3247698146666666
17 0.2877674146666666
18 0.3056318146666666
19 0.2983072146666666
20 0.3099639146666666
21 0.3134996146666666
22 0.3249326146666666
23 0.3041557146666666
24 0.2793147146666666
25 0.2371611146666666
26 0.2263719146666666
27 0.2287916146666666
28 0.2389501146666666
29 0.2815748146666666
30 0.3228268146666666
31 0.2892049146666666
32 0.3118634146666666
33 0.2689346146666666
34 0.2657872146666666
35 0.2798834146666666
36 0.2757715146666666
37 0.2348865146666666
38 0.2379099146666666
39 0.2425486146666666
40 0.2625540146666666
41 0.2587127146666666
42 0.2879706146666666
43 0.2699089146666666
44 0.2702643146666666
45 0.2585949146666666
46 0.2705101146666666
47 0.2416177146666666
48 0.2514828146666666
49 0.2743352146666666
50 0.2479000146666666
51 0.2315899146666666
52 0.2890357146666666
53 0.2078583146666666
54 0.1952022146666666
55 0.2080206146666666
56 0.2275496146666666
57 0.2464825146666666
58 0.2453019146666666
59 0.2659309146666666
60 0.2505529146666666
61 0.2643217146666666
62 0.2736952146666666
63 0.2577110146666666
64 0.2646647146666666
65 0.2474167146666666
66 0.2311869146666666
67 0.2180929146666666
68 0.2412308146666666
69 0.1738734146666666
70 0.1841506146666666
71 0.1672289146666666
72 0.1455793146666666
73 0.1293383146666666
74 0.1592407146666666
75 0.1576674146666666
76 0.1677476146666666
77 0.1787725146666666
78 0.2260306146666666
79 0.2333161146666666
80 0.2293538146666666
81 0.2350159146666666
82 0.2277871146666666
83 0.2364162146666666
84 0.2828822146666666
85 0.2333283146666666
86 0.2748349146666666
87 0.2826635146666666
88 0.3334567146666666
89 0.3113639146666666
90 0.3209243146666666
91 0.2806804146666666
92 0.2919295146666666
93 0.3029006146666666
94 0.3458431146666666
95 0.3105219146666666
96 0.3048368146666666
97 0.3059392146666666
98 0.3252998146666666
99 0.3169699146666666
100 0.2983185146666666
101 0.2844814146666666
102 0.2749882146666666
103 0.3007947146666666
104 0.2988211146666666
105 0.2464643146666666
106 0.2567701146666666
107 0.3291113146666666
108 0.2671362146666666
109 0.2675676146666666
110 0.2814867146666666
111 0.2659319146666666
112 0.2330648146666666
113 0.2455220146666666
114 0.2117752146666666
115 0.1997993146666666
116 0.2452757146666666
117 0.2640899146666666
118 0.2733507146666666
119 0.3045717146666666
120 0.2784080146666666
121 0.2858013146666666
122 0.2947760146666666
123 0.2823206146666666
124 0.2817992146666666
125 0.2546503146666666
126 0.2676884146666666
127 0.2764370146666666
128 0.2972280146666666
129 0.2716824146666666
130 0.3047673146666666
131 0.2982343146666666
132 0.2990323146666666
133 0.2843810146666666
134 0.2753636146666666
135 0.2917181146666666
136 0.2751751146666666
137 0.2280826146666666
138 0.2696388146666666
139 0.2357274146666666
140 0.2684323146666666
141 0.2659446146666666
142 0.2372268146666666
143 0.1922671146666666
144 0.1689416146666666
145 0.2317597146666666
146 0.2435542146666666
147 0.2160565146666666
148 0.1979940146666666
149 0.1911432146666666
150 0.2057474146666666
151 0.2026825146666666
152 0.2216991146666666
153 0.2060768146666666
154 0.2012403146666666
155 0.2271873146666666
156 0.2321267146666666
157 0.2335962146666666
158 0.2419141146666666
159 0.2317241146666666
160 0.2735112146666666
161 0.3205389146666666
162 0.3347813146666666
163 0.3481869146666666
164 0.3522165146666666
165 0.2932515146666666
166 0.2716340146666666
167 0.2258176146666666
168 0.2745284146666666
169 0.2979093146666666
170 0.2577761146666666
171 0.2972682146666666
172 0.3044078146666666
173 0.2327494146666666
174 0.2127856146666666
175 0.2291511146666666
176 0.2466516146666666
177 0.2562016146666666
178 0.2985086146666666
179 0.2483329146666666
180 0.2323138146666666
181 0.2286114146666666
182 0.2111198146666666
183 0.1811405146666666
184 0.2181479146666666
185 0.2382593146666666
186 0.2472718146666666
187 0.2230116146666666
188 0.2380819146666666
189 0.2325608146666666
190 0.2080129146666666
191 0.1872045146666666
192 0.2288406146666666
193 0.2498282146666666
194 0.2007210146666666
195 0.1922429146666666
196 0.2084858146666666
197 0.1779009146666666
198 0.2166417146666666
199 0.2231657146666666
200 0.2460661146666666
201 0.2355333146666666
202 0.2912073146666666
203 0.2756571146666666
204 0.2835465146666666
205 0.2933792146666666
206 0.3254549146666666
207 0.3254039146666666
208 0.3473109146666666
209 0.3466983146666666
210 0.3198632146666666
211 0.3058177146666666
212 0.3735040146666666
213 0.3517211146666666
214 0.2935989146666666
215 0.3118630146666666
216 0.3236566146666666
217 0.3172374146666666
218 0.3276689146666666
219 0.3519889146666666
220 0.3050344146666666
221 0.2878259146666666
222 0.2762173146666666
223 0.2519336146666666
224 0.2638567146666666
225 0.2638652146666666
226 0.2524017146666666
227 0.2700565146666666
228 0.2795887146666666
229 0.2496701146666666
230 0.2609970146666666
231 0.2728026146666666
232 0.2738584146666666
233 0.2900361146666666
234 0.3157132146666666
235 0.2945911146666666
236 0.3485145146666666
237 0.3841311146666666
238 0.3629603146666666
239 0.3354992146666666
240 0.3016933146666666
241 0.3204631146666666
242 0.2963112146666666
243 0.3110116146666666
244 0.2985645146666666
245 0.2774701146666666
246 0.2204913146666666
247 0.2310379146666666
248 0.2654876146666666
249 0.2774404146666666
250 0.2590751146666666
251 0.2242279146666666
252 0.2282138146666666
253 0.2406539146666666
254 0.2551708146666666
255 0.2491445146666666
256 0.2311005146666666
257 0.2577360146666666
258 0.2903588146666666
259 0.2720315146666666
260 0.2751626146666666
261 0.2984789146666666
262 0.2914538146666666
263 0.2564728146666666
264 0.2382499146666666
265 0.2232596146666666
266 0.2370578146666666
267 0.2274690146666666
268 0.2345250146666666
269 0.2220045146666666
270 0.2196815146666666
271 0.2054072146666666
272 0.2292478146666666
273 0.2297714146666666
274 0.2114192146666666
275 0.2394677146666666
276 0.2978178146666666
277 0.3029516146666666
278 0.2387753146666666
279 0.2615869146666666
280 0.2437207146666666
281 0.2607458146666666
282 0.2342224146666666
283 0.2542813146666666
284 0.2364207146666666
285 0.2222345146666666
286 0.2758107146666666
287 0.3146421146666666
288 0.2847103146666666
289 0.2460278146666666
290 0.2379125146666666
291 0.2075393146666666
292 0.2430894146666666
293 0.2000576146666666
294 0.1649759146666666
295 0.1818457146666666
296 0.1829203146666666
297 0.2045547146666666
298 0.1824729146666666
299 0.1407427146666666
300 0.1251890146666666
301 0.1349034146666666
302 0.1457369146666666
303 0.1595866146666666
304 0.1562356146666666
305 0.1652316146666666
306 0.1503422146666666
307 0.1451869146666666
308 0.1573142146666666
309 0.1794748146666666
310 0.1715564146666666
311 0.1577436146666666
312 0.1639114146666666
313 0.1712403146666666
314 0.1941096146666666
315 0.1923403146666666
316 0.1527538146666666
317 0.2214680146666666
318 0.2571184146666666
319 0.2466836146666666
320 0.2352075146666666
321 0.2478473146666666
322 0.2493696146666666
323 0.2468953146666666
324 0.2344152146666666
325 0.2455178146666666
326 0.2471176146666666
327 0.2516251146666666
328 0.2603196146666666
329 0.2391092146666666
330 0.2501761146666666
331 0.2825276146666666
332 0.2819302146666666
333 0.2652593146666666
334 0.2308730146666666
335 0.2019354146666666
336 0.2024913146666666
337 0.1722270146666666
338 0.2200275146666666
339 0.2124285146666666
340 0.1704186146666666
341 0.1668822146666666
342 0.1422443146666666
343 0.1117272146666666
344 0.0976984146666666
345 0.0914803146666666
346 0.0985154146666666
347 0.1294573146666666
348 0.1303188146666666
349 0.1668822146666666
350 0.1521379146666666
351 0.1556517146666666
352 0.1640300146666666
353 0.1813534146666666
354 0.1891973146666666
355 0.1958738146666666
356 0.1856950146666666
357 0.1833901146666666
358 0.1795385146666666
359 0.1688671146666666
360 0.1970599146666666
361 0.1919271146666666
362 0.1700802146666666
363 0.1965691146666666
364 0.1870099146666666
365 0.2027274146666666
366 0.1877289146666666
367 0.2227709146666666
368 0.1985675146666666
369 0.1758179146666666
370 0.1903137146666666
371 0.1969494146666666
372 0.1774057146666666
373 0.1659632146666666
374 0.1780957146666666
375 0.1537802146666666
376 0.2089505146666666
377 0.1782464146666666
378 0.1929118146666666
379 0.1818517146666666
380 0.1874670146666666
381 0.1806749146666666
382 0.1808594146666666
383 0.1309702146666666
384 0.1258525146666666
385 0.1373640146666666
386 0.1415034146666666
387 0.1384588146666666
388 0.1403242146666666
389 0.1396908146666666
390 0.1675842146666666
391 0.1488723146666666
392 0.1648843146666666
393 0.1776205146666666
394 0.2305507146666666
395 0.2485567146666666
396 0.2226223146666666
397 0.2023259146666666
398 0.2031416146666666
399 0.1980258146666666
400 0.2112302146666666
401 0.2200316146666666
402 0.2240915146666666
403 0.2120114146666666
404 0.2020029146666666
405 0.2320028146666666
406 0.2058606146666666
407 0.2181966146666666
408 0.2180886146666666
409 0.2313086146666666
410 0.2543046146666666
411 0.2639782146666666
412 0.2344141146666666
413 0.2143149146666666
414 0.1967132146666666
415 0.2160051146666666
416 0.2185660146666666
417 0.2065960146666666
418 0.1813845146666666
419 0.2166967146666666
420 0.2345061146666666
421 0.2267857146666666
422 0.2441515146666666
423 0.2485795146666666
424 0.2970523146666666
425 0.2662370146666666
426 0.2194968146666666
427 0.2691926146666666
428 0.2370567146666666
429 0.2237354146666666
430 0.2006490146666666
431 0.2249254146666666
432 0.2443485146666666
433 0.2484133146666666
434 0.2465950146666666
435 0.2506523146666666
436 0.2970510146666666
437 0.3284591146666666
438 0.3280283146666666
439 0.3285933146666666
440 0.3033627146666666
441 0.2750538146666666
442 0.2758307146666666
443 0.3182464146666666
444 0.3533508146666666
445 0.3605306146666666
446 0.3776368146666667
447 0.3211259146666666
448 0.3575934146666666
449 0.3309489146666666
450 0.2850529146666666
451 0.2995750146666666
452 0.3111793146666666
453 0.2866054146666666
454 0.2796665146666666
455 0.3185690146666666
456 0.3369530146666666
457 0.3777342146666666
458 0.3684030146666666
459 0.3735626146666666
460 0.3226011146666666
461 0.2879271146666666
462 0.3036667146666666
463 0.3239769146666666
464 0.3220586146666666
465 0.2512489146666666
466 0.2582688146666666
467 0.2456925146666666
468 0.2640215146666666
469 0.2307058146666666
470 0.2407905146666666
471 0.2259460146666666
472 0.2876586146666666
473 0.3231528146666666
474 0.2689304146666666
475 0.1995986146666666
476 0.2479702146666666
477 0.2379884146666666
478 0.2144310146666666
479 0.2341302146666666
480 0.2547580146666666
481 0.2398033146666666
482 0.2212458146666666
483 0.2227777146666666
484 0.2180966146666666
485 0.2142727146666666
486 0.1836225146666666
487 0.2160686146666666
488 0.2447253146666666
489 0.2400886146666666
490 0.2459340146666666
491 0.1843376146666666
492 0.2304291146666666
493 0.2383603146666666
494 0.2040717146666666
495 0.1838000146666666
496 0.1780731146666666
497 0.1992274146666666
498 0.1904138146666666
499 0.1992376146666666
500 0.2081579146666666
501 0.2080947146666666
502 0.1917212146666666
503 0.1977199146666666
504 0.2217661146666666
505 0.2137828146666666
506 0.2032463146666666
507 0.1849563146666666
508 0.1583864146666666
509 0.1970035146666666
510 0.1942878146666666
511 0.2084918146666666
512 0.2346778146666666
513 0.2466556146666666
514 0.2143310146666666
515 0.2196364146666666
516 0.2365548146666666
517 0.2556581146666666
518 0.2587513146666666
519 0.2200801146666666
520 0.1946675146666666
521 0.1921191146666666
522 0.2126262146666666
523 0.1851007146666666
524 0.2148610146666666
525 0.2278792146666666
526 0.2120696146666666
527 0.2504541146666666
528 0.2552831146666666
529 0.2313028146666666
530 0.2441017146666666
531 0.2315658146666666
532 0.1946767146666666
533 0.2015127146666666
534 0.1674012146666666
535 0.1777796146666666
536 0.1707351146666666
537 0.1823407146666666
538 0.1620346146666666
539 0.2065756146666666
540 0.2453010146666666
541 0.2210126146666666
542 0.1946688146666666
543 0.2442869146666666
544 0.2354837146666666
545 0.2251499146666666
546 0.2373191146666666
547 0.2097765146666666
548 0.1849194146666666
549 0.1938570146666666
550 0.2003135146666666
551 0.1981828146666666
552 0.2086501146666666
553 0.2101361146666666
554 0.2127096146666666
555 0.2394806146666666
556 0.2383786146666666
557 0.2642824146666666
558 0.2679560146666666
559 0.2741970146666666
560 0.3133172146666666
561 0.3195646146666666
562 0.3159722146666666
563 0.2671880146666666
564 0.2209966146666666
565 0.2596096146666666
566 0.2715716146666666
567 0.2091293146666666
568 0.2641544146666666
569 0.2648642146666666
570 0.2801922146666666
571 0.2395133146666666
572 0.2228042146666666
573 0.2552656146666666
574 0.2622392146666666
575 0.2699694146666666
576 0.2711965146666666
577 0.2416903146666666
578 0.2390767146666666
579 0.2423283146666666
580 0.3015345146666666
581 0.3170423146666666
582 0.3083803146666666
583 0.2835045146666666
584 0.3366032146666666
585 0.3523394146666666
586 0.3008077146666666
587 0.2950282146666666
588 0.2739389146666666
589 0.2608352146666666
590 0.2723005146666666
591 0.2935799146666666
592 0.2821393146666666
593 0.2764510146666666
594 0.2588656146666666
595 0.2807145146666666
596 0.2533453146666666
597 0.2640459146666666
598 0.2514363146666666
599 0.2354693146666666
600 0.2669319146666666
