1 0.0052689863333334
2 0.0027349863333334
3 0.0020574863333334
4 0.0022516863333334
5 0.0045017863333334
6 0.0023406863333334
7 0.0008035863333334
8 0.0008678863333334
9 -0.0032425136666666
10 -0.0035138136666666
11 -0.0020493136666666
12 -0.0008029136666666
13 0.0000978863333334
14 -0.0029771136666666
15 -0.0047818136666666
16 -0.0053000136666666
17 -0.0052684136666666
18 -0.0046702136666666
19 -0.0028458136666666
20 -0.0012805136666666
21 -0.0006990136666666
22 -0.0001873136666666
23 -0.0026588136666666
24 -0.0036664136666666
25 -0.0033486136666666
26 -0.0043165136666666
27 -0.0044331136666666
28 -0.0030826136666666
29 -0.0049985136666666
30 -0.0050828136666666
31 -0.0067986136666666
32 -0.0059776136666666
33 -0.0049830136666666
34 -0.0071633136666666
35 -0.0077515136666666
36 -0.0097246136666666
37 -0.0103167136666666
38 -0.0119270136666666
39 -0.0151826136666666
40 -0.0145865136666666
41 -0.0145153136666666
42 -0.0156754136666666
43 -0.0164988136666666
44 -0.0176154136666666
45 -0.0174756136666666
46 -0.0168336136666666
47 -0.0169447136666666
48 -0.0161141136666666
49 -0.0157474136666666
50 -0.0146118136666666
51 -0.0163830136666666
52 -0.0173431136666666
53 -0.0175857136666666
54 -0.0192422136666666
55 -0.0201864136666666
56 -0.0204357136666666
57 -0.0197183136666666
58 -0.0200700136666666
59 -0.0207913136666666
60 -0.0209336136666666
61 -0.0219547136666666
62 -0.0211899136666666
63 -0.0205895136666666
64 -0.0202965136666666
65 -0.0203221136666666
66 -0.0203137136666666
67 -0.0190318136666666
68 -0.0195479136666666
69 -0.0196146136666666
70 -0.0191221136666666
71 -0.0212581136666666
72 -0.0214109136666666
73 -0.0207690136666666
74 -0.0208600136666666
75 -0.0194974136666666
76 -0.0186680136666666
77 -0.0182787136666666
78 -0.0185280136666666
79 -0.0170274136666666
80 -0.0151463136666666
81 -0.0148491136666666
82 -0.0156799136666666
83 -0.0150600136666666
84 -0.0143580136666666
85 -0.0156983136666666
86 -0.0171814136666666
87 -0.0171601136666666
88 -0.0171141136666666
89 -0.0173076136666666
90 -0.0174948136666666
91 -0.0154361136666666
92 -0.0161884136666666
93 -0.0162286136666666
94 -0.0153840136666666
95 -0.0139203136666666
96 -0.0127116136666666
97 -0.0115391136666666
98 -0.0103131136666666
99 -0.0080876136666666
100 -0.0103097136666666
101 -0.0085276136666666
102 -0.0093063136666666
103 -0.0097395136666666
104 -0.0096157136666666
105 -0.0097642136666666
106 -0.0081266136666666
107 -0.0089255136666666
108 -0.0083594136666666
109 -0.0084872136666666
110 -0.0086207136666666
111 -0.0087253136666666
112 -0.0086507136666666
113 -0.0073494136666666
114 -0.0093030136666666
115 -0.0095909136666666
116 -0.0102656136666666
117 -0.0123462136666666
118 -0.0143598136666666
119 -0.0140665136666666
120 -0.0119860136666666
121 -0.0140979136666666
122 -0.0108731136666666
123 -0.0110471136666666
124 -0.0122849136666666
125 -0.0127322136666666
126 -0.0114767136666666
127 -0.0111222136666666
128 -0.0106520136666666
129 -0.0102104136666666
130 -0.0110186136666666
131 -0.0108331136666666
132 -0.0108092136666666
133 -0.0105026136666666
134 -0.0076761136666666
135 -0.0073280136666666
136 -0.0080031136666666
137 -0.0074696136666666
138 -0.0045662136666666
139 -0.0033461136666666
140 -0.0014029136666666
141 0.0031976863333334
142 0.0038395863333334
143 0.0036444863333334
144 0.0042594863333334
145 0.0048892863333334
146 0.0049316863333334
147 0.0072904863333334
148 0.0054286863333334
149 0.0032736863333334
150 0.0015600863333334
151 0.0006514863333334
152 0.0011243863333334
153 -0.0018571136666666
154 -0.0028775136666666
155 -0.0036277136666666
156 -0.0030589136666666
157 -0.0055909136666666
158 -0.0089504136666666
159 -0.0121318136666666
160 -0.0137488136666666
161 -0.0132810136666666
162 -0.0138362136666666
163 -0.0133650136666666
164 -0.0135443136666666
165 -0.0127863136666666
166 -0.0116745136666666
167 -0.0097460136666666
168 -0.0122770136666666
169 -0.0115603136666666
170 -0.0105327136666666
171 -0.0101348136666666
172 -0.0135956136666666
173 -0.0151241136666666
174 -0.0147364136666666
175 -0.0145714136666666
176 -0.0150134136666666
177 -0.0163089136666666
178 -0.0168976136666666
179 -0.0174958136666666
180 -0.0178619136666666
181 -0.0198429136666666
182 -0.0203888136666666
183 -0.0197830136666666
184 -0.0199664136666666
185 -0.0195412136666666
186 -0.0191396136666666
187 -0.0213872136666666
188 -0.0220264136666666
189 -0.0221236136666666
190 -0.0213474136666666
191 -0.0228197136666666
192 -0.0227547136666666
193 -0.0235232136666666
194 -0.0244215136666666
195 -0.0238738136666666
196 -0.0244360136666666
197 -0.0251218136666666
198 -0.0231567136666666
199 -0.0228245136666666
200 -0.0217553136666666
201 -0.0223779136666666
202 -0.0227609136666666
203 -0.0241781136666666
204 -0.0241385136666666
205 -0.0236400136666666
206 -0.0245768136666666
207 -0.0242156136666666
208 -0.0224130136666666
209 -0.0226731136666666
210 -0.0239282136666666
211 -0.0240912136666666
212 -0.0250819136666666
213 -0.0255759136666666
214 -0.0249418136666666
215 -0.0251311136666666
216 -0.0259512136666666
217 -0.0265854136666666
218 -0.0264017136666666
219 -0.0256520136666666
220 -0.0254595136666666
221 -0.0258955136666666
222 -0.0265277136666666
223 -0.0260788136666666
224 -0.0256719136666666
225 -0.0259533136666666
226 -0.0255598136666666
227 -0.0251550136666666
228 -0.0247991136666666
229 -0.0239116136666666
230 -0.0226031136666666
231 -0.0217533136666666
232 -0.0211748136666666
233 -0.0221339136666666
234 -0.0204336136666666
235 -0.0208773136666666
236 -0.0200485136666666
237 -0.0198046136666666
238 -0.0203299136666666
239 -0.0199781136666666
240 -0.0229015136666666
241 -0.0219349136666666
242 -0.0215383136666666
243 -0.0224371136666666
244 -0.0223097136666666
245 -0.0235378136666666
246 -0.0234871136666666
247 -0.0227885136666666
248 -0.0219356136666666
249 -0.0228438136666666
250 -0.0214381136666666
251 -0.0209283136666666
252 -0.0213298136666666
253 -0.0216653136666666
254 -0.0204535136666666
255 -0.0201833136666666
256 -0.0194853136666666
257 -0.0193044136666666
258 -0.0187103136666666
259 -0.0189779136666666
260 -0.0202981136666666
261 -0.0203979136666666
262 -0.0210187136666666
263 -0.0227087136666666
264 -0.0244444136666666
265 -0.0239356136666666
266 -0.0235596136666666
267 -0.0239381136666666
268 -0.0242680136666666
269 -0.0245586136666666
270 -0.0254259136666666
271 -0.0253314136666666
272 -0.0246107136666666
273 -0.0234841136666666
274 -0.0243961136666666
275 -0.0238346136666666
276 -0.0240005136666666
277 -0.0229482136666666
278 -0.0218085136666666
279 -0.0223715136666666
280 -0.0249229136666666
281 -0.0267072136666666
282 -0.0266650136666666
283 -0.0255742136666666
284 -0.0252594136666666
285 -0.0257664136666666
286 -0.0252577136666666
287 -0.0264600136666666
288 -0.0267020136666666
289 -0.0268353136666666
290 -0.0270710136666666
291 -0.0275770136666666
292 -0.0274042136666666
293 -0.0266401136666666
294 -0.0270832136666666
295 -0.0277490136666666
296 -0.0276576136666666
297 -0.0265995136666666
298 -0.0276095136666666
299 -0.0273862136666666
300 -0.0271506136666666
301 -0.0267334136666666
302 -0.0276555136666666
303 -0.0280752136666666
304 -0.0274506136666666
305 -0.0269321136666666
306 -0.0280416136666666
307 -0.0286291136666666
308 -0.0290204136666666
309 -0.0294181136666666
310 -0.0287259136666666
311 -0.0291222136666666
312 -0.0297002136666666
313 -0.0285228136666666
314 -0.0278935136666666
315 -0.0284518136666666
316 -0.0296064136666666
317 -0.0297442136666666
318 -0.0297255136666666
319 -0.0292887136666666
320 -0.0297436136666666
321 -0.0297297136666666
322 -0.0294212136666666
323 -0.0297363136666666
324 -0.0298433136666666
325 -0.0303850136666666
326 -0.0303386136666666
327 -0.0305368136666666
328 -0.0302481136666666
329 -0.0294610136666666
330 -0.0290389136666666
331 -0.0289626136666666
332 -0.0283894136666666
333 -0.0287690136666666
334 -0.0283119136666666
335 -0.0270714136666666
336 -0.0281345136666666
337 -0.0282987136666666
338 -0.0294356136666666
339 -0.0300426136666666
340 -0.0298530136666666
341 -0.0291335136666666
342 -0.0282280136666666
343 -0.0282688136666666
344 -0.0275842136666666
345 -0.0275737136666666
346 -0.0285560136666666
347 -0.0284225136666666
348 -0.0277014136666666
349 -0.0277164136666666
350 -0.0265580136666666
351 -0.0263849136666666
352 -0.0263203136666666
353 -0.0264430136666666
354 -0.0260778136666666
355 -0.0241770136666666
356 -0.0245008136666666
357 -0.0240864136666666
358 -0.0241025136666666
359 -0.0240100136666666
360 -0.0236401136666666
361 -0.0233213136666666
362 -0.0231979136666666
363 -0.0225627136666666
364 -0.0225936136666666
365 -0.0224669136666666
366 -0.0228357136666666
367 -0.0218921136666666
368 -0.0218492136666666
369 -0.0226367136666666
370 -0.0236376136666666
371 -0.0229749136666666
372 -0.0242564136666666
373 -0.0248902136666666
374 -0.0255993136666666
375 -0.0249179136666666
376 -0.0251248136666666
377 -0.0238995136666666
378 -0.0237937136666666
379 -0.0225864136666666
380 -0.0217646136666666
381 -0.0193861136666666
382 -0.0195173136666666
383 -0.0220338136666666
384 -0.0228831136666666
385 -0.0218092136666666
386 -0.0211528136666666
387 -0.0205449136666666
388 -0.0185643136666666
389 -0.0189862136666666
390 -0.0181147136666666
391 -0.0194750136666666
392 -0.0198361136666666
393 -0.0190896136666666
394 -0.0184860136666666
395 -0.0182947136666666
396 -0.0167276136666666
397 -0.0154580136666666
398 -0.0156236136666666
399 -0.0164142136666666
400 -0.0172609136666666
401 -0.0179181136666666
402 -0.0190190136666666
403 -0.0181175136666666
404 -0.0193990136666666
405 -0.0199997136666666
406 -0.0198582136666666
407 -0.0210300136666666
408 -0.0217872136666666
409 -0.0208433136666666
410 -0.0209763136666666
411 -0.0207935136666666
412 -0.0208585136666666
413 -0.0202710136666666
414 -0.0197450136666666
415 -0.0187317136666666
416 -0.0191055136666666
417 -0.0187998136666666
418 -0.0201043136666666
419 -0.0201546136666666
420 -0.0214384136666666
421 -0.0213350136666666
422 -0.0215161136666666
423 -0.0215471136666666
424 -0.0221432136666666
425 -0.0207118136666666
426 -0.0197061136666666
427 -0.0206995136666666
428 -0.0208819136666666
429 -0.0211713136666666
430 -0.0206937136666666
431 -0.0216822136666666
432 -0.0223094136666666
433 -0.0202055136666666
434 -0.0192333136666666
435 -0.0189584136666666
436 -0.0185227136666666
437 -0.0187834136666666
438 -0.0184677136666666
439 -0.0180934136666666
440 -0.0169937136666666
441 -0.0162971136666666
442 -0.0169481136666666
443 -0.0180775136666666
444 -0.0192942136666666
445 -0.0166908136666666
446 -0.0164970136666666
447 -0.0166465136666666
448 -0.0184869136666666
449 -0.0178230136666666
450 -0.0176814136666666
451 -0.0178795136666666
452 -0.0189912136666666
453 -0.0186894136666666
454 -0.0182789136666666
455 -0.0191847136666666
456 -0.0181084136666666
457 -0.0177721136666666
458 -0.0167736136666666
459 -0.0153398136666666
460 -0.0163645136666666
461 -0.0140844136666666
462 -0.0127130136666666
463 -0.0134839136666666
464 -0.0139812136666666
465 -0.0108901136666666
466 -0.0107426136666666
467 -0.0104935136666666
468 -0.0132769136666666
469 -0.0148062136666666
470 -0.0130136136666666
471 -0.0137058136666666
472 -0.0138786136666666
473 -0.0152360136666666
474 -0.0146743136666666
475 -0.0156721136666666
476 -0.0144642136666666
477 -0.0130047136666666
478 -0.0122932136666666
479 -0.0135376136666666
480 -0.0139278136666666
481 -0.0145498136666666
482 -0.0125065136666666
483 -0.0118060136666666
484 -0.0147622136666666
485 -0.0141356136666666
486 -0.0150746136666666
487 -0.0150401136666666
488 -0.0159620136666666
489 -0.0172913136666666
490 -0.0178800136666666
491 -0.0157843136666666
492 -0.0142056136666666
493 -0.0150097136666666
494 -0.0158981136666666
495 -0.0147403136666666
496 -0.0154994136666666
497 -0.0181511136666666
498 -0.0188335136666666
499 -0.0197451136666666
500 -0.0213426136666666
501 -0.0220863136666666
502 -0.0220484136666666
503 -0.0218205136666666
504 -0.0220079136666666
505 -0.0216443136666666
506 -0.0207103136666666
507 -0.0206197136666666
508 -0.0206310136666666
509 -0.0214029136666666
510 -0.0212838136666666
511 -0.0196841136666666
512 -0.0219509136666666
513 -0.0218532136666666
514 -0.0216846136666666
515 -0.0205240136666666
516 -0.0215469136666666
517 -0.0220514136666666
518 -0.0231011136666666
519 -0.0239805136666666
520 -0.0255625136666666
521 -0.0255212136666666
522 -0.0249380136666666
523 -0.0245453136666666
524 -0.0252920136666666
525 -0.0250924136666666
526 -0.0244899136666666
527 -0.0236581136666666
528 -0.0241319136666666
529 -0.0243994136666666
530 -0.0245745136666666
531 -0.0244935136666666
532 -0.0245470136666666
533 -0.0234229136666666
534 -0.0248731136666666
535 -0.0238074136666666
536 -0.0236725136666666
537 -0.0241315136666666
538 -0.0244734136666666
539 -0.0235422136666666
540 -0.0238392136666666
541 -0.0232776136666666
542 -0.0237563136666666
543 -0.0240512136666666
544 -0.0222197136666666
545 -0.0212266136666666
546 -0.0208569136666666
547 -0.0207252136666666
548 -0.0202274136666666
549 -0.0179436136666666
550 -0.0183822136666666
551 -0.0195373136666666
552 -0.0211109136666666
553 -0.0194430136666666
554 -0.0198670136666666
555 -0.0205875136666666
556 -0.0206709136666666
557 -0.0202649136666666
558 -0.0206787136666666
559 -0.0212571136666666
560 -0.0209484136666666
561 -0.0200234136666666
562 -0.0205489136666666
563 -0.0225118136666666
564 -0.0226780136666666
565 -0.0239622136666666
566 -0.0235752136666666
567 -0.0230175136666666
568 -0.0240395136666666
569 -0.0233547136666666
570 -0.0237928136666666
571 -0.0258430136666666
572 -0.0251504136666666
573 -0.0257003136666666
574 -0.0258960136666666
575 -0.0258994136666666
576 -0.0258550136666666
577 -0.0256066136666666
578 -0.0251470136666666
579 -0.0254959136666666
580 -0.0250758136666666
581 -0.0261678136666666
582 -0.0267170136666666
583 -0.0269985136666666
584 -0.0279164136666666
585 -0.0280024136666666
586 -0.0276991136666666
587 -0.0290526136666666
588 -0.0306356136666666
589 -0.0301726136666666
590 -0.0309166136666666
591 -0.0306918136666666
592 -0.0297843136666666
593 -0.0298635136666666
594 -0.0289574136666666
595 -0.0284871136666666
596 -0.0292167136666666
597 -0.0278489136666666
598 -0.0270601136666666
599 -0.0267281136666666
600 -0.0269833136666666
