1 0.0340663863333334
2 0.0297048863333334
3 0.0285993863333334
4 0.0352021863333334
5 0.0354314863333334
6 0.0363478863333334
7 0.0358045863333334
8 0.0388964863333334
9 0.0450872863333334
10 0.0498824863333334
11 0.0466195863333334
12 0.0501622863333334
13 0.0496165863333334
14 0.0609271863333334
15 0.0543920863333334
16 0.0526009863333334
17 0.0553423863333334
18 0.0518717863333334
19 0.0558018863333334
20 0.0629137863333334
21 0.0626291863333334
22 0.0600911863333334
23 0.0605029863333334
24 0.0687693863333334
25 0.0745255863333334
26 0.0707718863333334
27 0.0653400863333334
28 0.0553975863333334
29 0.0564971863333334
30 0.0632046863333334
31 0.0643288863333334
32 0.0631125863333334
33 0.0618202863333334
34 0.0680502863333334
35 0.0660634863333334
36 0.0632073863333334
37 0.0612231863333334
38 0.0603183863333334
39 0.0561554863333334
40 0.0570075863333334
41 0.0587868863333334
42 0.0653932863333334
43 0.0701267863333334
44 0.0664078863333334
45 0.0696218863333334
46 0.0598880863333334
47 0.0646623863333334
48 0.0624969863333334
49 0.0588294863333334
50 0.0646436863333334
51 0.0724500863333334
52 0.0693969863333334
53 0.0680195863333334
54 0.0640877863333334
55 0.0630988863333334
56 0.0615691863333334
57 0.0647148863333334
58 0.0635052863333334
59 0.0711983863333334
60 0.0693749863333334
61 0.0760148863333334
62 0.0798127863333334
63 0.0753712863333334
64 0.0693988863333334
65 0.0779715863333334
66 0.0686857863333334
67 0.0769747863333334
68 0.0817054863333334
69 0.0759014863333334
70 0.0731760863333334
71 0.0777812863333334
72 0.0755498863333334
73 0.0711372863333334
74 0.0749520863333334
75 0.0726978863333334
76 0.0768908863333334
77 0.0805515863333334
78 0.0730657863333334
79 0.0689465863333334
80 0.0574973863333334
81 0.0674429863333334
82 0.0730141863333334
83 0.0700346863333334
84 0.0676008863333334
85 0.0737740863333334
86 0.0810768863333334
87 0.0854754863333334
88 0.0796587863333334
89 0.0797925863333334
90 0.0799112863333334
91 0.0902274863333334
92 0.0882495863333334
93 0.0730660863333334
94 0.0728467863333334
95 0.0793136863333334
96 0.0747486863333334
97 0.0820422863333334
98 0.0802389863333334
99 0.0792843863333334
100 0.0784946863333334
101 0.0818315863333334
102 0.0794645863333334
103 0.0734694863333334
104 0.0714013863333334
105 0.0685200863333334
106 0.0680401863333334
107 0.0685078863333334
108 0.0843512863333334
109 0.0764944863333334
110 0.0796512863333334
111 0.0776862863333334
112 0.0833260863333334
113 0.0774662863333334
114 0.0759497863333334
115 0.0737620863333334
116 0.0747717863333334
117 0.0693425863333334
118 0.0726751863333334
119 0.0727528863333334
120 0.0610109863333334
121 0.0717521863333334
122 0.0701651863333334
123 0.0689220863333334
124 0.0658051863333334
125 0.0772703863333334
126 0.0830438863333334
127 0.0790211863333334
128 0.0792711863333334
129 0.0774082863333334
130 0.0796601863333334
131 0.0825093863333334
132 0.0889079863333334
133 0.0900267863333334
134 0.0867517863333334
135 0.0762048863333334
136 0.0776552863333334
137 0.0744615863333334
138 0.0668129863333334
139 0.0585413863333334
140 0.0574794863333334
141 0.0593191863333334
142 0.0634214863333334
143 0.0662080863333334
144 0.0646231863333334
145 0.0667075863333334
146 0.0681117863333334
147 0.0722776863333334
148 0.0682221863333334
149 0.0622715863333334
150 0.0651855863333334
151 0.0628784863333334
152 0.0624181863333334
153 0.0639524863333334
154 0.0605310863333334
155 0.0602716863333334
156 0.0564059863333334
157 0.0639694863333334
158 0.0620834863333334
159 0.0642096863333334
160 0.0578821863333334
161 0.0554717863333334
162 0.0557327863333334
163 0.0530970863333334
164 0.0555409863333334
165 0.0557822863333334
166 0.0593801863333334
167 0.0664488863333334
168 0.0663332863333334
169 0.0677509863333334
170 0.0614069863333334
171 0.0598852863333334
172 0.0632834863333334
173 0.0558332863333334
174 0.0554092863333334
175 0.0540691863333334
176 0.0519423863333334
177 0.0593638863333334
178 0.0548134863333334
179 0.0534431863333334
180 0.0482224863333334
181 0.0463592863333334
182 0.0519546863333334
183 0.0550795863333334
184 0.0466089863333334
185 0.0480040863333334
186 0.0534524863333334
187 0.0494197863333334
188 0.0463936863333334
189 0.0455710863333334
190 0.0511284863333334
191 0.0535972863333334
192 0.0539047863333334
193 0.0531816863333334
194 0.0627662863333334
195 0.0650028863333334
196 0.0603119863333334
197 0.0604237863333334
198 0.0664821863333334
199 0.0718685863333334
200 0.0791141863333334
201 0.0843902863333334
202 0.0832665863333334
203 0.0811240863333334
204 0.0744763863333334
205 0.0724535863333334
206 0.0714555863333334
207 0.0797324863333334
208 0.0711041863333334
209 0.0692954863333334
210 0.0692650863333334
211 0.0721973863333334
212 0.0651019863333334
213 0.0708681863333334
214 0.0727201863333334
215 0.0700309863333334
216 0.0690258863333334
217 0.0762712863333334
218 0.0707532863333334
219 0.0717751863333334
220 0.0611476863333334
221 0.0749998863333334
222 0.0716378863333334
223 0.0648627863333334
224 0.0682945863333334
225 0.0734539863333334
226 0.0750523863333334
227 0.0743527863333334
228 0.0794361863333334
229 0.0672153863333334
230 0.0684467863333334
231 0.0705452863333334
232 0.0676666863333334
233 0.0708434863333334
234 0.0669721863333334
235 0.0659441863333334
236 0.0614372863333334
237 0.0588775863333334
238 0.0592268863333334
239 0.0590196863333334
240 0.0566980863333334
241 0.0564336863333334
242 0.0602993863333334
243 0.0651429863333334
244 0.0662134863333334
245 0.0649068863333334
246 0.0687837863333334
247 0.0675496863333334
248 0.0703424863333334
249 0.0725819863333334
250 0.0826408863333334
251 0.0748680863333334
252 0.0773230863333334
253 0.0688411863333334
254 0.0591895863333334
255 0.0622305863333334
256 0.0765209863333334
257 0.0643585863333334
258 0.0605904863333334
259 0.0611680863333334
260 0.0699850863333334
261 0.0618942863333334
262 0.0567906863333334
263 0.0563843863333334
264 0.0618515863333334
265 0.0561767863333334
266 0.0626333863333334
267 0.0597817863333334
268 0.0607839863333334
269 0.0717945863333334
270 0.0764839863333334
271 0.0878831863333334
272 0.0773548863333334
273 0.0787260863333334
274 0.0895313863333334
275 0.0854236863333334
276 0.0841664863333334
277 0.0855061863333334
278 0.0874169863333334
279 0.0902699863333334
280 0.0867852863333334
281 0.0793893863333334
282 0.0675106863333334
283 0.0747172863333334
284 0.0768268863333334
285 0.0914722863333334
286 0.0927254863333334
287 0.0975549863333334
288 0.1038831863333334
289 0.0963499863333334
290 0.0875595863333334
291 0.0794930863333334
292 0.0835223863333334
293 0.0769440863333334
294 0.0752195863333334
295 0.0845793863333334
296 0.0815630863333334
297 0.0876751863333334
298 0.0886124863333334
299 0.0795533863333334
300 0.0856810863333334
301 0.0810436863333334
302 0.0739437863333334
303 0.0761002863333334
304 0.0711587863333334
305 0.0671980863333334
306 0.0715486863333334
307 0.0731744863333334
308 0.0830949863333334
309 0.0881605863333334
310 0.0828781863333334
311 0.0823721863333334
312 0.0790722863333334
313 0.0866773863333334
314 0.0875693863333334
315 0.0900337863333334
316 0.0823137863333334
317 0.0841673863333334
318 0.0790869863333334
319 0.0748619863333334
320 0.0757359863333334
321 0.0727875863333334
322 0.0718331863333334
323 0.0821381863333334
324 0.0747141863333334
325 0.0709661863333334
326 0.0736234863333334
327 0.0755972863333334
328 0.0795170863333334
329 0.0749400863333334
330 0.0649390863333334
331 0.0681031863333334
332 0.0564802863333334
333 0.0554180863333334
334 0.0680836863333334
335 0.0629916863333334
336 0.0675521863333334
337 0.0685744863333334
338 0.0617834863333334
339 0.0611377863333334
340 0.0611667863333334
341 0.0588593863333334
342 0.0614533863333334
343 0.0611303863333334
344 0.0706511863333334
345 0.0786162863333334
346 0.0815421863333334
347 0.0797229863333334
348 0.0820148863333334
349 0.0795529863333334
350 0.0762558863333334
351 0.0736029863333334
352 0.0756555863333334
353 0.0652203863333334
354 0.0778183863333334
355 0.0702568863333334
356 0.0731267863333334
357 0.0752357863333334
358 0.0764302863333334
359 0.0695686863333334
360 0.0657062863333334
361 0.0699520863333334
362 0.0735370863333334
363 0.0763573863333334
364 0.0704275863333334
365 0.0746242863333334
366 0.0727419863333334
367 0.0665712863333334
368 0.0663386863333334
369 0.0601934863333334
370 0.0572769863333334
371 0.0685923863333334
372 0.0626210863333334
373 0.0698598863333334
374 0.0661673863333334
375 0.0712994863333334
376 0.0734245863333334
377 0.0705370863333334
378 0.0846412863333334
379 0.0853373863333334
380 0.0772332863333334
381 0.0736866863333334
382 0.0634826863333334
383 0.0701515863333334
384 0.0687451863333334
385 0.0719361863333334
386 0.0574651863333334
387 0.0622809863333334
388 0.0587102863333334
389 0.0643138863333334
390 0.0616877863333334
391 0.0732466863333334
392 0.0701276863333334
393 0.0768243863333334
394 0.0747266863333334
395 0.0717647863333334
396 0.0692964863333334
397 0.0676022863333334
398 0.0743859863333334
399 0.0774382863333334
400 0.0818274863333334
401 0.0832606863333334
402 0.0813136863333334
403 0.0773192863333334
404 0.0723855863333334
405 0.0659846863333334
406 0.0717439863333334
407 0.0735059863333334
408 0.0700348863333334
409 0.0682406863333334
410 0.0721601863333334
411 0.0714342863333334
412 0.0727898863333334
413 0.0710868863333334
414 0.0674007863333334
415 0.0639251863333334
416 0.0656755863333334
417 0.0668454863333334
418 0.0673646863333334
419 0.0740692863333334
420 0.0661944863333334
421 0.0697148863333334
422 0.0664717863333334
423 0.0683754863333334
424 0.0629079863333334
425 0.0672563863333334
426 0.0770951863333334
427 0.0694667863333334
428 0.0742245863333334
429 0.0701989863333334
430 0.0687191863333334
431 0.0707121863333334
432 0.0635975863333334
433 0.0613687863333334
434 0.0591472863333334
435 0.0623684863333334
436 0.0592826863333334
437 0.0624601863333334
438 0.0589649863333334
439 0.0605952863333334
440 0.0642701863333334
441 0.0625246863333334
442 0.0541533863333334
443 0.0551843863333334
444 0.0526640863333334
445 0.0584867863333334
446 0.0526823863333334
447 0.0566617863333334
448 0.0574460863333334
449 0.0567627863333334
450 0.0607442863333334
451 0.0574935863333334
452 0.0541104863333334
453 0.0555152863333334
454 0.0625496863333334
455 0.0717652863333334
456 0.0773421863333334
457 0.0670652863333334
458 0.0733373863333334
459 0.0699192863333334
460 0.0643259863333334
461 0.0642592863333334
462 0.0554932863333334
463 0.0647732863333334
464 0.0533868863333334
465 0.0482143863333334
466 0.0486878863333334
467 0.0539877863333334
468 0.0496273863333334
469 0.0475540863333334
470 0.0476753863333334
471 0.0620912863333334
472 0.0608464863333334
473 0.0631936863333334
474 0.0571022863333334
475 0.0582228863333334
476 0.0535309863333334
477 0.0544015863333334
478 0.0515045863333334
479 0.0598817863333334
480 0.0538617863333334
481 0.0519721863333334
482 0.0564538863333334
483 0.0675824863333334
484 0.0604877863333334
485 0.0587462863333334
486 0.0634599863333334
487 0.0684340863333334
488 0.0702190863333334
489 0.0675730863333334
490 0.0660220863333334
491 0.0694531863333334
492 0.0689555863333334
493 0.0629333863333334
494 0.0648329863333334
495 0.0630461863333334
496 0.0794555863333334
497 0.0899982863333334
498 0.0818747863333334
499 0.0827702863333334
500 0.0834466863333334
501 0.0823903863333334
502 0.0764745863333334
503 0.0763638863333334
504 0.0728667863333334
505 0.0746639863333334
506 0.0829527863333334
507 0.0831786863333334
508 0.0803995863333334
509 0.0807123863333334
510 0.0758377863333334
511 0.0681382863333334
512 0.0656295863333334
513 0.0583946863333334
514 0.0553531863333334
515 0.0544056863333334
516 0.0532273863333334
517 0.0577256863333334
518 0.0525643863333334
519 0.0515398863333334
520 0.0540972863333334
521 0.0606090863333334
522 0.0641277863333334
523 0.0673910863333334
524 0.0637072863333334
525 0.0710984863333334
526 0.0652358863333334
527 0.0838757863333334
528 0.0741241863333334
529 0.0725628863333334
530 0.0688946863333334
531 0.0660137863333334
532 0.0614211863333334
533 0.0603286863333334
534 0.0584256863333334
535 0.0586215863333334
536 0.0569285863333334
537 0.0489226863333334
538 0.0535352863333334
539 0.0466157863333334
540 0.0485439863333334
541 0.0416732863333334
542 0.0430698863333334
543 0.0450183863333334
544 0.0471336863333334
545 0.0438591863333334
546 0.0459064863333334
547 0.0415805863333334
548 0.0397582863333334
549 0.0361192863333334
550 0.0355705863333334
551 0.0313238863333334
552 0.0279673863333334
553 0.0270175863333334
554 0.0257791863333334
555 0.0289179863333334
556 0.0278021863333334
557 0.0262030863333334
558 0.0188878863333334
559 0.0228857863333334
560 0.0271554863333334
561 0.0236758863333334
562 0.0244822863333334
563 0.0263211863333334
564 0.0248771863333334
565 0.0300362863333334
566 0.0224215863333334
567 0.0241386863333334
568 0.0258105863333334
569 0.0298843863333334
570 0.0427396863333334
571 0.0384376863333334
572 0.0359329863333334
573 0.0360384863333334
574 0.0328150863333334
575 0.0374963863333334
576 0.0385749863333334
577 0.0493519863333334
578 0.0477639863333334
579 0.0578109863333334
580 0.0502463863333334
581 0.0514065863333334
582 0.0557729863333334
583 0.0496844863333334
584 0.0543109863333334
585 0.0585763863333334
586 0.0645801863333334
587 0.0640334863333334
588 0.0607425863333334
589 0.0624611863333334
590 0.0737590863333334
591 0.0692747863333334
592 0.0659986863333334
593 0.0720062863333334
594 0.0827162863333334
595 0.0819789863333334
596 0.0864833863333334
597 0.0768821863333334
598 0.0703015863333334
599 0.0678028863333334
600 0.0713562863333334
