1 0.0841970863333334
2 0.0523987863333334
3 0.0455483863333334
4 0.0483834863333334
5 0.0494606863333334
6 0.0551675863333334
7 0.0524346863333334
8 0.0461990863333334
9 0.0376194863333334
10 0.0363017863333334
11 0.0297244863333334
12 0.0229033863333334
13 0.0229767863333334
14 0.0212873863333334
15 0.0177289863333334
16 0.0163822863333334
17 0.0148338863333334
18 0.0134285863333334
19 0.0070955863333334
20 0.0064251863333334
21 0.0030333863333334
22 0.0021252863333334
23 0.0032274863333334
24 0.0019924863333334
25 0.0019291863333334
26 -0.0014398136666666
27 -0.0002868136666666
28 -0.0019507136666666
29 -0.0041520136666666
30 -0.0074145136666666
31 -0.0068748136666666
32 -0.0095329136666666
33 -0.0124611136666666
34 -0.0149604136666666
35 -0.0136512136666666
36 -0.0155596136666666
37 -0.0143485136666666
38 -0.0131200136666666
39 -0.0123834136666666
40 -0.0101558136666666
41 -0.0115692136666666
42 -0.0114556136666666
43 -0.0107338136666666
44 -0.0121473136666666
45 -0.0118263136666666
46 -0.0099810136666666
47 -0.0102463136666666
48 -0.0086256136666666
49 -0.0064105136666666
50 -0.0066997136666666
51 -0.0060507136666666
52 -0.0073251136666666
53 -0.0075010136666666
54 -0.0087388136666666
55 -0.0092447136666666
56 -0.0116503136666666
57 -0.0119983136666666
58 -0.0113924136666666
59 -0.0109890136666666
60 -0.0121457136666666
61 -0.0120292136666666
62 -0.0143985136666666
63 -0.0129421136666666
64 -0.0139773136666666
65 -0.0145646136666666
66 -0.0128429136666666
67 -0.0146406136666666
68 -0.0115812136666666
69 -0.0125528136666666
70 -0.0121288136666666
71 -0.0133575136666666
72 -0.0104157136666666
73 -0.0080263136666666
74 -0.0108549136666666
75 -0.0084226136666666
76 -0.0056376136666666
77 -0.0047184136666666
78 -0.0000829136666666
79 -0.0011195136666666
80 0.0025677863333334
81 0.0066624863333334
82 0.0092615863333334
83 0.0088708863333334
84 0.0104012863333334
85 0.0117417863333334
86 0.0114454863333334
87 0.0070077863333334
88 0.0078702863333334
89 0.0024996863333334
90 0.0008644863333334
91 -0.0025361136666666
92 -0.0043464136666666
93 -0.0080192136666666
94 -0.0096939136666666
95 -0.0105415136666666
96 -0.0117003136666666
97 -0.0140085136666666
98 -0.0146663136666666
99 -0.0154213136666666
100 -0.0154253136666666
101 -0.0128722136666666
102 -0.0132413136666666
103 -0.0107943136666666
104 -0.0104640136666666
105 -0.0086477136666666
106 -0.0097317136666666
107 -0.0075381136666666
108 -0.0086864136666666
109 -0.0093826136666666
110 -0.0087042136666666
111 -0.0104581136666666
112 -0.0090807136666666
113 -0.0085901136666666
114 -0.0077576136666666
115 -0.0103667136666666
116 -0.0121483136666666
117 -0.0119612136666666
118 -0.0138291136666666
119 -0.0122379136666666
120 -0.0128002136666666
121 -0.0135021136666666
122 -0.0115697136666666
123 -0.0141107136666666
124 -0.0130411136666666
125 -0.0119536136666666
126 -0.0104474136666666
127 -0.0104669136666666
128 -0.0088027136666666
129 -0.0107975136666666
130 -0.0102730136666666
131 -0.0107907136666666
132 -0.0120666136666666
133 -0.0116154136666666
134 -0.0144847136666666
135 -0.0126750136666666
136 -0.0138289136666666
137 -0.0140902136666666
138 -0.0174070136666666
139 -0.0178333136666666
140 -0.0165248136666666
141 -0.0154814136666666
142 -0.0165098136666666
143 -0.0157200136666666
144 -0.0156254136666666
145 -0.0153660136666666
146 -0.0156197136666666
147 -0.0153867136666666
148 -0.0171743136666666
149 -0.0164531136666666
150 -0.0160421136666666
151 -0.0162872136666666
152 -0.0135833136666666
153 -0.0138375136666666
154 -0.0124859136666666
155 -0.0120919136666666
156 -0.0094763136666666
157 -0.0079319136666666
158 -0.0036619136666666
159 0.0005838863333334
160 0.0016974863333334
161 0.0034723863333334
162 0.0050367863333334
163 0.0022959863333334
164 0.0044345863333334
165 0.0040781863333334
166 0.0043804863333334
167 0.0054290863333334
168 0.0032605863333334
169 0.0009704863333334
170 0.0016243863333334
171 0.0022389863333334
172 0.0065283863333334
173 0.0066045863333334
174 0.0068781863333334
175 0.0099523863333334
176 0.0129152863333334
177 0.0176234863333334
178 0.0172478863333334
179 0.0177547863333334
180 0.0148585863333334
181 0.0121723863333334
182 0.0091955863333334
183 0.0082273863333334
184 0.0071060863333334
185 0.0043574863333334
186 0.0015290863333334
187 0.0007900863333334
188 -0.0007092136666666
189 -0.0030123136666666
190 -0.0036831136666666
191 -0.0061918136666666
192 -0.0068491136666666
193 -0.0049871136666666
194 -0.0060770136666666
195 -0.0054715136666666
196 -0.0065350136666666
197 -0.0079029136666666
198 -0.0116313136666666
199 -0.0107750136666666
200 -0.0127128136666666
201 -0.0130893136666666
202 -0.0149881136666666
203 -0.0156096136666666
204 -0.0154437136666666
205 -0.0138017136666666
206 -0.0139884136666666
207 -0.0126186136666666
208 -0.0131110136666666
209 -0.0096993136666666
210 -0.0094463136666666
211 -0.0084591136666666
212 -0.0071213136666666
213 -0.0075609136666666
214 -0.0063624136666666
215 -0.0042105136666666
216 -0.0038571136666666
217 -0.0057383136666666
218 -0.0008552136666666
219 0.0000988863333334
220 0.0001956863333334
221 0.0033337863333334
222 0.0049020863333334
223 0.0042649863333334
224 0.0052696863333334
225 0.0073287863333334
226 0.0080637863333334
227 0.0163084863333334
228 0.0140817863333334
229 0.0156603863333334
230 0.0161534863333334
231 0.0164115863333334
232 0.0131503863333334
233 0.0142560863333334
234 0.0110471863333334
235 0.0137919863333334
236 0.0072394863333334
237 0.0134274863333334
238 0.0135491863333334
239 0.0128583863333334
240 0.0113142863333334
241 0.0138499863333334
242 0.0128772863333334
243 0.0126665863333334
244 0.0117983863333334
245 0.0126447863333334
246 0.0131018863333334
247 0.0138236863333334
248 0.0143277863333334
249 0.0118316863333334
250 0.0128338863333334
251 0.0119775863333334
252 0.0105360863333334
253 0.0096861863333334
254 0.0087205863333334
255 0.0106793863333334
256 0.0107141863333334
257 0.0075442863333334
258 0.0076151863333334
259 0.0042936863333334
260 0.0047418863333334
261 -0.0017833136666666
262 -0.0047537136666666
263 -0.0084902136666666
264 -0.0094076136666666
265 -0.0103803136666666
266 -0.0115353136666666
267 -0.0108965136666666
268 -0.0133695136666666
269 -0.0133391136666666
270 -0.0115742136666666
271 -0.0126263136666666
272 -0.0118987136666666
273 -0.0115878136666666
274 -0.0132096136666666
275 -0.0110432136666666
276 -0.0117817136666666
277 -0.0117364136666666
278 -0.0120196136666666
279 -0.0145179136666666
280 -0.0173147136666666
281 -0.0171485136666666
282 -0.0194461136666666
283 -0.0212943136666666
284 -0.0227411136666666
285 -0.0259703136666666
286 -0.0280639136666666
287 -0.0286260136666666
288 -0.0287839136666666
289 -0.0304295136666666
290 -0.0311352136666666
291 -0.0320715136666666
292 -0.0320382136666666
293 -0.0315012136666666
294 -0.0321442136666666
295 -0.0340119136666666
296 -0.0328542136666666
297 -0.0321659136666666
298 -0.0313816136666666
299 -0.0307063136666666
300 -0.0314654136666666
301 -0.0328025136666666
302 -0.0315961136666666
303 -0.0307891136666666
304 -0.0304887136666666
305 -0.0293450136666666
306 -0.0265286136666666
307 -0.0243992136666666
308 -0.0245754136666666
309 -0.0218494136666666
310 -0.0196970136666666
311 -0.0170872136666666
312 -0.0148851136666666
313 -0.0140800136666666
314 -0.0133072136666666
315 -0.0081908136666666
316 -0.0029742136666666
317 -0.0042290136666666
318 -0.0051826136666666
319 -0.0055746136666666
320 -0.0056674136666666
321 -0.0067631136666666
322 -0.0085354136666666
323 -0.0065154136666666
324 -0.0097729136666666
325 -0.0112837136666666
326 -0.0148264136666666
327 -0.0145453136666666
328 -0.0161165136666666
329 -0.0164144136666666
330 -0.0159525136666666
331 -0.0170734136666666
332 -0.0176048136666666
333 -0.0170575136666666
334 -0.0192397136666666
335 -0.0193251136666666
336 -0.0187177136666666
337 -0.0192915136666666
338 -0.0173566136666666
339 -0.0144341136666666
340 -0.0151688136666666
341 -0.0146928136666666
342 -0.0168634136666666
343 -0.0163388136666666
344 -0.0152839136666666
345 -0.0174548136666666
346 -0.0183150136666666
347 -0.0192372136666666
348 -0.0192245136666666
349 -0.0186974136666666
350 -0.0189972136666666
351 -0.0178609136666666
352 -0.0198851136666666
353 -0.0202017136666666
354 -0.0203595136666666
355 -0.0196088136666666
356 -0.0200536136666666
357 -0.0188974136666666
358 -0.0209787136666666
359 -0.0235390136666666
360 -0.0247169136666666
361 -0.0235126136666666
362 -0.0240146136666666
363 -0.0239830136666666
364 -0.0237443136666666
365 -0.0249310136666666
366 -0.0247519136666666
367 -0.0230396136666666
368 -0.0206522136666666
369 -0.0209753136666666
370 -0.0198272136666666
371 -0.0163837136666666
372 -0.0161471136666666
373 -0.0149943136666666
374 -0.0155444136666666
375 -0.0158033136666666
376 -0.0146859136666666
377 -0.0158778136666666
378 -0.0139699136666666
379 -0.0124904136666666
380 -0.0133914136666666
381 -0.0142911136666666
382 -0.0145634136666666
383 -0.0141819136666666
384 -0.0145874136666666
385 -0.0138974136666666
386 -0.0153238136666666
387 -0.0151639136666666
388 -0.0153320136666666
389 -0.0163536136666666
390 -0.0162524136666666
391 -0.0163126136666666
392 -0.0178640136666666
393 -0.0181994136666666
394 -0.0189034136666666
395 -0.0192851136666666
396 -0.0179471136666666
397 -0.0185737136666666
398 -0.0194018136666666
399 -0.0181216136666666
400 -0.0180247136666666
401 -0.0178576136666666
402 -0.0177260136666666
403 -0.0151464136666666
404 -0.0161685136666666
405 -0.0123676136666666
406 -0.0110561136666666
407 -0.0133879136666666
408 -0.0110751136666666
409 -0.0123069136666666
410 -0.0112995136666666
411 -0.0125196136666666
412 -0.0084403136666666
413 -0.0071036136666666
414 -0.0076954136666666
415 -0.0080135136666666
416 -0.0079687136666666
417 -0.0063368136666666
418 -0.0062660136666666
419 -0.0053143136666666
420 -0.0080264136666666
421 -0.0065521136666666
422 -0.0071505136666666
423 -0.0081428136666666
424 -0.0091391136666666
425 -0.0096868136666666
426 -0.0115051136666666
427 -0.0103560136666666
428 -0.0116855136666666
429 -0.0119956136666666
430 -0.0113251136666666
431 -0.0134544136666666
432 -0.0141993136666666
433 -0.0158082136666666
434 -0.0173276136666666
435 -0.0170865136666666
436 -0.0164292136666666
437 -0.0174566136666666
438 -0.0175319136666666
439 -0.0171128136666666
440 -0.0191579136666666
441 -0.0193241136666666
442 -0.0219766136666666
443 -0.0236144136666666
444 -0.0245997136666666
445 -0.0252500136666666
446 -0.0260724136666666
447 -0.0259345136666666
448 -0.0255622136666666
449 -0.0258738136666666
450 -0.0258087136666666
451 -0.0253160136666666
452 -0.0253420136666666
453 -0.0265504136666666
454 -0.0268688136666666
455 -0.0248353136666666
456 -0.0240659136666666
457 -0.0230780136666666
458 -0.0226187136666666
459 -0.0217270136666666
460 -0.0195960136666666
461 -0.0165462136666666
462 -0.0142944136666666
463 -0.0124033136666666
464 -0.0102227136666666
465 -0.0070502136666666
466 -0.0078595136666666
467 -0.0047572136666666
468 -0.0037224136666666
469 -0.0036850136666666
470 -0.0020749136666666
471 -0.0018951136666666
472 0.0000637863333334
473 -0.0008157136666666
474 -0.0010498136666666
475 -0.0033393136666666
476 -0.0047281136666666
477 -0.0050873136666666
478 -0.0065610136666666
479 -0.0073832136666666
480 -0.0063356136666666
481 -0.0057038136666666
482 -0.0061890136666666
483 -0.0082616136666666
484 -0.0081922136666666
485 -0.0091147136666666
486 -0.0109750136666666
487 -0.0116080136666666
488 -0.0141215136666666
489 -0.0156547136666666
490 -0.0132381136666666
491 -0.0148451136666666
492 -0.0153620136666666
493 -0.0149198136666666
494 -0.0161719136666666
495 -0.0159139136666666
496 -0.0175301136666666
497 -0.0173174136666666
498 -0.0201015136666666
499 -0.0199348136666666
500 -0.0210281136666666
501 -0.0204282136666666
502 -0.0215722136666666
503 -0.0201777136666666
504 -0.0205862136666666
505 -0.0205900136666666
506 -0.0190980136666666
507 -0.0171165136666666
508 -0.0181046136666666
509 -0.0165995136666666
510 -0.0141710136666666
511 -0.0156390136666666
512 -0.0122898136666666
513 -0.0116346136666666
514 -0.0106125136666666
515 -0.0099680136666666
516 -0.0048614136666666
517 -0.0045635136666666
518 -0.0046081136666666
519 -0.0030803136666666
520 -0.0032076136666666
521 0.0015588863333334
522 0.0024081863333334
523 -0.0006968136666666
524 0.0025473863333334
525 0.0007518863333334
526 -0.0017186136666666
527 -0.0025472136666666
528 -0.0034172136666666
529 -0.0070739136666666
530 -0.0066059136666666
531 -0.0072785136666666
532 -0.0048618136666666
533 -0.0038902136666666
534 -0.0030944136666666
535 -0.0039203136666666
536 -0.0055178136666666
537 -0.0052973136666666
538 -0.0063732136666666
539 -0.0068526136666666
540 -0.0049427136666666
541 -0.0053560136666666
542 -0.0069604136666666
543 -0.0084556136666666
544 -0.0086422136666666
545 -0.0090010136666666
546 -0.0091893136666666
547 -0.0105283136666666
548 -0.0096086136666666
549 -0.0107986136666666
550 -0.0100361136666666
551 -0.0115916136666666
552 -0.0102689136666666
553 -0.0102131136666666
554 -0.0095565136666666
555 -0.0090093136666666
556 -0.0089293136666666
557 -0.0116968136666666
558 -0.0098348136666666
559 -0.0092022136666666
560 -0.0089285136666666
561 -0.0094798136666666
562 -0.0095466136666666
563 -0.0095759136666666
564 -0.0102219136666666
565 -0.0100380136666666
566 -0.0064506136666666
567 -0.0079182136666666
568 -0.0072643136666666
569 -0.0070744136666666
570 -0.0066475136666666
571 -0.0041474136666666
572 -0.0039476136666666
573 -0.0050165136666666
574 -0.0043736136666666
575 -0.0008658136666666
576 -0.0050669136666666
577 -0.0067545136666666
578 -0.0053944136666666
579 -0.0035625136666666
580 -0.0056872136666666
581 -0.0080005136666666
582 -0.0062844136666666
583 -0.0076808136666666
584 -0.0089736136666666
585 -0.0089458136666666
586 -0.0120749136666666
587 -0.0134934136666666
588 -0.0138241136666666
589 -0.0130381136666666
590 -0.0118676136666666
591 -0.0129093136666666
592 -0.0136138136666666
593 -0.0127219136666666
594 -0.0131862136666666
595 -0.0139642136666666
596 -0.0131826136666666
597 -0.0151002136666666
598 -0.0168200136666666
599 -0.0174434136666666
600 -0.0193097136666666
