1 2.4585559136666655
2 1.9145546136666654
3 1.6356981136666655
4 1.4595847136666655
5 1.3833132136666655
6 1.3190035136666656
7 1.2334741136666656
8 1.1161947136666655
9 1.1223175136666654
10 1.1133885136666655
11 1.0670557136666656
12 1.0791699136666655
13 1.0784836136666656
14 1.0069573136666656
15 0.9092873136666655
16 0.8704885136666656
17 0.8450057136666655
18 0.8318201136666656
19 0.7863333136666655
20 0.6469744136666655
21 0.4891974136666655
22 0.5116217136666654
23 0.5784804136666655
24 0.5266062136666654
25 0.4090168136666655
26 0.3887826136666655
27 0.5751545136666656
28 0.8549614136666654
29 1.0617359136666655
30 1.1732343136666656
31 1.2517003136666656
32 1.3218965136666656
33 1.3699088136666655
34 1.3895441136666655
35 1.3238599136666656
36 1.3065593136666656
37 1.3376197136666654
38 1.2889873136666656
39 1.1723754136666655
40 1.1186225136666654
41 1.2003932136666655
42 1.1525414136666656
43 1.0687439136666654
44 1.0142844136666656
45 0.9771633136666655
46 0.9830375136666656
47 0.9357216136666655
48 0.8462253136666655
49 0.7615979136666655
50 0.6433928136666656
51 0.5189269136666654
52 0.4621643136666655
53 0.4999217136666654
54 0.4521059136666655
55 0.3750809136666655
56 0.4234016136666655
57 0.4507543136666655
58 0.4773601136666655
59 0.5524590136666654
60 0.7063687136666656
61 0.8851378136666654
62 0.9894979136666655
63 0.9490518136666655
64 1.0097241136666655
65 1.1001596136666656
66 1.1231775136666655
67 1.0313830136666655
68 0.8689852136666656
69 0.7930784136666655
70 0.7767430136666655
71 0.7305241136666656
72 0.7455158136666655
73 0.8278710136666656
74 0.8575888136666656
75 0.7685991136666654
76 0.6779581136666655
77 0.6647249136666655
78 0.7462890136666656
79 0.8893863136666655
80 0.9765766136666656
81 0.9865943136666655
82 0.9148745136666656
83 0.8100762136666655
84 0.7207253136666656
85 0.6036741136666655
86 0.4683858136666655
87 0.4026129136666655
88 0.3923767136666654
89 0.4531007136666654
90 0.5348232136666655
91 0.6246866136666656
92 0.7683501136666655
93 0.8941468136666655
94 0.9451378136666655
95 0.9255683136666655
96 0.9110670136666656
97 1.0255163136666656
98 1.2115803136666656
99 1.2562417136666655
100 1.0933134136666656
101 0.9068746136666654
102 0.8753378136666656
103 0.9814867136666656
104 1.0365856136666656
105 1.0997444136666656
106 1.1819155136666655
107 1.1542575136666655
108 1.0308847136666655
109 0.9517013136666654
110 0.9203384136666655
111 0.8139441136666656
112 0.7599320136666656
113 0.7933639136666655
114 0.8405044136666655
115 0.8347154136666655
116 0.8338461136666655
117 0.8484007136666656
118 0.9237294136666656
119 1.0298438136666654
120 1.0626844136666656
121 1.0981967136666655
122 1.1599905136666655
123 1.2271304136666656
124 1.3098019136666654
125 1.3826218136666655
126 1.4822061136666655
127 1.5026650136666655
128 1.4412663136666655
129 1.2895735136666655
130 1.2145672136666656
131 1.2600962136666656
132 1.3399073136666655
133 1.4474547136666656
134 1.5433595136666656
135 1.4527182136666656
136 1.3198582136666654
137 1.2365948136666656
138 1.0509920136666655
139 0.9305658136666655
140 0.9200077136666656
141 0.8973371136666655
142 0.9143027136666655
143 0.9862201136666655
144 1.0026939136666655
145 0.8899859136666655
146 0.7602180136666656
147 0.6403747136666655
148 0.5175058136666655
149 0.4998100136666655
150 0.6678145136666656
151 0.8252357136666655
152 0.8215648136666656
153 0.7302633136666656
154 0.6744490136666654
155 0.6612401136666655
156 0.6187904136666655
157 0.5492561136666654
158 0.5609245136666654
159 0.6327310136666655
160 0.7664022136666655
161 1.0057766136666655
162 1.1291594136666656
163 1.0763185136666655
164 0.9652109136666656
165 0.8730538136666655
166 0.8475354136666655
167 0.9235601136666656
168 0.9203503136666655
169 0.8509815136666656
170 0.8205247136666656
171 0.7928564136666656
172 0.8696039136666656
173 0.9147550136666656
174 0.9016712136666656
175 0.9049765136666656
176 0.8762076136666654
177 0.8351226136666656
178 0.8503625136666655
179 0.8469927136666655
180 0.7445745136666655
181 0.6374078136666654
182 0.5956224136666655
183 0.5996082136666654
184 0.6573744136666655
185 0.7214801136666655
186 0.7046959136666655
187 0.5933006136666654
188 0.5122462136666655
189 0.5156700136666654
190 0.5527730136666655
191 0.5950237136666654
192 0.6175833136666655
193 0.6464676136666656
194 0.7260470136666655
195 0.7284189136666654
196 0.7213690136666655
197 0.7832720136666655
198 0.8219983136666655
199 0.8303651136666654
200 0.7980690136666655
201 0.7935591136666655
202 0.8701202136666655
203 0.9430320136666654
204 1.0081179136666656
205 1.0530909136666655
206 0.9834822136666654
207 0.9548116136666656
208 1.0698240136666655
209 1.1221750136666655
210 1.0868168136666656
211 1.1188754136666654
212 1.1216118136666655
213 1.0233053136666654
214 0.8028967136666656
215 0.6364734136666654
216 0.6042063136666656
217 0.6643343136666655
218 0.7157094136666655
219 0.7247841136666655
220 0.8369605136666656
221 0.8524445136666656
222 0.7195622136666655
223 0.6325042136666656
224 0.6595216136666655
225 0.7618782136666655
226 0.8475861136666656
227 0.9454079136666655
228 1.0214422136666654
229 0.9733214136666655
230 0.9191022136666656
231 0.8405546136666655
232 0.7880711136666656
233 0.7835798136666656
234 0.7575991136666655
235 0.7212002136666655
236 0.6368486136666656
237 0.6191946136666655
238 0.6247451136666655
239 0.5712657136666655
240 0.6111559136666656
241 0.7251426136666654
242 0.8777416136666656
243 0.9715596136666655
244 0.9601481136666656
245 0.9715207136666655
246 0.9639211136666654
247 0.9753234136666655
248 1.0300466136666655
249 1.1366417136666656
250 1.1324402136666656
251 1.0607569136666655
252 1.1005816136666655
253 1.1465850136666655
254 1.2434075136666656
255 1.3404182136666656
256 1.3131372136666655
257 1.1739952136666656
258 1.0857297136666655
259 1.0748281136666655
260 1.0575210136666655
261 1.0831666136666656
262 1.1789311136666656
263 1.1486394136666656
264 1.1204500136666655
265 1.2067802136666654
266 1.1700395136666655
267 1.0579269136666656
268 0.9583845136666655
269 0.8265937136666655
270 0.7837949136666655
271 0.8391340136666656
272 0.8681714136666656
273 0.8986289136666656
274 0.9918299136666655
275 1.0547169136666656
276 1.1007656136666655
277 1.1100747136666655
278 1.0501156136666656
279 0.9771128136666656
280 0.9836664136666655
281 0.9715660136666655
282 0.9778984136666655
283 0.9948734136666655
284 1.0243699136666655
285 1.0071633136666656
286 0.9474167136666656
287 0.8712916136666655
288 0.7844570136666655
289 0.6783574136666655
290 0.5858530136666655
291 0.5131760136666654
292 0.4867225136666655
293 0.5308864136666656
294 0.5949107136666656
295 0.6185253136666655
296 0.6680400136666655
297 0.7191291136666655
298 0.7529833136666655
299 0.7495592136666656
300 0.8173580136666656
301 0.9223990136666655
302 0.9916218136666655
303 0.9403764136666655
304 0.8282045136666656
305 0.9019980136666654
306 1.0473595136666656
307 0.9853007136666656
308 0.8490552136666656
309 0.8363020136666655
310 0.8654630136666654
311 0.9687337136666656
312 1.1222793136666656
313 1.2153817136666656
314 1.2793318136666656
315 1.3232512136666656
316 1.2629704136666655
317 1.1506655136666655
318 1.1229677136666656
319 1.1569841136666656
320 1.1038705136666656
321 1.0034631136666656
322 0.9086940136666655
323 0.8224177136666655
324 0.7412693136666655
325 0.6788666136666655
326 0.5943483136666654
327 0.5648795136666656
328 0.7035808136666655
329 0.8221503136666655
330 0.8801373136666655
331 1.0386541136666656
332 1.2036742136666656
333 1.3014357136666654
334 1.2819117136666656
335 1.2122502136666655
336 1.1665637136666656
337 1.1699223136666654
338 1.1711714136666656
339 1.1117929136666655
340 1.1094018136666655
341 1.1804564136666655
342 1.1433699136666655
343 1.0172939136666654
344 0.8929541136666654
345 0.8144779136666656
346 0.8401234136666655
347 0.8846341136666656
348 0.9949785136666656
349 1.0942471136666656
350 1.1329274136666656
351 1.0980002136666656
352 1.1001873136666656
353 1.1581489136666656
354 1.0807166136666655
355 0.9063624136666655
356 0.7449255136666655
357 0.6196694136666656
358 0.4823975136666654
359 0.4681523136666655
360 0.5828185136666655
361 0.6743678136666655
362 0.6296821136666655
363 0.5458584136666655
364 0.4971189136666654
365 0.3812863136666655
366 0.2845426136666655
367 0.3235953136666654
368 0.3333298136666655
369 0.3266930136666655
370 0.3089106136666654
371 0.2908989136666655
372 0.2955522136666655
373 0.3058612136666655
374 0.2861332136666655
375 0.2107130136666654
376 0.1961424136666655
377 0.2371412136666655
378 0.3349858136666655
379 0.4687204136666654
380 0.5611689136666655
381 0.5933006136666654
382 0.6294074136666656
383 0.6884563136666655
384 0.7544666136666656
385 0.8744247136666656
386 0.9679239136666655
387 1.0167794136666655
388 0.9595815136666654
389 0.8661196136666656
390 0.7884027136666656
391 0.6825650136666654
392 0.6563301136666655
393 0.6506156136666656
394 0.7104759136666656
395 0.7903989136666656
396 0.7821929136666654
397 0.8403847136666656
398 1.0671919136666654
399 1.4084639136666655
400 1.6760998136666654
401 1.6868253136666653
402 1.6076214136666656
403 1.4629191136666655
404 1.3664915136666655
405 1.2900541136666654
406 1.2787868136666656
407 1.2729579136666656
408 1.2076218136666654
409 1.1428028136666655
410 1.1225219136666655
411 1.0355532136666656
412 0.9053962136666656
413 0.8058381136666655
414 0.7774404136666655
415 0.8707735136666654
416 0.9257719136666656
417 0.9725132136666654
418 1.0182917136666656
419 0.9614918136666655
420 0.8560033136666656
421 0.8210630136666655
422 0.7520319136666656
423 0.7042353136666655
424 0.7780968136666655
425 0.8372793136666656
426 0.8042185136666655
427 0.7540219136666655
428 0.7291584136666656
429 0.7074006136666655
430 0.6109311136666655
431 0.5474470136666656
432 0.5731648136666654
433 0.6478434136666655
434 0.7257266136666656
435 0.7279274136666656
436 0.7269001136666655
437 0.7717580136666655
438 0.8283119136666655
439 0.8146024136666656
440 0.7277714136666655
441 0.6740283136666656
442 0.7121177136666654
443 0.8513951136666655
444 1.0183892136666655
445 1.1232550136666655
446 1.1611013136666655
447 1.2173707136666656
448 1.2724661136666655
449 1.3227980136666655
450 1.3026128136666655
451 1.2401816136666655
452 1.1951442136666655
453 1.0789206136666656
454 0.9381249136666656
455 0.8620399136666654
456 0.8216414136666654
457 0.8136212136666656
458 0.7817023136666656
459 0.6998283136666656
460 0.6608627136666656
461 0.6929927136666656
462 0.6906263136666655
463 0.5749165136666654
464 0.4329276136666655
465 0.3808026136666655
466 0.4041440136666655
467 0.4193208136666655
468 0.4040491136666655
469 0.3852916136666655
470 0.4172896136666654
471 0.4936615136666655
472 0.5658009136666655
473 0.6464083136666656
474 0.7075090136666655
475 0.7352451136666656
476 0.7465078136666656
477 0.8116231136666656
478 0.8833469136666656
479 0.9398870136666655
480 1.0174189136666656
481 1.0794518136666655
482 1.0536234136666656
483 0.9574456136666656
484 0.9262705136666656
485 0.9449055136666655
486 0.8648503136666656
487 0.7438699136666655
488 0.6999683136666655
489 0.6678889136666655
490 0.6722317136666656
491 0.7917651136666655
492 0.9717457136666656
493 1.0378008136666654
494 0.9846396136666655
495 0.8821374136666655
496 0.8072140136666655
497 0.8144884136666655
498 0.8690864136666656
499 0.9294025136666655
500 0.9816880136666655
501 1.0120838136666654
502 1.0479946136666656
503 1.0405266136666655
504 0.9791787136666656
505 0.9728570136666654
506 1.0114121136666656
507 1.0716145136666655
508 1.0686614136666654
509 1.0253959136666655
510 0.9149184136666655
511 0.8571482136666655
512 0.8540531136666656
513 0.8193878136666655
514 0.8542920136666656
515 0.8913107136666656
516 0.9444549136666656
517 1.0434997136666655
518 1.1948118136666654
519 1.2279229136666656
520 1.1970261136666656
521 1.2677188136666655
522 1.4758688136666656
523 1.5899147136666656
524 1.5629707136666655
525 1.4468323136666656
526 1.3693430136666656
527 1.1299605136666655
528 0.8874061136666656
529 0.7408316136666655
530 0.7905292136666655
531 0.9691813136666656
532 1.0841907136666655
533 1.1040416136666655
534 1.0747316136666656
535 1.0296509136666656
536 0.9434252136666654
537 0.8681227136666656
538 0.8602955136666655
539 0.8616623136666655
540 0.8438742136666655
541 0.9135325136666654
542 1.0191233136666655
543 1.1284184136666655
544 1.2152064136666656
545 1.2430793136666656
546 1.2127213136666655
547 1.1740570136666655
548 1.1702766136666656
549 1.0396004136666654
550 0.9163484136666655
551 0.7877494136666656
552 0.6518264136666656
553 0.7135532136666656
554 0.9238024136666656
555 1.1236011136666655
556 1.2638116136666655
557 1.3003657136666655
558 1.1225448136666656
559 1.0079498136666656
560 1.0581402136666656
561 1.2098333136666655
562 1.2227528136666654
563 1.2313130136666655
564 1.2045884136666656
565 1.1396930136666656
566 1.2035671136666655
567 1.4168155136666656
568 1.6492643136666656
569 1.6980932136666653
570 1.6310213136666656
571 1.4935496136666655
572 1.3108286136666656
573 1.1483710136666656
574 0.9947084136666655
575 0.9170699136666656
576 0.8754294136666656
577 0.8938668136666656
578 0.9188303136666656
579 0.9002132136666656
580 0.9369690136666655
581 1.0653655136666655
582 1.0610731136666656
583 0.9763737136666655
584 0.9040852136666655
585 0.8319811136666655
586 0.7721660136666655
587 0.7676102136666656
588 0.8427808136666655
589 0.8607777136666654
590 0.8242688136666656
591 0.8856879136666655
592 0.9883305136666656
593 1.0639366136666655
594 1.1074136136666655
595 1.0816250136666656
596 1.0248947136666655
597 0.9546884136666656
598 0.9274771136666655
599 0.9909515136666656
600 1.0052402136666656
