1 0.3032382416666666
2 0.0704669416666666
3 0.0762805416666666
4 0.0761878416666666
5 0.0705678416666666
6 0.0672599416666666
7 0.0830643416666666
8 0.0719318416666666
9 0.0786629416666666
10 0.0634995416666666
11 0.0705039416666666
12 0.0661404416666666
13 0.0579130416666666
14 0.0539659416666666
15 0.0562268416666666
16 0.0593056416666666
17 0.0488830416666666
18 0.0511149416666666
19 0.0541249416666666
20 0.0611207416666666
21 0.0568245416666666
22 0.0683017416666666
23 0.0640383416666666
24 0.0612403416666666
25 0.0593907416666666
26 0.0605054416666666
27 0.0510760416666666
28 0.0485042416666666
29 0.0564277416666666
30 0.0544039416666666
31 0.0546369416666666
32 0.0598568416666666
33 0.0554361416666666
34 0.0549638416666666
35 0.0454040416666666
36 0.0378372416666666
37 0.0376071416666666
38 0.0374751416666666
39 0.0254763416666666
40 0.0283687416666666
41 0.0276238416666666
42 0.0315606416666666
43 0.0239686416666666
44 0.0169638416666666
45 0.0111544416666666
46 0.0154586416666666
47 0.0190735416666666
48 0.0171204416666666
49 0.0199167416666666
50 0.0140596416666666
51 0.0174384416666666
52 0.0183745416666666
53 0.0177666416666666
54 0.0232406416666666
55 0.0202780416666666
56 0.0179175416666666
57 0.0186574416666666
58 0.0128496416666666
59 0.0129157416666666
60 0.0089884416666666
61 0.0073562416666666
62 0.0116855416666666
63 0.0074029416666666
64 0.0070155416666666
65 0.0061195416666666
66 0.0060608416666666
67 0.0064358416666666
68 0.0057028416666666
69 0.0011326416666666
70 0.0030985416666666
71 0.0009009416666666
72 -0.0006255583333334
73 -0.0019466583333334
74 0.0002251416666666
75 -0.0040180583333334
76 -0.0037837583333334
77 -0.0061733583333334
78 -0.0091034583333334
79 -0.0108499583333334
80 -0.0102280583333334
81 -0.0114938583333334
82 -0.0117892583333334
83 -0.0113905583333334
84 -0.0112969583333334
85 -0.0128735583333334
86 -0.0127117583333334
87 -0.0119972583333334
88 -0.0126211583333334
89 -0.0124846583333334
90 -0.0143312583333334
91 -0.0138874583333334
92 -0.0138889583333334
93 -0.0143281583333334
94 -0.0135834583333334
95 -0.0149342583333334
96 -0.0137867583333334
97 -0.0127490583333334
98 -0.0133393583333334
99 -0.0135823583333334
100 -0.0152692583333334
101 -0.0154701583333334
102 -0.0175474583333334
103 -0.0160546583333334
104 -0.0172526583333334
105 -0.0152510583333334
106 -0.0125404583333334
107 -0.0155877583333334
108 -0.0165545583333334
109 -0.0163149583333334
110 -0.0154787583333334
111 -0.0155027583333334
112 -0.0108317583333334
113 -0.0086138583333334
114 -0.0092062583333334
115 -0.0065801583333334
116 -0.0046519583333334
117 -0.0045626583333334
118 -0.0066308583333334
119 -0.0051700583333334
120 -0.0036820583333334
121 -0.0027418583333334
122 -0.0037966583333334
123 -0.0029200583333334
124 -0.0040150583333334
125 -0.0075777583333334
126 -0.0075533583333334
127 -0.0055830583333334
128 -0.0089920583333334
129 -0.0069521583333334
130 -0.0047473583333334
131 -0.0072239583333334
132 -0.0047796583333334
133 -0.0055780583333334
134 -0.0051177583333334
135 -0.0060076583333334
136 -0.0087076583333334
137 -0.0108947583333334
138 -0.0077688583333334
139 -0.0072597583333334
140 -0.0083376583333334
141 -0.0085380583333334
142 -0.0080590583333334
143 -0.0069482583333334
144 -0.0100648583333334
145 -0.0075811583333334
146 -0.0097277583333334
147 -0.0066729583333334
148 -0.0052759583333334
149 -0.0064759583333334
150 -0.0058051583333334
151 -0.0063116583333334
152 -0.0085042583333334
153 -0.0093749583333334
154 -0.0053879583333334
155 -0.0020899583333334
156 -0.0039110583333334
157 -0.0003928583333334
158 -0.0027175583333334
159 -0.0009436583333334
160 -0.0025287583333334
161 -0.0057638583333334
162 -0.0063738583333334
163 -0.0080724583333334
164 -0.0115252583333334
165 -0.0126459583333334
166 -0.0161580583333334
167 -0.0192108583333334
168 -0.0191505583333334
169 -0.0203866583333334
170 -0.0241416583333334
171 -0.0252856583333334
172 -0.0261326583333334
173 -0.0259062583333334
174 -0.0253775583333334
175 -0.0259358583333334
176 -0.0278442583333334
177 -0.0272019583333334
178 -0.0287988583333334
179 -0.0287385583333334
180 -0.0300121583333334
181 -0.0301792583333334
182 -0.0302216583333334
183 -0.0316547583333334
184 -0.0314652583333334
185 -0.0315802583333334
186 -0.0319102583333334
187 -0.0314830583333334
188 -0.0314718583333334
189 -0.0323344583333334
190 -0.0324428583333334
191 -0.0314582583333334
192 -0.0314381583333334
193 -0.0300434583333334
194 -0.0296851583333334
195 -0.0297953583333334
196 -0.0300769583333334
197 -0.0294746583333334
198 -0.0297199583333334
199 -0.0304498583333334
200 -0.0313484583333334
201 -0.0311715583333334
202 -0.0311273583333334
203 -0.0315810583333334
204 -0.0324628583333334
205 -0.0325890583333334
206 -0.0330263583333334
207 -0.0330903583333334
208 -0.0336530583333334
209 -0.0340351583333334
210 -0.0327863583333334
211 -0.0322632583333334
212 -0.0315849583333334
213 -0.0311025583333334
214 -0.0303858583333334
215 -0.0310783583333334
216 -0.0326345583333334
217 -0.0325477583333334
218 -0.0328425583333334
219 -0.0327946583333334
220 -0.0320005583333334
221 -0.0311269583333334
222 -0.0304019583333334
223 -0.0299098583333334
224 -0.0302074583333334
225 -0.0299671583333334
226 -0.0302864583333334
227 -0.0314976583333334
228 -0.0301862583333334
229 -0.0286509583333334
230 -0.0293961583333334
231 -0.0280667583333334
232 -0.0263723583333334
233 -0.0268825583333334
234 -0.0273307583333334
235 -0.0269422583333334
236 -0.0266512583333334
237 -0.0274760583333334
238 -0.0262715583333334
239 -0.0255024583333334
240 -0.0243410583333334
241 -0.0226284583333334
242 -0.0211322583333334
243 -0.0213082583333334
244 -0.0205152583333334
245 -0.0209781583333334
246 -0.0213472583333334
247 -0.0234968583333334
248 -0.0240691583333334
249 -0.0233260583333334
250 -0.0230092583333334
251 -0.0226683583333334
252 -0.0232767583333334
253 -0.0238391583333334
254 -0.0236805583333334
255 -0.0232547583333334
256 -0.0235672583333334
257 -0.0255129583333334
258 -0.0264252583333334
259 -0.0259698583333334
260 -0.0265911583333334
261 -0.0271167583333334
262 -0.0265189583333334
263 -0.0288858583333334
264 -0.0300983583333334
265 -0.0294921583333334
266 -0.0296909583333334
267 -0.0305514583333334
268 -0.0311328583333334
269 -0.0316494583333334
270 -0.0311531583333334
271 -0.0310466583333334
272 -0.0313255583333334
273 -0.0311994583333334
274 -0.0315167583333334
275 -0.0317974583333334
276 -0.0313519583333334
277 -0.0315883583333334
278 -0.0318169583333334
279 -0.0299117583333334
280 -0.0298151583333334
281 -0.0305504583333334
282 -0.0299219583333334
283 -0.0292470583333334
284 -0.0291235583333334
285 -0.0285016583333334
286 -0.0294858583333334
287 -0.0298925583333334
288 -0.0302762583333334
289 -0.0305091583333334
290 -0.0314322583333334
291 -0.0318409583333334
292 -0.0306282583333334
293 -0.0310184583333334
294 -0.0322027583333334
295 -0.0318508583333334
296 -0.0316223583333334
297 -0.0311961583333334
298 -0.0301691583333334
299 -0.0299106583333334
300 -0.0300557583333334
301 -0.0290215583333334
302 -0.0293518583333334
303 -0.0293937583333334
304 -0.0291723583333334
305 -0.0294198583333334
306 -0.0293916583333334
307 -0.0270134583333334
308 -0.0265133583333334
309 -0.0274975583333334
310 -0.0266234583333334
311 -0.0235127583333334
312 -0.0217827583333334
313 -0.0232364583333334
314 -0.0224143583333334
315 -0.0233972583333334
316 -0.0219297583333334
317 -0.0245528583333334
318 -0.0239233583333334
319 -0.0218103583333334
320 -0.0222621583333334
321 -0.0244040583333334
322 -0.0244845583333334
323 -0.0225569583333334
324 -0.0233636583333334
325 -0.0239230583333334
326 -0.0223364583333334
327 -0.0204150583333334
328 -0.0206802583333334
329 -0.0212115583333334
330 -0.0211169583333334
331 -0.0231549583333334
332 -0.0237661583333334
333 -0.0241410583333334
334 -0.0253126583333334
335 -0.0259924583333334
336 -0.0255406583333334
337 -0.0267841583333334
338 -0.0265313583333334
339 -0.0268340583333334
340 -0.0273402583333334
341 -0.0270100583333334
342 -0.0282178583333334
343 -0.0280327583333334
344 -0.0299041583333334
345 -0.0302066583333334
346 -0.0300843583333334
347 -0.0304227583333334
348 -0.0303555583333334
349 -0.0300624583333334
350 -0.0301028583333334
351 -0.0301393583333334
352 -0.0307691583333334
353 -0.0306971583333334
354 -0.0319334583333334
355 -0.0320975583333334
356 -0.0317511583333334
357 -0.0309276583333334
358 -0.0313521583333334
359 -0.0310849583333334
360 -0.0307131583333334
361 -0.0302501583333334
362 -0.0293869583333334
363 -0.0281782583333334
364 -0.0290605583333334
365 -0.0276980583333334
366 -0.0263615583333334
367 -0.0261256583333334
368 -0.0260191583333334
369 -0.0252102583333334
370 -0.0245900583333334
371 -0.0240848583333334
372 -0.0237566583333334
373 -0.0234988583333334
374 -0.0221060583333334
375 -0.0228607583333334
376 -0.0229161583333334
377 -0.0238400583333334
378 -0.0245304583333334
379 -0.0246508583333334
380 -0.0239549583333334
381 -0.0256171583333334
382 -0.0260935583333334
383 -0.0273578583333334
384 -0.0263054583333334
385 -0.0264251583333334
386 -0.0269951583333334
387 -0.0264658583333334
388 -0.0272596583333334
389 -0.0273377583333334
390 -0.0274183583333334
391 -0.0271978583333334
392 -0.0286926583333334
393 -0.0292510583333334
394 -0.0294524583333334
395 -0.0301830583333334
396 -0.0302175583333334
397 -0.0292569583333334
398 -0.0291948583333334
399 -0.0307401583333334
400 -0.0318570583333334
401 -0.0311452583333334
402 -0.0300938583333334
403 -0.0297933583333334
404 -0.0301291583333334
405 -0.0318870583333334
406 -0.0330475583333334
407 -0.0331734583333334
408 -0.0332226583333334
409 -0.0335194583333334
410 -0.0341595583333334
411 -0.0346047583333334
412 -0.0347818583333334
413 -0.0346470583333334
414 -0.0352428583333334
415 -0.0354271583333334
416 -0.0358718583333334
417 -0.0356869583333334
418 -0.0354264583333334
419 -0.0356201583333334
420 -0.0349604583333334
421 -0.0355809583333334
422 -0.0361355583333334
423 -0.0360260583333334
424 -0.0363347583333334
425 -0.0364315583333334
426 -0.0358944583333334
427 -0.0347081583333334
428 -0.0350584583333334
429 -0.0356741583333334
430 -0.0359698583333334
431 -0.0354932583333334
432 -0.0354759583333334
433 -0.0360072583333334
434 -0.0366578583333334
435 -0.0364546583333334
436 -0.0361618583333334
437 -0.0366669583333334
438 -0.0372599583333334
439 -0.0371816583333334
440 -0.0373726583333334
441 -0.0375860583333334
442 -0.0375076583333334
443 -0.0369898583333334
444 -0.0366823583333334
445 -0.0371597583333334
446 -0.0374256583333334
447 -0.0367563583333334
448 -0.0368622583333334
449 -0.0368256583333334
450 -0.0357984583333334
451 -0.0350690583333334
452 -0.0350897583333334
453 -0.0355301583333334
454 -0.0345052583333334
455 -0.0340878583333334
456 -0.0331652583333334
457 -0.0329765583333334
458 -0.0332555583333334
459 -0.0328664583333334
460 -0.0335420583333334
461 -0.0339593583333334
462 -0.0327993583333334
463 -0.0320254583333334
464 -0.0303489583333334
465 -0.0304435583333334
466 -0.0299105583333334
467 -0.0284599583333334
468 -0.0269676583333334
469 -0.0264751583333334
470 -0.0261966583333334
471 -0.0270865583333334
472 -0.0274893583333334
473 -0.0269310583333334
474 -0.0271287583333334
475 -0.0252880583333334
476 -0.0254754583333334
477 -0.0262870583333334
478 -0.0266240583333334
479 -0.0280181583333334
480 -0.0298464583333334
481 -0.0300471583333334
482 -0.0302124583333334
483 -0.0316814583333334
484 -0.0324602583333334
485 -0.0317012583333334
486 -0.0324767583333334
487 -0.0327652583333334
488 -0.0328259583333334
489 -0.0305716583333334
490 -0.0298285583333334
491 -0.0303654583333334
492 -0.0293354583333334
493 -0.0284751583333334
494 -0.0287717583333334
495 -0.0285509583333334
496 -0.0298409583333334
497 -0.0284006583333334
498 -0.0285901583333334
499 -0.0291244583333334
500 -0.0275212583333334
501 -0.0283367583333334
502 -0.0283230583333334
503 -0.0277568583333334
504 -0.0269373583333334
505 -0.0279127583333334
506 -0.0284862583333334
507 -0.0283304583333334
508 -0.0273659583333334
509 -0.0281984583333334
510 -0.0291837583333334
511 -0.0283741583333334
512 -0.0280294583333334
513 -0.0283649583333334
514 -0.0289933583333334
515 -0.0294148583333334
516 -0.0311751583333334
517 -0.0319835583333334
518 -0.0325364583333334
519 -0.0331013583333334
520 -0.0338516583333334
521 -0.0343299583333334
522 -0.0338634583333334
523 -0.0336465583333334
524 -0.0338104583333334
525 -0.0336274583333334
526 -0.0343066583333334
527 -0.0339873583333334
528 -0.0332894583333334
529 -0.0332132583333334
530 -0.0342533583333334
531 -0.0350945583333334
532 -0.0352459583333334
533 -0.0350595583333334
534 -0.0361125583333334
535 -0.0363932583333334
536 -0.0363332583333334
537 -0.0361608583333334
538 -0.0366357583333334
539 -0.0370339583333334
540 -0.0372750583333334
541 -0.0375435583333334
542 -0.0372282583333334
543 -0.0368130583333334
544 -0.0368968583333334
545 -0.0377221583333334
546 -0.0376818583333334
547 -0.0374105583333334
548 -0.0373381583333334
549 -0.0373198583333334
550 -0.0376727583333334
551 -0.0372275583333334
552 -0.0372130583333334
553 -0.0370840583333334
554 -0.0367705583333334
555 -0.0367054583333334
556 -0.0369337583333334
557 -0.0379302583333334
558 -0.0371088583333334
559 -0.0362452583333334
560 -0.0365675583333334
561 -0.0361993583333334
562 -0.0359636583333334
563 -0.0361999583333334
564 -0.0362776583333334
565 -0.0353528583333334
566 -0.0346418583333334
567 -0.0345433583333334
568 -0.0349291583333334
569 -0.0354253583333334
570 -0.0348895583333334
571 -0.0339087583333334
572 -0.0344466583333334
573 -0.0342944583333334
574 -0.0338133583333334
575 -0.0334896583333334
576 -0.0342816583333334
577 -0.0328966583333334
578 -0.0317551583333334
579 -0.0319174583333334
580 -0.0325778583333334
581 -0.0323883583333334
582 -0.0322011583333334
583 -0.0327753583333334
584 -0.0333943583333334
585 -0.0330414583333334
586 -0.0325553583333334
587 -0.0322800583333334
588 -0.0321654583333334
589 -0.0304382583333334
590 -0.0295231583333334
591 -0.0297855583333334
592 -0.0300822583333334
593 -0.0287592583333334
594 -0.0290945583333334
595 -0.0285365583333334
596 -0.0285204583333334
597 -0.0267016583333334
598 -0.0254333583333334
599 -0.0258717583333334
600 -0.0271667583333334
