1 0.1691420418333334
2 0.1143066418333334
3 0.0722799418333334
4 0.0463898418333334
5 0.0310391418333334
6 0.0124354418333334
7 0.0058348418333334
8 -0.0044643581666666
9 -0.0108751581666666
10 -0.0120244581666666
11 -0.0115352581666666
12 -0.0160240581666666
13 -0.0183091581666666
14 -0.0169018581666666
15 -0.0163039581666666
16 -0.0179037581666666
17 -0.0227052581666666
18 -0.0204436581666666
19 -0.0185460581666666
20 -0.0197106581666666
21 -0.0196920581666666
22 -0.0207128581666666
23 -0.0242866581666666
24 -0.0224013581666666
25 -0.0235724581666666
26 -0.0246121581666666
27 -0.0243859581666666
28 -0.0249520581666666
29 -0.0227429581666666
30 -0.0221946581666666
31 -0.0223425581666666
32 -0.0246429581666666
33 -0.0257365581666666
34 -0.0220986581666666
35 -0.0218985581666666
36 -0.0242822581666666
37 -0.0245653581666666
38 -0.0286737581666666
39 -0.0265706581666666
40 -0.0236536581666666
41 -0.0235702581666666
42 -0.0239051581666666
43 -0.0247389581666666
44 -0.0234945581666666
45 -0.0215525581666666
46 -0.0254345581666666
47 -0.0281524581666666
48 -0.0286348581666666
49 -0.0276415581666666
50 -0.0279689581666666
51 -0.0295113581666666
52 -0.0260431581666666
53 -0.0254509581666666
54 -0.0274959581666666
55 -0.0300116581666666
56 -0.0262080581666666
57 -0.0229583581666666
58 -0.0286094581666666
59 -0.0278139581666666
60 -0.0275537581666666
61 -0.0273707581666666
62 -0.0291761581666666
63 -0.0264254581666666
64 -0.0279184581666666
65 -0.0249464581666666
66 -0.0271959581666666
67 -0.0269760581666666
68 -0.0251522581666666
69 -0.0237160581666666
70 -0.0284719581666666
71 -0.0274436581666666
72 -0.0321556581666666
73 -0.0294943581666666
74 -0.0276987581666666
75 -0.0289552581666666
76 -0.0276183581666666
77 -0.0269776581666666
78 -0.0260574581666666
79 -0.0256090581666666
80 -0.0236858581666666
81 -0.0236926581666666
82 -0.0266092581666666
83 -0.0275814581666666
84 -0.0280692581666666
85 -0.0292587581666666
86 -0.0293154581666666
87 -0.0291140581666666
88 -0.0312902581666666
89 -0.0320855581666666
90 -0.0315211581666666
91 -0.0336782581666666
92 -0.0321127581666666
93 -0.0305390581666666
94 -0.0312690581666666
95 -0.0308309581666666
96 -0.0329310581666666
97 -0.0340246581666666
98 -0.0308862581666666
99 -0.0285024581666666
100 -0.0299519581666666
101 -0.0299624581666666
102 -0.0286925581666666
103 -0.0279109581666666
104 -0.0219629581666666
105 -0.0256513581666666
106 -0.0267987581666666
107 -0.0268733581666666
108 -0.0261139581666666
109 -0.0233545581666666
110 -0.0241646581666666
111 -0.0242401581666666
112 -0.0246363581666666
113 -0.0226195581666666
114 -0.0251140581666666
115 -0.0231026581666666
116 -0.0211708581666666
117 -0.0216666581666666
118 -0.0235038581666666
119 -0.0249659581666666
120 -0.0269800581666666
121 -0.0266047581666666
122 -0.0263014581666666
123 -0.0250280581666666
124 -0.0252503581666666
125 -0.0267865581666666
126 -0.0278512581666666
127 -0.0271575581666666
128 -0.0275789581666666
129 -0.0296597581666666
130 -0.0293239581666666
131 -0.0279170581666666
132 -0.0263850581666666
133 -0.0276223581666666
134 -0.0230106581666666
135 -0.0230141581666666
136 -0.0234398581666666
137 -0.0200919581666666
138 -0.0189287581666666
139 -0.0212499581666666
140 -0.0257207581666666
141 -0.0215083581666666
142 -0.0228423581666666
143 -0.0236388581666666
144 -0.0228300581666666
145 -0.0231281581666666
146 -0.0234782581666666
147 -0.0252096581666666
148 -0.0241144581666666
149 -0.0239943581666666
150 -0.0250632581666666
151 -0.0236709581666666
152 -0.0218711581666666
153 -0.0256799581666666
154 -0.0257723581666666
155 -0.0260639581666666
156 -0.0207162581666666
157 -0.0220467581666666
158 -0.0214119581666666
159 -0.0191077581666666
160 -0.0183436581666666
161 -0.0190948581666666
162 -0.0184832581666666
163 -0.0205934581666666
164 -0.0221086581666666
165 -0.0216334581666666
166 -0.0219927581666666
167 -0.0228200581666666
168 -0.0277305581666666
169 -0.0243803581666666
170 -0.0244699581666666
171 -0.0247836581666666
172 -0.0269499581666666
173 -0.0290310581666666
174 -0.0269029581666666
175 -0.0262823581666666
176 -0.0253164581666666
177 -0.0272863581666666
178 -0.0269824581666666
179 -0.0279021581666666
180 -0.0258412581666666
181 -0.0245668581666666
182 -0.0256312581666666
183 -0.0256264581666666
184 -0.0252003581666666
185 -0.0237319581666666
186 -0.0204196581666666
187 -0.0244367581666666
188 -0.0265099581666666
189 -0.0254790581666666
190 -0.0252899581666666
191 -0.0245038581666666
192 -0.0180398581666666
193 -0.0199233581666666
194 -0.0179863581666666
195 -0.0218434581666666
196 -0.0241763581666666
197 -0.0206398581666666
198 -0.0215983581666666
199 -0.0227826581666666
200 -0.0221816581666666
201 -0.0212456581666666
202 -0.0189108581666666
203 -0.0202141581666666
204 -0.0228907581666666
205 -0.0220357581666666
206 -0.0227672581666666
207 -0.0256254581666666
208 -0.0281288581666666
209 -0.0270785581666666
210 -0.0261301581666666
211 -0.0268676581666666
212 -0.0279205581666666
213 -0.0311024581666666
214 -0.0295189581666666
215 -0.0266796581666666
216 -0.0260011581666666
217 -0.0252060581666666
218 -0.0246328581666666
219 -0.0239846581666666
220 -0.0206370581666666
221 -0.0200092581666666
222 -0.0218277581666666
223 -0.0156024581666666
224 -0.0174506581666666
225 -0.0185030581666666
226 -0.0204534581666666
227 -0.0260723581666666
228 -0.0268654581666666
229 -0.0271368581666666
230 -0.0269747581666666
231 -0.0316734581666666
232 -0.0302812581666666
233 -0.0318440581666666
234 -0.0293425581666666
235 -0.0296682581666666
236 -0.0317538581666666
237 -0.0299874581666666
238 -0.0277011581666666
239 -0.0288045581666666
240 -0.0276370581666666
241 -0.0269441581666666
242 -0.0264303581666666
243 -0.0249269581666666
244 -0.0223411581666666
245 -0.0234421581666666
246 -0.0239517581666666
247 -0.0215029581666666
248 -0.0213790581666666
249 -0.0256520581666666
250 -0.0224820581666666
251 -0.0246675581666666
252 -0.0289325581666666
253 -0.0303699581666666
254 -0.0245860581666666
255 -0.0212792581666666
256 -0.0240979581666666
257 -0.0218257581666666
258 -0.0224140581666666
259 -0.0197377581666666
260 -0.0205962581666666
261 -0.0175576581666666
262 -0.0203714581666666
263 -0.0183135581666666
264 -0.0148280581666666
265 -0.0097173581666666
266 -0.0146060581666666
267 -0.0159754581666666
268 -0.0132360581666666
269 -0.0185521581666666
270 -0.0189638581666666
271 -0.0176320581666666
272 -0.0186962581666666
273 -0.0214663581666666
274 -0.0207634581666666
275 -0.0223367581666666
276 -0.0238866581666666
277 -0.0202194581666666
278 -0.0206350581666666
279 -0.0210182581666666
280 -0.0216138581666666
281 -0.0209604581666666
282 -0.0204709581666666
283 -0.0218103581666666
284 -0.0226932581666666
285 -0.0220263581666666
286 -0.0227781581666666
287 -0.0200728581666666
288 -0.0230924581666666
289 -0.0239588581666666
290 -0.0244621581666666
291 -0.0237575581666666
292 -0.0268749581666666
293 -0.0261091581666666
294 -0.0265054581666666
295 -0.0255838581666666
296 -0.0251505581666666
297 -0.0259550581666666
298 -0.0278740581666666
299 -0.0299501581666666
300 -0.0293827581666666
301 -0.0328814581666666
302 -0.0296687581666666
303 -0.0315122581666666
304 -0.0299887581666666
305 -0.0297416581666666
306 -0.0289409581666666
307 -0.0269903581666666
308 -0.0264995581666666
309 -0.0252878581666666
310 -0.0251020581666666
311 -0.0291528581666666
312 -0.0273473581666666
313 -0.0268781581666666
314 -0.0266333581666666
315 -0.0225035581666666
316 -0.0198514581666666
317 -0.0221198581666666
318 -0.0201759581666666
319 -0.0212362581666666
320 -0.0239737581666666
321 -0.0269029581666666
322 -0.0257501581666666
323 -0.0236783581666666
324 -0.0247064581666666
325 -0.0278418581666666
326 -0.0279069581666666
327 -0.0304168581666666
328 -0.0301377581666666
329 -0.0297082581666666
330 -0.0269220581666666
331 -0.0269779581666666
332 -0.0256991581666666
333 -0.0243755581666666
334 -0.0239287581666666
335 -0.0254036581666666
336 -0.0252371581666666
337 -0.0228974581666666
338 -0.0195024581666666
339 -0.0219765581666666
340 -0.0217073581666666
341 -0.0220042581666666
342 -0.0272559581666666
343 -0.0252139581666666
344 -0.0240094581666666
345 -0.0240970581666666
346 -0.0261500581666666
347 -0.0225239581666666
348 -0.0254409581666666
349 -0.0261880581666666
350 -0.0276063581666666
351 -0.0275329581666666
352 -0.0264721581666666
353 -0.0239756581666666
354 -0.0218750581666666
355 -0.0217247581666666
356 -0.0207658581666666
357 -0.0217159581666666
358 -0.0273569581666666
359 -0.0268609581666666
360 -0.0265905581666666
361 -0.0234820581666666
362 -0.0198376581666666
363 -0.0170633581666666
364 -0.0200493581666666
365 -0.0223193581666666
366 -0.0217487581666666
367 -0.0216541581666666
368 -0.0250416581666666
369 -0.0261088581666666
370 -0.0278886581666666
371 -0.0277198581666666
372 -0.0292717581666666
373 -0.0293865581666666
374 -0.0283000581666666
375 -0.0277066581666666
376 -0.0277691581666666
377 -0.0256026581666666
378 -0.0260823581666666
379 -0.0267395581666666
380 -0.0258717581666666
381 -0.0266828581666666
382 -0.0260002581666666
383 -0.0262916581666666
384 -0.0263450581666666
385 -0.0258279581666666
386 -0.0245728581666666
387 -0.0245144581666666
388 -0.0255158581666666
389 -0.0245160581666666
390 -0.0241674581666666
391 -0.0244949581666666
392 -0.0255674581666666
393 -0.0227865581666666
394 -0.0270650581666666
395 -0.0248306581666666
396 -0.0239628581666666
397 -0.0248318581666666
398 -0.0288643581666666
399 -0.0266678581666666
400 -0.0284048581666666
401 -0.0256963581666666
402 -0.0243086581666666
403 -0.0221945581666666
404 -0.0193032581666666
405 -0.0177290581666666
406 -0.0190428581666666
407 -0.0236907581666666
408 -0.0227120581666666
409 -0.0200424581666666
410 -0.0232405581666666
411 -0.0222174581666666
412 -0.0217166581666666
413 -0.0181238581666666
414 -0.0160045581666666
415 -0.0182725581666666
416 -0.0203101581666666
417 -0.0213332581666666
418 -0.0224058581666666
419 -0.0210645581666666
420 -0.0206227581666666
421 -0.0216490581666666
422 -0.0206870581666666
423 -0.0213092581666666
424 -0.0240371581666666
425 -0.0250254581666666
426 -0.0291898581666666
427 -0.0293417581666666
428 -0.0284060581666666
429 -0.0304009581666666
430 -0.0315181581666666
431 -0.0280525581666666
432 -0.0267643581666666
433 -0.0238707581666666
434 -0.0229241581666666
435 -0.0256143581666666
436 -0.0227757581666666
437 -0.0268551581666666
438 -0.0269697581666666
439 -0.0251885581666666
440 -0.0253491581666666
441 -0.0269042581666666
442 -0.0330705581666666
443 -0.0343763581666666
444 -0.0347067581666666
445 -0.0323127581666666
446 -0.0339864581666666
447 -0.0354158581666666
448 -0.0298687581666666
449 -0.0285946581666666
450 -0.0280487581666666
451 -0.0248729581666666
452 -0.0243689581666666
453 -0.0236522581666666
454 -0.0212081581666666
455 -0.0254932581666666
456 -0.0229517581666666
457 -0.0247247581666666
458 -0.0266951581666666
459 -0.0272839581666666
460 -0.0267674581666666
461 -0.0259397581666666
462 -0.0267590581666666
463 -0.0244500581666666
464 -0.0294855581666666
465 -0.0298231581666666
466 -0.0286065581666666
467 -0.0271840581666666
468 -0.0293795581666666
469 -0.0298036581666666
470 -0.0296803581666666
471 -0.0274850581666666
472 -0.0281414581666666
473 -0.0256334581666666
474 -0.0245566581666666
475 -0.0257235581666666
476 -0.0265642581666666
477 -0.0236785581666666
478 -0.0225739581666666
479 -0.0249145581666666
480 -0.0243363581666666
481 -0.0215466581666666
482 -0.0210268581666666
483 -0.0195352581666666
484 -0.0217707581666666
485 -0.0223436581666666
486 -0.0235243581666666
487 -0.0229125581666666
488 -0.0236533581666666
489 -0.0270951581666666
490 -0.0268394581666666
491 -0.0244612581666666
492 -0.0242031581666666
493 -0.0227469581666666
494 -0.0233106581666666
495 -0.0212270581666666
496 -0.0197289581666666
497 -0.0258133581666666
498 -0.0240593581666666
499 -0.0237786581666666
500 -0.0255355581666666
501 -0.0249713581666666
502 -0.0257723581666666
503 -0.0259493581666666
504 -0.0287559581666666
505 -0.0284687581666666
506 -0.0282115581666666
507 -0.0287165581666666
508 -0.0295778581666666
509 -0.0249284581666666
510 -0.0255375581666666
511 -0.0270811581666666
512 -0.0296238581666666
513 -0.0281041581666666
514 -0.0308855581666666
515 -0.0306349581666666
516 -0.0301355581666666
517 -0.0308647581666666
518 -0.0293128581666666
519 -0.0275179581666666
520 -0.0254830581666666
521 -0.0251772581666666
522 -0.0250646581666666
523 -0.0252452581666666
524 -0.0269736581666666
525 -0.0275561581666666
526 -0.0260947581666666
527 -0.0237910581666666
528 -0.0251283581666666
529 -0.0284173581666666
530 -0.0314742581666666
531 -0.0308501581666666
532 -0.0289886581666666
533 -0.0274218581666666
534 -0.0276680581666666
535 -0.0248462581666666
536 -0.0244186581666666
537 -0.0248266581666666
538 -0.0254760581666666
539 -0.0259310581666666
540 -0.0244344581666666
541 -0.0234398581666666
542 -0.0231102581666666
543 -0.0270412581666666
544 -0.0260709581666666
545 -0.0229080581666666
546 -0.0250244581666666
547 -0.0232899581666666
548 -0.0259380581666666
549 -0.0261438581666666
550 -0.0278517581666666
551 -0.0288917581666666
552 -0.0243654581666666
553 -0.0242827581666666
554 -0.0242387581666666
555 -0.0247912581666666
556 -0.0243951581666666
557 -0.0245546581666666
558 -0.0244832581666666
559 -0.0262434581666666
560 -0.0247774581666666
561 -0.0222498581666666
562 -0.0244509581666666
563 -0.0260790581666666
564 -0.0264454581666666
565 -0.0218363581666666
566 -0.0264290581666666
567 -0.0268227581666666
568 -0.0265727581666666
569 -0.0247399581666666
570 -0.0271820581666666
571 -0.0270697581666666
572 -0.0283910581666666
573 -0.0279966581666666
574 -0.0228772581666666
575 -0.0237590581666666
576 -0.0240168581666666
577 -0.0260893581666666
578 -0.0297897581666666
579 -0.0305857581666666
580 -0.0303077581666666
581 -0.0311833581666666
582 -0.0316832581666666
583 -0.0316624581666666
584 -0.0300163581666666
585 -0.0275639581666666
586 -0.0258628581666666
587 -0.0252429581666666
588 -0.0267586581666666
589 -0.0268592581666666
590 -0.0249807581666666
591 -0.0234983581666666
592 -0.0195982581666666
593 -0.0157027581666666
594 -0.0177492581666666
595 -0.0223375581666666
596 -0.0192259581666666
597 -0.0155134581666666
598 -0.0199909581666666
599 -0.0193731581666666
600 -0.0215886581666666
