1 0.5101095668333334
2 0.4049379668333334
3 0.3555997668333334
4 0.2999527668333334
5 0.3132151668333334
6 0.3223278668333335
7 0.3143817668333334
8 0.2908145668333334
9 0.2672428668333334
10 0.3334126668333335
11 0.3232725668333334
12 0.2618288668333334
13 0.2911895668333334
14 0.2245261668333334
15 0.2080592668333334
16 0.2223411668333334
17 0.2317775668333334
18 0.2430285668333334
19 0.2776294668333334
20 0.2973607668333335
21 0.2936010668333334
22 0.2273818668333334
23 0.1836406668333334
24 0.1794592668333334
25 0.1690833668333334
26 0.1509892668333334
27 0.1298395668333334
28 0.1443051668333334
29 0.1296701668333334
30 0.1243310668333334
31 0.1294010668333334
32 0.1195886668333334
33 0.1139433668333334
34 0.0933213668333334
35 0.0800183668333334
36 0.0568930668333334
37 0.0428521668333334
38 0.0532611668333334
39 0.0677251668333334
40 0.0454088668333334
41 0.0152140668333334
42 -0.0083212331666666
43 -0.0153603331666666
44 -0.0242987331666666
45 -0.0351678331666666
46 -0.0357272331666666
47 -0.0300653331666666
48 -0.0309745331666666
49 -0.0423262331666666
50 -0.0498662331666666
51 -0.0587086331666666
52 -0.0614749331666666
53 -0.0598791331666666
54 -0.0547482331666666
55 -0.0550595331666666
56 -0.0582907331666666
57 -0.0585107331666666
58 -0.0617887331666666
59 -0.0568192331666666
60 -0.0407474331666666
61 -0.0335650331666666
62 -0.0451604331666666
63 -0.0475455331666666
64 -0.0405558331666666
65 -0.0301864331666666
66 -0.0282125331666666
67 -0.0183746331666666
68 -0.0001228331666666
69 0.0053592668333334
70 -0.0002040331666666
71 -0.0136953331666666
72 -0.0241475331666666
73 -0.0226447331666666
74 -0.0181074331666666
75 -0.0211912331666666
76 -0.0229816331666666
77 -0.0198992331666666
78 -0.0129901331666666
79 -0.0044160331666666
80 0.0036807668333334
81 -0.0009214331666666
82 -0.0066312331666666
83 0.0007972668333334
84 0.0125067668333334
85 0.0183503668333334
86 0.0066241668333334
87 0.0014033668333334
88 -0.0094359331666666
89 -0.0243499331666666
90 -0.0324538331666666
91 -0.0192226331666666
92 0.0023538668333334
93 -0.0029926331666666
94 -0.0109041331666666
95 -0.0135408331666666
96 -0.0115203331666666
97 -0.0113850331666666
98 -0.0144784331666666
99 -0.0226128331666666
100 -0.0204850331666666
101 -0.0157963331666666
102 -0.0215369331666666
103 -0.0345757331666666
104 -0.0465850331666666
105 -0.0546518331666666
106 -0.0528061331666666
107 -0.0455359331666666
108 -0.0404248331666666
109 -0.0429388331666666
110 -0.0489318331666666
111 -0.0499046331666666
112 -0.0485019331666666
113 -0.0545865331666666
114 -0.0580121331666666
115 -0.0523943331666666
116 -0.0510856331666666
117 -0.0549305331666666
118 -0.0593905331666666
119 -0.0649263331666666
120 -0.0672401331666666
121 -0.0537021331666666
122 -0.0383756331666666
123 -0.0357402331666666
124 -0.0417825331666666
125 -0.0450638331666666
126 -0.0394882331666666
127 -0.0297080331666666
128 -0.0280890331666666
129 -0.0401890331666666
130 -0.0496194331666666
131 -0.0476279331666666
132 -0.0467559331666666
133 -0.0553538331666666
134 -0.0649999331666666
135 -0.0661080331666666
136 -0.0617943331666666
137 -0.0630961331666666
138 -0.0628160331666666
139 -0.0610886331666666
140 -0.0602427331666666
141 -0.0602628331666666
142 -0.0618919331666666
143 -0.0621458331666666
144 -0.0639698331666666
145 -0.0637007331666666
146 -0.0591605331666666
147 -0.0559051331666666
148 -0.0564194331666666
149 -0.0559885331666666
150 -0.0520817331666666
151 -0.0511828331666666
152 -0.0485532331666666
153 -0.0509911331666666
154 -0.0586756331666666
155 -0.0592959331666666
156 -0.0589631331666666
157 -0.0591391331666666
158 -0.0554006331666666
159 -0.0499848331666666
160 -0.0518316331666666
161 -0.0576304331666666
162 -0.0567954331666666
163 -0.0549386331666666
164 -0.0506738331666666
165 -0.0429319331666666
166 -0.0404418331666666
167 -0.0477484331666666
168 -0.0556956331666666
169 -0.0644596331666666
170 -0.0680495331666666
171 -0.0617204331666666
172 -0.0537861331666666
173 -0.0492685331666666
174 -0.0505330331666666
175 -0.0531858331666666
176 -0.0510359331666666
177 -0.0476628331666666
178 -0.0489467331666666
179 -0.0574243331666666
180 -0.0631015331666666
181 -0.0608126331666666
182 -0.0626808331666666
183 -0.0634673331666666
184 -0.0659237331666666
185 -0.0690746331666666
186 -0.0661439331666666
187 -0.0628214331666666
188 -0.0631844331666666
189 -0.0670193331666666
190 -0.0670711331666666
191 -0.0594921331666666
192 -0.0585727331666666
193 -0.0605549331666666
194 -0.0578532331666666
195 -0.0533343331666666
196 -0.0482904331666666
197 -0.0494062331666666
198 -0.0531296331666666
199 -0.0522333331666666
200 -0.0495214331666666
201 -0.0485207331666666
202 -0.0513014331666666
203 -0.0558127331666666
204 -0.0629784331666666
205 -0.0708146331666666
206 -0.0720398331666666
207 -0.0700923331666666
208 -0.0712013331666666
209 -0.0731269331666666
210 -0.0651850331666666
211 -0.0537021331666666
212 -0.0513637331666666
213 -0.0567413331666666
214 -0.0680637331666666
215 -0.0726920331666666
216 -0.0709348331666666
217 -0.0665189331666666
218 -0.0647027331666666
219 -0.0693476331666666
220 -0.0708004331666666
221 -0.0633126331666666
222 -0.0592219331666666
223 -0.0639574331666666
224 -0.0719784331666666
225 -0.0716456331666666
226 -0.0632369331666666
227 -0.0595882331666666
228 -0.0620844331666666
229 -0.0672125331666666
230 -0.0637326331666666
231 -0.0554219331666666
232 -0.0512248331666666
233 -0.0536758331666666
234 -0.0637767331666666
235 -0.0709902331666666
236 -0.0685768331666666
237 -0.0569368331666666
238 -0.0378556331666666
239 -0.0244299331666666
240 -0.0217092331666666
241 -0.0196357331666666
242 -0.0157734331666666
243 -0.0186790331666666
244 -0.0270251331666666
245 -0.0269583331666666
246 -0.0240393331666666
247 -0.0273631331666666
248 -0.0344139331666666
249 -0.0398878331666666
250 -0.0326268331666666
251 -0.0190281331666666
252 -0.0142226331666666
253 -0.0156241331666666
254 -0.0116771331666666
255 -0.0049599331666666
256 0.0017661668333334
257 0.0059636668333334
258 0.0133644668333334
259 0.0189518668333334
260 0.0191804668333334
261 0.0286948668333334
262 0.0266241668333334
263 0.0229023668333334
264 0.0241999668333334
265 0.0293317668333334
266 0.0288038668333334
267 0.0256228668333334
268 0.0124592668333334
269 0.0001462668333334
270 0.0074027668333334
271 0.0158477668333334
272 0.0126637668333334
273 0.0070877668333334
274 0.0094438668333334
275 0.0150196668333334
276 0.0097190668333334
277 -0.0024836331666666
278 0.0041574668333334
279 0.0026691668333334
280 0.0050412668333334
281 0.0158893668333334
282 0.0122036668333334
283 0.0020985668333334
284 -0.0046646331666666
285 -0.0108308331666666
286 -0.0159083331666666
287 0.0050155668333334
288 0.0157853668333334
289 0.0139193668333334
290 0.0131066668333334
291 0.0125805668333334
292 0.0240652668333334
293 0.0250914668333334
294 0.0226806668333334
295 0.0141452668333334
296 0.0082726668333334
297 0.0008607668333334
298 -0.0065226331666666
299 -0.0034911331666666
300 -0.0067221331666666
301 -0.0131780331666666
302 -0.0185058331666666
303 -0.0089564331666666
304 -0.0015160331666666
305 -0.0047400331666666
306 -0.0038872331666666
307 -0.0066324331666666
308 -0.0018736331666666
309 0.0009293668333334
310 -0.0141572331666666
311 -0.0314834331666666
312 -0.0349588331666666
313 -0.0317827331666666
314 -0.0232204331666666
315 -0.0187825331666666
316 -0.0207984331666666
317 -0.0304233331666666
318 -0.0389517331666666
319 -0.0363331331666666
320 -0.0288142331666666
321 -0.0260445331666666
322 -0.0214199331666666
323 -0.0104891331666666
324 -0.0152399331666666
325 -0.0277392331666666
326 -0.0220013331666666
327 -0.0284243331666666
328 -0.0528718331666666
329 -0.0581168331666666
330 -0.0527359331666666
331 -0.0366314331666666
332 -0.0284304331666666
333 -0.0239964331666666
334 -0.0187275331666666
335 -0.0143564331666666
336 -0.0206697331666666
337 -0.0326761331666666
338 -0.0377253331666666
339 -0.0376973331666666
340 -0.0425428331666666
341 -0.0461979331666666
342 -0.0366006331666666
343 -0.0310694331666666
344 -0.0405115331666666
345 -0.0488076331666666
346 -0.0494797331666666
347 -0.0384871331666666
348 -0.0371260331666666
349 -0.0272741331666666
350 -0.0239426331666666
351 -0.0387637331666666
352 -0.0516272331666666
353 -0.0496106331666666
354 -0.0327902331666666
355 -0.0194492331666666
356 -0.0149248331666666
357 -0.0112985331666666
358 -0.0004288331666666
359 0.0057759668333334
360 -0.0016638331666666
361 -0.0018956331666666
362 0.0051995668333334
363 -0.0008345331666666
364 -0.0097585331666666
365 -0.0145087331666666
366 -0.0168842331666666
367 -0.0123325331666666
368 -0.0050121331666666
369 -0.0016375331666666
370 -0.0042076331666666
371 -0.0046513331666666
372 -0.0135892331666666
373 -0.0250270331666666
374 -0.0270848331666666
375 -0.0337857331666666
376 -0.0339499331666666
377 -0.0388774331666666
378 -0.0468591331666666
379 -0.0432594331666666
380 -0.0395707331666666
381 -0.0453451331666666
382 -0.0456790331666666
383 -0.0280946331666666
384 -0.0215724331666666
385 -0.0217838331666666
386 -0.0203318331666666
387 -0.0044631331666666
388 0.0023700668333334
389 -0.0008021331666666
390 -0.0091377331666666
391 -0.0189061331666666
392 -0.0260520331666666
393 -0.0353157331666666
394 -0.0514679331666666
395 -0.0562506331666666
396 -0.0448223331666666
397 -0.0205647331666666
398 0.0045495668333334
399 0.0079697668333334
400 -0.0046121331666666
401 0.0010638668333334
402 0.0117315668333334
403 0.0167184668333334
404 0.0186056668333334
405 0.0146413668333334
406 0.0048201668333334
407 0.0077840668333334
408 0.0042632668333334
409 0.0011704668333334
410 0.0100983668333334
411 0.0103987668333334
412 -0.0157845331666666
413 -0.0252576331666666
414 -0.0080524331666666
415 0.0089532668333334
416 0.0117966668333334
417 0.0065696668333334
418 0.0051649668333334
419 0.0024742668333334
420 -0.0008276331666666
421 -0.0018643331666666
422 -0.0070298331666666
423 -0.0137468331666666
424 -0.0192220331666666
425 -0.0228444331666666
426 -0.0318728331666666
427 -0.0374635331666666
428 -0.0406016331666666
429 -0.0347544331666666
430 -0.0188025331666666
431 -0.0145973331666666
432 -0.0137963331666666
433 -0.0123073331666666
434 -0.0137327331666666
435 -0.0169822331666666
436 -0.0128212331666666
437 -0.0057206331666666
438 0.0027649668333334
439 0.0072037668333334
440 0.0014155668333334
441 -0.0024170331666666
442 -0.0061600331666666
443 -0.0146136331666666
444 -0.0239520331666666
445 -0.0284335331666666
446 -0.0303436331666666
447 -0.0348815331666666
448 -0.0403417331666666
449 -0.0474818331666666
450 -0.0537867331666666
451 -0.0561065331666666
452 -0.0576175331666666
453 -0.0589030331666666
454 -0.0643897331666666
455 -0.0690699331666666
456 -0.0673216331666666
457 -0.0614856331666666
458 -0.0626539331666666
459 -0.0664360331666666
460 -0.0659722331666666
461 -0.0641967331666666
462 -0.0659967331666666
463 -0.0729602331666666
464 -0.0771011331666666
465 -0.0753419331666666
466 -0.0662072331666666
467 -0.0559806331666666
468 -0.0547181331666666
469 -0.0543759331666666
470 -0.0450293331666666
471 -0.0364497331666666
472 -0.0367477331666666
473 -0.0412869331666666
474 -0.0396841331666666
475 -0.0379436331666666
476 -0.0431828331666666
477 -0.0471286331666666
478 -0.0449113331666666
479 -0.0426081331666666
480 -0.0464827331666666
481 -0.0471920331666666
482 -0.0395767331666666
483 -0.0330201331666666
484 -0.0335646331666666
485 -0.0417083331666666
486 -0.0441833331666666
487 -0.0442331331666666
488 -0.0489778331666666
489 -0.0502124331666666
490 -0.0496049331666666
491 -0.0510255331666666
492 -0.0563875331666666
493 -0.0641072331666666
494 -0.0757073331666666
495 -0.0746319331666666
496 -0.0649246331666666
497 -0.0590348331666666
498 -0.0536795331666666
499 -0.0555317331666666
500 -0.0643194331666666
501 -0.0728445331666666
502 -0.0724219331666666
503 -0.0700629331666666
504 -0.0743758331666666
505 -0.0808583331666666
506 -0.0855466331666666
507 -0.0877434331666666
508 -0.0854671331666666
509 -0.0850054331666666
510 -0.0845276331666666
511 -0.0802063331666666
512 -0.0775208331666666
513 -0.0766905331666666
514 -0.0761989331666666
515 -0.0778725331666666
516 -0.0805124331666666
517 -0.0797934331666666
518 -0.0804690331666666
519 -0.0864302331666666
520 -0.0903596331666666
521 -0.0886981331666666
522 -0.0854519331666666
523 -0.0878941331666666
524 -0.0912395331666666
525 -0.0919591331666666
526 -0.0928771331666666
527 -0.0904369331666666
528 -0.0814010331666666
529 -0.0727090331666666
530 -0.0704430331666666
531 -0.0673242331666666
532 -0.0610503331666666
533 -0.0551361331666666
534 -0.0544758331666666
535 -0.0656341331666666
536 -0.0741183331666666
537 -0.0695596331666666
538 -0.0646381331666666
539 -0.0652042331666666
540 -0.0676014331666666
541 -0.0660078331666666
542 -0.0550728331666666
543 -0.0458604331666666
544 -0.0422038331666666
545 -0.0466618331666666
546 -0.0513986331666666
547 -0.0549776331666666
548 -0.0594983331666666
549 -0.0591600331666666
550 -0.0496941331666666
551 -0.0390442331666666
552 -0.0376357331666666
553 -0.0448642331666666
554 -0.0526916331666666
555 -0.0596527331666666
556 -0.0565585331666666
557 -0.0463925331666666
558 -0.0454333331666666
559 -0.0359799331666666
560 -0.0261943331666666
561 -0.0261110331666666
562 -0.0284223331666666
563 -0.0247028331666666
564 -0.0118612331666666
565 -0.0127705331666666
566 -0.0225184331666666
567 -0.0275565331666666
568 -0.0310755331666666
569 -0.0275014331666666
570 -0.0184742331666666
571 -0.0053135331666666
572 -0.0076079331666666
573 -0.0143450331666666
574 -0.0197630331666666
575 -0.0247332331666666
576 -0.0246061331666666
577 -0.0205171331666666
578 -0.0147740331666666
579 -0.0080710331666666
580 -0.0086578331666666
581 -0.0141461331666666
582 -0.0080221331666666
583 -0.0035585331666666
584 -0.0182437331666666
585 -0.0356463331666666
586 -0.0403215331666666
587 -0.0470734331666666
588 -0.0524152331666666
589 -0.0481267331666666
590 -0.0486371331666666
591 -0.0571202331666666
592 -0.0627470331666666
593 -0.0650273331666666
594 -0.0666659331666666
595 -0.0646619331666666
596 -0.0578221331666666
597 -0.0554144331666666
598 -0.0608398331666666
599 -0.0621915331666666
600 -0.0554103331666666
