       1.0000000        2.2232573
       2.0000000        2.2105865
       3.0000000        2.2006290
       4.0000000        2.1969516
       5.0000000        2.1968780
       6.0000000        2.2022750
       7.0000000        2.2105231
       8.0000000        2.2206056
       9.0000000        2.2306871
      10.0000000        2.2388060
      11.0000000        2.2469382
      12.0000000        2.2528093
      13.0000000        2.2545991
      14.0000000        2.2547879
      15.0000000        2.2573161
      16.0000000        2.2579308
      17.0000000        2.2585840
      18.0000000        2.2655742
      19.0000000        2.2755585
      20.0000000        2.2871821
      21.0000000        2.2990689
      22.0000000        2.3088062
      23.0000000        2.3166773
      24.0000000        2.3232079
      25.0000000        2.3304992
      26.0000000        2.3330936
      27.0000000        2.3287709
      28.0000000        2.3261056
      29.0000000        2.3217444
      30.0000000        2.3159091
      31.0000000        2.3121173
      32.0000000        2.3149135
      33.0000000        2.3239634
      34.0000000        2.3387947
      35.0000000        2.3567300
      36.0000000        2.3764915
      37.0000000        2.3964105
      38.0000000        2.4185135
      39.0000000        2.4424238
      40.0000000        2.4684448
      41.0000000        2.4953012
      42.0000000        2.5241647
      43.0000000        2.5468996
      44.0000000        2.5576186
      45.0000000        2.5676496
      46.0000000        2.5819931
      47.0000000        2.5985482
      48.0000000        2.6146779
      49.0000000        2.6319332
      50.0000000        2.6532857
      51.0000000        2.6806071
      52.0000000        2.7144725
      53.0000000        2.7621176
      54.0000000        2.8170166
      55.0000000        2.8817637
      56.0000000        2.9505799
      57.0000000        3.0203552
      58.0000000        3.1014588
      59.0000000        3.1979024
      60.0000000        3.3022776
      61.0000000        3.4285259
      62.0000000        3.5797243
      63.0000000        3.7461562
      64.0000000        3.9290884
      65.0000000        4.1331725
      66.0000000        4.3423214
      67.0000000        4.5358248
      68.0000000        4.6992874
      69.0000000        4.8354640
      70.0000000        4.9349914
      71.0000000        4.9874978
      72.0000000        5.0003533
      73.0000000        5.0242457
      74.0000000        5.0598493
      75.0000000        5.0969501
      76.0000000        5.1105838
      77.0000000        5.1212382
      78.0000000        5.1348934
      79.0000000        5.1559687
      80.0000000        5.1645937
      81.0000000        5.1657100
      82.0000000        5.1460652
      83.0000000        5.1053748
      84.0000000        5.0536370
      85.0000000        5.0070000
      86.0000000        4.9643579
      87.0000000        4.9225564
      88.0000000        4.8809671
      89.0000000        4.8561897
      90.0000000        4.8328428
      91.0000000        4.8002310
      92.0000000        4.7836046
      93.0000000        4.7631588
      94.0000000        4.7196341
      95.0000000        4.6747923
      96.0000000        4.6287637
      97.0000000        4.5984716
      98.0000000        4.5857348
      99.0000000        4.5866203
     100.0000000        4.5906129
     101.0000000        4.6028032
     102.0000000        4.6214280
     103.0000000        4.6418166
     104.0000000        4.6711397
     105.0000000        4.6958346
     106.0000000        4.7231631
     107.0000000        4.7598472
     108.0000000        4.8022656
     109.0000000        4.8449383
     110.0000000        4.8899703
     111.0000000        4.9080391
     112.0000000        4.8962893
     113.0000000        4.8876982
     114.0000000        4.8921719
     115.0000000        4.9107366
     116.0000000        4.9208903
     117.0000000        4.9245591
     118.0000000        4.9168062
     119.0000000        4.8889842
     120.0000000        4.8453088
     121.0000000        4.7774096
     122.0000000        4.6927748
     123.0000000        4.6080785
     124.0000000        4.5269794
     125.0000000        4.4506969
     126.0000000        4.3729959
     127.0000000        4.3204613
     128.0000000        4.2945018
     129.0000000        4.3096418
     130.0000000        4.3454537
     131.0000000        4.3855176
     132.0000000        4.4173112
     133.0000000        4.4530549
     134.0000000        4.5041695
     135.0000000        4.5510955
     136.0000000        4.5800614
     137.0000000        4.5885587
     138.0000000        4.5786681
     139.0000000        4.5384092
     140.0000000        4.5061879
     141.0000000        4.4876719
     142.0000000        4.4998212
     143.0000000        4.5193458
     144.0000000        4.5348740
     145.0000000        4.5530901
     146.0000000        4.5843925
     147.0000000        4.5964389
     148.0000000        4.5959654
     149.0000000        4.6100788
     150.0000000        4.6072297
     151.0000000        4.5807118
     152.0000000        4.5184889
     153.0000000        4.4348884
     154.0000000        4.3706861
     155.0000000        4.3335571
     156.0000000        4.3082252
     157.0000000        4.2779627
     158.0000000        4.2514391
     159.0000000        4.2354498
     160.0000000        4.2190866
     161.0000000        4.2176924
     162.0000000        4.2391748
     163.0000000        4.2546315
     164.0000000        4.2524486
     165.0000000        4.2626948
     166.0000000        4.2749715
     167.0000000        4.2876000
     168.0000000        4.2886467
     169.0000000        4.2579494
     170.0000000        4.2304063
     171.0000000        4.1869988
     172.0000000        4.1368618
     173.0000000        4.1049323
     174.0000000        4.0917540
     175.0000000        4.0945506
     176.0000000        4.0914140
     177.0000000        4.0861783
     178.0000000        4.0670681
     179.0000000        4.0439010
     180.0000000        4.0265999
     181.0000000        4.0138226
     182.0000000        3.9977348
     183.0000000        3.9629986
     184.0000000        3.9312482
     185.0000000        3.9087117
     186.0000000        3.9113376
     187.0000000        3.9281552
     188.0000000        3.9442101
     189.0000000        3.9713216
     190.0000000        3.9942679
     191.0000000        4.0049925
     192.0000000        4.0117049
     193.0000000        4.0201387
     194.0000000        4.0400286
     195.0000000        4.0613585
     196.0000000        4.0677743
     197.0000000        4.0436473
     198.0000000        4.0028501
     199.0000000        3.9630067
     200.0000000        3.9000773
     201.0000000        3.8423023
     202.0000000        3.7932374
     203.0000000        3.7594509
     204.0000000        3.7470222
     205.0000000        3.7351317
     206.0000000        3.7242093
     207.0000000        3.6958573
     208.0000000        3.6622787
     209.0000000        3.6341913
     210.0000000        3.6153183
     211.0000000        3.6072981
     212.0000000        3.6003110
     213.0000000        3.5995216
     214.0000000        3.6115842
     215.0000000        3.6417611
     216.0000000        3.6958790
     217.0000000        3.7715209
     218.0000000        3.8541508
     219.0000000        3.9385550
     220.0000000        4.0302286
     221.0000000        4.1116257
     222.0000000        4.1754489
     223.0000000        4.2195511
     224.0000000        4.2537575
     225.0000000        4.2874336
     226.0000000        4.3094120
     227.0000000        4.3323641
     228.0000000        4.3558927
     229.0000000        4.3457332
     230.0000000        4.3238864
     231.0000000        4.2921038
     232.0000000        4.2415366
     233.0000000        4.1979413
     234.0000000        4.1671624
     235.0000000        4.1466255
     236.0000000        4.1353631
     237.0000000        4.1325841
     238.0000000        4.1179008
     239.0000000        4.0813766
     240.0000000        4.0557733
     241.0000000        4.0380030
     242.0000000        4.0182781
     243.0000000        4.0050759
     244.0000000        4.0018764
     245.0000000        4.0027485
     246.0000000        3.9929552
     247.0000000        3.9923730
     248.0000000        4.0137200
     249.0000000        4.0579538
     250.0000000        4.1067996
     251.0000000        4.1393285
     252.0000000        4.1680288
     253.0000000        4.1656237
     254.0000000        4.1469474
     255.0000000        4.1285129
     256.0000000        4.1458144
     257.0000000        4.1762991
     258.0000000        4.2063785
     259.0000000        4.2242107
     260.0000000        4.2346368
     261.0000000        4.2368593
     262.0000000        4.2373114
     263.0000000        4.2343631
     264.0000000        4.2344847
     265.0000000        4.2396469
     266.0000000        4.2456307
     267.0000000        4.2711878
     268.0000000        4.3139195
     269.0000000        4.3604231
     270.0000000        4.4072561
     271.0000000        4.4758868
     272.0000000        4.5455923
     273.0000000        4.6000004
     274.0000000        4.6378169
     275.0000000        4.6577554
     276.0000000        4.6488748
     277.0000000        4.6217885
     278.0000000        4.5797710
     279.0000000        4.5348516
     280.0000000        4.5051594
     281.0000000        4.4872026
     282.0000000        4.4841852
     283.0000000        4.4705234
     284.0000000        4.4408627
     285.0000000        4.4250245
     286.0000000        4.4256825
     287.0000000        4.4311662
     288.0000000        4.4398985
     289.0000000        4.4539895
     290.0000000        4.4759622
     291.0000000        4.5112844
     292.0000000        4.5646763
     293.0000000        4.6050687
     294.0000000        4.6263146
     295.0000000        4.6266637
     296.0000000        4.6080790
     297.0000000        4.5817451
     298.0000000        4.5401530
     299.0000000        4.4806075
     300.0000000        4.4408798
     301.0000000        4.4105701
     302.0000000        4.3944287
     303.0000000        4.3726368
     304.0000000        4.3535442
     305.0000000        4.3375692
     306.0000000        4.3467789
     307.0000000        4.3609309
     308.0000000        4.3836937
     309.0000000        4.4027185
     310.0000000        4.4110370
     311.0000000        4.4187212
     312.0000000        4.4252009
     313.0000000        4.4450550
     314.0000000        4.4740243
     315.0000000        4.4997711
     316.0000000        4.5132899
     317.0000000        4.5260897
     318.0000000        4.5285182
     319.0000000        4.5315652
     320.0000000        4.5428033
     321.0000000        4.5465174
     322.0000000        4.5637169
     323.0000000        4.6138668
     324.0000000        4.6661706
     325.0000000        4.7028875
     326.0000000        4.7455606
     327.0000000        4.7866683
     328.0000000        4.8303785
     329.0000000        4.8733859
     330.0000000        4.9284472
     331.0000000        4.9820929
     332.0000000        5.0198827
     333.0000000        5.0558619
     334.0000000        5.0726933
     335.0000000        5.0599227
     336.0000000        5.0657625
     337.0000000        5.0699625
     338.0000000        5.0514116
     339.0000000        5.0197592
     340.0000000        5.0056992
     341.0000000        5.0013108
     342.0000000        5.0086594
     343.0000000        5.0211430
     344.0000000        5.0220518
     345.0000000        5.0148935
     346.0000000        5.0189114
     347.0000000        5.0240154
     348.0000000        5.0139494
     349.0000000        5.0084453
     350.0000000        4.9995399
     351.0000000        4.9944916
     352.0000000        5.0020180
     353.0000000        5.0128698
     354.0000000        5.0235834
     355.0000000        5.0354705
     356.0000000        5.0567651
     357.0000000        5.0941677
     358.0000000        5.1443429
     359.0000000        5.1817851
     360.0000000        5.1875706
     361.0000000        5.1790123
     362.0000000        5.1637144
     363.0000000        5.1233840
     364.0000000        5.0763612
     365.0000000        5.0110259
     366.0000000        4.9319582
     367.0000000        4.8715029
     368.0000000        4.8152223
     369.0000000        4.7865763
     370.0000000        4.7830997
     371.0000000        4.7849584
     372.0000000        4.7870526
     373.0000000        4.7737617
     374.0000000        4.7558179
     375.0000000        4.7376728
     376.0000000        4.6991849
     377.0000000        4.6383467
     378.0000000        4.5688486
     379.0000000        4.5272841
     380.0000000        4.4958658
     381.0000000        4.4904432
     382.0000000        4.4953160
     383.0000000        4.5168386
     384.0000000        4.5457592
     385.0000000        4.5697370
     386.0000000        4.5725965
     387.0000000        4.5584240
     388.0000000        4.5350494
     389.0000000        4.5210338
     390.0000000        4.5134549
     391.0000000        4.5049434
     392.0000000        4.5147176
     393.0000000        4.5396423
     394.0000000        4.5756855
     395.0000000        4.5908275
     396.0000000        4.5738358
     397.0000000        4.5466294
     398.0000000        4.5476599
     399.0000000        4.5756502
     400.0000000        4.5947556
     401.0000000        4.6018782
     402.0000000        4.6058488
     403.0000000        4.6131177
     404.0000000        4.6082082
     405.0000000        4.6099148
     406.0000000        4.6486888
     407.0000000        4.6904778
     408.0000000        4.7359505
     409.0000000        4.7927217
     410.0000000        4.8422475
     411.0000000        4.8891625
     412.0000000        4.9170799
     413.0000000        4.9266348
     414.0000000        4.9413133
     415.0000000        4.9566774
     416.0000000        4.9543858
     417.0000000        4.9457812
     418.0000000        4.9429488
     419.0000000        4.9445071
     420.0000000        4.9342318
     421.0000000        4.9163847
     422.0000000        4.8930187
     423.0000000        4.8566394
     424.0000000        4.8278670
     425.0000000        4.8030868
     426.0000000        4.7661185
     427.0000000        4.7268028
     428.0000000        4.7078152
     429.0000000        4.6965404
     430.0000000        4.6914692
     431.0000000        4.6980681
     432.0000000        4.7134604
     433.0000000        4.7546225
     434.0000000        4.7935166
     435.0000000        4.8225474
     436.0000000        4.8337708
     437.0000000        4.8370242
     438.0000000        4.8294015
     439.0000000        4.8091660
     440.0000000        4.7695050
     441.0000000        4.7187490
     442.0000000        4.6831346
     443.0000000        4.6732330
     444.0000000        4.6619968
     445.0000000        4.6472168
     446.0000000        4.6328278
     447.0000000        4.6392136
     448.0000000        4.6415100
     449.0000000        4.6436720
     450.0000000        4.6394992
     451.0000000        4.6404204
     452.0000000        4.6471982
     453.0000000        4.6370053
     454.0000000        4.6251111
     455.0000000        4.6150842
     456.0000000        4.6283751
     457.0000000        4.6593280
     458.0000000        4.7047501
     459.0000000        4.7448149
     460.0000000        4.7895622
     461.0000000        4.8131270
     462.0000000        4.8072138
     463.0000000        4.8159308
     464.0000000        4.8229122
     465.0000000        4.7990379
     466.0000000        4.7886839
     467.0000000        4.7734227
     468.0000000        4.7360110
     469.0000000        4.7151890
     470.0000000        4.7137904
     471.0000000        4.7099361
     472.0000000        4.6949687
     473.0000000        4.6877861
     474.0000000        4.7030072
     475.0000000        4.7217717
     476.0000000        4.7312407
     477.0000000        4.7322273
     478.0000000        4.7179098
     479.0000000        4.7056084
     480.0000000        4.6974549
     481.0000000        4.6934590
     482.0000000        4.6878977
     483.0000000        4.6718259
     484.0000000        4.6476727
     485.0000000        4.6164966
     486.0000000        4.6038771
     487.0000000        4.6005607
     488.0000000        4.6066389
     489.0000000        4.6128640
     490.0000000        4.6211023
     491.0000000        4.6308746
     492.0000000        4.6527443
     493.0000000        4.6995816
     494.0000000        4.7615929
     495.0000000        4.8037200
     496.0000000        4.8144474
     497.0000000        4.8106852
     498.0000000        4.8123369
     499.0000000        4.8166695
     500.0000000        4.8093677
     501.0000000        4.7938328
     502.0000000        4.7769232
     503.0000000        4.7604856
     504.0000000        4.7490883
     505.0000000        4.7407713
     506.0000000        4.7527027
     507.0000000        4.7666025
     508.0000000        4.7739987
     509.0000000        4.7742085
     510.0000000        4.7754245
     511.0000000        4.7944074
     512.0000000        4.8134608
     513.0000000        4.8293247
     514.0000000        4.8386459
     515.0000000        4.8444529
     516.0000000        4.8521862
     517.0000000        4.8583002
     518.0000000        4.8676319
     519.0000000        4.8667135
     520.0000000        4.8580418
     521.0000000        4.8441839
     522.0000000        4.8031645
     523.0000000        4.7638502
     524.0000000        4.7317204
     525.0000000        4.7098408
     526.0000000        4.6854105
     527.0000000        4.6847010
     528.0000000        4.6976867
     529.0000000        4.6883683
     530.0000000        4.6818733
     531.0000000        4.6946754
     532.0000000        4.6890817
     533.0000000        4.6777668
     534.0000000        4.6733308
     535.0000000        4.6617284
     536.0000000        4.6075935
     537.0000000        4.5453582
     538.0000000        4.4914446
     539.0000000        4.4373589
     540.0000000        4.3925509
     541.0000000        4.3469830
     542.0000000        4.3083282
     543.0000000        4.2894630
     544.0000000        4.2795291
     545.0000000        4.2880678
     546.0000000        4.3302102
     547.0000000        4.3920546
     548.0000000        4.4512997
     549.0000000        4.5061765
     550.0000000        4.5420580
     551.0000000        4.5762682
     552.0000000        4.5959883
     553.0000000        4.6116729
     554.0000000        4.6187820
     555.0000000        4.6175370
     556.0000000        4.6118774
     557.0000000        4.6124058
     558.0000000        4.5927367
     559.0000000        4.5725694
     560.0000000        4.5439887
     561.0000000        4.5262222
     562.0000000        4.5378666
     563.0000000        4.5491514
     564.0000000        4.5616574
     565.0000000        4.5585070
     566.0000000        4.5489826
     567.0000000        4.5545735
     568.0000000        4.5801344
     569.0000000        4.6098266
     570.0000000        4.6169624
     571.0000000        4.6092854
     572.0000000        4.6048303
     573.0000000        4.6003838
     574.0000000        4.5842028
     575.0000000        4.5469546
     576.0000000        4.5077276
     577.0000000        4.5004106
     578.0000000        4.5011587
     579.0000000        4.5005679
     580.0000000        4.4952993
     581.0000000        4.4704685
     582.0000000        4.4294062
     583.0000000        4.3740406
     584.0000000        4.3071723
     585.0000000        4.2334661
     586.0000000        4.1623077
     587.0000000        4.1066809
     588.0000000        4.0712738
     589.0000000        4.0543184
     590.0000000        4.0542569
     591.0000000        4.0657372
     592.0000000        4.0767727
     593.0000000        4.0770469
     594.0000000        4.0770698
     595.0000000        4.0771208
     596.0000000        4.0891380
     597.0000000        4.0966363
     598.0000000        4.1024446
     599.0000000        4.1006913
     600.0000000        4.0901895
