       1.0000000        5.1780761
       2.0000000        5.0340963
       3.0000000        4.9456275
       4.0000000        4.8808027
       5.0000000        4.8144777
       6.0000000        4.7670962
       7.0000000        4.7228150
       8.0000000        4.7096194
       9.0000000        4.7294358
      10.0000000        4.7859336
      11.0000000        4.8437969
      12.0000000        4.8998399
      13.0000000        4.9682293
      14.0000000        4.9943500
      15.0000000        5.0223191
      16.0000000        5.0663110
      17.0000000        5.0910216
      18.0000000        5.0999045
      19.0000000        5.0996682
      20.0000000        5.0881181
      21.0000000        5.0816670
      22.0000000        5.0572221
      23.0000000        5.0403220
      24.0000000        4.9954214
      25.0000000        4.9472013
      26.0000000        4.9262220
      27.0000000        4.9286280
      28.0000000        4.9065907
      29.0000000        4.8627208
      30.0000000        4.8242969
      31.0000000        4.7727904
      32.0000000        4.7485697
      33.0000000        4.7845179
      34.0000000        4.8547095
      35.0000000        4.9005316
      36.0000000        4.9042189
      37.0000000        4.9431398
      38.0000000        4.9701035
      39.0000000        4.9675081
      40.0000000        4.9271434
      41.0000000        4.8792388
      42.0000000        4.8853747
      43.0000000        4.9266694
      44.0000000        4.9383373
      45.0000000        4.9484021
      46.0000000        4.9785709
      47.0000000        5.0180404
      48.0000000        5.0174130
      49.0000000        5.0321196
      50.0000000        5.0305897
      51.0000000        5.0149052
      52.0000000        4.9893072
      53.0000000        4.9921613
      54.0000000        5.0052150
      55.0000000        5.0528275
      56.0000000        5.0745731
      57.0000000        5.0921680
      58.0000000        5.0448173
      59.0000000        4.9883431
      60.0000000        4.9408260
      61.0000000        4.9074235
      62.0000000        4.8685923
      63.0000000        4.8027779
      64.0000000        4.8038557
      65.0000000        4.8435915
      66.0000000        4.8920441
      67.0000000        4.9048146
      68.0000000        4.8894824
      69.0000000        4.8509207
      70.0000000        4.8296749
      71.0000000        4.8477188
      72.0000000        4.8859143
      73.0000000        4.9073727
      74.0000000        4.9109447
      75.0000000        4.9079576
      76.0000000        4.8889485
      77.0000000        4.8638972
      78.0000000        4.8410661
      79.0000000        4.7983861
      80.0000000        4.7768294
      81.0000000        4.7349652
      82.0000000        4.7150314
      83.0000000        4.7228507
      84.0000000        4.7240495
      85.0000000        4.7590221
      86.0000000        4.8459527
      87.0000000        4.8668684
      88.0000000        4.8750564
      89.0000000        4.8935899
      90.0000000        4.8952200
      91.0000000        4.9204072
      92.0000000        4.9291741
      93.0000000        4.9042818
      94.0000000        4.8839951
      95.0000000        4.8659303
      96.0000000        4.8563118
      97.0000000        4.8211012
      98.0000000        4.7654127
      99.0000000        4.6864316
     100.0000000        4.6549382
     101.0000000        4.6773488
     102.0000000        4.7243560
     103.0000000        4.7701500
     104.0000000        4.7764785
     105.0000000        4.7866141
     106.0000000        4.7768012
     107.0000000        4.7943133
     108.0000000        4.7833534
     109.0000000        4.7693263
     110.0000000        4.7495916
     111.0000000        4.7708007
     112.0000000        4.7867442
     113.0000000        4.8220745
     114.0000000        4.8874601
     115.0000000        4.9377785
     116.0000000        5.0222759
     117.0000000        5.0899978
     118.0000000        5.0751159
     119.0000000        5.0794333
     120.0000000        5.0845819
     121.0000000        5.0970888
     122.0000000        5.1162174
     123.0000000        5.1330613
     124.0000000        5.1001937
     125.0000000        5.0980315
     126.0000000        5.0944561
     127.0000000        5.0912242
     128.0000000        5.0943250
     129.0000000        5.0501711
     130.0000000        5.0036330
     131.0000000        4.9767919
     132.0000000        4.9291775
     133.0000000        4.8992379
     134.0000000        4.8607539
     135.0000000        4.8198081
     136.0000000        4.8210405
     137.0000000        4.8457565
     138.0000000        4.8789507
     139.0000000        4.9082673
     140.0000000        4.9170377
     141.0000000        4.9210689
     142.0000000        4.9260604
     143.0000000        4.9261510
     144.0000000        4.9395090
     145.0000000        4.9795183
     146.0000000        4.9944885
     147.0000000        4.9442736
     148.0000000        4.9087151
     149.0000000        4.8909512
     150.0000000        4.8218687
     151.0000000        4.8111759
     152.0000000        4.8085012
     153.0000000        4.8466184
     154.0000000        4.8471025
     155.0000000        4.8451764
     156.0000000        4.8360915
     157.0000000        4.8651240
     158.0000000        4.9387654
     159.0000000        5.0069768
     160.0000000        5.0376736
     161.0000000        5.0380172
     162.0000000        5.0121152
     163.0000000        4.9732451
     164.0000000        4.9357608
     165.0000000        4.9028924
     166.0000000        4.8821226
     167.0000000        4.8128829
     168.0000000        4.7523655
     169.0000000        4.7392638
     170.0000000        4.7850320
     171.0000000        4.8250763
     172.0000000        4.8322914
     173.0000000        4.8894113
     174.0000000        4.9607574
     175.0000000        4.9813867
     176.0000000        5.0102247
     177.0000000        5.0092012
     178.0000000        4.9948329
     179.0000000        5.0123908
     180.0000000        5.0069424
     181.0000000        5.0019984
     182.0000000        5.0164933
     183.0000000        5.0086153
     184.0000000        5.0336136
     185.0000000        5.0983604
     186.0000000        5.1616924
     187.0000000        5.1914933
     188.0000000        5.1744147
     189.0000000        5.1741568
     190.0000000        5.1528271
     191.0000000        5.1255814
     192.0000000        5.0814224
     193.0000000        5.0181763
     194.0000000        4.9460906
     195.0000000        4.8935739
     196.0000000        4.8638754
     197.0000000        4.8653526
     198.0000000        4.8532803
     199.0000000        4.8373540
     200.0000000        4.8620036
     201.0000000        4.9076211
     202.0000000        4.9679616
     203.0000000        5.0297603
     204.0000000        5.1059329
     205.0000000        5.1755264
     206.0000000        5.1390300
     207.0000000        5.0542901
     208.0000000        4.9810412
     209.0000000        4.9258425
     210.0000000        4.8674502
     211.0000000        4.8453012
     212.0000000        4.8574162
     213.0000000        4.8668341
     214.0000000        4.8770017
     215.0000000        4.8913257
     216.0000000        4.9091000
     217.0000000        4.9016869
     218.0000000        4.9130350
     219.0000000        4.9253484
     220.0000000        4.8952847
     221.0000000        4.8461293
     222.0000000        4.7827585
     223.0000000        4.7189860
     224.0000000        4.6779460
     225.0000000        4.6596977
     226.0000000        4.6752983
     227.0000000        4.6997609
     228.0000000        4.7217785
     229.0000000        4.7454871
     230.0000000        4.7729477
     231.0000000        4.8100488
     232.0000000        4.8756579
     233.0000000        4.9168977
     234.0000000        4.8986968
     235.0000000        4.8724405
     236.0000000        4.8437343
     237.0000000        4.8112319
     238.0000000        4.7882426
     239.0000000        4.7992503
     240.0000000        4.8442410
     241.0000000        4.8902556
     242.0000000        4.9169825
     243.0000000        4.9364458
     244.0000000        4.9280992
     245.0000000        4.9101670
     246.0000000        4.9467900
     247.0000000        4.9857276
     248.0000000        5.0015037
     249.0000000        4.9882248
     250.0000000        4.9174047
     251.0000000        4.8784894
     252.0000000        4.8509167
     253.0000000        4.8096449
     254.0000000        4.8231631
     255.0000000        4.8648575
     256.0000000        4.9013968
     257.0000000        4.9558591
     258.0000000        5.0052228
     259.0000000        5.0498474
     260.0000000        5.0778573
     261.0000000        5.1314482
     262.0000000        5.1923308
     263.0000000        5.1933139
     264.0000000        5.1797502
     265.0000000        5.1632368
     266.0000000        5.1270029
     267.0000000        5.1101901
     268.0000000        5.1179784
     269.0000000        5.1065872
     270.0000000        5.0855811
     271.0000000        5.0413729
     272.0000000        5.0024025
     273.0000000        4.9533408
     274.0000000        4.9416508
     275.0000000        4.9740319
     276.0000000        4.9764915
     277.0000000        4.9580439
     278.0000000        4.9421084
     279.0000000        4.9197014
     280.0000000        4.8811458
     281.0000000        4.9127271
     282.0000000        4.9010157
     283.0000000        4.9037195
     284.0000000        4.9053904
     285.0000000        4.9173539
     286.0000000        4.9342163
     287.0000000        4.9625423
     288.0000000        5.0212569
     289.0000000        5.0680190
     290.0000000        5.0737535
     291.0000000        5.0694470
     292.0000000        5.0501525
     293.0000000        5.0127880
     294.0000000        5.0298570
     295.0000000        5.0309252
     296.0000000        5.0100948
     297.0000000        4.9714819
     298.0000000        4.9977991
     299.0000000        4.9900472
     300.0000000        4.9719915
     301.0000000        4.9815067
     302.0000000        4.9788496
     303.0000000        4.9631091
     304.0000000        4.9717860
     305.0000000        4.9629584
     306.0000000        4.9446745
     307.0000000        4.9113132
     308.0000000        4.8946102
     309.0000000        4.9177856
     310.0000000        4.9344613
     311.0000000        4.9092332
     312.0000000        4.8897691
     313.0000000        4.8459365
     314.0000000        4.7776309
     315.0000000        4.7575195
     316.0000000        4.7359997
     317.0000000        4.6989330
     318.0000000        4.6937205
     319.0000000        4.6849914
     320.0000000        4.6660738
     321.0000000        4.6585185
     322.0000000        4.6566449
     323.0000000        4.7085587
     324.0000000        4.7195165
     325.0000000        4.7685640
     326.0000000        4.8387331
     327.0000000        4.8732346
     328.0000000        4.8809395
     329.0000000        4.9097078
     330.0000000        4.8740569
     331.0000000        4.8749646
     332.0000000        4.8533056
     333.0000000        4.8503089
     334.0000000        4.8770509
     335.0000000        4.8889514
     336.0000000        4.9325478
     337.0000000        4.9720464
     338.0000000        5.0177091
     339.0000000        5.0374572
     340.0000000        5.0487139
     341.0000000        5.0723678
     342.0000000        5.0235846
     343.0000000        5.0122604
     344.0000000        5.0485423
     345.0000000        5.0577787
     346.0000000        5.0529120
     347.0000000        5.0172000
     348.0000000        4.9873494
     349.0000000        4.9358542
     350.0000000        4.9078759
     351.0000000        4.8764614
     352.0000000        4.8795165
     353.0000000        4.8916645
     354.0000000        4.9045882
     355.0000000        4.9146252
     356.0000000        4.9122423
     357.0000000        4.8869610
     358.0000000        4.8582947
     359.0000000        4.8299444
     360.0000000        4.8112148
     361.0000000        4.8301895
     362.0000000        4.8486289
     363.0000000        4.8692803
     364.0000000        4.9372417
     365.0000000        4.9944395
     366.0000000        5.0277708
     367.0000000        5.0236543
     368.0000000        5.0282505
     369.0000000        5.0454615
     370.0000000        5.0221308
     371.0000000        4.9834817
     372.0000000        4.9371711
     373.0000000        4.8769300
     374.0000000        4.8648911
     375.0000000        4.8593410
     376.0000000        4.8860120
     377.0000000        4.9175216
     378.0000000        4.9572051
     379.0000000        5.0283915
     380.0000000        5.0625805
     381.0000000        5.0710382
     382.0000000        5.0681580
     383.0000000        5.0588222
     384.0000000        5.0610461
     385.0000000        5.0263757
     386.0000000        5.0189467
     387.0000000        5.0167219
     388.0000000        4.9899324
     389.0000000        4.9746636
     390.0000000        4.9925320
     391.0000000        5.0277741
     392.0000000        5.0430355
     393.0000000        5.0112608
     394.0000000        5.0328488
     395.0000000        5.0855607
     396.0000000        5.0949240
     397.0000000        5.1464765
     398.0000000        5.1836889
     399.0000000        5.2060610
     400.0000000        5.2503567
     401.0000000        5.2433042
     402.0000000        5.1907741
     403.0000000        5.1049596
     404.0000000        5.0367242
     405.0000000        4.9880883
     406.0000000        4.9764459
     407.0000000        4.9574919
     408.0000000        4.9188286
     409.0000000        4.8840132
     410.0000000        4.8548675
     411.0000000        4.8309926
     412.0000000        4.8296669
     413.0000000        4.8613840
     414.0000000        4.9234414
     415.0000000        4.9664308
     416.0000000        5.0000234
     417.0000000        5.0348797
     418.0000000        5.0589744
     419.0000000        5.0630264
     420.0000000        5.0421088
     421.0000000        5.0133310
     422.0000000        5.0182723
     423.0000000        5.0446414
     424.0000000        5.0256511
     425.0000000        5.0408675
     426.0000000        5.0310073
     427.0000000        5.0140228
     428.0000000        5.0130839
     429.0000000        5.0360932
     430.0000000        5.0317047
     431.0000000        5.0486859
     432.0000000        5.0529427
     433.0000000        5.0746191
     434.0000000        5.1041944
     435.0000000        5.1654325
     436.0000000        5.2274321
     437.0000000        5.2893396
     438.0000000        5.2888511
     439.0000000        5.2297779
     440.0000000        5.1659253
     441.0000000        5.1353333
     442.0000000        5.1173582
     443.0000000        5.1418492
     444.0000000        5.1754406
     445.0000000        5.2286454
     446.0000000        5.2488510
     447.0000000        5.2450413
     448.0000000        5.2566212
     449.0000000        5.2567430
     450.0000000        5.2250533
     451.0000000        5.2095441
     452.0000000        5.1935979
     453.0000000        5.1322264
     454.0000000        5.1007591
     455.0000000        5.1204564
     456.0000000        5.1182017
     457.0000000        5.1025116
     458.0000000        5.1074143
     459.0000000        5.0840465
     460.0000000        5.0530192
     461.0000000        5.0235238
     462.0000000        4.9961597
     463.0000000        4.9794231
     464.0000000        4.9525810
     465.0000000        4.9224705
     466.0000000        4.8911858
     467.0000000        4.8676866
     468.0000000        4.8441041
     469.0000000        4.8524849
     470.0000000        4.8470311
     471.0000000        4.8240656
     472.0000000        4.8380250
     473.0000000        4.8833546
     474.0000000        4.9226413
     475.0000000        4.9705871
     476.0000000        4.9780397
     477.0000000        4.9694202
     478.0000000        4.9236086
     479.0000000        4.9049339
     480.0000000        4.9284980
     481.0000000        4.9645377
     482.0000000        4.9804357
     483.0000000        4.9508545
     484.0000000        4.9551231
     485.0000000        4.9182454
     486.0000000        4.9164139
     487.0000000        4.9157482
     488.0000000        4.8966785
     489.0000000        4.8544895
     490.0000000        4.8420896
     491.0000000        4.8597761
     492.0000000        4.8553173
     493.0000000        4.8461869
     494.0000000        4.8637193
     495.0000000        4.8836769
     496.0000000        4.9515478
     497.0000000        4.9644092
     498.0000000        4.9870719
     499.0000000        5.0219965
     500.0000000        5.0188011
     501.0000000        4.9986053
     502.0000000        4.9832838
     503.0000000        4.9793440
     504.0000000        4.9838502
     505.0000000        4.9628887
     506.0000000        4.9536873
     507.0000000        4.9455054
     508.0000000        4.9109158
     509.0000000        4.8622091
     510.0000000        4.8512334
     511.0000000        4.8913887
     512.0000000        4.9073641
     513.0000000        4.9228454
     514.0000000        4.9275999
     515.0000000        4.9625322
     516.0000000        4.9713588
     517.0000000        5.0075555
     518.0000000        5.0136566
     519.0000000        4.9868787
     520.0000000        4.9393705
     521.0000000        4.9263391
     522.0000000        4.9213261
     523.0000000        4.9251001
     524.0000000        4.9229792
     525.0000000        4.9096263
     526.0000000        4.8956976
     527.0000000        4.8900827
     528.0000000        4.8727742
     529.0000000        4.8866377
     530.0000000        4.8901425
     531.0000000        4.9077339
     532.0000000        4.9128391
     533.0000000        4.9146134
     534.0000000        4.9524190
     535.0000000        4.9915203
     536.0000000        5.0248319
     537.0000000        5.0866703
     538.0000000        5.1183450
     539.0000000        5.1255483
     540.0000000        5.1023319
     541.0000000        5.0446697
     542.0000000        5.0046030
     543.0000000        4.9908088
     544.0000000        5.0019947
     545.0000000        5.0168075
     546.0000000        5.0090622
     547.0000000        5.0051373
     548.0000000        5.0101402
     549.0000000        5.0021877
     550.0000000        4.9960244
     551.0000000        4.9871970
     552.0000000        4.9813340
     553.0000000        4.9414297
     554.0000000        4.9170131
     555.0000000        4.8978484
     556.0000000        4.9031568
     557.0000000        4.9126989
     558.0000000        4.9218233
     559.0000000        4.9104247
     560.0000000        4.8928296
     561.0000000        4.8772153
     562.0000000        4.8717160
     563.0000000        4.8586111
     564.0000000        4.8564335
     565.0000000        4.8741347
     566.0000000        4.8919538
     567.0000000        4.9376925
     568.0000000        4.9702884
     569.0000000        4.9825161
     570.0000000        4.9893532
     571.0000000        5.0013210
     572.0000000        4.9985901
     573.0000000        4.9757175
     574.0000000        4.9877263
     575.0000000        5.0371914
     576.0000000        5.0861356
     577.0000000        5.0995653
     578.0000000        5.1046888
     579.0000000        5.1221902
     580.0000000        5.1521608
     581.0000000        5.1318518
     582.0000000        5.1321585
     583.0000000        5.1379072
     584.0000000        5.1176113
     585.0000000        5.1422621
     586.0000000        5.1541491
     587.0000000        5.1273621
     588.0000000        5.0969662
     589.0000000        5.0247296
     590.0000000        4.9992282
     591.0000000        4.9997805
     592.0000000        5.0007357
     593.0000000        5.0199943
     594.0000000        5.0343434
     595.0000000        5.0204821
     596.0000000        4.9842592
     597.0000000        4.9304316
     598.0000000        4.9018257
     599.0000000        4.8943312
     600.0000000        4.8828775
