       1.0000000       12.2225629
       2.0000000       11.4771901
       3.0000000       10.7612579
       4.0000000       10.0871688
       5.0000000        9.4867407
       6.0000000        8.9915409
       7.0000000        8.5911986
       8.0000000        8.2616817
       9.0000000        7.9829076
      10.0000000        7.7555369
      11.0000000        7.5845957
      12.0000000        7.4420250
      13.0000000        7.3293260
      14.0000000        7.2518777
      15.0000000        7.1963592
      16.0000000        7.1584315
      17.0000000        7.1213639
      18.0000000        7.0917746
      19.0000000        7.0712704
      20.0000000        7.0655537
      21.0000000        7.0533474
      22.0000000        7.0243484
      23.0000000        6.9980692
      24.0000000        6.9829065
      25.0000000        6.9720233
      26.0000000        6.9660039
      27.0000000        6.9578172
      28.0000000        6.9612379
      29.0000000        6.9696596
      30.0000000        6.9730894
      31.0000000        6.9720066
      32.0000000        6.9765745
      33.0000000        6.9906547
      34.0000000        7.0012255
      35.0000000        7.0180413
      36.0000000        7.0405670
      37.0000000        7.0567263
      38.0000000        7.0615651
      39.0000000        7.0636237
      40.0000000        7.0695421
      41.0000000        7.0869856
      42.0000000        7.1022282
      43.0000000        7.1074449
      44.0000000        7.1105502
      45.0000000        7.1149466
      46.0000000        7.1126001
      47.0000000        7.1070428
      48.0000000        7.0994286
      49.0000000        7.0918335
      50.0000000        7.0775950
      51.0000000        7.0678236
      52.0000000        7.0572117
      53.0000000        7.0337218
      54.0000000        7.0083902
      55.0000000        6.9903170
      56.0000000        6.9768778
      57.0000000        6.9761680
      58.0000000        6.9822707
      59.0000000        6.9967033
      60.0000000        6.9982585
      61.0000000        7.0002820
      62.0000000        7.0066488
      63.0000000        7.0098013
      64.0000000        7.0184012
      65.0000000        7.0257800
      66.0000000        7.0318383
      67.0000000        7.0343384
      68.0000000        7.0364450
      69.0000000        7.0378889
      70.0000000        7.0330291
      71.0000000        7.0164467
      72.0000000        7.0068879
      73.0000000        7.0067902
      74.0000000        7.0023079
      75.0000000        6.9969908
      76.0000000        6.9844193
      77.0000000        6.9764915
      78.0000000        6.9624492
      79.0000000        6.9567435
      80.0000000        6.9591888
      81.0000000        6.9567958
      82.0000000        6.9465381
      83.0000000        6.9408817
      84.0000000        6.9361220
      85.0000000        6.9321500
      86.0000000        6.9380495
      87.0000000        6.9396843
      88.0000000        6.9333302
      89.0000000        6.9309451
      90.0000000        6.9408883
      91.0000000        6.9512798
      92.0000000        6.9623249
      93.0000000        6.9732165
      94.0000000        6.9915693
      95.0000000        7.0022016
      96.0000000        7.0030268
      97.0000000        7.0043818
      98.0000000        7.0011326
      99.0000000        7.0030400
     100.0000000        7.0115501
     101.0000000        7.0273569
     102.0000000        7.0517265
     103.0000000        7.0603369
     104.0000000        7.0694040
     105.0000000        7.0814653
     106.0000000        7.0884015
     107.0000000        7.0801936
     108.0000000        7.0692292
     109.0000000        7.0694460
     110.0000000        7.0738942
     111.0000000        7.0734532
     112.0000000        7.0638126
     113.0000000        7.0587820
     114.0000000        7.0510622
     115.0000000        7.0517452
     116.0000000        7.0545394
     117.0000000        7.0550633
     118.0000000        7.0587823
     119.0000000        7.0558368
     120.0000000        7.0552248
     121.0000000        7.0438854
     122.0000000        7.0286105
     123.0000000        7.0174971
     124.0000000        7.0075658
     125.0000000        7.0032169
     126.0000000        6.9980917
     127.0000000        6.9936117
     128.0000000        6.9850853
     129.0000000        6.9754514
     130.0000000        6.9706796
     131.0000000        6.9744827
     132.0000000        6.9848902
     133.0000000        6.9920151
     134.0000000        6.9938567
     135.0000000        7.0055439
     136.0000000        7.0140618
     137.0000000        7.0088567
     138.0000000        6.9945356
     139.0000000        6.9884009
     140.0000000        6.9818509
     141.0000000        6.9610318
     142.0000000        6.9551531
     143.0000000        6.9547726
     144.0000000        6.9631294
     145.0000000        6.9664414
     146.0000000        6.9673425
     147.0000000        6.9643678
     148.0000000        6.9663117
     149.0000000        6.9743772
     150.0000000        6.9879839
     151.0000000        6.9920834
     152.0000000        6.9925565
     153.0000000        6.9914783
     154.0000000        6.9771607
     155.0000000        6.9588974
     156.0000000        6.9464755
     157.0000000        6.9456976
     158.0000000        6.9550369
     159.0000000        6.9631049
     160.0000000        6.9788054
     161.0000000        6.9911216
     162.0000000        6.9936215
     163.0000000        6.9974920
     164.0000000        7.0016899
     165.0000000        7.0111484
     166.0000000        7.0352685
     167.0000000        7.0571436
     168.0000000        7.0624586
     169.0000000        7.0635375
     170.0000000        7.0622271
     171.0000000        7.0606140
     172.0000000        7.0543676
     173.0000000        7.0432814
     174.0000000        7.0356221
     175.0000000        7.0196620
     176.0000000        7.0020842
     177.0000000        6.9883833
     178.0000000        6.9726761
     179.0000000        6.9630516
     180.0000000        6.9627497
     181.0000000        6.9539456
     182.0000000        6.9445873
     183.0000000        6.9459989
     184.0000000        6.9504611
     185.0000000        6.9562880
     186.0000000        6.9662277
     187.0000000        6.9716979
     188.0000000        6.9728205
     189.0000000        6.9745839
     190.0000000        6.9772999
     191.0000000        6.9871086
     192.0000000        7.0031211
     193.0000000        7.0230859
     194.0000000        7.0384494
     195.0000000        7.0485844
     196.0000000        7.0444020
     197.0000000        7.0350962
     198.0000000        7.0285140
     199.0000000        7.0208260
     200.0000000        7.0142990
     201.0000000        7.0051676
     202.0000000        7.0028833
     203.0000000        6.9991911
     204.0000000        6.9872362
     205.0000000        6.9749675
     206.0000000        6.9723473
     207.0000000        6.9788177
     208.0000000        6.9934818
     209.0000000        7.0043815
     210.0000000        7.0124698
     211.0000000        7.0143861
     212.0000000        7.0256808
     213.0000000        7.0380338
     214.0000000        7.0349835
     215.0000000        7.0356390
     216.0000000        7.0387160
     217.0000000        7.0436358
     218.0000000        7.0502986
     219.0000000        7.0654376
     220.0000000        7.0879567
     221.0000000        7.1056518
     222.0000000        7.1119065
     223.0000000        7.1075716
     224.0000000        7.1033249
     225.0000000        7.1007433
     226.0000000        7.0963836
     227.0000000        7.0855358
     228.0000000        7.0739920
     229.0000000        7.0526038
     230.0000000        7.0229151
     231.0000000        7.0015878
     232.0000000        6.9885530
     233.0000000        6.9867758
     234.0000000        6.9925520
     235.0000000        6.9947775
     236.0000000        6.9892523
     237.0000000        6.9862198
     238.0000000        6.9862378
     239.0000000        6.9861532
     240.0000000        6.9880613
     241.0000000        6.9958631
     242.0000000        6.9979440
     243.0000000        6.9925568
     244.0000000        6.9748377
     245.0000000        6.9606313
     246.0000000        6.9486283
     247.0000000        6.9455853
     248.0000000        6.9559016
     249.0000000        6.9669324
     250.0000000        6.9718904
     251.0000000        6.9656766
     252.0000000        6.9645337
     253.0000000        6.9710476
     254.0000000        6.9875407
     255.0000000        7.0017559
     256.0000000        7.0051561
     257.0000000        7.0009127
     258.0000000        7.0070136
     259.0000000        7.0129800
     260.0000000        7.0168912
     261.0000000        7.0240499
     262.0000000        7.0313992
     263.0000000        7.0414204
     264.0000000        7.0514585
     265.0000000        7.0537891
     266.0000000        7.0608007
     267.0000000        7.0648274
     268.0000000        7.0551440
     269.0000000        7.0400823
     270.0000000        7.0355593
     271.0000000        7.0344280
     272.0000000        7.0285092
     273.0000000        7.0124636
     274.0000000        6.9947410
     275.0000000        6.9787696
     276.0000000        6.9722669
     277.0000000        6.9709066
     278.0000000        6.9721067
     279.0000000        6.9751862
     280.0000000        6.9788092
     281.0000000        6.9868380
     282.0000000        6.9875844
     283.0000000        6.9947921
     284.0000000        7.0032408
     285.0000000        7.0093289
     286.0000000        7.0161882
     287.0000000        7.0265380
     288.0000000        7.0312203
     289.0000000        7.0371318
     290.0000000        7.0385057
     291.0000000        7.0360273
     292.0000000        7.0459605
     293.0000000        7.0475922
     294.0000000        7.0417520
     295.0000000        7.0306439
     296.0000000        7.0216918
     297.0000000        7.0241180
     298.0000000        7.0201969
     299.0000000        7.0195137
     300.0000000        7.0139827
     301.0000000        7.0170398
     302.0000000        7.0185449
     303.0000000        7.0083085
     304.0000000        6.9972285
     305.0000000        6.9818314
     306.0000000        6.9650456
     307.0000000        6.9542532
     308.0000000        6.9612491
     309.0000000        6.9704977
     310.0000000        6.9735580
     311.0000000        6.9717497
     312.0000000        6.9712969
     313.0000000        6.9750079
     314.0000000        6.9723927
     315.0000000        6.9746799
     316.0000000        6.9766483
     317.0000000        6.9809361
     318.0000000        6.9916182
     319.0000000        6.9908008
     320.0000000        6.9829571
     321.0000000        6.9831903
     322.0000000        6.9780545
     323.0000000        6.9790068
     324.0000000        6.9825602
     325.0000000        6.9862960
     326.0000000        6.9854618
     327.0000000        6.9766219
     328.0000000        6.9649057
     329.0000000        6.9480954
     330.0000000        6.9540412
     331.0000000        6.9581580
     332.0000000        6.9630740
     333.0000000        6.9540136
     334.0000000        6.9490446
     335.0000000        6.9494136
     336.0000000        6.9492680
     337.0000000        6.9449835
     338.0000000        6.9495970
     339.0000000        6.9535656
     340.0000000        6.9570879
     341.0000000        6.9596404
     342.0000000        6.9616778
     343.0000000        6.9782028
     344.0000000        6.9821690
     345.0000000        6.9842031
     346.0000000        6.9941316
     347.0000000        6.9988828
     348.0000000        6.9990316
     349.0000000        6.9973621
     350.0000000        7.0043197
     351.0000000        7.0049891
     352.0000000        6.9989825
     353.0000000        7.0002530
     354.0000000        7.0087770
     355.0000000        7.0048781
     356.0000000        7.0046280
     357.0000000        7.0047259
     358.0000000        7.0142855
     359.0000000        7.0198000
     360.0000000        7.0203649
     361.0000000        7.0276641
     362.0000000        7.0319206
     363.0000000        7.0319183
     364.0000000        7.0210367
     365.0000000        7.0045527
     366.0000000        6.9908286
     367.0000000        6.9908261
     368.0000000        6.9871385
     369.0000000        6.9816701
     370.0000000        6.9838882
     371.0000000        6.9818862
     372.0000000        6.9792352
     373.0000000        6.9775962
     374.0000000        6.9749607
     375.0000000        6.9650430
     376.0000000        6.9521383
     377.0000000        6.9432568
     378.0000000        6.9377589
     379.0000000        6.9387922
     380.0000000        6.9416648
     381.0000000        6.9437093
     382.0000000        6.9511550
     383.0000000        6.9673408
     384.0000000        6.9705129
     385.0000000        6.9694062
     386.0000000        6.9690839
     387.0000000        6.9701175
     388.0000000        6.9859567
     389.0000000        7.0030013
     390.0000000        7.0175557
     391.0000000        7.0265225
     392.0000000        7.0332387
     393.0000000        7.0374534
     394.0000000        7.0437810
     395.0000000        7.0358877
     396.0000000        7.0132074
     397.0000000        6.9959935
     398.0000000        6.9916169
     399.0000000        6.9893968
     400.0000000        6.9838444
     401.0000000        6.9879365
     402.0000000        6.9980792
     403.0000000        7.0149204
     404.0000000        7.0208128
     405.0000000        7.0175485
     406.0000000        7.0086722
     407.0000000        6.9995639
     408.0000000        6.9999372
     409.0000000        6.9990988
     410.0000000        6.9988471
     411.0000000        6.9994501
     412.0000000        6.9930652
     413.0000000        6.9900548
     414.0000000        6.9821346
     415.0000000        6.9720715
     416.0000000        6.9626463
     417.0000000        6.9687261
     418.0000000        6.9737496
     419.0000000        6.9801259
     420.0000000        6.9763472
     421.0000000        6.9712128
     422.0000000        6.9730050
     423.0000000        6.9821896
     424.0000000        6.9968301
     425.0000000        7.0186766
     426.0000000        7.0414514
     427.0000000        7.0485905
     428.0000000        7.0520988
     429.0000000        7.0482508
     430.0000000        7.0419964
     431.0000000        7.0342513
     432.0000000        7.0293254
     433.0000000        7.0260237
     434.0000000        7.0201184
     435.0000000        7.0051035
     436.0000000        6.9934856
     437.0000000        6.9878872
     438.0000000        6.9874320
     439.0000000        6.9927088
     440.0000000        6.9994302
     441.0000000        7.0081938
     442.0000000        7.0167184
     443.0000000        7.0238425
     444.0000000        7.0269168
     445.0000000        7.0271784
     446.0000000        7.0256947
     447.0000000        7.0259598
     448.0000000        7.0281779
     449.0000000        7.0402545
     450.0000000        7.0540217
     451.0000000        7.0577607
     452.0000000        7.0601601
     453.0000000        7.0575575
     454.0000000        7.0542781
     455.0000000        7.0523356
     456.0000000        7.0509196
     457.0000000        7.0458781
     458.0000000        7.0419949
     459.0000000        7.0332226
     460.0000000        7.0104129
     461.0000000        6.9876499
     462.0000000        6.9751508
     463.0000000        6.9632109
     464.0000000        6.9500484
     465.0000000        6.9389679
     466.0000000        6.9294530
     467.0000000        6.9266851
     468.0000000        6.9196284
     469.0000000        6.9241647
     470.0000000        6.9267137
     471.0000000        6.9245759
     472.0000000        6.9260535
     473.0000000        6.9340676
     474.0000000        6.9434871
     475.0000000        6.9459660
     476.0000000        6.9534225
     477.0000000        6.9692816
     478.0000000        6.9738534
     479.0000000        6.9764687
     480.0000000        6.9846425
     481.0000000        6.9899092
     482.0000000        7.0008868
     483.0000000        7.0089152
     484.0000000        7.0162847
     485.0000000        7.0197548
     486.0000000        7.0154661
     487.0000000        7.0001774
     488.0000000        6.9722003
     489.0000000        6.9569992
     490.0000000        6.9501723
     491.0000000        6.9492064
     492.0000000        6.9533307
     493.0000000        6.9710289
     494.0000000        6.9729622
     495.0000000        6.9629115
     496.0000000        6.9535696
     497.0000000        6.9623525
     498.0000000        6.9830719
     499.0000000        6.9994617
     500.0000000        7.0034368
     501.0000000        7.0105626
     502.0000000        7.0185148
     503.0000000        7.0198205
     504.0000000        7.0235179
     505.0000000        7.0199573
     506.0000000        7.0229900
     507.0000000        7.0304604
     508.0000000        7.0314594
     509.0000000        7.0403134
     510.0000000        7.0480820
     511.0000000        7.0456165
     512.0000000        7.0407865
     513.0000000        7.0461352
     514.0000000        7.0581309
     515.0000000        7.0765534
     516.0000000        7.0841538
     517.0000000        7.0689100
     518.0000000        7.0451439
     519.0000000        7.0202283
     520.0000000        7.0054164
     521.0000000        6.9927222
     522.0000000        6.9808056
     523.0000000        6.9666555
     524.0000000        6.9537836
     525.0000000        6.9429565
     526.0000000        6.9450399
     527.0000000        6.9653579
     528.0000000        6.9832205
     529.0000000        6.9955976
     530.0000000        7.0056918
     531.0000000        7.0156115
     532.0000000        7.0202308
     533.0000000        7.0176020
     534.0000000        7.0031765
     535.0000000        6.9952179
     536.0000000        6.9838573
     537.0000000        6.9771793
     538.0000000        6.9783748
     539.0000000        6.9730074
     540.0000000        6.9602411
     541.0000000        6.9454658
     542.0000000        6.9320341
     543.0000000        6.9331290
     544.0000000        6.9418079
     545.0000000        6.9474234
     546.0000000        6.9529466
     547.0000000        6.9583124
     548.0000000        6.9683909
     549.0000000        6.9803837
     550.0000000        6.9950937
     551.0000000        7.0126098
     552.0000000        7.0334836
     553.0000000        7.0520654
     554.0000000        7.0667208
     555.0000000        7.0802932
     556.0000000        7.0816106
     557.0000000        7.0719691
     558.0000000        7.0616362
     559.0000000        7.0516224
     560.0000000        7.0414605
     561.0000000        7.0318645
     562.0000000        7.0172795
     563.0000000        7.0061040
     564.0000000        7.0011472
     565.0000000        6.9998769
     566.0000000        7.0038137
     567.0000000        7.0059109
     568.0000000        7.0009916
     569.0000000        7.0062203
     570.0000000        7.0048179
     571.0000000        7.0130560
     572.0000000        7.0169920
     573.0000000        7.0152242
     574.0000000        7.0103213
     575.0000000        6.9982878
     576.0000000        6.9946131
     577.0000000        6.9898099
     578.0000000        6.9899712
     579.0000000        6.9963636
     580.0000000        7.0016387
     581.0000000        7.0124283
     582.0000000        7.0200374
     583.0000000        7.0295180
     584.0000000        7.0299114
     585.0000000        7.0227105
     586.0000000        7.0200056
     587.0000000        7.0026034
     588.0000000        6.9821327
     589.0000000        6.9785669
     590.0000000        6.9857127
     591.0000000        7.0083916
     592.0000000        7.0313183
     593.0000000        7.0529180
     594.0000000        7.0736060
     595.0000000        7.0902902
     596.0000000        7.0966014
     597.0000000        7.0970413
     598.0000000        7.0913370
     599.0000000        7.0886367
     600.0000000        7.0929066
