       1.0000000        0.3004915
       2.0000000        0.2897866
       3.0000000        0.2791679
       4.0000000        0.2736890
       5.0000000        0.2724705
       6.0000000        0.2747660
       7.0000000        0.2719941
       8.0000000        0.2702692
       9.0000000        0.2673335
      10.0000000        0.2654066
      11.0000000        0.2666773
      12.0000000        0.2632707
      13.0000000        0.2629034
      14.0000000        0.2673321
      15.0000000        0.2716548
      16.0000000        0.2732044
      17.0000000        0.2708872
      18.0000000        0.2687555
      19.0000000        0.2690942
      20.0000000        0.2712627
      21.0000000        0.2727814
      22.0000000        0.2755962
      23.0000000        0.2798872
      24.0000000        0.2808380
      25.0000000        0.2780166
      26.0000000        0.2695176
      27.0000000        0.2623829
      28.0000000        0.2645514
      29.0000000        0.2679818
      30.0000000        0.2700336
      31.0000000        0.2709759
      32.0000000        0.2692706
      33.0000000        0.2694081
      34.0000000        0.2680112
      35.0000000        0.2693625
      36.0000000        0.2704779
      37.0000000        0.2699290
      38.0000000        0.2713852
      39.0000000        0.2709254
      40.0000000        0.2695184
      41.0000000        0.2670822
      42.0000000        0.2658331
      43.0000000        0.2674681
      44.0000000        0.2701119
      45.0000000        0.2693909
      46.0000000        0.2698764
      47.0000000        0.2714591
      48.0000000        0.2768645
      49.0000000        0.2824369
      50.0000000        0.2863607
      51.0000000        0.2876131
      52.0000000        0.2849338
      53.0000000        0.2811410
      54.0000000        0.2781955
      55.0000000        0.2774818
      56.0000000        0.2743095
      57.0000000        0.2712080
      58.0000000        0.2689122
      59.0000000        0.2687579
      60.0000000        0.2715398
      61.0000000        0.2757367
      62.0000000        0.2785747
      63.0000000        0.2799505
      64.0000000        0.2845736
      65.0000000        0.2867215
      66.0000000        0.2850115
      67.0000000        0.2831351
      68.0000000        0.2837746
      69.0000000        0.2809824
      70.0000000        0.2821710
      71.0000000        0.2801631
      72.0000000        0.2766149
      73.0000000        0.2751342
      74.0000000        0.2708265
      75.0000000        0.2686163
      76.0000000        0.2663826
      77.0000000        0.2692064
      78.0000000        0.2732260
      79.0000000        0.2815472
      80.0000000        0.2934367
      81.0000000        0.3041061
      82.0000000        0.3107481
      83.0000000        0.3131242
      84.0000000        0.3115925
      85.0000000        0.3142452
      86.0000000        0.3112410
      87.0000000        0.3038380
      88.0000000        0.2936449
      89.0000000        0.2847970
      90.0000000        0.2726343
      91.0000000        0.2604084
      92.0000000        0.2577929
      93.0000000        0.2599582
      94.0000000        0.2616723
      95.0000000        0.2610928
      96.0000000        0.2537620
      97.0000000        0.2468420
      98.0000000        0.2441416
      99.0000000        0.2420247
     100.0000000        0.2420953
     101.0000000        0.2394759
     102.0000000        0.2387671
     103.0000000        0.2376088
     104.0000000        0.2391155
     105.0000000        0.2405171
     106.0000000        0.2397975
     107.0000000        0.2398516
     108.0000000        0.2421589
     109.0000000        0.2469261
     110.0000000        0.2538854
     111.0000000        0.2645346
     112.0000000        0.2722372
     113.0000000        0.2715726
     114.0000000        0.2691499
     115.0000000        0.2683999
     116.0000000        0.2665238
     117.0000000        0.2638895
     118.0000000        0.2632239
     119.0000000        0.2654787
     120.0000000        0.2699940
     121.0000000        0.2760970
     122.0000000        0.2852194
     123.0000000        0.2954058
     124.0000000        0.3045688
     125.0000000        0.3117725
     126.0000000        0.3138358
     127.0000000        0.3137305
     128.0000000        0.3160655
     129.0000000        0.3179831
     130.0000000        0.3221527
     131.0000000        0.3266534
     132.0000000        0.3289876
     133.0000000        0.3338046
     134.0000000        0.3321763
     135.0000000        0.3220251
     136.0000000        0.3097057
     137.0000000        0.3030491
     138.0000000        0.3014804
     139.0000000        0.2942108
     140.0000000        0.2875506
     141.0000000        0.2761373
     142.0000000        0.2639725
     143.0000000        0.2569634
     144.0000000        0.2527815
     145.0000000        0.2487429
     146.0000000        0.2484946
     147.0000000        0.2515498
     148.0000000        0.2575676
     149.0000000        0.2648576
     150.0000000        0.2696185
     151.0000000        0.2738290
     152.0000000        0.2753931
     153.0000000        0.2731068
     154.0000000        0.2723618
     155.0000000        0.2695994
     156.0000000        0.2679498
     157.0000000        0.2631456
     158.0000000        0.2559294
     159.0000000        0.2510333
     160.0000000        0.2501736
     161.0000000        0.2511507
     162.0000000        0.2551013
     163.0000000        0.2583758
     164.0000000        0.2598957
     165.0000000        0.2583073
     166.0000000        0.2578806
     167.0000000        0.2626334
     168.0000000        0.2631002
     169.0000000        0.2561747
     170.0000000        0.2452390
     171.0000000        0.2416787
     172.0000000        0.2440967
     173.0000000        0.2423018
     174.0000000        0.2397599
     175.0000000        0.2378306
     176.0000000        0.2383007
     177.0000000        0.2360907
     178.0000000        0.2327418
     179.0000000        0.2304900
     180.0000000        0.2356992
     181.0000000        0.2393274
     182.0000000        0.2446390
     183.0000000        0.2489078
     184.0000000        0.2573998
     185.0000000        0.2652058
     186.0000000        0.2684771
     187.0000000        0.2732666
     188.0000000        0.2774350
     189.0000000        0.2804205
     190.0000000        0.2821608
     191.0000000        0.2807332
     192.0000000        0.2820902
     193.0000000        0.2779173
     194.0000000        0.2700667
     195.0000000        0.2649411
     196.0000000        0.2619831
     197.0000000        0.2607371
     198.0000000        0.2677808
     199.0000000        0.2749135
     200.0000000        0.2857837
     201.0000000        0.2920781
     202.0000000        0.2979653
     203.0000000        0.3034219
     204.0000000        0.3057675
     205.0000000        0.3023574
     206.0000000        0.3015231
     207.0000000        0.3003770
     208.0000000        0.2980295
     209.0000000        0.2885677
     210.0000000        0.2806146
     211.0000000        0.2725072
     212.0000000        0.2633610
     213.0000000        0.2551785
     214.0000000        0.2522711
     215.0000000        0.2531068
     216.0000000        0.2566589
     217.0000000        0.2621261
     218.0000000        0.2668586
     219.0000000        0.2675623
     220.0000000        0.2708096
     221.0000000        0.2747009
     222.0000000        0.2781295
     223.0000000        0.2791278
     224.0000000        0.2764626
     225.0000000        0.2750676
     226.0000000        0.2725449
     227.0000000        0.2689670
     228.0000000        0.2649025
     229.0000000        0.2600867
     230.0000000        0.2612614
     231.0000000        0.2649935
     232.0000000        0.2698388
     233.0000000        0.2697406
     234.0000000        0.2695366
     235.0000000        0.2725843
     236.0000000        0.2776320
     237.0000000        0.2864095
     238.0000000        0.2938193
     239.0000000        0.2948110
     240.0000000        0.2949633
     241.0000000        0.2992112
     242.0000000        0.3067475
     243.0000000        0.3135998
     244.0000000        0.3195903
     245.0000000        0.3217757
     246.0000000        0.3235722
     247.0000000        0.3242543
     248.0000000        0.3299882
     249.0000000        0.3348209
     250.0000000        0.3301527
     251.0000000        0.3274585
     252.0000000        0.3221799
     253.0000000        0.3117452
     254.0000000        0.2996101
     255.0000000        0.2913084
     256.0000000        0.2867814
     257.0000000        0.2837752
     258.0000000        0.2829852
     259.0000000        0.2824546
     260.0000000        0.2828761
     261.0000000        0.2808874
     262.0000000        0.2802538
     263.0000000        0.2775549
     264.0000000        0.2746770
     265.0000000        0.2743714
     266.0000000        0.2775022
     267.0000000        0.2826445
     268.0000000        0.2842039
     269.0000000        0.2852603
     270.0000000        0.2870922
     271.0000000        0.2865249
     272.0000000        0.2816540
     273.0000000        0.2742050
     274.0000000        0.2717707
     275.0000000        0.2741689
     276.0000000        0.2739128
     277.0000000        0.2739324
     278.0000000        0.2749437
     279.0000000        0.2756884
     280.0000000        0.2778358
     281.0000000        0.2786547
     282.0000000        0.2757551
     283.0000000        0.2723453
     284.0000000        0.2681674
     285.0000000        0.2639094
     286.0000000        0.2668662
     287.0000000        0.2698605
     288.0000000        0.2656936
     289.0000000        0.2608110
     290.0000000        0.2573294
     291.0000000        0.2542576
     292.0000000        0.2518343
     293.0000000        0.2519797
     294.0000000        0.2538838
     295.0000000        0.2551424
     296.0000000        0.2558992
     297.0000000        0.2544736
     298.0000000        0.2504444
     299.0000000        0.2489655
     300.0000000        0.2482655
     301.0000000        0.2466659
     302.0000000        0.2442958
     303.0000000        0.2417418
     304.0000000        0.2387766
     305.0000000        0.2387230
     306.0000000        0.2410888
     307.0000000        0.2477872
     308.0000000        0.2531236
     309.0000000        0.2549471
     310.0000000        0.2540174
     311.0000000        0.2555150
     312.0000000        0.2546559
     313.0000000        0.2548938
     314.0000000        0.2569394
     315.0000000        0.2576174
     316.0000000        0.2577762
     317.0000000        0.2536939
     318.0000000        0.2527653
     319.0000000        0.2561430
     320.0000000        0.2588522
     321.0000000        0.2619107
     322.0000000        0.2622463
     323.0000000        0.2620683
     324.0000000        0.2563427
     325.0000000        0.2574906
     326.0000000        0.2593327
     327.0000000        0.2615074
     328.0000000        0.2630879
     329.0000000        0.2661849
     330.0000000        0.2713812
     331.0000000        0.2793634
     332.0000000        0.2829091
     333.0000000        0.2824261
     334.0000000        0.2830136
     335.0000000        0.2825942
     336.0000000        0.2800306
     337.0000000        0.2792867
     338.0000000        0.2766744
     339.0000000        0.2728059
     340.0000000        0.2653626
     341.0000000        0.2596624
     342.0000000        0.2545028
     343.0000000        0.2548486
     344.0000000        0.2534418
     345.0000000        0.2533685
     346.0000000        0.2537463
     347.0000000        0.2546890
     348.0000000        0.2559914
     349.0000000        0.2566122
     350.0000000        0.2593339
     351.0000000        0.2620763
     352.0000000        0.2614457
     353.0000000        0.2646094
     354.0000000        0.2681939
     355.0000000        0.2772008
     356.0000000        0.2804666
     357.0000000        0.2831355
     358.0000000        0.2859526
     359.0000000        0.2814786
     360.0000000        0.2783628
     361.0000000        0.2773725
     362.0000000        0.2797583
     363.0000000        0.2830834
     364.0000000        0.2860409
     365.0000000        0.2838536
     366.0000000        0.2804597
     367.0000000        0.2759336
     368.0000000        0.2724822
     369.0000000        0.2686403
     370.0000000        0.2637447
     371.0000000        0.2647876
     372.0000000        0.2672872
     373.0000000        0.2736452
     374.0000000        0.2808884
     375.0000000        0.2870683
     376.0000000        0.2937904
     377.0000000        0.3073741
     378.0000000        0.3194190
     379.0000000        0.3212043
     380.0000000        0.3170489
     381.0000000        0.3135279
     382.0000000        0.3143065
     383.0000000        0.3156292
     384.0000000        0.3124399
     385.0000000        0.3142773
     386.0000000        0.3207753
     387.0000000        0.3291002
     388.0000000        0.3375382
     389.0000000        0.3422232
     390.0000000        0.3375584
     391.0000000        0.3306759
     392.0000000        0.3227206
     393.0000000        0.3143461
     394.0000000        0.3037957
     395.0000000        0.2950157
     396.0000000        0.2908469
     397.0000000        0.2855288
     398.0000000        0.2789202
     399.0000000        0.2752758
     400.0000000        0.2787580
     401.0000000        0.2855845
     402.0000000        0.2922279
     403.0000000        0.2950621
     404.0000000        0.2912860
     405.0000000        0.2881504
     406.0000000        0.2870685
     407.0000000        0.2853359
     408.0000000        0.2852783
     409.0000000        0.2854948
     410.0000000        0.2786133
     411.0000000        0.2758517
     412.0000000        0.2802923
     413.0000000        0.2809690
     414.0000000        0.2736841
     415.0000000        0.2692719
     416.0000000        0.2657825
     417.0000000        0.2625928
     418.0000000        0.2637546
     419.0000000        0.2686570
     420.0000000        0.2774021
     421.0000000        0.2861700
     422.0000000        0.2917868
     423.0000000        0.2924945
     424.0000000        0.2893269
     425.0000000        0.2880436
     426.0000000        0.2920913
     427.0000000        0.2946452
     428.0000000        0.2887280
     429.0000000        0.2878507
     430.0000000        0.2903900
     431.0000000        0.2922677
     432.0000000        0.2944376
     433.0000000        0.2975355
     434.0000000        0.2998949
     435.0000000        0.2992412
     436.0000000        0.2917153
     437.0000000        0.2831180
     438.0000000        0.2738302
     439.0000000        0.2660918
     440.0000000        0.2605141
     441.0000000        0.2557808
     442.0000000        0.2523680
     443.0000000        0.2488981
     444.0000000        0.2462008
     445.0000000        0.2456095
     446.0000000        0.2441749
     447.0000000        0.2410307
     448.0000000        0.2349181
     449.0000000        0.2288988
     450.0000000        0.2273591
     451.0000000        0.2290340
     452.0000000        0.2317202
     453.0000000        0.2318319
     454.0000000        0.2322919
     455.0000000        0.2317466
     456.0000000        0.2296240
     457.0000000        0.2275897
     458.0000000        0.2264907
     459.0000000        0.2256649
     460.0000000        0.2276681
     461.0000000        0.2309557
     462.0000000        0.2327369
     463.0000000        0.2292115
     464.0000000        0.2286218
     465.0000000        0.2314751
     466.0000000        0.2331145
     467.0000000        0.2372237
     468.0000000        0.2453678
     469.0000000        0.2524806
     470.0000000        0.2534932
     471.0000000        0.2530159
     472.0000000        0.2512357
     473.0000000        0.2497062
     474.0000000        0.2493641
     475.0000000        0.2493451
     476.0000000        0.2459745
     477.0000000        0.2431883
     478.0000000        0.2400257
     479.0000000        0.2425041
     480.0000000        0.2465605
     481.0000000        0.2514243
     482.0000000        0.2550946
     483.0000000        0.2586390
     484.0000000        0.2610804
     485.0000000        0.2639971
     486.0000000        0.2661292
     487.0000000        0.2643118
     488.0000000        0.2581195
     489.0000000        0.2564523
     490.0000000        0.2623496
     491.0000000        0.2696266
     492.0000000        0.2740298
     493.0000000        0.2766426
     494.0000000        0.2759872
     495.0000000        0.2723022
     496.0000000        0.2720581
     497.0000000        0.2752205
     498.0000000        0.2730476
     499.0000000        0.2708978
     500.0000000        0.2715351
     501.0000000        0.2772173
     502.0000000        0.2847813
     503.0000000        0.2852147
     504.0000000        0.2836673
     505.0000000        0.2849146
     506.0000000        0.2827060
     507.0000000        0.2773421
     508.0000000        0.2700790
     509.0000000        0.2651596
     510.0000000        0.2649497
     511.0000000        0.2668845
     512.0000000        0.2706159
     513.0000000        0.2712899
     514.0000000        0.2678998
     515.0000000        0.2615760
     516.0000000        0.2542405
     517.0000000        0.2504729
     518.0000000        0.2489248
     519.0000000        0.2463622
     520.0000000        0.2438337
     521.0000000        0.2432219
     522.0000000        0.2478481
     523.0000000        0.2540247
     524.0000000        0.2601970
     525.0000000        0.2668015
     526.0000000        0.2715243
     527.0000000        0.2738475
     528.0000000        0.2722946
     529.0000000        0.2722978
     530.0000000        0.2755092
     531.0000000        0.2793547
     532.0000000        0.2815699
     533.0000000        0.2784587
     534.0000000        0.2800999
     535.0000000        0.2823154
     536.0000000        0.2808396
     537.0000000        0.2785186
     538.0000000        0.2792379
     539.0000000        0.2789407
     540.0000000        0.2783897
     541.0000000        0.2782405
     542.0000000        0.2844413
     543.0000000        0.2902675
     544.0000000        0.2961392
     545.0000000        0.2989340
     546.0000000        0.2949375
     547.0000000        0.2910451
     548.0000000        0.2869233
     549.0000000        0.2818614
     550.0000000        0.2762435
     551.0000000        0.2707072
     552.0000000        0.2685863
     553.0000000        0.2679778
     554.0000000        0.2655279
     555.0000000        0.2655325
     556.0000000        0.2687638
     557.0000000        0.2721382
     558.0000000        0.2747728
     559.0000000        0.2772209
     560.0000000        0.2784340
     561.0000000        0.2769668
     562.0000000        0.2724183
     563.0000000        0.2695795
     564.0000000        0.2661435
     565.0000000        0.2694896
     566.0000000        0.2731497
     567.0000000        0.2734441
     568.0000000        0.2756190
     569.0000000        0.2798924
     570.0000000        0.2836548
     571.0000000        0.2874006
     572.0000000        0.2892087
     573.0000000        0.2908733
     574.0000000        0.2930898
     575.0000000        0.2969348
     576.0000000        0.2915143
     577.0000000        0.2851283
     578.0000000        0.2849587
     579.0000000        0.2833598
     580.0000000        0.2822463
     581.0000000        0.2792004
     582.0000000        0.2739288
     583.0000000        0.2724369
     584.0000000        0.2727075
     585.0000000        0.2782497
     586.0000000        0.2807550
     587.0000000        0.2817377
     588.0000000        0.2806661
     589.0000000        0.2772978
     590.0000000        0.2768699
     591.0000000        0.2770836
     592.0000000        0.2773245
     593.0000000        0.2740380
     594.0000000        0.2723771
     595.0000000        0.2720929
     596.0000000        0.2777969
     597.0000000        0.2828170
     598.0000000        0.2873650
     599.0000000        0.2870877
     600.0000000        0.2825689
