       1.0000000        2.5639734
       2.0000000        2.5331911
       3.0000000        2.5002950
       4.0000000        2.4746965
       5.0000000        2.4462488
       6.0000000        2.4228148
       7.0000000        2.4028939
       8.0000000        2.3778194
       9.0000000        2.3511093
      10.0000000        2.3350778
      11.0000000        2.3207802
      12.0000000        2.3094272
      13.0000000        2.2990316
      14.0000000        2.2860899
      15.0000000        2.2782148
      16.0000000        2.2760566
      17.0000000        2.2707881
      18.0000000        2.2677028
      19.0000000        2.2757796
      20.0000000        2.2859998
      21.0000000        2.2869372
      22.0000000        2.2749627
      23.0000000        2.2544537
      24.0000000        2.2305074
      25.0000000        2.2082835
      26.0000000        2.1913502
      27.0000000        2.1842364
      28.0000000        2.1835701
      29.0000000        2.1722193
      30.0000000        2.1552494
      31.0000000        2.1412918
      32.0000000        2.1365969
      33.0000000        2.1516776
      34.0000000        2.1755244
      35.0000000        2.1903012
      36.0000000        2.1937624
      37.0000000        2.1864028
      38.0000000        2.1771145
      39.0000000        2.1772996
      40.0000000        2.1848890
      41.0000000        2.1882441
      42.0000000        2.1850150
      43.0000000        2.1865316
      44.0000000        2.2069014
      45.0000000        2.2410562
      46.0000000        2.2727972
      47.0000000        2.2856651
      48.0000000        2.2826443
      49.0000000        2.2782758
      50.0000000        2.2741467
      51.0000000        2.2584981
      52.0000000        2.2437796
      53.0000000        2.2326830
      54.0000000        2.2332545
      55.0000000        2.2403327
      56.0000000        2.2497199
      57.0000000        2.2608905
      58.0000000        2.2742015
      59.0000000        2.2868621
      60.0000000        2.3081876
      61.0000000        2.3427609
      62.0000000        2.3813215
      63.0000000        2.4143569
      64.0000000        2.4408412
      65.0000000        2.4585224
      66.0000000        2.4556287
      67.0000000        2.4388635
      68.0000000        2.4156955
      69.0000000        2.3787324
      70.0000000        2.3453207
      71.0000000        2.3190515
      72.0000000        2.2969846
      73.0000000        2.2830469
      74.0000000        2.2717021
      75.0000000        2.2611519
      76.0000000        2.2489544
      77.0000000        2.2400195
      78.0000000        2.2413682
      79.0000000        2.2305503
      80.0000000        2.2146011
      81.0000000        2.2004406
      82.0000000        2.1957654
      83.0000000        2.1969886
      84.0000000        2.1971948
      85.0000000        2.1931272
      86.0000000        2.1869588
      87.0000000        2.1895521
      88.0000000        2.2087498
      89.0000000        2.2257593
      90.0000000        2.2368305
      91.0000000        2.2534535
      92.0000000        2.2804274
      93.0000000        2.3173350
      94.0000000        2.3528777
      95.0000000        2.3841604
      96.0000000        2.3987810
      97.0000000        2.3890879
      98.0000000        2.3677171
      99.0000000        2.3383437
     100.0000000        2.3038726
     101.0000000        2.2742305
     102.0000000        2.2508445
     103.0000000        2.2367741
     104.0000000        2.2287378
     105.0000000        2.2285239
     106.0000000        2.2332003
     107.0000000        2.2477839
     108.0000000        2.2637788
     109.0000000        2.2742001
     110.0000000        2.2746935
     111.0000000        2.2654168
     112.0000000        2.2625414
     113.0000000        2.2584663
     114.0000000        2.2424766
     115.0000000        2.2221040
     116.0000000        2.2120472
     117.0000000        2.2210117
     118.0000000        2.2457420
     119.0000000        2.2693273
     120.0000000        2.2885059
     121.0000000        2.3030366
     122.0000000        2.3106407
     123.0000000        2.3124830
     124.0000000        2.3107574
     125.0000000        2.3069206
     126.0000000        2.2991864
     127.0000000        2.2915794
     128.0000000        2.2820093
     129.0000000        2.2694957
     130.0000000        2.2594454
     131.0000000        2.2569155
     132.0000000        2.2621933
     133.0000000        2.2719950
     134.0000000        2.2885025
     135.0000000        2.2904579
     136.0000000        2.2741777
     137.0000000        2.2557540
     138.0000000        2.2418367
     139.0000000        2.2259008
     140.0000000        2.2064766
     141.0000000        2.1952637
     142.0000000        2.1897676
     143.0000000        2.1896179
     144.0000000        2.1938464
     145.0000000        2.2034491
     146.0000000        2.2182092
     147.0000000        2.2395439
     148.0000000        2.2606925
     149.0000000        2.2808967
     150.0000000        2.2950336
     151.0000000        2.2970519
     152.0000000        2.2810803
     153.0000000        2.2630236
     154.0000000        2.2508994
     155.0000000        2.2539119
     156.0000000        2.2577504
     157.0000000        2.2543140
     158.0000000        2.2379455
     159.0000000        2.2190631
     160.0000000        2.2047777
     161.0000000        2.2001621
     162.0000000        2.1970638
     163.0000000        2.1977679
     164.0000000        2.2010336
     165.0000000        2.2024378
     166.0000000        2.1994264
     167.0000000        2.1897472
     168.0000000        2.1773958
     169.0000000        2.1618394
     170.0000000        2.1496024
     171.0000000        2.1496793
     172.0000000        2.1562515
     173.0000000        2.1657462
     174.0000000        2.1691470
     175.0000000        2.1719703
     176.0000000        2.1782125
     177.0000000        2.1799292
     178.0000000        2.1836627
     179.0000000        2.1903938
     180.0000000        2.2042159
     181.0000000        2.2204691
     182.0000000        2.2307640
     183.0000000        2.2405182
     184.0000000        2.2481180
     185.0000000        2.2475750
     186.0000000        2.2374506
     187.0000000        2.2330513
     188.0000000        2.2440004
     189.0000000        2.2533265
     190.0000000        2.2480342
     191.0000000        2.2327872
     192.0000000        2.2173687
     193.0000000        2.2049181
     194.0000000        2.1881695
     195.0000000        2.1794540
     196.0000000        2.1928958
     197.0000000        2.2171964
     198.0000000        2.2420296
     199.0000000        2.2529817
     200.0000000        2.2439910
     201.0000000        2.2331176
     202.0000000        2.2240635
     203.0000000        2.2182185
     204.0000000        2.2210937
     205.0000000        2.2325680
     206.0000000        2.2482226
     207.0000000        2.2665747
     208.0000000        2.2796727
     209.0000000        2.2900181
     210.0000000        2.3063294
     211.0000000        2.3250742
     212.0000000        2.3426875
     213.0000000        2.3593327
     214.0000000        2.3790158
     215.0000000        2.3971468
     216.0000000        2.4053941
     217.0000000        2.4030244
     218.0000000        2.4007509
     219.0000000        2.3965983
     220.0000000        2.3839549
     221.0000000        2.3553358
     222.0000000        2.3224220
     223.0000000        2.2912326
     224.0000000        2.2557085
     225.0000000        2.2182660
     226.0000000        2.1979894
     227.0000000        2.1954284
     228.0000000        2.1880351
     229.0000000        2.1802716
     230.0000000        2.1817505
     231.0000000        2.1956459
     232.0000000        2.2206844
     233.0000000        2.2436833
     234.0000000        2.2512051
     235.0000000        2.2540408
     236.0000000        2.2640861
     237.0000000        2.2786291
     238.0000000        2.3017686
     239.0000000        2.3123716
     240.0000000        2.3169622
     241.0000000        2.3240080
     242.0000000        2.3283942
     243.0000000        2.3313218
     244.0000000        2.3309800
     245.0000000        2.3289757
     246.0000000        2.3257021
     247.0000000        2.3225206
     248.0000000        2.3172402
     249.0000000        2.3142597
     250.0000000        2.3042027
     251.0000000        2.2880900
     252.0000000        2.2746072
     253.0000000        2.2673877
     254.0000000        2.2705387
     255.0000000        2.2684882
     256.0000000        2.2663582
     257.0000000        2.2744012
     258.0000000        2.2994609
     259.0000000        2.3318160
     260.0000000        2.3399840
     261.0000000        2.3170361
     262.0000000        2.2882832
     263.0000000        2.2694585
     264.0000000        2.2587586
     265.0000000        2.2542827
     266.0000000        2.2633500
     267.0000000        2.2822249
     268.0000000        2.3070155
     269.0000000        2.3310709
     270.0000000        2.3600921
     271.0000000        2.3951736
     272.0000000        2.4111853
     273.0000000        2.3964006
     274.0000000        2.3641772
     275.0000000        2.3413420
     276.0000000        2.3324435
     277.0000000        2.3315099
     278.0000000        2.3202014
     279.0000000        2.3030726
     280.0000000        2.2932387
     281.0000000        2.2841521
     282.0000000        2.2669357
     283.0000000        2.2373116
     284.0000000        2.2094855
     285.0000000        2.1861680
     286.0000000        2.1767064
     287.0000000        2.1780761
     288.0000000        2.1839321
     289.0000000        2.1866461
     290.0000000        2.1842279
     291.0000000        2.1756804
     292.0000000        2.1694750
     293.0000000        2.1689260
     294.0000000        2.1711510
     295.0000000        2.1717476
     296.0000000        2.1801986
     297.0000000        2.1953157
     298.0000000        2.2053659
     299.0000000        2.2116155
     300.0000000        2.2215975
     301.0000000        2.2375211
     302.0000000        2.2528688
     303.0000000        2.2559720
     304.0000000        2.2531594
     305.0000000        2.2578514
     306.0000000        2.2590719
     307.0000000        2.2525780
     308.0000000        2.2508202
     309.0000000        2.2515081
     310.0000000        2.2474098
     311.0000000        2.2488336
     312.0000000        2.2561837
     313.0000000        2.2647432
     314.0000000        2.2717518
     315.0000000        2.2801976
     316.0000000        2.2922518
     317.0000000        2.3063308
     318.0000000        2.3115825
     319.0000000        2.3115776
     320.0000000        2.3175677
     321.0000000        2.3203127
     322.0000000        2.3269482
     323.0000000        2.3386275
     324.0000000        2.3473103
     325.0000000        2.3541323
     326.0000000        2.3619872
     327.0000000        2.3676082
     328.0000000        2.3643872
     329.0000000        2.3471744
     330.0000000        2.3352299
     331.0000000        2.3154806
     332.0000000        2.2858196
     333.0000000        2.2668447
     334.0000000        2.2613598
     335.0000000        2.2591814
     336.0000000        2.2568161
     337.0000000        2.2587307
     338.0000000        2.2686300
     339.0000000        2.2876973
     340.0000000        2.2992814
     341.0000000        2.3046898
     342.0000000        2.3143823
     343.0000000        2.3241482
     344.0000000        2.3221224
     345.0000000        2.3106208
     346.0000000        2.2971922
     347.0000000        2.2817108
     348.0000000        2.2780799
     349.0000000        2.2819470
     350.0000000        2.2809485
     351.0000000        2.2692572
     352.0000000        2.2563871
     353.0000000        2.2525947
     354.0000000        2.2597545
     355.0000000        2.2822803
     356.0000000        2.3008918
     357.0000000        2.3075099
     358.0000000        2.3094431
     359.0000000        2.2989538
     360.0000000        2.2697840
     361.0000000        2.2333373
     362.0000000        2.2057344
     363.0000000        2.1929572
     364.0000000        2.1905580
     365.0000000        2.2006019
     366.0000000        2.2259176
     367.0000000        2.2550984
     368.0000000        2.2787721
     369.0000000        2.2943488
     370.0000000        2.2972964
     371.0000000        2.2964648
     372.0000000        2.2980181
     373.0000000        2.2948152
     374.0000000        2.2934947
     375.0000000        2.3034887
     376.0000000        2.3171294
     377.0000000        2.3201259
     378.0000000        2.3135427
     379.0000000        2.2981667
     380.0000000        2.2783166
     381.0000000        2.2616539
     382.0000000        2.2454466
     383.0000000        2.2207506
     384.0000000        2.2045973
     385.0000000        2.2077104
     386.0000000        2.2222643
     387.0000000        2.2355244
     388.0000000        2.2528423
     389.0000000        2.2799947
     390.0000000        2.3017527
     391.0000000        2.3042048
     392.0000000        2.2934133
     393.0000000        2.2796173
     394.0000000        2.2684289
     395.0000000        2.2521635
     396.0000000        2.2426730
     397.0000000        2.2433551
     398.0000000        2.2463139
     399.0000000        2.2441340
     400.0000000        2.2420732
     401.0000000        2.2434445
     402.0000000        2.2535538
     403.0000000        2.2689990
     404.0000000        2.2831905
     405.0000000        2.2955067
     406.0000000        2.2995348
     407.0000000        2.2886636
     408.0000000        2.2765483
     409.0000000        2.2660105
     410.0000000        2.2454483
     411.0000000        2.2152927
     412.0000000        2.1876498
     413.0000000        2.1842397
     414.0000000        2.1854770
     415.0000000        2.1864530
     416.0000000        2.1938684
     417.0000000        2.2046310
     418.0000000        2.2122453
     419.0000000        2.2145204
     420.0000000        2.2131400
     421.0000000        2.2144335
     422.0000000        2.2196777
     423.0000000        2.2243845
     424.0000000        2.2255762
     425.0000000        2.2313233
     426.0000000        2.2420374
     427.0000000        2.2464188
     428.0000000        2.2430588
     429.0000000        2.2366991
     430.0000000        2.2328158
     431.0000000        2.2313715
     432.0000000        2.2236328
     433.0000000        2.2075194
     434.0000000        2.1869613
     435.0000000        2.1726198
     436.0000000        2.1681304
     437.0000000        2.1748104
     438.0000000        2.1821084
     439.0000000        2.1845927
     440.0000000        2.1789473
     441.0000000        2.1723566
     442.0000000        2.1683957
     443.0000000        2.1704947
     444.0000000        2.1801508
     445.0000000        2.1890606
     446.0000000        2.1902646
     447.0000000        2.1846430
     448.0000000        2.1796818
     449.0000000        2.1717138
     450.0000000        2.1630514
     451.0000000        2.1559600
     452.0000000        2.1515279
     453.0000000        2.1553475
     454.0000000        2.1628656
     455.0000000        2.1674282
     456.0000000        2.1660863
     457.0000000        2.1682706
     458.0000000        2.1785440
     459.0000000        2.1918959
     460.0000000        2.2075664
     461.0000000        2.2174211
     462.0000000        2.2215875
     463.0000000        2.2257567
     464.0000000        2.2233871
     465.0000000        2.2153244
     466.0000000        2.2159103
     467.0000000        2.2225364
     468.0000000        2.2303825
     469.0000000        2.2328369
     470.0000000        2.2292520
     471.0000000        2.2279837
     472.0000000        2.2378315
     473.0000000        2.2467985
     474.0000000        2.2400434
     475.0000000        2.2321826
     476.0000000        2.2356838
     477.0000000        2.2384218
     478.0000000        2.2377470
     479.0000000        2.2355973
     480.0000000        2.2389410
     481.0000000        2.2385766
     482.0000000        2.2324172
     483.0000000        2.2273002
     484.0000000        2.2310621
     485.0000000        2.2341006
     486.0000000        2.2365285
     487.0000000        2.2332133
     488.0000000        2.2281003
     489.0000000        2.2343802
     490.0000000        2.2406837
     491.0000000        2.2398079
     492.0000000        2.2437295
     493.0000000        2.2520693
     494.0000000        2.2619959
     495.0000000        2.2663283
     496.0000000        2.2542275
     497.0000000        2.2410859
     498.0000000        2.2257596
     499.0000000        2.2063856
     500.0000000        2.1884465
     501.0000000        2.1688857
     502.0000000        2.1521316
     503.0000000        2.1480990
     504.0000000        2.1513053
     505.0000000        2.1545885
     506.0000000        2.1538445
     507.0000000        2.1491625
     508.0000000        2.1420612
     509.0000000        2.1352803
     510.0000000        2.1296113
     511.0000000        2.1307391
     512.0000000        2.1357516
     513.0000000        2.1472980
     514.0000000        2.1634443
     515.0000000        2.1755948
     516.0000000        2.1878074
     517.0000000        2.2008157
     518.0000000        2.2192381
     519.0000000        2.2353979
     520.0000000        2.2538013
     521.0000000        2.2790436
     522.0000000        2.2976409
     523.0000000        2.2992490
     524.0000000        2.2980345
     525.0000000        2.2912029
     526.0000000        2.2799114
     527.0000000        2.2695119
     528.0000000        2.2693623
     529.0000000        2.2757195
     530.0000000        2.2847260
     531.0000000        2.2988906
     532.0000000        2.3106818
     533.0000000        2.3127609
     534.0000000        2.3002094
     535.0000000        2.2804429
     536.0000000        2.2626072
     537.0000000        2.2539215
     538.0000000        2.2540386
     539.0000000        2.2682807
     540.0000000        2.2847173
     541.0000000        2.2980205
     542.0000000        2.3042757
     543.0000000        2.3123558
     544.0000000        2.3143636
     545.0000000        2.3086732
     546.0000000        2.2938543
     547.0000000        2.2736548
     548.0000000        2.2568928
     549.0000000        2.2510520
     550.0000000        2.2540857
     551.0000000        2.2628224
     552.0000000        2.2675935
     553.0000000        2.2656134
     554.0000000        2.2596189
     555.0000000        2.2590878
     556.0000000        2.2561144
     557.0000000        2.2438818
     558.0000000        2.2305749
     559.0000000        2.2253052
     560.0000000        2.2331119
     561.0000000        2.2490459
     562.0000000        2.2664804
     563.0000000        2.2844922
     564.0000000        2.2937289
     565.0000000        2.2791805
     566.0000000        2.2573216
     567.0000000        2.2452310
     568.0000000        2.2405258
     569.0000000        2.2395530
     570.0000000        2.2405834
     571.0000000        2.2512062
     572.0000000        2.2575010
     573.0000000        2.2578343
     574.0000000        2.2604117
     575.0000000        2.2709458
     576.0000000        2.2745922
     577.0000000        2.2744054
     578.0000000        2.2791389
     579.0000000        2.2964961
     580.0000000        2.3200804
     581.0000000        2.3281431
     582.0000000        2.3356903
     583.0000000        2.3535141
     584.0000000        2.3633504
     585.0000000        2.3506140
     586.0000000        2.3226153
     587.0000000        2.2986174
     588.0000000        2.2851407
     589.0000000        2.2841182
     590.0000000        2.2837029
     591.0000000        2.2872156
     592.0000000        2.2949406
     593.0000000        2.2901790
     594.0000000        2.2695307
     595.0000000        2.2432514
     596.0000000        2.2212940
     597.0000000        2.2040677
     598.0000000        2.1942338
     599.0000000        2.1933415
     600.0000000        2.2050947
