       1.0000000        2.4516935
       2.0000000        2.4270549
       3.0000000        2.4168298
       4.0000000        2.4196810
       5.0000000        2.4267089
       6.0000000        2.4387119
       7.0000000        2.4543260
       8.0000000        2.4711635
       9.0000000        2.4857723
      10.0000000        2.5067214
      11.0000000        2.5214418
      12.0000000        2.5320171
      13.0000000        2.5403826
      14.0000000        2.5427406
      15.0000000        2.5535069
      16.0000000        2.5789087
      17.0000000        2.6107955
      18.0000000        2.6425671
      19.0000000        2.6777346
      20.0000000        2.7161978
      21.0000000        2.7539618
      22.0000000        2.7922786
      23.0000000        2.8314166
      24.0000000        2.8664546
      25.0000000        2.8966069
      26.0000000        2.9181691
      27.0000000        2.9327467
      28.0000000        2.9420132
      29.0000000        2.9378533
      30.0000000        2.9237098
      31.0000000        2.9087213
      32.0000000        2.8873004
      33.0000000        2.8605078
      34.0000000        2.8298787
      35.0000000        2.7968783
      36.0000000        2.7682956
      37.0000000        2.7481948
      38.0000000        2.7302951
      39.0000000        2.7260986
      40.0000000        2.7408388
      41.0000000        2.7703169
      42.0000000        2.8097892
      43.0000000        2.8700991
      44.0000000        2.9460364
      45.0000000        3.0329718
      46.0000000        3.1387976
      47.0000000        3.2566899
      48.0000000        3.3913410
      49.0000000        3.5336053
      50.0000000        3.6757714
      51.0000000        3.8234780
      52.0000000        3.9724349
      53.0000000        4.1314364
      54.0000000        4.2924937
      55.0000000        4.4401312
      56.0000000        4.5778818
      57.0000000        4.6819717
      58.0000000        4.7310795
      59.0000000        4.7262759
      60.0000000        4.7156626
      61.0000000        4.7042854
      62.0000000        4.6950114
      63.0000000        4.6901681
      64.0000000        4.7036642
      65.0000000        4.7046790
      66.0000000        4.6854388
      67.0000000        4.6658093
      68.0000000        4.6783279
      69.0000000        4.7168319
      70.0000000        4.7569069
      71.0000000        4.7781555
      72.0000000        4.7563386
      73.0000000        4.7070896
      74.0000000        4.6745546
      75.0000000        4.6550840
      76.0000000        4.6266916
      77.0000000        4.5940468
      78.0000000        4.5617993
      79.0000000        4.5425070
      80.0000000        4.5236704
      81.0000000        4.5117995
      82.0000000        4.4801272
      83.0000000        4.4320298
      84.0000000        4.3500311
      85.0000000        4.2536252
      86.0000000        4.1621417
      87.0000000        4.0745308
      88.0000000        4.0088667
      89.0000000        3.9459814
      90.0000000        3.8861064
      91.0000000        3.8458775
      92.0000000        3.8332527
      93.0000000        3.8455329
      94.0000000        3.9010683
      95.0000000        4.0111094
      96.0000000        4.1676505
      97.0000000        4.3541056
      98.0000000        4.5340759
      99.0000000        4.6976306
     100.0000000        4.8227355
     101.0000000        4.9020500
     102.0000000        4.9462193
     103.0000000        4.9667753
     104.0000000        4.9450014
     105.0000000        4.8616629
     106.0000000        4.7412250
     107.0000000        4.6232052
     108.0000000        4.5122263
     109.0000000        4.3847845
     110.0000000        4.2566933
     111.0000000        4.1459979
     112.0000000        4.0598309
     113.0000000        4.0026347
     114.0000000        3.9753117
     115.0000000        3.9572432
     116.0000000        3.9370319
     117.0000000        3.9065191
     118.0000000        3.8633231
     119.0000000        3.8165571
     120.0000000        3.7564340
     121.0000000        3.6864844
     122.0000000        3.6182168
     123.0000000        3.5331318
     124.0000000        3.4559654
     125.0000000        3.3975007
     126.0000000        3.3374064
     127.0000000        3.2846674
     128.0000000        3.2178861
     129.0000000        3.1374388
     130.0000000        3.0585722
     131.0000000        2.9861018
     132.0000000        2.9151985
     133.0000000        2.8431298
     134.0000000        2.7793891
     135.0000000        2.7167883
     136.0000000        2.6650839
     137.0000000        2.6198274
     138.0000000        2.5791253
     139.0000000        2.5498091
     140.0000000        2.5222888
     141.0000000        2.5039574
     142.0000000        2.5010261
     143.0000000        2.5047765
     144.0000000        2.5201636
     145.0000000        2.5331776
     146.0000000        2.5357378
     147.0000000        2.5329963
     148.0000000        2.5251139
     149.0000000        2.5109737
     150.0000000        2.4865762
     151.0000000        2.4535188
     152.0000000        2.4158996
     153.0000000        2.3728412
     154.0000000        2.3286456
     155.0000000        2.2855989
     156.0000000        2.2443013
     157.0000000        2.2084689
     158.0000000        2.1829526
     159.0000000        2.1574141
     160.0000000        2.1258467
     161.0000000        2.0882871
     162.0000000        2.0556254
     163.0000000        2.0239011
     164.0000000        1.9890306
     165.0000000        1.9489632
     166.0000000        1.9073714
     167.0000000        1.8598991
     168.0000000        1.8084447
     169.0000000        1.7543969
     170.0000000        1.6999489
     171.0000000        1.6442906
     172.0000000        1.5871994
     173.0000000        1.5328781
     174.0000000        1.4854309
     175.0000000        1.4416944
     176.0000000        1.4025817
     177.0000000        1.3673646
     178.0000000        1.3342636
     179.0000000        1.3037763
     180.0000000        1.2735586
     181.0000000        1.2429697
     182.0000000        1.2125652
     183.0000000        1.1831311
     184.0000000        1.1533273
     185.0000000        1.1226695
     186.0000000        1.0913921
     187.0000000        1.0590035
     188.0000000        1.0261527
     189.0000000        0.9930199
     190.0000000        0.9604438
     191.0000000        0.9289592
     192.0000000        0.8987198
     193.0000000        0.8697622
     194.0000000        0.8424502
     195.0000000        0.8168184
     196.0000000        0.7927297
     197.0000000        0.7700884
     198.0000000        0.7486288
     199.0000000        0.7281737
     200.0000000        0.7090388
     201.0000000        0.6914746
     202.0000000        0.6754443
     203.0000000        0.6608579
     204.0000000        0.6477009
     205.0000000        0.6359242
     206.0000000        0.6254867
     207.0000000        0.6163058
     208.0000000        0.6083611
     209.0000000        0.6016695
     210.0000000        0.5961497
     211.0000000        0.5917110
     212.0000000        0.5883147
     213.0000000        0.5859334
     214.0000000        0.5845763
     215.0000000        0.5842114
     216.0000000        0.5847993
     217.0000000        0.5863212
     218.0000000        0.5887282
     219.0000000        0.5918763
     220.0000000        0.5956339
     221.0000000        0.5999573
     222.0000000        0.6047661
     223.0000000        0.6100137
     224.0000000        0.6157371
     225.0000000        0.6220063
     226.0000000        0.6289344
     227.0000000        0.6366803
     228.0000000        0.6453540
     229.0000000        0.6549950
     230.0000000        0.6655457
     231.0000000        0.6768960
     232.0000000        0.6889814
     233.0000000        0.7018032
     234.0000000        0.7153844
     235.0000000        0.7297611
     236.0000000        0.7449140
     237.0000000        0.7607123
     238.0000000        0.7769924
     239.0000000        0.7935635
     240.0000000        0.8100913
     241.0000000        0.8262540
     242.0000000        0.8416310
     243.0000000        0.8556773
     244.0000000        0.8680590
     245.0000000        0.8784837
     246.0000000        0.8866868
     247.0000000        0.8925124
     248.0000000        0.8960114
     249.0000000        0.8974782
     250.0000000        0.8971286
     251.0000000        0.8953335
     252.0000000        0.8924942
     253.0000000        0.8889616
     254.0000000        0.8851310
     255.0000000        0.8813929
     256.0000000        0.8778984
     257.0000000        0.8747998
     258.0000000        0.8722524
     259.0000000        0.8703681
     260.0000000        0.8692877
     261.0000000        0.8688900
     262.0000000        0.8690636
     263.0000000        0.8696211
     264.0000000        0.8703664
     265.0000000        0.8712209
     266.0000000        0.8721516
     267.0000000        0.8730965
     268.0000000        0.8740676
     269.0000000        0.8750909
     270.0000000        0.8762653
     271.0000000        0.8778508
     272.0000000        0.8801145
     273.0000000        0.8832875
     274.0000000        0.8875456
     275.0000000        0.8930543
     276.0000000        0.8998537
     277.0000000        0.9079251
     278.0000000        0.9172759
     279.0000000        0.9279244
     280.0000000        0.9397194
     281.0000000        0.9525458
     282.0000000        0.9660987
     283.0000000        0.9801765
     284.0000000        0.9945673
     285.0000000        1.0091843
     286.0000000        1.0238337
     287.0000000        1.0382067
     288.0000000        1.0516540
     289.0000000        1.0633348
     290.0000000        1.0726721
     291.0000000        1.0791710
     292.0000000        1.0823621
     293.0000000        1.0821893
     294.0000000        1.0785571
     295.0000000        1.0716878
     296.0000000        1.0619028
     297.0000000        1.0497030
     298.0000000        1.0355802
     299.0000000        1.0198671
     300.0000000        1.0029932
     301.0000000        0.9857454
     302.0000000        0.9685459
     303.0000000        0.9518531
     304.0000000        0.9359703
     305.0000000        0.9209370
     306.0000000        0.9065878
     307.0000000        0.8930213
     308.0000000        0.8797298
     309.0000000        0.8662854
     310.0000000        0.8521898
     311.0000000        0.8372585
     312.0000000        0.8214898
     313.0000000        0.8047075
     314.0000000        0.7870633
     315.0000000        0.7690194
     316.0000000        0.7510488
     317.0000000        0.7333107
     318.0000000        0.7157377
     319.0000000        0.6983540
     320.0000000        0.6811441
     321.0000000        0.6640060
     322.0000000        0.6470830
     323.0000000        0.6305621
     324.0000000        0.6146955
     325.0000000        0.5996291
     326.0000000        0.5854081
     327.0000000        0.5720525
     328.0000000        0.5595271
     329.0000000        0.5477853
     330.0000000        0.5367794
     331.0000000        0.5264450
     332.0000000        0.5167611
     333.0000000        0.5077355
     334.0000000        0.4993051
     335.0000000        0.4913614
     336.0000000        0.4837947
     337.0000000        0.4764990
     338.0000000        0.4694208
     339.0000000        0.4625704
     340.0000000        0.4559873
     341.0000000        0.4497560
     342.0000000        0.4439647
     343.0000000        0.4386774
     344.0000000        0.4339603
     345.0000000        0.4298611
     346.0000000        0.4263705
     347.0000000        0.4234573
     348.0000000        0.4210907
     349.0000000        0.4192143
     350.0000000        0.4177676
     351.0000000        0.4167005
     352.0000000        0.4159420
     353.0000000        0.4153980
     354.0000000        0.4149790
     355.0000000        0.4145945
     356.0000000        0.4141497
     357.0000000        0.4135411
     358.0000000        0.4126731
     359.0000000        0.4114839
     360.0000000        0.4099351
     361.0000000        0.4080014
     362.0000000        0.4056696
     363.0000000        0.4029599
     364.0000000        0.3999394
     365.0000000        0.3966882
     366.0000000        0.3932738
     367.0000000        0.3897642
     368.0000000        0.3862254
     369.0000000        0.3827204
     370.0000000        0.3793140
     371.0000000        0.3760705
     372.0000000        0.3730501
     373.0000000        0.3702976
     374.0000000        0.3678410
     375.0000000        0.3656989
     376.0000000        0.3638907
     377.0000000        0.3624449
     378.0000000        0.3613940
     379.0000000        0.3607633
     380.0000000        0.3605661
     381.0000000        0.3608068
     382.0000000        0.3614803
     383.0000000        0.3625712
     384.0000000        0.3640490
     385.0000000        0.3658702
     386.0000000        0.3679806
     387.0000000        0.3703162
     388.0000000        0.3728095
     389.0000000        0.3753926
     390.0000000        0.3780025
     391.0000000        0.3805886
     392.0000000        0.3831183
     393.0000000        0.3855754
     394.0000000        0.3879569
     395.0000000        0.3902739
     396.0000000        0.3925545
     397.0000000        0.3948477
     398.0000000        0.3972227
     399.0000000        0.3997607
     400.0000000        0.4025482
     401.0000000        0.4056749
     402.0000000        0.4092152
     403.0000000        0.4132094
     404.0000000        0.4176746
     405.0000000        0.4226183
     406.0000000        0.4280159
     407.0000000        0.4338056
     408.0000000        0.4399244
     409.0000000        0.4463233
     410.0000000        0.4529519
     411.0000000        0.4597487
     412.0000000        0.4666450
     413.0000000        0.4735753
     414.0000000        0.4804856
     415.0000000        0.4873313
     416.0000000        0.4940695
     417.0000000        0.5006588
     418.0000000        0.5070673
     419.0000000        0.5132777
     420.0000000        0.5192873
     421.0000000        0.5251048
     422.0000000        0.5307545
     423.0000000        0.5362803
     424.0000000        0.5417276
     425.0000000        0.5471249
     426.0000000        0.5524853
     427.0000000        0.5578011
     428.0000000        0.5630470
     429.0000000        0.5681850
     430.0000000        0.5731826
     431.0000000        0.5780238
     432.0000000        0.5827059
     433.0000000        0.5872359
     434.0000000        0.5916309
     435.0000000        0.5958985
     436.0000000        0.6000345
     437.0000000        0.6040169
     438.0000000        0.6078193
     439.0000000        0.6114327
     440.0000000        0.6148858
     441.0000000        0.6182712
     442.0000000        0.6216778
     443.0000000        0.6251848
     444.0000000        0.6288466
     445.0000000        0.6327331
     446.0000000        0.6369705
     447.0000000        0.6416921
     448.0000000        0.6470204
     449.0000000        0.6531112
     450.0000000        0.6601651
     451.0000000        0.6682584
     452.0000000        0.6773101
     453.0000000        0.6872206
     454.0000000        0.6979405
     455.0000000        0.7094722
     456.0000000        0.7217929
     457.0000000        0.7347740
     458.0000000        0.7481959
     459.0000000        0.7619251
     460.0000000        0.7759227
     461.0000000        0.7901558
     462.0000000        0.8045012
     463.0000000        0.8188358
     464.0000000        0.8331833
     465.0000000        0.8475948
     466.0000000        0.8621453
     467.0000000        0.8769039
     468.0000000        0.8919821
     469.0000000        0.9074036
     470.0000000        0.9232019
     471.0000000        0.9395397
     472.0000000        0.9565871
     473.0000000        0.9745253
     474.0000000        0.9935160
     475.0000000        1.0136658
     476.0000000        1.0348662
     477.0000000        1.0567823
     478.0000000        1.0790526
     479.0000000        1.1010893
     480.0000000        1.1220819
     481.0000000        1.1414452
     482.0000000        1.1588311
     483.0000000        1.1738836
     484.0000000        1.1870929
     485.0000000        1.1986558
     486.0000000        1.2084678
     487.0000000        1.2164783
     488.0000000        1.2227527
     489.0000000        1.2279643
     490.0000000        1.2321266
     491.0000000        1.2349280
     492.0000000        1.2364760
     493.0000000        1.2363894
     494.0000000        1.2343911
     495.0000000        1.2306307
     496.0000000        1.2255360
     497.0000000        1.2184856
     498.0000000        1.2088025
     499.0000000        1.1969538
     500.0000000        1.1827265
     501.0000000        1.1657288
     502.0000000        1.1458047
     503.0000000        1.1228757
     504.0000000        1.0973907
     505.0000000        1.0702821
     506.0000000        1.0425359
     507.0000000        1.0151824
     508.0000000        0.9880064
     509.0000000        0.9606617
     510.0000000        0.9336749
     511.0000000        0.9080862
     512.0000000        0.8846195
     513.0000000        0.8630381
     514.0000000        0.8432251
     515.0000000        0.8249732
     516.0000000        0.8077656
     517.0000000        0.7911706
     518.0000000        0.7754959
     519.0000000        0.7609746
     520.0000000        0.7479408
     521.0000000        0.7362044
     522.0000000        0.7254903
     523.0000000        0.7155520
     524.0000000        0.7060368
     525.0000000        0.6967020
     526.0000000        0.6873265
     527.0000000        0.6778117
     528.0000000        0.6682285
     529.0000000        0.6586083
     530.0000000        0.6487813
     531.0000000        0.6388237
     532.0000000        0.6288020
     533.0000000        0.6187697
     534.0000000        0.6087697
     535.0000000        0.5988506
     536.0000000        0.5890472
     537.0000000        0.5794674
     538.0000000        0.5701759
     539.0000000        0.5611603
     540.0000000        0.5524328
     541.0000000        0.5439634
     542.0000000        0.5357135
     543.0000000        0.5276731
     544.0000000        0.5198489
     545.0000000        0.5122714
     546.0000000        0.5049820
     547.0000000        0.4979982
     548.0000000        0.4913383
     549.0000000        0.4850289
     550.0000000        0.4790671
     551.0000000        0.4734216
     552.0000000        0.4680652
     553.0000000        0.4629767
     554.0000000        0.4581439
     555.0000000        0.4535557
     556.0000000        0.4491878
     557.0000000        0.4450227
     558.0000000        0.4410474
     559.0000000        0.4372476
     560.0000000        0.4336170
     561.0000000        0.4301585
     562.0000000        0.4268844
     563.0000000        0.4238195
     564.0000000        0.4209980
     565.0000000        0.4184369
     566.0000000        0.4161343
     567.0000000        0.4140846
     568.0000000        0.4122821
     569.0000000        0.4107231
     570.0000000        0.4094124
     571.0000000        0.4083556
     572.0000000        0.4075554
     573.0000000        0.4070157
     574.0000000        0.4067434
     575.0000000        0.4067481
     576.0000000        0.4070304
     577.0000000        0.4075759
     578.0000000        0.4083606
     579.0000000        0.4093514
     580.0000000        0.4105077
     581.0000000        0.4117912
     582.0000000        0.4131702
     583.0000000        0.4146145
     584.0000000        0.4160905
     585.0000000        0.4175584
     586.0000000        0.4189766
     587.0000000        0.4202993
     588.0000000        0.4214726
     589.0000000        0.4224401
     590.0000000        0.4231534
     591.0000000        0.4235763
     592.0000000        0.4236790
     593.0000000        0.4234350
     594.0000000        0.4228237
     595.0000000        0.4218390
     596.0000000        0.4204952
     597.0000000        0.4188153
     598.0000000        0.4168247
     599.0000000        0.4145617
     600.0000000        0.4120600
