       1.0000000        0.8908821
       2.0000000        0.7750010
       3.0000000        0.6767874
       4.0000000        0.5892745
       5.0000000        0.5216147
       6.0000000        0.4686653
       7.0000000        0.4282720
       8.0000000        0.3949158
       9.0000000        0.3695926
      10.0000000        0.3490876
      11.0000000        0.3324231
      12.0000000        0.3171018
      13.0000000        0.3056523
      14.0000000        0.2966691
      15.0000000        0.2931683
      16.0000000        0.2869345
      17.0000000        0.2810129
      18.0000000        0.2755765
      19.0000000        0.2714827
      20.0000000        0.2712120
      21.0000000        0.2688564
      22.0000000        0.2664826
      23.0000000        0.2619120
      24.0000000        0.2591698
      25.0000000        0.2584306
      26.0000000        0.2603263
      27.0000000        0.2568395
      28.0000000        0.2545211
      29.0000000        0.2531093
      30.0000000        0.2508516
      31.0000000        0.2506657
      32.0000000        0.2533136
      33.0000000        0.2595881
      34.0000000        0.2603869
      35.0000000        0.2626806
      36.0000000        0.2644847
      37.0000000        0.2633064
      38.0000000        0.2585107
      39.0000000        0.2574772
      40.0000000        0.2576188
      41.0000000        0.2621688
      42.0000000        0.2657633
      43.0000000        0.2678059
      44.0000000        0.2729008
      45.0000000        0.2774448
      46.0000000        0.2869307
      47.0000000        0.2934396
      48.0000000        0.2952531
      49.0000000        0.2948888
      50.0000000        0.3009362
      51.0000000        0.3067152
      52.0000000        0.3134444
      53.0000000        0.3118687
      54.0000000        0.3023993
      55.0000000        0.2943912
      56.0000000        0.2821695
      57.0000000        0.2705166
      58.0000000        0.2688262
      59.0000000        0.2669548
      60.0000000        0.2610864
      61.0000000        0.2589494
      62.0000000        0.2563707
      63.0000000        0.2550832
      64.0000000        0.2581790
      65.0000000        0.2617157
      66.0000000        0.2666333
      67.0000000        0.2726730
      68.0000000        0.2789591
      69.0000000        0.2821491
      70.0000000        0.2850379
      71.0000000        0.2854226
      72.0000000        0.2903137
      73.0000000        0.2989157
      74.0000000        0.3008624
      75.0000000        0.2990831
      76.0000000        0.2953753
      77.0000000        0.2916971
      78.0000000        0.2892748
      79.0000000        0.2882063
      80.0000000        0.2867074
      81.0000000        0.2886750
      82.0000000        0.2898486
      83.0000000        0.2877044
      84.0000000        0.2894141
      85.0000000        0.2944269
      86.0000000        0.2959926
      87.0000000        0.2916571
      88.0000000        0.2860280
      89.0000000        0.2847488
      90.0000000        0.2855896
      91.0000000        0.2836209
      92.0000000        0.2806756
      93.0000000        0.2818140
      94.0000000        0.2871506
      95.0000000        0.2920531
      96.0000000        0.2943204
      97.0000000        0.2965883
      98.0000000        0.2975698
      99.0000000        0.2996125
     100.0000000        0.3056387
     101.0000000        0.3140321
     102.0000000        0.3191903
     103.0000000        0.3216247
     104.0000000        0.3292567
     105.0000000        0.3371603
     106.0000000        0.3372980
     107.0000000        0.3356005
     108.0000000        0.3392266
     109.0000000        0.3444667
     110.0000000        0.3471603
     111.0000000        0.3403392
     112.0000000        0.3339515
     113.0000000        0.3238058
     114.0000000        0.3138025
     115.0000000        0.3084579
     116.0000000        0.3040617
     117.0000000        0.3039357
     118.0000000        0.3035967
     119.0000000        0.3066283
     120.0000000        0.3100457
     121.0000000        0.3119459
     122.0000000        0.3125879
     123.0000000        0.3148673
     124.0000000        0.3187821
     125.0000000        0.3165703
     126.0000000        0.3181734
     127.0000000        0.3201641
     128.0000000        0.3148853
     129.0000000        0.3150386
     130.0000000        0.3158338
     131.0000000        0.3092973
     132.0000000        0.3064817
     133.0000000        0.3054694
     134.0000000        0.3064126
     135.0000000        0.3058892
     136.0000000        0.3020789
     137.0000000        0.2958365
     138.0000000        0.2845368
     139.0000000        0.2730335
     140.0000000        0.2702215
     141.0000000        0.2730327
     142.0000000        0.2708767
     143.0000000        0.2665231
     144.0000000        0.2651865
     145.0000000        0.2675915
     146.0000000        0.2700240
     147.0000000        0.2681573
     148.0000000        0.2693385
     149.0000000        0.2708394
     150.0000000        0.2743917
     151.0000000        0.2762952
     152.0000000        0.2761226
     153.0000000        0.2782367
     154.0000000        0.2807900
     155.0000000        0.2854663
     156.0000000        0.2874487
     157.0000000        0.2887618
     158.0000000        0.2902572
     159.0000000        0.2942467
     160.0000000        0.2963696
     161.0000000        0.3028373
     162.0000000        0.3097698
     163.0000000        0.3152528
     164.0000000        0.3217385
     165.0000000        0.3299777
     166.0000000        0.3372199
     167.0000000        0.3367904
     168.0000000        0.3305947
     169.0000000        0.3237835
     170.0000000        0.3177129
     171.0000000        0.3176325
     172.0000000        0.3164761
     173.0000000        0.3188410
     174.0000000        0.3188123
     175.0000000        0.3150353
     176.0000000        0.3087212
     177.0000000        0.3109714
     178.0000000        0.3136590
     179.0000000        0.3129636
     180.0000000        0.3141261
     181.0000000        0.3126552
     182.0000000        0.3093933
     183.0000000        0.3060825
     184.0000000        0.3040855
     185.0000000        0.3019019
     186.0000000        0.2942365
     187.0000000        0.2850670
     188.0000000        0.2762757
     189.0000000        0.2750139
     190.0000000        0.2783420
     191.0000000        0.2797636
     192.0000000        0.2745259
     193.0000000        0.2706078
     194.0000000        0.2684656
     195.0000000        0.2717772
     196.0000000        0.2738284
     197.0000000        0.2743378
     198.0000000        0.2708269
     199.0000000        0.2627031
     200.0000000        0.2565069
     201.0000000        0.2558717
     202.0000000        0.2585588
     203.0000000        0.2591558
     204.0000000        0.2607426
     205.0000000        0.2626997
     206.0000000        0.2641826
     207.0000000        0.2639361
     208.0000000        0.2630495
     209.0000000        0.2606924
     210.0000000        0.2609547
     211.0000000        0.2612188
     212.0000000        0.2610674
     213.0000000        0.2621994
     214.0000000        0.2588988
     215.0000000        0.2568004
     216.0000000        0.2559065
     217.0000000        0.2560453
     218.0000000        0.2576216
     219.0000000        0.2595162
     220.0000000        0.2642203
     221.0000000        0.2694811
     222.0000000        0.2768209
     223.0000000        0.2898390
     224.0000000        0.3054130
     225.0000000        0.3206651
     226.0000000        0.3324880
     227.0000000        0.3380403
     228.0000000        0.3430790
     229.0000000        0.3402797
     230.0000000        0.3360567
     231.0000000        0.3293658
     232.0000000        0.3213079
     233.0000000        0.3159509
     234.0000000        0.3134801
     235.0000000        0.3106561
     236.0000000        0.3055390
     237.0000000        0.2987140
     238.0000000        0.3006236
     239.0000000        0.3105220
     240.0000000        0.3155542
     241.0000000        0.3185106
     242.0000000        0.3154071
     243.0000000        0.3117337
     244.0000000        0.3068118
     245.0000000        0.3009083
     246.0000000        0.2954183
     247.0000000        0.2948660
     248.0000000        0.3001719
     249.0000000        0.3032207
     250.0000000        0.3069382
     251.0000000        0.3100237
     252.0000000        0.3154182
     253.0000000        0.3194267
     254.0000000        0.3202203
     255.0000000        0.3170606
     256.0000000        0.3101118
     257.0000000        0.3053447
     258.0000000        0.3042422
     259.0000000        0.3031556
     260.0000000        0.3042932
     261.0000000        0.3073610
     262.0000000        0.3132014
     263.0000000        0.3150545
     264.0000000        0.3127446
     265.0000000        0.3118079
     266.0000000        0.3115686
     267.0000000        0.3137756
     268.0000000        0.3122199
     269.0000000        0.3109087
     270.0000000        0.3097150
     271.0000000        0.3095200
     272.0000000        0.3082739
     273.0000000        0.3038755
     274.0000000        0.2980203
     275.0000000        0.2874667
     276.0000000        0.2816322
     277.0000000        0.2754399
     278.0000000        0.2712134
     279.0000000        0.2704917
     280.0000000        0.2737912
     281.0000000        0.2796569
     282.0000000        0.2861482
     283.0000000        0.2981333
     284.0000000        0.3126856
     285.0000000        0.3252035
     286.0000000        0.3313116
     287.0000000        0.3253118
     288.0000000        0.3205769
     289.0000000        0.3216407
     290.0000000        0.3248702
     291.0000000        0.3262337
     292.0000000        0.3276227
     293.0000000        0.3235830
     294.0000000        0.3177719
     295.0000000        0.3105807
     296.0000000        0.2988284
     297.0000000        0.2899129
     298.0000000        0.2821895
     299.0000000        0.2767071
     300.0000000        0.2733446
     301.0000000        0.2751540
     302.0000000        0.2784704
     303.0000000        0.2847875
     304.0000000        0.2890711
     305.0000000        0.2939305
     306.0000000        0.2965243
     307.0000000        0.2933346
     308.0000000        0.2932582
     309.0000000        0.2922965
     310.0000000        0.2912058
     311.0000000        0.2871742
     312.0000000        0.2798548
     313.0000000        0.2763425
     314.0000000        0.2752979
     315.0000000        0.2764085
     316.0000000        0.2734013
     317.0000000        0.2703812
     318.0000000        0.2687918
     319.0000000        0.2687391
     320.0000000        0.2687851
     321.0000000        0.2677366
     322.0000000        0.2632342
     323.0000000        0.2613673
     324.0000000        0.2601120
     325.0000000        0.2617065
     326.0000000        0.2644619
     327.0000000        0.2692442
     328.0000000        0.2737114
     329.0000000        0.2742584
     330.0000000        0.2768148
     331.0000000        0.2802596
     332.0000000        0.2827721
     333.0000000        0.2841053
     334.0000000        0.2820247
     335.0000000        0.2764587
     336.0000000        0.2742630
     337.0000000        0.2718937
     338.0000000        0.2709292
     339.0000000        0.2688719
     340.0000000        0.2672835
     341.0000000        0.2700878
     342.0000000        0.2715048
     343.0000000        0.2721267
     344.0000000        0.2691963
     345.0000000        0.2664804
     346.0000000        0.2644264
     347.0000000        0.2675795
     348.0000000        0.2741974
     349.0000000        0.2788605
     350.0000000        0.2797857
     351.0000000        0.2803993
     352.0000000        0.2804794
     353.0000000        0.2853765
     354.0000000        0.2953282
     355.0000000        0.3015887
     356.0000000        0.3060810
     357.0000000        0.3039752
     358.0000000        0.3052594
     359.0000000        0.3069601
     360.0000000        0.3092339
     361.0000000        0.3130491
     362.0000000        0.3151436
     363.0000000        0.3179887
     364.0000000        0.3138233
     365.0000000        0.3097293
     366.0000000        0.3080240
     367.0000000        0.3039133
     368.0000000        0.2997822
     369.0000000        0.2939283
     370.0000000        0.2922969
     371.0000000        0.2913065
     372.0000000        0.2909740
     373.0000000        0.2977862
     374.0000000        0.3025259
     375.0000000        0.3079226
     376.0000000        0.3111306
     377.0000000        0.3142170
     378.0000000        0.3201717
     379.0000000        0.3160847
     380.0000000        0.3065170
     381.0000000        0.2991076
     382.0000000        0.2918164
     383.0000000        0.2901821
     384.0000000        0.2907827
     385.0000000        0.2904827
     386.0000000        0.2910864
     387.0000000        0.2966960
     388.0000000        0.2947749
     389.0000000        0.2910622
     390.0000000        0.2845957
     391.0000000        0.2842546
     392.0000000        0.2849696
     393.0000000        0.2830508
     394.0000000        0.2840049
     395.0000000        0.2818818
     396.0000000        0.2797419
     397.0000000        0.2750299
     398.0000000        0.2698353
     399.0000000        0.2645769
     400.0000000        0.2629373
     401.0000000        0.2650974
     402.0000000        0.2704483
     403.0000000        0.2745848
     404.0000000        0.2733400
     405.0000000        0.2672911
     406.0000000        0.2693371
     407.0000000        0.2731730
     408.0000000        0.2792988
     409.0000000        0.2822802
     410.0000000        0.2910694
     411.0000000        0.3004126
     412.0000000        0.3065779
     413.0000000        0.3068998
     414.0000000        0.3052173
     415.0000000        0.3065619
     416.0000000        0.3061107
     417.0000000        0.3049370
     418.0000000        0.3077462
     419.0000000        0.3072410
     420.0000000        0.3043969
     421.0000000        0.3002983
     422.0000000        0.2980388
     423.0000000        0.2957737
     424.0000000        0.2952415
     425.0000000        0.2953961
     426.0000000        0.2960374
     427.0000000        0.2935092
     428.0000000        0.2873493
     429.0000000        0.2814771
     430.0000000        0.2785415
     431.0000000        0.2787044
     432.0000000        0.2739662
     433.0000000        0.2675276
     434.0000000        0.2594525
     435.0000000        0.2539636
     436.0000000        0.2514832
     437.0000000        0.2516997
     438.0000000        0.2535490
     439.0000000        0.2522451
     440.0000000        0.2470139
     441.0000000        0.2442904
     442.0000000        0.2493822
     443.0000000        0.2577116
     444.0000000        0.2651997
     445.0000000        0.2714293
     446.0000000        0.2721052
     447.0000000        0.2736087
     448.0000000        0.2781736
     449.0000000        0.2827454
     450.0000000        0.2812698
     451.0000000        0.2807491
     452.0000000        0.2827752
     453.0000000        0.2833830
     454.0000000        0.2812170
     455.0000000        0.2813793
     456.0000000        0.2867160
     457.0000000        0.2882127
     458.0000000        0.2929717
     459.0000000        0.3037151
     460.0000000        0.3110454
     461.0000000        0.3140260
     462.0000000        0.3160288
     463.0000000        0.3203033
     464.0000000        0.3214728
     465.0000000        0.3195795
     466.0000000        0.3135243
     467.0000000        0.3170773
     468.0000000        0.3222838
     469.0000000        0.3272960
     470.0000000        0.3330620
     471.0000000        0.3352934
     472.0000000        0.3327295
     473.0000000        0.3315820
     474.0000000        0.3320978
     475.0000000        0.3180890
     476.0000000        0.3054439
     477.0000000        0.3005614
     478.0000000        0.2932474
     479.0000000        0.2888844
     480.0000000        0.2857979
     481.0000000        0.2827479
     482.0000000        0.2834580
     483.0000000        0.2845650
     484.0000000        0.2871645
     485.0000000        0.2875268
     486.0000000        0.2859714
     487.0000000        0.2855008
     488.0000000        0.2892548
     489.0000000        0.2916689
     490.0000000        0.2903061
     491.0000000        0.2924593
     492.0000000        0.2970539
     493.0000000        0.3050909
     494.0000000        0.3127292
     495.0000000        0.3181902
     496.0000000        0.3304851
     497.0000000        0.3375301
     498.0000000        0.3336628
     499.0000000        0.3238134
     500.0000000        0.3147055
     501.0000000        0.3116982
     502.0000000        0.3099988
     503.0000000        0.3077775
     504.0000000        0.3093783
     505.0000000        0.3126967
     506.0000000        0.3168593
     507.0000000        0.3174408
     508.0000000        0.3099150
     509.0000000        0.2981357
     510.0000000        0.2913187
     511.0000000        0.2911800
     512.0000000        0.2914903
     513.0000000        0.2914797
     514.0000000        0.2895814
     515.0000000        0.2882723
     516.0000000        0.2876859
     517.0000000        0.2833385
     518.0000000        0.2748740
     519.0000000        0.2724899
     520.0000000        0.2702102
     521.0000000        0.2672957
     522.0000000        0.2665756
     523.0000000        0.2625330
     524.0000000        0.2568844
     525.0000000        0.2565015
     526.0000000        0.2543038
     527.0000000        0.2516460
     528.0000000        0.2528839
     529.0000000        0.2578359
     530.0000000        0.2589246
     531.0000000        0.2590630
     532.0000000        0.2611005
     533.0000000        0.2644064
     534.0000000        0.2666415
     535.0000000        0.2695266
     536.0000000        0.2733604
     537.0000000        0.2801635
     538.0000000        0.2840091
     539.0000000        0.2878136
     540.0000000        0.2936670
     541.0000000        0.2952097
     542.0000000        0.2985667
     543.0000000        0.2992775
     544.0000000        0.3025061
     545.0000000        0.3101515
     546.0000000        0.3179270
     547.0000000        0.3156093
     548.0000000        0.3129993
     549.0000000        0.3135714
     550.0000000        0.3144796
     551.0000000        0.3153873
     552.0000000        0.3146613
     553.0000000        0.3108642
     554.0000000        0.3060324
     555.0000000        0.2974968
     556.0000000        0.2936630
     557.0000000        0.2905557
     558.0000000        0.2908576
     559.0000000        0.2960927
     560.0000000        0.2963150
     561.0000000        0.2975368
     562.0000000        0.2958040
     563.0000000        0.2921371
     564.0000000        0.2912182
     565.0000000        0.2919955
     566.0000000        0.2942637
     567.0000000        0.2921017
     568.0000000        0.2936545
     569.0000000        0.2994033
     570.0000000        0.3069410
     571.0000000        0.3085467
     572.0000000        0.3114293
     573.0000000        0.3199187
     574.0000000        0.3233157
     575.0000000        0.3256834
     576.0000000        0.3315582
     577.0000000        0.3329058
     578.0000000        0.3272981
     579.0000000        0.3233905
     580.0000000        0.3175405
     581.0000000        0.3202811
     582.0000000        0.3205705
     583.0000000        0.3173286
     584.0000000        0.3141358
     585.0000000        0.3144920
     586.0000000        0.3145736
     587.0000000        0.3125100
     588.0000000        0.3129790
     589.0000000        0.3162710
     590.0000000        0.3215452
     591.0000000        0.3274676
     592.0000000        0.3269654
     593.0000000        0.3206616
     594.0000000        0.3108271
     595.0000000        0.2996338
     596.0000000        0.2930258
     597.0000000        0.2862821
     598.0000000        0.2852053
     599.0000000        0.2837653
     600.0000000        0.2847505
