       1.0000000        2.3843709
       2.0000000        2.3790561
       3.0000000        2.3774039
       4.0000000        2.3703905
       5.0000000        2.3600714
       6.0000000        2.3551847
       7.0000000        2.3563094
       8.0000000        2.3625288
       9.0000000        2.3671217
      10.0000000        2.3678936
      11.0000000        2.3720894
      12.0000000        2.3863335
      13.0000000        2.4090843
      14.0000000        2.4375416
      15.0000000        2.4550369
      16.0000000        2.4613779
      17.0000000        2.4734354
      18.0000000        2.4926914
      19.0000000        2.5257166
      20.0000000        2.5620472
      21.0000000        2.5745729
      22.0000000        2.5650951
      23.0000000        2.5447594
      24.0000000        2.5227487
      25.0000000        2.5081342
      26.0000000        2.5052425
      27.0000000        2.4835040
      28.0000000        2.4417651
      29.0000000        2.3971376
      30.0000000        2.3741045
      31.0000000        2.3712776
      32.0000000        2.3755587
      33.0000000        2.3773617
      34.0000000        2.3698467
      35.0000000        2.3570383
      36.0000000        2.3470626
      37.0000000        2.3460953
      38.0000000        2.3488196
      39.0000000        2.3515878
      40.0000000        2.3503517
      41.0000000        2.3458897
      42.0000000        2.3413496
      43.0000000        2.3409234
      44.0000000        2.3382812
      45.0000000        2.3394563
      46.0000000        2.3435191
      47.0000000        2.3548832
      48.0000000        2.3725569
      49.0000000        2.3854131
      50.0000000        2.3938912
      51.0000000        2.4048170
      52.0000000        2.4098273
      53.0000000        2.4054712
      54.0000000        2.4007754
      55.0000000        2.4006637
      56.0000000        2.4013318
      57.0000000        2.3992531
      58.0000000        2.4005573
      59.0000000        2.4031101
      60.0000000        2.4087365
      61.0000000        2.4129549
      62.0000000        2.4082749
      63.0000000        2.4026857
      64.0000000        2.3954971
      65.0000000        2.3940394
      66.0000000        2.3915034
      67.0000000        2.3849880
      68.0000000        2.3752233
      69.0000000        2.3671651
      70.0000000        2.3716447
      71.0000000        2.3872773
      72.0000000        2.4039758
      73.0000000        2.4073391
      74.0000000        2.3966539
      75.0000000        2.3801725
      76.0000000        2.3614304
      77.0000000        2.3529431
      78.0000000        2.3600945
      79.0000000        2.3788607
      80.0000000        2.3987454
      81.0000000        2.4147593
      82.0000000        2.4174999
      83.0000000        2.4056369
      84.0000000        2.4005873
      85.0000000        2.4154692
      86.0000000        2.4370154
      87.0000000        2.4477955
      88.0000000        2.4448567
      89.0000000        2.4486627
      90.0000000        2.4611228
      91.0000000        2.4671779
      92.0000000        2.4513917
      93.0000000        2.4250386
      94.0000000        2.4073337
      95.0000000        2.4000963
      96.0000000        2.4072073
      97.0000000        2.4253145
      98.0000000        2.4318545
      99.0000000        2.4242389
     100.0000000        2.4168287
     101.0000000        2.4042157
     102.0000000        2.3906239
     103.0000000        2.3902367
     104.0000000        2.4033893
     105.0000000        2.4210628
     106.0000000        2.4288039
     107.0000000        2.4235080
     108.0000000        2.3938094
     109.0000000        2.3547007
     110.0000000        2.3348973
     111.0000000        2.3310131
     112.0000000        2.3316495
     113.0000000        2.3301402
     114.0000000        2.3207505
     115.0000000        2.3099153
     116.0000000        2.2989323
     117.0000000        2.2885657
     118.0000000        2.2780020
     119.0000000        2.2622859
     120.0000000        2.2467820
     121.0000000        2.2438900
     122.0000000        2.2532236
     123.0000000        2.2719488
     124.0000000        2.3005635
     125.0000000        2.3297830
     126.0000000        2.3513737
     127.0000000        2.3591453
     128.0000000        2.3547361
     129.0000000        2.3469978
     130.0000000        2.3468636
     131.0000000        2.3516854
     132.0000000        2.3516773
     133.0000000        2.3537056
     134.0000000        2.3542316
     135.0000000        2.3515070
     136.0000000        2.3491843
     137.0000000        2.3486198
     138.0000000        2.3587031
     139.0000000        2.3697380
     140.0000000        2.3697964
     141.0000000        2.3600317
     142.0000000        2.3534585
     143.0000000        2.3611110
     144.0000000        2.3814617
     145.0000000        2.3959820
     146.0000000        2.3959613
     147.0000000        2.3887608
     148.0000000        2.3846983
     149.0000000        2.3848392
     150.0000000        2.3795731
     151.0000000        2.3737793
     152.0000000        2.3734121
     153.0000000        2.3838464
     154.0000000        2.3970639
     155.0000000        2.4094706
     156.0000000        2.4111102
     157.0000000        2.4013332
     158.0000000        2.3828591
     159.0000000        2.3640429
     160.0000000        2.3519793
     161.0000000        2.3554221
     162.0000000        2.3616550
     163.0000000        2.3652623
     164.0000000        2.3727621
     165.0000000        2.3848548
     166.0000000        2.3977173
     167.0000000        2.4099007
     168.0000000        2.4199673
     169.0000000        2.4162617
     170.0000000        2.4020542
     171.0000000        2.4019620
     172.0000000        2.4163140
     173.0000000        2.4221121
     174.0000000        2.4198315
     175.0000000        2.4207575
     176.0000000        2.4329443
     177.0000000        2.4467464
     178.0000000        2.4478768
     179.0000000        2.4346328
     180.0000000        2.4212437
     181.0000000        2.4098750
     182.0000000        2.3940292
     183.0000000        2.3708702
     184.0000000        2.3531020
     185.0000000        2.3515350
     186.0000000        2.3515336
     187.0000000        2.3464521
     188.0000000        2.3521526
     189.0000000        2.3773983
     190.0000000        2.3939821
     191.0000000        2.4043097
     192.0000000        2.4173264
     193.0000000        2.4194764
     194.0000000        2.4148010
     195.0000000        2.4072199
     196.0000000        2.3911856
     197.0000000        2.3769210
     198.0000000        2.3781694
     199.0000000        2.3896926
     200.0000000        2.4006841
     201.0000000        2.3963319
     202.0000000        2.3825626
     203.0000000        2.3788828
     204.0000000        2.3944037
     205.0000000        2.4113855
     206.0000000        2.4216713
     207.0000000        2.4330971
     208.0000000        2.4474306
     209.0000000        2.4648871
     210.0000000        2.4787647
     211.0000000        2.4942761
     212.0000000        2.4984198
     213.0000000        2.4885455
     214.0000000        2.4750085
     215.0000000        2.4682124
     216.0000000        2.4586595
     217.0000000        2.4464744
     218.0000000        2.4402375
     219.0000000        2.4401646
     220.0000000        2.4471880
     221.0000000        2.4562574
     222.0000000        2.4500040
     223.0000000        2.4210469
     224.0000000        2.3862980
     225.0000000        2.3680365
     226.0000000        2.3634778
     227.0000000        2.3748606
     228.0000000        2.3978097
     229.0000000        2.4170142
     230.0000000        2.4161713
     231.0000000        2.4013617
     232.0000000        2.3776661
     233.0000000        2.3639149
     234.0000000        2.3560147
     235.0000000        2.3485098
     236.0000000        2.3419500
     237.0000000        2.3410505
     238.0000000        2.3446683
     239.0000000        2.3687984
     240.0000000        2.4111332
     241.0000000        2.4479104
     242.0000000        2.4742700
     243.0000000        2.4970502
     244.0000000        2.5093003
     245.0000000        2.5114019
     246.0000000        2.5219745
     247.0000000        2.5324870
     248.0000000        2.5290746
     249.0000000        2.5167349
     250.0000000        2.4990984
     251.0000000        2.4864488
     252.0000000        2.4887884
     253.0000000        2.5010900
     254.0000000        2.5115080
     255.0000000        2.5165091
     256.0000000        2.5250071
     257.0000000        2.5442768
     258.0000000        2.5569677
     259.0000000        2.5405668
     260.0000000        2.5223014
     261.0000000        2.5167136
     262.0000000        2.5193699
     263.0000000        2.5155758
     264.0000000        2.5078554
     265.0000000        2.5044635
     266.0000000        2.5004816
     267.0000000        2.4897024
     268.0000000        2.4717697
     269.0000000        2.4478590
     270.0000000        2.4235548
     271.0000000        2.4051431
     272.0000000        2.3900712
     273.0000000        2.3697120
     274.0000000        2.3448991
     275.0000000        2.3175349
     276.0000000        2.3035296
     277.0000000        2.3003894
     278.0000000        2.2949499
     279.0000000        2.2848865
     280.0000000        2.2853532
     281.0000000        2.3065186
     282.0000000        2.3418230
     283.0000000        2.3810600
     284.0000000        2.4103147
     285.0000000        2.4317169
     286.0000000        2.4534363
     287.0000000        2.4572637
     288.0000000        2.4367076
     289.0000000        2.4118983
     290.0000000        2.4024902
     291.0000000        2.4073796
     292.0000000        2.4125194
     293.0000000        2.4058049
     294.0000000        2.3955028
     295.0000000        2.3941353
     296.0000000        2.3957397
     297.0000000        2.3939731
     298.0000000        2.3838362
     299.0000000        2.3728057
     300.0000000        2.3736165
     301.0000000        2.3869381
     302.0000000        2.4033406
     303.0000000        2.4152949
     304.0000000        2.4166086
     305.0000000        2.4012407
     306.0000000        2.3863207
     307.0000000        2.3788392
     308.0000000        2.3675899
     309.0000000        2.3564402
     310.0000000        2.3528304
     311.0000000        2.3563511
     312.0000000        2.3611444
     313.0000000        2.3709343
     314.0000000        2.3889393
     315.0000000        2.4074630
     316.0000000        2.4108611
     317.0000000        2.4042100
     318.0000000        2.4110519
     319.0000000        2.4256803
     320.0000000        2.4310398
     321.0000000        2.4311706
     322.0000000        2.4272322
     323.0000000        2.4286761
     324.0000000        2.4348688
     325.0000000        2.4310957
     326.0000000        2.4128532
     327.0000000        2.3908084
     328.0000000        2.3672988
     329.0000000        2.3422503
     330.0000000        2.3205182
     331.0000000        2.3107219
     332.0000000        2.3239778
     333.0000000        2.3478593
     334.0000000        2.3773211
     335.0000000        2.4109490
     336.0000000        2.4479860
     337.0000000        2.4848545
     338.0000000        2.5064558
     339.0000000        2.5217748
     340.0000000        2.5344465
     341.0000000        2.5464750
     342.0000000        2.5544198
     343.0000000        2.5466224
     344.0000000        2.5163231
     345.0000000        2.4797105
     346.0000000        2.4429985
     347.0000000        2.4049925
     348.0000000        2.3773264
     349.0000000        2.3634402
     350.0000000        2.3639560
     351.0000000        2.3711985
     352.0000000        2.3701500
     353.0000000        2.3603284
     354.0000000        2.3534620
     355.0000000        2.3538214
     356.0000000        2.3578669
     357.0000000        2.3633008
     358.0000000        2.3634621
     359.0000000        2.3650225
     360.0000000        2.3794717
     361.0000000        2.3857113
     362.0000000        2.3669448
     363.0000000        2.3463875
     364.0000000        2.3423559
     365.0000000        2.3521279
     366.0000000        2.3637000
     367.0000000        2.3750841
     368.0000000        2.3755623
     369.0000000        2.3670549
     370.0000000        2.3727283
     371.0000000        2.3905966
     372.0000000        2.4027857
     373.0000000        2.4051487
     374.0000000        2.4035026
     375.0000000        2.4017620
     376.0000000        2.3964715
     377.0000000        2.3883399
     378.0000000        2.3916868
     379.0000000        2.4076419
     380.0000000        2.4125417
     381.0000000        2.4029209
     382.0000000        2.3927215
     383.0000000        2.3898306
     384.0000000        2.3915537
     385.0000000        2.3868719
     386.0000000        2.3892330
     387.0000000        2.4027514
     388.0000000        2.4149321
     389.0000000        2.4115522
     390.0000000        2.4028666
     391.0000000        2.4002559
     392.0000000        2.3980497
     393.0000000        2.3968571
     394.0000000        2.3947201
     395.0000000        2.3927111
     396.0000000        2.3928520
     397.0000000        2.3955167
     398.0000000        2.3906568
     399.0000000        2.3767172
     400.0000000        2.3667912
     401.0000000        2.3621281
     402.0000000        2.3616043
     403.0000000        2.3680475
     404.0000000        2.3798513
     405.0000000        2.3906707
     406.0000000        2.3941510
     407.0000000        2.3949067
     408.0000000        2.4097677
     409.0000000        2.4418259
     410.0000000        2.4727030
     411.0000000        2.4892552
     412.0000000        2.4790372
     413.0000000        2.4473246
     414.0000000        2.4236310
     415.0000000        2.4096265
     416.0000000        2.3913913
     417.0000000        2.3802335
     418.0000000        2.3708116
     419.0000000        2.3640720
     420.0000000        2.3642181
     421.0000000        2.3746361
     422.0000000        2.3967978
     423.0000000        2.4187830
     424.0000000        2.4338863
     425.0000000        2.4435533
     426.0000000        2.4510236
     427.0000000        2.4521628
     428.0000000        2.4393675
     429.0000000        2.4202534
     430.0000000        2.4114650
     431.0000000        2.4084391
     432.0000000        2.4125502
     433.0000000        2.4152618
     434.0000000        2.4242602
     435.0000000        2.4426638
     436.0000000        2.4520760
     437.0000000        2.4539533
     438.0000000        2.4549209
     439.0000000        2.4588632
     440.0000000        2.4544664
     441.0000000        2.4470556
     442.0000000        2.4428888
     443.0000000        2.4329248
     444.0000000        2.4143301
     445.0000000        2.3997986
     446.0000000        2.4061937
     447.0000000        2.4267642
     448.0000000        2.4417460
     449.0000000        2.4381009
     450.0000000        2.4245835
     451.0000000        2.4069286
     452.0000000        2.3867177
     453.0000000        2.3679387
     454.0000000        2.3602903
     455.0000000        2.3670629
     456.0000000        2.3820541
     457.0000000        2.3921805
     458.0000000        2.3957508
     459.0000000        2.3975676
     460.0000000        2.3965356
     461.0000000        2.3966485
     462.0000000        2.4004018
     463.0000000        2.4163383
     464.0000000        2.4333632
     465.0000000        2.4323330
     466.0000000        2.4281454
     467.0000000        2.4428533
     468.0000000        2.4576560
     469.0000000        2.4580974
     470.0000000        2.4449708
     471.0000000        2.4243074
     472.0000000        2.4056908
     473.0000000        2.3912608
     474.0000000        2.3823140
     475.0000000        2.3756495
     476.0000000        2.3722283
     477.0000000        2.3879469
     478.0000000        2.4103151
     479.0000000        2.4324469
     480.0000000        2.4561722
     481.0000000        2.4815196
     482.0000000        2.5011989
     483.0000000        2.5035896
     484.0000000        2.4901355
     485.0000000        2.4662327
     486.0000000        2.4395600
     487.0000000        2.4132818
     488.0000000        2.3882453
     489.0000000        2.3596172
     490.0000000        2.3343847
     491.0000000        2.3122020
     492.0000000        2.2965695
     493.0000000        2.2856656
     494.0000000        2.2839707
     495.0000000        2.2895851
     496.0000000        2.2960563
     497.0000000        2.3075809
     498.0000000        2.3219249
     499.0000000        2.3314771
     500.0000000        2.3390398
     501.0000000        2.3482682
     502.0000000        2.3446585
     503.0000000        2.3335029
     504.0000000        2.3249557
     505.0000000        2.3255439
     506.0000000        2.3362511
     507.0000000        2.3467735
     508.0000000        2.3616689
     509.0000000        2.3880502
     510.0000000        2.4091541
     511.0000000        2.4044976
     512.0000000        2.3833597
     513.0000000        2.3729779
     514.0000000        2.3682085
     515.0000000        2.3573846
     516.0000000        2.3473140
     517.0000000        2.3458301
     518.0000000        2.3491734
     519.0000000        2.3514039
     520.0000000        2.3579781
     521.0000000        2.3693947
     522.0000000        2.3762152
     523.0000000        2.3797446
     524.0000000        2.3774671
     525.0000000        2.3696813
     526.0000000        2.3590273
     527.0000000        2.3583634
     528.0000000        2.3565813
     529.0000000        2.3547948
     530.0000000        2.3557013
     531.0000000        2.3643354
     532.0000000        2.3892173
     533.0000000        2.4125669
     534.0000000        2.4258691
     535.0000000        2.4295492
     536.0000000        2.4212118
     537.0000000        2.3923141
     538.0000000        2.3510980
     539.0000000        2.3237017
     540.0000000        2.3130848
     541.0000000        2.3155469
     542.0000000        2.3259543
     543.0000000        2.3279367
     544.0000000        2.3142718
     545.0000000        2.3001767
     546.0000000        2.2968759
     547.0000000        2.3078543
     548.0000000        2.3247994
     549.0000000        2.3408761
     550.0000000        2.3525637
     551.0000000        2.3621426
     552.0000000        2.3711467
     553.0000000        2.3680366
     554.0000000        2.3475327
     555.0000000        2.3207042
     556.0000000        2.3010805
     557.0000000        2.2976001
     558.0000000        2.3044125
     559.0000000        2.3145751
     560.0000000        2.3217328
     561.0000000        2.3184633
     562.0000000        2.3128213
     563.0000000        2.3168838
     564.0000000        2.3170125
     565.0000000        2.3059232
     566.0000000        2.2972248
     567.0000000        2.2970949
     568.0000000        2.3033023
     569.0000000        2.3020171
     570.0000000        2.2991666
     571.0000000        2.3057977
     572.0000000        2.3154170
     573.0000000        2.3213591
     574.0000000        2.3242860
     575.0000000        2.3272528
     576.0000000        2.3266536
     577.0000000        2.3212063
     578.0000000        2.3237010
     579.0000000        2.3301203
     580.0000000        2.3396042
     581.0000000        2.3479154
     582.0000000        2.3578648
     583.0000000        2.3774118
     584.0000000        2.3911471
     585.0000000        2.3983269
     586.0000000        2.4116466
     587.0000000        2.4225070
     588.0000000        2.4257013
     589.0000000        2.4280553
     590.0000000        2.4286821
     591.0000000        2.4248249
     592.0000000        2.4124358
     593.0000000        2.3919305
     594.0000000        2.3769512
     595.0000000        2.3684923
     596.0000000        2.3578264
     597.0000000        2.3435332
     598.0000000        2.3357824
     599.0000000        2.3393314
     600.0000000        2.3575140
