       1.0000000        2.5076578
       2.0000000        2.4779148
       3.0000000        2.4564002
       4.0000000        2.4371710
       5.0000000        2.4224615
       6.0000000        2.4142821
       7.0000000        2.4014099
       8.0000000        2.4023573
       9.0000000        2.4085481
      10.0000000        2.4231632
      11.0000000        2.4311700
      12.0000000        2.4371090
      13.0000000        2.4498100
      14.0000000        2.4598234
      15.0000000        2.4647629
      16.0000000        2.4758904
      17.0000000        2.4779470
      18.0000000        2.4839418
      19.0000000        2.4845054
      20.0000000        2.4886067
      21.0000000        2.4937356
      22.0000000        2.4928441
      23.0000000        2.4861658
      24.0000000        2.4905868
      25.0000000        2.4957442
      26.0000000        2.4895463
      27.0000000        2.4847610
      28.0000000        2.4768414
      29.0000000        2.4617908
      30.0000000        2.4485521
      31.0000000        2.4406667
      32.0000000        2.4275334
      33.0000000        2.4115705
      34.0000000        2.3978662
      35.0000000        2.3968825
      36.0000000        2.4030323
      37.0000000        2.4009297
      38.0000000        2.3960860
      39.0000000        2.3950961
      40.0000000        2.3930790
      41.0000000        2.3999283
      42.0000000        2.4117441
      43.0000000        2.4106228
      44.0000000        2.4129515
      45.0000000        2.4161799
      46.0000000        2.4296248
      47.0000000        2.4463189
      48.0000000        2.4699118
      49.0000000        2.4823389
      50.0000000        2.4822028
      51.0000000        2.4890878
      52.0000000        2.4900227
      53.0000000        2.4863575
      54.0000000        2.4839439
      55.0000000        2.4753938
      56.0000000        2.4607072
      57.0000000        2.4515676
      58.0000000        2.4503617
      59.0000000        2.4562299
      60.0000000        2.4534881
      61.0000000        2.4495015
      62.0000000        2.4393823
      63.0000000        2.4364607
      64.0000000        2.4427741
      65.0000000        2.4474020
      66.0000000        2.4474115
      67.0000000        2.4407949
      68.0000000        2.4436872
      69.0000000        2.4460516
      70.0000000        2.4395463
      71.0000000        2.4347360
      72.0000000        2.4211550
      73.0000000        2.4026310
      74.0000000        2.3896420
      75.0000000        2.3889987
      76.0000000        2.3857775
      77.0000000        2.3874073
      78.0000000        2.3879495
      79.0000000        2.3925946
      80.0000000        2.3972917
      81.0000000        2.4033360
      82.0000000        2.4134223
      83.0000000        2.4121015
      84.0000000        2.4142272
      85.0000000        2.4140105
      86.0000000        2.4039938
      87.0000000        2.4010282
      88.0000000        2.4014726
      89.0000000        2.4019928
      90.0000000        2.4002683
      91.0000000        2.4067380
      92.0000000        2.4170265
      93.0000000        2.4308136
      94.0000000        2.4386721
      95.0000000        2.4393888
      96.0000000        2.4291992
      97.0000000        2.4328799
      98.0000000        2.4369888
      99.0000000        2.4366848
     100.0000000        2.4344215
     101.0000000        2.4346209
     102.0000000        2.4250274
     103.0000000        2.4127407
     104.0000000        2.4128168
     105.0000000        2.4230535
     106.0000000        2.4251690
     107.0000000        2.4313617
     108.0000000        2.4347045
     109.0000000        2.4478569
     110.0000000        2.4640980
     111.0000000        2.4832263
     112.0000000        2.4963779
     113.0000000        2.5109932
     114.0000000        2.5269036
     115.0000000        2.5426519
     116.0000000        2.5599327
     117.0000000        2.5635667
     118.0000000        2.5543208
     119.0000000        2.5424747
     120.0000000        2.5365250
     121.0000000        2.5326121
     122.0000000        2.5311084
     123.0000000        2.5229955
     124.0000000        2.5115235
     125.0000000        2.5016623
     126.0000000        2.4858086
     127.0000000        2.4662249
     128.0000000        2.4543169
     129.0000000        2.4446523
     130.0000000        2.4364052
     131.0000000        2.4352391
     132.0000000        2.4202325
     133.0000000        2.4006033
     134.0000000        2.3881316
     135.0000000        2.3778031
     136.0000000        2.3787982
     137.0000000        2.3821964
     138.0000000        2.3811383
     139.0000000        2.3763750
     140.0000000        2.3789437
     141.0000000        2.3818426
     142.0000000        2.3847659
     143.0000000        2.3830559
     144.0000000        2.3830841
     145.0000000        2.3892534
     146.0000000        2.3959401
     147.0000000        2.4001210
     148.0000000        2.4052367
     149.0000000        2.4161460
     150.0000000        2.4245405
     151.0000000        2.4294269
     152.0000000        2.4325249
     153.0000000        2.4335780
     154.0000000        2.4358630
     155.0000000        2.4365580
     156.0000000        2.4372966
     157.0000000        2.4350941
     158.0000000        2.4295673
     159.0000000        2.4353585
     160.0000000        2.4415073
     161.0000000        2.4510098
     162.0000000        2.4610972
     163.0000000        2.4653866
     164.0000000        2.4663963
     165.0000000        2.4646060
     166.0000000        2.4729378
     167.0000000        2.4890203
     168.0000000        2.4992757
     169.0000000        2.5109897
     170.0000000        2.5173216
     171.0000000        2.5163851
     172.0000000        2.5131540
     173.0000000        2.5018296
     174.0000000        2.4807451
     175.0000000        2.4618556
     176.0000000        2.4526937
     177.0000000        2.4507527
     178.0000000        2.4575639
     179.0000000        2.4621413
     180.0000000        2.4728608
     181.0000000        2.4885080
     182.0000000        2.5060148
     183.0000000        2.5211616
     184.0000000        2.5339773
     185.0000000        2.5386217
     186.0000000        2.5323989
     187.0000000        2.5324416
     188.0000000        2.5414488
     189.0000000        2.5475416
     190.0000000        2.5460072
     191.0000000        2.5301912
     192.0000000        2.5010662
     193.0000000        2.4857180
     194.0000000        2.4706953
     195.0000000        2.4568851
     196.0000000        2.4402115
     197.0000000        2.4258134
     198.0000000        2.4203391
     199.0000000        2.4180987
     200.0000000        2.4232917
     201.0000000        2.4343371
     202.0000000        2.4463475
     203.0000000        2.4547808
     204.0000000        2.4543035
     205.0000000        2.4431167
     206.0000000        2.4177539
     207.0000000        2.3979676
     208.0000000        2.3950932
     209.0000000        2.3875065
     210.0000000        2.3899543
     211.0000000        2.4035666
     212.0000000        2.4178700
     213.0000000        2.4332194
     214.0000000        2.4477153
     215.0000000        2.4605806
     216.0000000        2.4575136
     217.0000000        2.4388552
     218.0000000        2.4237752
     219.0000000        2.4195392
     220.0000000        2.4167075
     221.0000000        2.4216185
     222.0000000        2.4265046
     223.0000000        2.4331465
     224.0000000        2.4409540
     225.0000000        2.4478021
     226.0000000        2.4541852
     227.0000000        2.4529788
     228.0000000        2.4527595
     229.0000000        2.4632623
     230.0000000        2.4771545
     231.0000000        2.4712937
     232.0000000        2.4699562
     233.0000000        2.4823956
     234.0000000        2.4904423
     235.0000000        2.4913001
     236.0000000        2.4967897
     237.0000000        2.5048134
     238.0000000        2.5120654
     239.0000000        2.5052221
     240.0000000        2.4912560
     241.0000000        2.4754434
     242.0000000        2.4639947
     243.0000000        2.4598339
     244.0000000        2.4570138
     245.0000000        2.4571123
     246.0000000        2.4550478
     247.0000000        2.4494646
     248.0000000        2.4494944
     249.0000000        2.4493365
     250.0000000        2.4535234
     251.0000000        2.4660032
     252.0000000        2.4715137
     253.0000000        2.4743373
     254.0000000        2.4690573
     255.0000000        2.4577107
     256.0000000        2.4505589
     257.0000000        2.4496548
     258.0000000        2.4581943
     259.0000000        2.4572561
     260.0000000        2.4612586
     261.0000000        2.4665480
     262.0000000        2.4734118
     263.0000000        2.4718921
     264.0000000        2.4767981
     265.0000000        2.4784365
     266.0000000        2.4819486
     267.0000000        2.4922998
     268.0000000        2.4981282
     269.0000000        2.5012848
     270.0000000        2.4977942
     271.0000000        2.4870961
     272.0000000        2.4835453
     273.0000000        2.4808929
     274.0000000        2.4806266
     275.0000000        2.4779942
     276.0000000        2.4848711
     277.0000000        2.4933133
     278.0000000        2.5037127
     279.0000000        2.5129683
     280.0000000        2.5227911
     281.0000000        2.5218816
     282.0000000        2.5280011
     283.0000000        2.5318353
     284.0000000        2.5369732
     285.0000000        2.5458920
     286.0000000        2.5465028
     287.0000000        2.5448837
     288.0000000        2.5438576
     289.0000000        2.5367670
     290.0000000        2.5301540
     291.0000000        2.5210967
     292.0000000        2.5134792
     293.0000000        2.5098107
     294.0000000        2.5039480
     295.0000000        2.5000119
     296.0000000        2.4914560
     297.0000000        2.4779165
     298.0000000        2.4627123
     299.0000000        2.4606111
     300.0000000        2.4641275
     301.0000000        2.4599652
     302.0000000        2.4539952
     303.0000000        2.4517877
     304.0000000        2.4581738
     305.0000000        2.4625063
     306.0000000        2.4634142
     307.0000000        2.4573379
     308.0000000        2.4512093
     309.0000000        2.4441304
     310.0000000        2.4346178
     311.0000000        2.4285524
     312.0000000        2.4357741
     313.0000000        2.4436595
     314.0000000        2.4532273
     315.0000000        2.4530897
     316.0000000        2.4548151
     317.0000000        2.4500885
     318.0000000        2.4570143
     319.0000000        2.4716113
     320.0000000        2.4858994
     321.0000000        2.4985380
     322.0000000        2.4997921
     323.0000000        2.5053284
     324.0000000        2.5105569
     325.0000000        2.5154102
     326.0000000        2.5199924
     327.0000000        2.5223126
     328.0000000        2.5194805
     329.0000000        2.5172615
     330.0000000        2.5093734
     331.0000000        2.5001998
     332.0000000        2.4898202
     333.0000000        2.4797661
     334.0000000        2.4716828
     335.0000000        2.4660432
     336.0000000        2.4652367
     337.0000000        2.4617453
     338.0000000        2.4481053
     339.0000000        2.4416904
     340.0000000        2.4370794
     341.0000000        2.4383907
     342.0000000        2.4335349
     343.0000000        2.4277780
     344.0000000        2.4162707
     345.0000000        2.4077435
     346.0000000        2.4049532
     347.0000000        2.4024060
     348.0000000        2.4008095
     349.0000000        2.4071279
     350.0000000        2.4113801
     351.0000000        2.4151862
     352.0000000        2.4216812
     353.0000000        2.4219327
     354.0000000        2.4324450
     355.0000000        2.4341207
     356.0000000        2.4356346
     357.0000000        2.4367971
     358.0000000        2.4405265
     359.0000000        2.4430325
     360.0000000        2.4324148
     361.0000000        2.4362323
     362.0000000        2.4396434
     363.0000000        2.4493637
     364.0000000        2.4533005
     365.0000000        2.4619961
     366.0000000        2.4675620
     367.0000000        2.4719257
     368.0000000        2.4725921
     369.0000000        2.4652064
     370.0000000        2.4620242
     371.0000000        2.4650135
     372.0000000        2.4659810
     373.0000000        2.4751997
     374.0000000        2.4939809
     375.0000000        2.5035307
     376.0000000        2.5120537
     377.0000000        2.5217490
     378.0000000        2.5176854
     379.0000000        2.5154617
     380.0000000        2.5241177
     381.0000000        2.5306966
     382.0000000        2.5338993
     383.0000000        2.5342810
     384.0000000        2.5235846
     385.0000000        2.5110421
     386.0000000        2.4946358
     387.0000000        2.4826274
     388.0000000        2.4777701
     389.0000000        2.4832768
     390.0000000        2.4908018
     391.0000000        2.4924831
     392.0000000        2.4868183
     393.0000000        2.4906688
     394.0000000        2.4903305
     395.0000000        2.4892023
     396.0000000        2.4899106
     397.0000000        2.4893069
     398.0000000        2.4786549
     399.0000000        2.4575551
     400.0000000        2.4468186
     401.0000000        2.4496300
     402.0000000        2.4460354
     403.0000000        2.4395275
     404.0000000        2.4406319
     405.0000000        2.4460373
     406.0000000        2.4477010
     407.0000000        2.4529006
     408.0000000        2.4609334
     409.0000000        2.4729886
     410.0000000        2.4713352
     411.0000000        2.4689496
     412.0000000        2.4554918
     413.0000000        2.4420459
     414.0000000        2.4355605
     415.0000000        2.4397776
     416.0000000        2.4449091
     417.0000000        2.4562898
     418.0000000        2.4722328
     419.0000000        2.4867089
     420.0000000        2.4999111
     421.0000000        2.5162899
     422.0000000        2.5208957
     423.0000000        2.5236895
     424.0000000        2.5310216
     425.0000000        2.5327065
     426.0000000        2.5333636
     427.0000000        2.5204639
     428.0000000        2.5128579
     429.0000000        2.5140090
     430.0000000        2.5092824
     431.0000000        2.5000496
     432.0000000        2.4999518
     433.0000000        2.5099559
     434.0000000        2.5098491
     435.0000000        2.5163815
     436.0000000        2.5207164
     437.0000000        2.5275269
     438.0000000        2.5383902
     439.0000000        2.5495453
     440.0000000        2.5600502
     441.0000000        2.5546477
     442.0000000        2.5524323
     443.0000000        2.5441408
     444.0000000        2.5345871
     445.0000000        2.5138214
     446.0000000        2.5032408
     447.0000000        2.4996746
     448.0000000        2.5002313
     449.0000000        2.5084293
     450.0000000        2.5150321
     451.0000000        2.5119956
     452.0000000        2.5067866
     453.0000000        2.5020308
     454.0000000        2.4885125
     455.0000000        2.4734023
     456.0000000        2.4600413
     457.0000000        2.4524341
     458.0000000        2.4403620
     459.0000000        2.4387319
     460.0000000        2.4516077
     461.0000000        2.4639406
     462.0000000        2.4708827
     463.0000000        2.4844108
     464.0000000        2.4963484
     465.0000000        2.5112984
     466.0000000        2.5167096
     467.0000000        2.5214069
     468.0000000        2.5264225
     469.0000000        2.5301175
     470.0000000        2.5248976
     471.0000000        2.5244496
     472.0000000        2.5333352
     473.0000000        2.5439088
     474.0000000        2.5435112
     475.0000000        2.5375032
     476.0000000        2.5385828
     477.0000000        2.5377090
     478.0000000        2.5320807
     479.0000000        2.5224595
     480.0000000        2.5260677
     481.0000000        2.5168669
     482.0000000        2.5042875
     483.0000000        2.4863126
     484.0000000        2.4802525
     485.0000000        2.4770865
     486.0000000        2.4768186
     487.0000000        2.4865072
     488.0000000        2.5004151
     489.0000000        2.4955270
     490.0000000        2.4868429
     491.0000000        2.4645479
     492.0000000        2.4463387
     493.0000000        2.4319043
     494.0000000        2.4190645
     495.0000000        2.4204743
     496.0000000        2.4325743
     497.0000000        2.4538987
     498.0000000        2.4751387
     499.0000000        2.4871294
     500.0000000        2.4893143
     501.0000000        2.5043383
     502.0000000        2.5169578
     503.0000000        2.5189323
     504.0000000        2.5325677
     505.0000000        2.5554585
     506.0000000        2.5657492
     507.0000000        2.5572402
     508.0000000        2.5445590
     509.0000000        2.5415237
     510.0000000        2.5379465
     511.0000000        2.5324464
     512.0000000        2.5295255
     513.0000000        2.5213830
     514.0000000        2.5186710
     515.0000000        2.5165493
     516.0000000        2.5150344
     517.0000000        2.4994118
     518.0000000        2.4891667
     519.0000000        2.4874148
     520.0000000        2.4889901
     521.0000000        2.4919543
     522.0000000        2.4795949
     523.0000000        2.4687541
     524.0000000        2.4681103
     525.0000000        2.4725256
     526.0000000        2.4804645
     527.0000000        2.4829443
     528.0000000        2.4885950
     529.0000000        2.4899769
     530.0000000        2.4867785
     531.0000000        2.4856973
     532.0000000        2.4875486
     533.0000000        2.4908621
     534.0000000        2.4942524
     535.0000000        2.4998190
     536.0000000        2.5013282
     537.0000000        2.5045888
     538.0000000        2.5108063
     539.0000000        2.5130584
     540.0000000        2.5058727
     541.0000000        2.4847457
     542.0000000        2.4600475
     543.0000000        2.4414012
     544.0000000        2.4270258
     545.0000000        2.4210961
     546.0000000        2.4176307
     547.0000000        2.4151382
     548.0000000        2.4221907
     549.0000000        2.4331343
     550.0000000        2.4473546
     551.0000000        2.4611719
     552.0000000        2.4785709
     553.0000000        2.4936128
     554.0000000        2.5062585
     555.0000000        2.5270760
     556.0000000        2.5343399
     557.0000000        2.5332985
     558.0000000        2.5312636
     559.0000000        2.5272641
     560.0000000        2.5224659
     561.0000000        2.5124636
     562.0000000        2.5089428
     563.0000000        2.5052943
     564.0000000        2.4985833
     565.0000000        2.4850667
     566.0000000        2.4688704
     567.0000000        2.4561498
     568.0000000        2.4412084
     569.0000000        2.4329312
     570.0000000        2.4297457
     571.0000000        2.4361691
     572.0000000        2.4513011
     573.0000000        2.4601617
     574.0000000        2.4705861
     575.0000000        2.4786286
     576.0000000        2.4838645
     577.0000000        2.4885278
     578.0000000        2.4885955
     579.0000000        2.4860191
     580.0000000        2.4782367
     581.0000000        2.4573808
     582.0000000        2.4363663
     583.0000000        2.4224839
     584.0000000        2.4168806
     585.0000000        2.4019406
     586.0000000        2.3857417
     587.0000000        2.3682625
     588.0000000        2.3516109
     589.0000000        2.3432989
     590.0000000        2.3381913
     591.0000000        2.3327029
     592.0000000        2.3259380
     593.0000000        2.3219581
     594.0000000        2.3265426
     595.0000000        2.3330660
     596.0000000        2.3409033
     597.0000000        2.3507321
     598.0000000        2.3557453
     599.0000000        2.3575811
     600.0000000        2.3714943
