       1.0000000        7.2412940
       2.0000000        7.0406324
       3.0000000        6.9035183
       4.0000000        6.8001842
       5.0000000        6.7334341
       6.0000000        6.7021180
       7.0000000        6.6553763
       8.0000000        6.6614755
       9.0000000        6.7142352
      10.0000000        6.7836061
      11.0000000        6.8162651
      12.0000000        6.8439953
      13.0000000        6.8993568
      14.0000000        6.9418262
      15.0000000        6.9761323
      16.0000000        7.0309462
      17.0000000        7.0513564
      18.0000000        7.0841099
      19.0000000        7.0600087
      20.0000000        7.0584178
      21.0000000        7.1035050
      22.0000000        7.1195520
      23.0000000        7.1354487
      24.0000000        7.1801578
      25.0000000        7.1850525
      26.0000000        7.1389653
      27.0000000        7.1199544
      28.0000000        7.0400626
      29.0000000        6.9496779
      30.0000000        6.8775891
      31.0000000        6.8269645
      32.0000000        6.7457802
      33.0000000        6.6578626
      34.0000000        6.5880862
      35.0000000        6.5720784
      36.0000000        6.5828274
      37.0000000        6.5703184
      38.0000000        6.5543965
      39.0000000        6.5476696
      40.0000000        6.5451086
      41.0000000        6.5977569
      42.0000000        6.6791549
      43.0000000        6.6964948
      44.0000000        6.7097906
      45.0000000        6.7522191
      46.0000000        6.8352028
      47.0000000        6.9446683
      48.0000000        7.0917948
      49.0000000        7.1598726
      50.0000000        7.1567687
      51.0000000        7.2143119
      52.0000000        7.2047903
      53.0000000        7.1831486
      54.0000000        7.1615437
      55.0000000        7.1060915
      56.0000000        7.0068480
      57.0000000        6.9244564
      58.0000000        6.9152411
      59.0000000        6.9494868
      60.0000000        6.9610209
      61.0000000        6.9424240
      62.0000000        6.8838050
      63.0000000        6.8750679
      64.0000000        6.9290177
      65.0000000        6.9635987
      66.0000000        6.9778027
      67.0000000        6.9456236
      68.0000000        6.9687056
      69.0000000        6.9577752
      70.0000000        6.8937745
      71.0000000        6.8536155
      72.0000000        6.7780101
      73.0000000        6.6744696
      74.0000000        6.5769426
      75.0000000        6.5410192
      76.0000000        6.5191043
      77.0000000        6.5452975
      78.0000000        6.5534314
      79.0000000        6.5864878
      80.0000000        6.6310595
      81.0000000        6.6652331
      82.0000000        6.7237216
      83.0000000        6.7236223
      84.0000000        6.7122658
      85.0000000        6.6814005
      86.0000000        6.6310087
      87.0000000        6.6083338
      88.0000000        6.6220911
      89.0000000        6.6362670
      90.0000000        6.6417158
      91.0000000        6.6808789
      92.0000000        6.7384422
      93.0000000        6.7919932
      94.0000000        6.8332544
      95.0000000        6.8398935
      96.0000000        6.7856703
      97.0000000        6.8011085
      98.0000000        6.8266309
      99.0000000        6.8215877
     100.0000000        6.8181737
     101.0000000        6.8042171
     102.0000000        6.7571827
     103.0000000        6.7172092
     104.0000000        6.7400282
     105.0000000        6.8036846
     106.0000000        6.8364858
     107.0000000        6.8810319
     108.0000000        6.9339399
     109.0000000        7.0383451
     110.0000000        7.1606373
     111.0000000        7.2556530
     112.0000000        7.3007310
     113.0000000        7.3742056
     114.0000000        7.4453083
     115.0000000        7.5101673
     116.0000000        7.5962799
     117.0000000        7.5771152
     118.0000000        7.5233607
     119.0000000        7.4651887
     120.0000000        7.4245860
     121.0000000        7.4084548
     122.0000000        7.4062942
     123.0000000        7.3544996
     124.0000000        7.2763522
     125.0000000        7.2026361
     126.0000000        7.0952250
     127.0000000        6.9795233
     128.0000000        6.9082239
     129.0000000        6.8381169
     130.0000000        6.8102269
     131.0000000        6.8225207
     132.0000000        6.7730955
     133.0000000        6.6811270
     134.0000000        6.6162289
     135.0000000        6.5842068
     136.0000000        6.6025272
     137.0000000        6.6394528
     138.0000000        6.6058462
     139.0000000        6.5451511
     140.0000000        6.5339121
     141.0000000        6.5607455
     142.0000000        6.5813512
     143.0000000        6.5787826
     144.0000000        6.5873374
     145.0000000        6.6124912
     146.0000000        6.6286735
     147.0000000        6.6375609
     148.0000000        6.6702026
     149.0000000        6.7307293
     150.0000000        6.7741160
     151.0000000        6.8044775
     152.0000000        6.8386642
     153.0000000        6.8708660
     154.0000000        6.9025945
     155.0000000        6.9034875
     156.0000000        6.9053902
     157.0000000        6.9118801
     158.0000000        6.8857200
     159.0000000        6.9214736
     160.0000000        6.9657883
     161.0000000        7.0205398
     162.0000000        7.0669602
     163.0000000        7.0694747
     164.0000000        7.0808844
     165.0000000        7.0905715
     166.0000000        7.1328057
     167.0000000        7.2120474
     168.0000000        7.2628094
     169.0000000        7.3040925
     170.0000000        7.3196699
     171.0000000        7.2946044
     172.0000000        7.2609301
     173.0000000        7.1788453
     174.0000000        7.0489376
     175.0000000        6.9569297
     176.0000000        6.8995757
     177.0000000        6.8773192
     178.0000000        6.9148879
     179.0000000        6.9526025
     180.0000000        7.0013749
     181.0000000        7.0938094
     182.0000000        7.2064209
     183.0000000        7.2862034
     184.0000000        7.3324896
     185.0000000        7.3586927
     186.0000000        7.3341462
     187.0000000        7.3350994
     188.0000000        7.3702062
     189.0000000        7.4103373
     190.0000000        7.4182922
     191.0000000        7.3126425
     192.0000000        7.1786793
     193.0000000        7.0876011
     194.0000000        6.9908749
     195.0000000        6.9246261
     196.0000000        6.8255713
     197.0000000        6.7555788
     198.0000000        6.7259198
     199.0000000        6.7242505
     200.0000000        6.7492953
     201.0000000        6.8119927
     202.0000000        6.8630450
     203.0000000        6.8888894
     204.0000000        6.8715303
     205.0000000        6.8016935
     206.0000000        6.6900432
     207.0000000        6.5903443
     208.0000000        6.5879435
     209.0000000        6.5735893
     210.0000000        6.6087908
     211.0000000        6.6914253
     212.0000000        6.7623868
     213.0000000        6.8439915
     214.0000000        6.9343215
     215.0000000        7.0028646
     216.0000000        6.9797708
     217.0000000        6.8679638
     218.0000000        6.7893459
     219.0000000        6.8068953
     220.0000000        6.8117239
     221.0000000        6.8344209
     222.0000000        6.8596574
     223.0000000        6.8860396
     224.0000000        6.9030358
     225.0000000        6.9249512
     226.0000000        6.9629238
     227.0000000        6.9610172
     228.0000000        6.9489346
     229.0000000        7.0083702
     230.0000000        7.0642252
     231.0000000        7.0211442
     232.0000000        7.0201472
     233.0000000        7.1002725
     234.0000000        7.1803489
     235.0000000        7.1877331
     236.0000000        7.2365279
     237.0000000        7.2668968
     238.0000000        7.2949397
     239.0000000        7.2249212
     240.0000000        7.1206648
     241.0000000        7.0214943
     242.0000000        6.9533519
     243.0000000        6.9237392
     244.0000000        6.9324153
     245.0000000        6.9430741
     246.0000000        6.9091032
     247.0000000        6.8590205
     248.0000000        6.8540771
     249.0000000        6.8601662
     250.0000000        6.8866384
     251.0000000        6.9719703
     252.0000000        7.0424209
     253.0000000        7.0891464
     254.0000000        7.0750210
     255.0000000        7.0349417
     256.0000000        7.0255505
     257.0000000        7.0156469
     258.0000000        7.0754747
     259.0000000        7.0947007
     260.0000000        7.0991061
     261.0000000        7.1112599
     262.0000000        7.1337444
     263.0000000        7.1409545
     264.0000000        7.1605638
     265.0000000        7.1535803
     266.0000000        7.1500451
     267.0000000        7.1782124
     268.0000000        7.2008624
     269.0000000        7.2198699
     270.0000000        7.2071521
     271.0000000        7.1461926
     272.0000000        7.1343046
     273.0000000        7.1264522
     274.0000000        7.1237855
     275.0000000        7.0911754
     276.0000000        7.1155642
     277.0000000        7.1399497
     278.0000000        7.1886042
     279.0000000        7.2274205
     280.0000000        7.2583754
     281.0000000        7.2514000
     282.0000000        7.2956979
     283.0000000        7.3432454
     284.0000000        7.4019892
     285.0000000        7.4547142
     286.0000000        7.4470796
     287.0000000        7.4269543
     288.0000000        7.4059295
     289.0000000        7.3723230
     290.0000000        7.3377679
     291.0000000        7.2680837
     292.0000000        7.2256140
     293.0000000        7.2139742
     294.0000000        7.2014360
     295.0000000        7.1637400
     296.0000000        7.1035584
     297.0000000        7.0081418
     298.0000000        6.9182696
     299.0000000        6.9117989
     300.0000000        6.9543894
     301.0000000        6.9502814
     302.0000000        6.9492760
     303.0000000        6.9533584
     304.0000000        6.9760302
     305.0000000        6.9913484
     306.0000000        6.9913288
     307.0000000        6.9535734
     308.0000000        6.9152617
     309.0000000        6.8648864
     310.0000000        6.7968583
     311.0000000        6.7821627
     312.0000000        6.8403227
     313.0000000        6.8892520
     314.0000000        6.9083311
     315.0000000        6.8941640
     316.0000000        6.9018614
     317.0000000        6.8877834
     318.0000000        6.9345120
     319.0000000        7.0195015
     320.0000000        7.1129301
     321.0000000        7.2106294
     322.0000000        7.2382577
     323.0000000        7.2606734
     324.0000000        7.2954130
     325.0000000        7.3278162
     326.0000000        7.3663675
     327.0000000        7.3682388
     328.0000000        7.3348452
     329.0000000        7.3107260
     330.0000000        7.2677469
     331.0000000        7.2021332
     332.0000000        7.1161856
     333.0000000        7.0661428
     334.0000000        7.0346964
     335.0000000        7.0119003
     336.0000000        7.0045501
     337.0000000        6.9757134
     338.0000000        6.8909632
     339.0000000        6.8572321
     340.0000000        6.8119702
     341.0000000        6.7927131
     342.0000000        6.7423547
     343.0000000        6.6882190
     344.0000000        6.6258671
     345.0000000        6.5906779
     346.0000000        6.5983387
     347.0000000        6.5987411
     348.0000000        6.6091574
     349.0000000        6.6566796
     350.0000000        6.7072835
     351.0000000        6.7371245
     352.0000000        6.7756013
     353.0000000        6.7906097
     354.0000000        6.8575945
     355.0000000        6.8752130
     356.0000000        6.8628366
     357.0000000        6.8589410
     358.0000000        6.8635604
     359.0000000        6.8613212
     360.0000000        6.7972948
     361.0000000        6.8272916
     362.0000000        6.8482256
     363.0000000        6.9012190
     364.0000000        6.9384748
     365.0000000        6.9596697
     366.0000000        6.9749326
     367.0000000        6.9975832
     368.0000000        7.0113789
     369.0000000        6.9581904
     370.0000000        6.9651421
     371.0000000        6.9958086
     372.0000000        7.0283140
     373.0000000        7.1215673
     374.0000000        7.2579475
     375.0000000        7.3653987
     376.0000000        7.4307860
     377.0000000        7.4489974
     378.0000000        7.3833707
     379.0000000        7.3340439
     380.0000000        7.3602357
     381.0000000        7.3835799
     382.0000000        7.4004882
     383.0000000        7.3992295
     384.0000000        7.3438844
     385.0000000        7.2740693
     386.0000000        7.1793939
     387.0000000        7.1246873
     388.0000000        7.1050872
     389.0000000        7.1351746
     390.0000000        7.1704623
     391.0000000        7.1699707
     392.0000000        7.1323425
     393.0000000        7.1539947
     394.0000000        7.1613287
     395.0000000        7.1541108
     396.0000000        7.1500446
     397.0000000        7.1563638
     398.0000000        7.1058522
     399.0000000        6.9810649
     400.0000000        6.9490685
     401.0000000        6.9516835
     402.0000000        6.9132831
     403.0000000        6.8950133
     404.0000000        6.9024261
     405.0000000        6.9351338
     406.0000000        6.9680411
     407.0000000        7.0021468
     408.0000000        7.0559768
     409.0000000        7.1145803
     410.0000000        7.0764767
     411.0000000        7.0403542
     412.0000000        6.9506662
     413.0000000        6.8569235
     414.0000000        6.8493862
     415.0000000        6.8852418
     416.0000000        6.9185816
     417.0000000        6.9959020
     418.0000000        7.1094936
     419.0000000        7.1890435
     420.0000000        7.2608365
     421.0000000        7.3285761
     422.0000000        7.3400287
     423.0000000        7.3501113
     424.0000000        7.3799957
     425.0000000        7.3680958
     426.0000000        7.3529101
     427.0000000        7.2820119
     428.0000000        7.2409964
     429.0000000        7.2340545
     430.0000000        7.2206202
     431.0000000        7.1931350
     432.0000000        7.1953288
     433.0000000        7.2400044
     434.0000000        7.2435883
     435.0000000        7.2797253
     436.0000000        7.3121203
     437.0000000        7.3415316
     438.0000000        7.4073595
     439.0000000        7.4734469
     440.0000000        7.4986396
     441.0000000        7.4651594
     442.0000000        7.4705916
     443.0000000        7.3879756
     444.0000000        7.3140034
     445.0000000        7.2125168
     446.0000000        7.1763982
     447.0000000        7.1902406
     448.0000000        7.2236474
     449.0000000        7.3022269
     450.0000000        7.3630014
     451.0000000        7.3596069
     452.0000000        7.3312439
     453.0000000        7.2938729
     454.0000000        7.1776036
     455.0000000        7.0549161
     456.0000000        6.9628657
     457.0000000        6.9245572
     458.0000000        6.8942871
     459.0000000        6.9004330
     460.0000000        7.0069696
     461.0000000        7.0998460
     462.0000000        7.1356530
     463.0000000        7.2131217
     464.0000000        7.2872467
     465.0000000        7.3725868
     466.0000000        7.3921549
     467.0000000        7.3939818
     468.0000000        7.4116371
     469.0000000        7.4239864
     470.0000000        7.4012759
     471.0000000        7.4183111
     472.0000000        7.4633928
     473.0000000        7.4963146
     474.0000000        7.4832778
     475.0000000        7.4355412
     476.0000000        7.4228711
     477.0000000        7.4205616
     478.0000000        7.3873352
     479.0000000        7.3181995
     480.0000000        7.3321540
     481.0000000        7.2776981
     482.0000000        7.2251095
     483.0000000        7.1307558
     484.0000000        7.0891658
     485.0000000        7.0940013
     486.0000000        7.1183927
     487.0000000        7.1608215
     488.0000000        7.2199402
     489.0000000        7.1763637
     490.0000000        7.1064985
     491.0000000        6.9818662
     492.0000000        6.8912126
     493.0000000        6.8178325
     494.0000000        6.7468817
     495.0000000        6.7642753
     496.0000000        6.8424008
     497.0000000        6.9624790
     498.0000000        7.0611274
     499.0000000        7.1010380
     500.0000000        7.1156629
     501.0000000        7.1984075
     502.0000000        7.2535994
     503.0000000        7.2765556
     504.0000000        7.3838212
     505.0000000        7.5209354
     506.0000000        7.5882710
     507.0000000        7.5455046
     508.0000000        7.4636239
     509.0000000        7.4527164
     510.0000000        7.4291354
     511.0000000        7.4209544
     512.0000000        7.4191119
     513.0000000        7.3764336
     514.0000000        7.3517863
     515.0000000        7.3313772
     516.0000000        7.3066329
     517.0000000        7.2089486
     518.0000000        7.1318740
     519.0000000        7.1330671
     520.0000000        7.1697958
     521.0000000        7.1739531
     522.0000000        7.0918605
     523.0000000        7.0131955
     524.0000000        7.0104691
     525.0000000        7.0198910
     526.0000000        7.0563950
     527.0000000        7.0717229
     528.0000000        7.1303392
     529.0000000        7.1525279
     530.0000000        7.1581926
     531.0000000        7.1568710
     532.0000000        7.1740527
     533.0000000        7.1614129
     534.0000000        7.1810587
     535.0000000        7.2018353
     536.0000000        7.1985673
     537.0000000        7.2044621
     538.0000000        7.2507348
     539.0000000        7.2499540
     540.0000000        7.2061572
     541.0000000        7.0888420
     542.0000000        6.9631438
     543.0000000        6.8767437
     544.0000000        6.8099503
     545.0000000        6.7715081
     546.0000000        6.7796485
     547.0000000        6.7774696
     548.0000000        6.8222155
     549.0000000        6.8999402
     550.0000000        7.0065042
     551.0000000        7.0835003
     552.0000000        7.1821061
     553.0000000        7.2353677
     554.0000000        7.2852133
     555.0000000        7.3941565
     556.0000000        7.4060984
     557.0000000        7.3582520
     558.0000000        7.3490976
     559.0000000        7.3326581
     560.0000000        7.3244247
     561.0000000        7.3017535
     562.0000000        7.3118903
     563.0000000        7.3034799
     564.0000000        7.2352829
     565.0000000        7.1462956
     566.0000000        7.0311187
     567.0000000        6.9552462
     568.0000000        6.8759138
     569.0000000        6.8377114
     570.0000000        6.8623579
     571.0000000        6.9353784
     572.0000000        7.0246049
     573.0000000        7.0880557
     574.0000000        7.1276945
     575.0000000        7.1564833
     576.0000000        7.1836296
     577.0000000        7.2112447
     578.0000000        7.2134880
     579.0000000        7.1764142
     580.0000000        7.1088112
     581.0000000        6.9817190
     582.0000000        6.8600396
     583.0000000        6.7822531
     584.0000000        6.7708680
     585.0000000        6.7035732
     586.0000000        6.6237297
     587.0000000        6.5370971
     588.0000000        6.4490649
     589.0000000        6.4066022
     590.0000000        6.3789757
     591.0000000        6.3358546
     592.0000000        6.2993316
     593.0000000        6.2785730
     594.0000000        6.3064357
     595.0000000        6.3409812
     596.0000000        6.3865106
     597.0000000        6.4302598
     598.0000000        6.4511793
     599.0000000        6.4580010
     600.0000000        6.5334531
