       1.0000000        0.2913754
       2.0000000        0.2718242
       3.0000000        0.2592261
       4.0000000        0.2525315
       5.0000000        0.2499183
       6.0000000        0.2504217
       7.0000000        0.2529430
       8.0000000        0.2545224
       9.0000000        0.2605261
      10.0000000        0.2681614
      11.0000000        0.2754101
      12.0000000        0.2789530
      13.0000000        0.2878650
      14.0000000        0.3016459
      15.0000000        0.3129794
      16.0000000        0.3237199
      17.0000000        0.3325520
      18.0000000        0.3339196
      19.0000000        0.3327532
      20.0000000        0.3337377
      21.0000000        0.3338925
      22.0000000        0.3285221
      23.0000000        0.3232661
      24.0000000        0.3202679
      25.0000000        0.3166762
      26.0000000        0.3207805
      27.0000000        0.3226456
      28.0000000        0.3228103
      29.0000000        0.3206610
      30.0000000        0.3206184
      31.0000000        0.3140829
      32.0000000        0.3048359
      33.0000000        0.2941248
      34.0000000        0.2853056
      35.0000000        0.2790158
      36.0000000        0.2708129
      37.0000000        0.2666209
      38.0000000        0.2670718
      39.0000000        0.2673743
      40.0000000        0.2708737
      41.0000000        0.2741952
      42.0000000        0.2749540
      43.0000000        0.2767467
      44.0000000        0.2753020
      45.0000000        0.2780701
      46.0000000        0.2864855
      47.0000000        0.2993226
      48.0000000        0.3206198
      49.0000000        0.3381450
      50.0000000        0.3544307
      51.0000000        0.3734650
      52.0000000        0.3916074
      53.0000000        0.4045375
      54.0000000        0.4184479
      55.0000000        0.4354024
      56.0000000        0.4611703
      57.0000000        0.4772469
      58.0000000        0.4861718
      59.0000000        0.5154131
      60.0000000        0.5422314
      61.0000000        0.5528427
      62.0000000        0.5660961
      63.0000000        0.5876182
      64.0000000        0.5958402
      65.0000000        0.6033633
      66.0000000        0.6090417
      67.0000000        0.6039395
      68.0000000        0.6300402
      69.0000000        0.6402103
      70.0000000        0.6586407
      71.0000000        0.6865539
      72.0000000        0.7182433
      73.0000000        0.7558479
      74.0000000        0.7709433
      75.0000000        0.7922874
      76.0000000        0.8048850
      77.0000000        0.8329257
      78.0000000        0.8378693
      79.0000000        0.8265396
      80.0000000        0.8191590
      81.0000000        0.8324174
      82.0000000        0.8526152
      83.0000000        0.8950072
      84.0000000        0.9250978
      85.0000000        0.9412873
      86.0000000        0.9305204
      87.0000000        0.9386192
      88.0000000        0.9529365
      89.0000000        0.9497384
      90.0000000        0.9654044
      91.0000000        0.9747702
      92.0000000        0.9805527
      93.0000000        0.9835263
      94.0000000        1.0182590
      95.0000000        1.0257171
      96.0000000        1.0523307
      97.0000000        1.0808847
      98.0000000        1.1064759
      99.0000000        1.1361727
     100.0000000        1.1566937
     101.0000000        1.1587319
     102.0000000        1.1507767
     103.0000000        1.1344386
     104.0000000        1.1077417
     105.0000000        1.1017971
     106.0000000        1.0633812
     107.0000000        1.0429127
     108.0000000        1.0017725
     109.0000000        0.9793540
     110.0000000        0.9621546
     111.0000000        0.9483331
     112.0000000        0.9309262
     113.0000000        0.8909577
     114.0000000        0.8644193
     115.0000000        0.8451329
     116.0000000        0.8321952
     117.0000000        0.8180800
     118.0000000        0.7963391
     119.0000000        0.7811075
     120.0000000        0.7913531
     121.0000000        0.8089612
     122.0000000        0.8253542
     123.0000000        0.8454353
     124.0000000        0.8561607
     125.0000000        0.8583571
     126.0000000        0.8743429
     127.0000000        0.8728754
     128.0000000        0.8772628
     129.0000000        0.8495668
     130.0000000        0.8093956
     131.0000000        0.8025438
     132.0000000        0.8033893
     133.0000000        0.8120834
     134.0000000        0.8029038
     135.0000000        0.8057814
     136.0000000        0.8033096
     137.0000000        0.8010889
     138.0000000        0.7996051
     139.0000000        0.8035248
     140.0000000        0.7885388
     141.0000000        0.7840024
     142.0000000        0.8001392
     143.0000000        0.8126684
     144.0000000        0.8398617
     145.0000000        0.8620847
     146.0000000        0.8839271
     147.0000000        0.8874982
     148.0000000        0.9146275
     149.0000000        0.9580193
     150.0000000        0.9767335
     151.0000000        1.0077152
     152.0000000        1.0375100
     153.0000000        1.0722909
     154.0000000        1.0767617
     155.0000000        1.0320718
     156.0000000        0.9868409
     157.0000000        0.9832585
     158.0000000        1.0000656
     159.0000000        1.0230998
     160.0000000        1.0439638
     161.0000000        1.0441252
     162.0000000        1.0593100
     163.0000000        1.0784155
     164.0000000        1.0978299
     165.0000000        1.1186718
     166.0000000        1.1393832
     167.0000000        1.1090951
     168.0000000        1.0871058
     169.0000000        1.0917056
     170.0000000        1.1047723
     171.0000000        1.1292578
     172.0000000        1.1539459
     173.0000000        1.1577703
     174.0000000        1.1957235
     175.0000000        1.2164102
     176.0000000        1.1833795
     177.0000000        1.1359506
     178.0000000        1.0868487
     179.0000000        1.1108966
     180.0000000        1.1091617
     181.0000000        1.1220424
     182.0000000        1.1474885
     183.0000000        1.1188289
     184.0000000        1.1155620
     185.0000000        1.1293337
     186.0000000        1.1337572
     187.0000000        1.1352388
     188.0000000        1.0806193
     189.0000000        1.0266740
     190.0000000        1.0325483
     191.0000000        1.0561726
     192.0000000        1.1170232
     193.0000000        1.1395190
     194.0000000        1.1548717
     195.0000000        1.1644477
     196.0000000        1.1582582
     197.0000000        1.1733756
     198.0000000        1.1720515
     199.0000000        1.1904894
     200.0000000        1.2018819
     201.0000000        1.1839519
     202.0000000        1.1408974
     203.0000000        1.0864352
     204.0000000        1.0544305
     205.0000000        1.0177815
     206.0000000        0.9846159
     207.0000000        1.0024725
     208.0000000        0.9726255
     209.0000000        0.9674984
     210.0000000        0.9699660
     211.0000000        0.9854373
     212.0000000        0.9778644
     213.0000000        0.9579495
     214.0000000        0.9376020
     215.0000000        0.9315506
     216.0000000        0.9038076
     217.0000000        0.8945622
     218.0000000        0.8972009
     219.0000000        0.8985030
     220.0000000        0.9123963
     221.0000000        0.9057046
     222.0000000        0.8904690
     223.0000000        0.9103482
     224.0000000        0.9362702
     225.0000000        0.9564404
     226.0000000        0.9501558
     227.0000000        0.9427718
     228.0000000        0.9561893
     229.0000000        0.9595749
     230.0000000        0.9411782
     231.0000000        0.9363383
     232.0000000        0.9348327
     233.0000000        0.9272959
     234.0000000        0.9285457
     235.0000000        0.9539120
     236.0000000        0.9930263
     237.0000000        0.9860269
     238.0000000        0.9717532
     239.0000000        0.9725632
     240.0000000        0.9904674
     241.0000000        1.0219963
     242.0000000        1.0397366
     243.0000000        1.0749514
     244.0000000        1.1079787
     245.0000000        1.0796545
     246.0000000        1.0582675
     247.0000000        1.0631255
     248.0000000        1.0651382
     249.0000000        1.0694475
     250.0000000        1.0671216
     251.0000000        1.0387688
     252.0000000        1.0280179
     253.0000000        1.0153928
     254.0000000        1.0045948
     255.0000000        0.9927824
     256.0000000        0.9801717
     257.0000000        0.9615621
     258.0000000        0.9557895
     259.0000000        0.9603651
     260.0000000        0.9736872
     261.0000000        0.9807653
     262.0000000        0.9915160
     263.0000000        1.0186039
     264.0000000        1.0341430
     265.0000000        1.0447855
     266.0000000        1.0635202
     267.0000000        1.0896311
     268.0000000        1.0967530
     269.0000000        1.0826244
     270.0000000        1.0974327
     271.0000000        1.1079786
     272.0000000        1.0908352
     273.0000000        1.0931731
     274.0000000        1.0944892
     275.0000000        1.0888053
     276.0000000        1.0739554
     277.0000000        1.0634767
     278.0000000        1.0580028
     279.0000000        1.0666448
     280.0000000        1.0377012
     281.0000000        1.0088617
     282.0000000        0.9967925
     283.0000000        0.9901871
     284.0000000        0.9783422
     285.0000000        1.0050617
     286.0000000        1.0194279
     287.0000000        1.0211042
     288.0000000        1.0137347
     289.0000000        1.0214698
     290.0000000        0.9910681
     291.0000000        0.9676374
     292.0000000        0.9715740
     293.0000000        0.9694822
     294.0000000        0.9533454
     295.0000000        0.9166236
     296.0000000        0.8928256
     297.0000000        0.8938803
     298.0000000        0.8732793
     299.0000000        0.8829898
     300.0000000        0.9082761
     301.0000000        0.9158813
     302.0000000        0.9230914
     303.0000000        0.9331187
     304.0000000        0.9197697
     305.0000000        0.9259648
     306.0000000        0.9507387
     307.0000000        0.9826560
     308.0000000        0.9847418
     309.0000000        0.9916635
     310.0000000        1.0225127
     311.0000000        1.0407058
     312.0000000        1.0470175
     313.0000000        1.0469741
     314.0000000        1.0410680
     315.0000000        1.0347786
     316.0000000        1.0442815
     317.0000000        1.0608242
     318.0000000        1.0609601
     319.0000000        1.0588553
     320.0000000        1.0593100
     321.0000000        1.0641520
     322.0000000        1.0540897
     323.0000000        1.0560967
     324.0000000        1.0342816
     325.0000000        0.9987973
     326.0000000        0.9809691
     327.0000000        0.9633261
     328.0000000        0.9430482
     329.0000000        0.9521967
     330.0000000        0.9611846
     331.0000000        0.9751757
     332.0000000        0.9647806
     333.0000000        0.9734914
     334.0000000        0.9879327
     335.0000000        1.0032430
     336.0000000        1.0412419
     337.0000000        1.0597912
     338.0000000        1.0971701
     339.0000000        1.1264852
     340.0000000        1.1349913
     341.0000000        1.1178294
     342.0000000        1.1074638
     343.0000000        1.0827448
     344.0000000        1.0633830
     345.0000000        1.0536145
     346.0000000        1.0433807
     347.0000000        1.0764309
     348.0000000        1.1007842
     349.0000000        1.1087557
     350.0000000        1.1130630
     351.0000000        1.1078839
     352.0000000        1.1003083
     353.0000000        1.0703765
     354.0000000        1.0411170
     355.0000000        1.0187085
     356.0000000        0.9983792
     357.0000000        1.0251480
     358.0000000        1.0473565
     359.0000000        1.0432632
     360.0000000        1.0439322
     361.0000000        1.0223796
     362.0000000        1.0182654
     363.0000000        1.0117273
     364.0000000        1.0078328
     365.0000000        1.0185730
     366.0000000        1.0113631
     367.0000000        1.0106453
     368.0000000        1.0204585
     369.0000000        1.0101038
     370.0000000        0.9953529
     371.0000000        1.0109688
     372.0000000        1.0322523
     373.0000000        1.0518171
     374.0000000        1.0899507
     375.0000000        1.0822272
     376.0000000        1.0603507
     377.0000000        1.0370016
     378.0000000        1.0441786
     379.0000000        1.0545958
     380.0000000        1.0376725
     381.0000000        1.0235552
     382.0000000        1.0152956
     383.0000000        1.0386138
     384.0000000        1.0637374
     385.0000000        1.0570019
     386.0000000        1.0673245
     387.0000000        1.0824600
     388.0000000        1.0888224
     389.0000000        1.1221869
     390.0000000        1.1454471
     391.0000000        1.1432230
     392.0000000        1.1320719
     393.0000000        1.1095752
     394.0000000        1.1106094
     395.0000000        1.1332417
     396.0000000        1.1288139
     397.0000000        1.1330173
     398.0000000        1.1117635
     399.0000000        1.0949664
     400.0000000        1.0855876
     401.0000000        1.0589849
     402.0000000        1.0141888
     403.0000000        0.9942797
     404.0000000        0.9851415
     405.0000000        1.0063190
     406.0000000        1.0141503
     407.0000000        1.0022451
     408.0000000        1.0321639
     409.0000000        1.0835449
     410.0000000        1.1228052
     411.0000000        1.1534591
     412.0000000        1.2039587
     413.0000000        1.2359111
     414.0000000        1.2583517
     415.0000000        1.2533334
     416.0000000        1.2381705
     417.0000000        1.1927154
     418.0000000        1.1628056
     419.0000000        1.1403117
     420.0000000        1.1377693
     421.0000000        1.1441087
     422.0000000        1.1364102
     423.0000000        1.1552557
     424.0000000        1.1555803
     425.0000000        1.1420269
     426.0000000        1.1456071
     427.0000000        1.1636553
     428.0000000        1.1974181
     429.0000000        1.2230136
     430.0000000        1.2378573
     431.0000000        1.2120814
     432.0000000        1.1740197
     433.0000000        1.1305138
     434.0000000        1.1213839
     435.0000000        1.1178848
     436.0000000        1.0736614
     437.0000000        1.0396791
     438.0000000        1.0322083
     439.0000000        1.0396818
     440.0000000        1.0696690
     441.0000000        1.1081926
     442.0000000        1.1638199
     443.0000000        1.1670350
     444.0000000        1.1490207
     445.0000000        1.1416279
     446.0000000        1.1795536
     447.0000000        1.1817461
     448.0000000        1.1783488
     449.0000000        1.1836077
     450.0000000        1.1932172
     451.0000000        1.1791333
     452.0000000        1.1768905
     453.0000000        1.1777983
     454.0000000        1.1739366
     455.0000000        1.1777899
     456.0000000        1.1824856
     457.0000000        1.1787183
     458.0000000        1.1560128
     459.0000000        1.1313089
     460.0000000        1.0972791
     461.0000000        1.0944831
     462.0000000        1.0958887
     463.0000000        1.0855725
     464.0000000        1.0833565
     465.0000000        1.0864894
     466.0000000        1.0708597
     467.0000000        1.0558352
     468.0000000        1.0347155
     469.0000000        1.0779960
     470.0000000        1.1039970
     471.0000000        1.0840977
     472.0000000        1.0235232
     473.0000000        0.9679269
     474.0000000        0.9442743
     475.0000000        0.9425800
     476.0000000        0.9419160
     477.0000000        0.9534329
     478.0000000        0.9774997
     479.0000000        0.9788454
     480.0000000        1.0008382
     481.0000000        0.9985624
     482.0000000        1.0215814
     483.0000000        1.0139002
     484.0000000        1.0102656
     485.0000000        1.0078224
     486.0000000        1.0090607
     487.0000000        0.9860557
     488.0000000        1.0084321
     489.0000000        1.0175310
     490.0000000        1.0462627
     491.0000000        1.0569400
     492.0000000        1.0638074
     493.0000000        1.0351667
     494.0000000        1.0309170
     495.0000000        1.0525542
     496.0000000        1.0480157
     497.0000000        1.0533768
     498.0000000        1.0594505
     499.0000000        1.0643471
     500.0000000        1.0613484
     501.0000000        1.0378025
     502.0000000        1.0124508
     503.0000000        1.0097799
     504.0000000        1.0271510
     505.0000000        1.0075079
     506.0000000        1.0095012
     507.0000000        1.0286074
     508.0000000        1.0653222
     509.0000000        1.0744286
     510.0000000        1.0838960
     511.0000000        1.1248747
     512.0000000        1.1557385
     513.0000000        1.1618477
     514.0000000        1.1218117
     515.0000000        1.0727576
     516.0000000        1.0634650
     517.0000000        1.0589727
     518.0000000        1.0310366
     519.0000000        1.0311091
     520.0000000        1.0430509
     521.0000000        1.0482450
     522.0000000        1.0611162
     523.0000000        1.0615243
     524.0000000        1.0679280
     525.0000000        1.0989566
     526.0000000        1.1045268
     527.0000000        1.0900760
     528.0000000        1.0891416
     529.0000000        1.0774683
     530.0000000        1.0374733
     531.0000000        1.0345031
     532.0000000        1.0163332
     533.0000000        0.9862847
     534.0000000        0.9810252
     535.0000000        0.9721666
     536.0000000        0.9584624
     537.0000000        0.9515398
     538.0000000        0.9248325
     539.0000000        0.9142596
     540.0000000        0.9444055
     541.0000000        0.9295415
     542.0000000        0.9166146
     543.0000000        0.9167421
     544.0000000        0.9182637
     545.0000000        0.9363294
     546.0000000        0.9567190
     547.0000000        0.9461675
     548.0000000        0.9221313
     549.0000000        0.9223092
     550.0000000        0.9339460
     551.0000000        0.9076530
     552.0000000        0.9177070
     553.0000000        0.9279943
     554.0000000        0.9290365
     555.0000000        0.9289571
     556.0000000        0.9475828
     557.0000000        0.9467337
     558.0000000        0.9438520
     559.0000000        0.9222633
     560.0000000        0.9087579
     561.0000000        0.8742266
     562.0000000        0.8293284
     563.0000000        0.7921937
     564.0000000        0.7523713
     565.0000000        0.7367427
     566.0000000        0.7251932
     567.0000000        0.7312468
     568.0000000        0.7284668
     569.0000000        0.7448346
     570.0000000        0.7524733
     571.0000000        0.7484966
     572.0000000        0.7517430
     573.0000000        0.7756409
     574.0000000        0.7895172
     575.0000000        0.8098305
     576.0000000        0.8481177
     577.0000000        0.8673196
     578.0000000        0.8770081
     579.0000000        0.8773412
     580.0000000        0.8725002
     581.0000000        0.8750266
     582.0000000        0.8558125
     583.0000000        0.8337792
     584.0000000        0.8480723
     585.0000000        0.8679354
     586.0000000        0.8838004
     587.0000000        0.9013503
     588.0000000        0.9105486
     589.0000000        0.9349412
     590.0000000        0.9717300
     591.0000000        1.0062058
     592.0000000        1.0171591
     593.0000000        1.0290872
     594.0000000        1.0143452
     595.0000000        1.0046369
     596.0000000        1.0201308
     597.0000000        1.0626614
     598.0000000        1.1038369
     599.0000000        1.1253501
     600.0000000        1.1278864
