       1.0000000        2.5649846
       2.0000000        2.6279712
       3.0000000        2.6477561
       4.0000000        2.6492701
       5.0000000        2.6494937
       6.0000000        2.6400988
       7.0000000        2.6213982
       8.0000000        2.6146517
       9.0000000        2.6035845
      10.0000000        2.5973647
      11.0000000        2.5952351
      12.0000000        2.5899694
      13.0000000        2.5899081
      14.0000000        2.5918453
      15.0000000        2.5915318
      16.0000000        2.5897121
      17.0000000        2.5834806
      18.0000000        2.5771275
      19.0000000        2.5695877
      20.0000000        2.5599458
      21.0000000        2.5463896
      22.0000000        2.5385234
      23.0000000        2.5336380
      24.0000000        2.5269771
      25.0000000        2.5245171
      26.0000000        2.5264814
      27.0000000        2.5293391
      28.0000000        2.5367625
      29.0000000        2.5448809
      30.0000000        2.5525713
      31.0000000        2.5558877
      32.0000000        2.5580111
      33.0000000        2.5630331
      34.0000000        2.5649071
      35.0000000        2.5644426
      36.0000000        2.5617990
      37.0000000        2.5575240
      38.0000000        2.5564799
      39.0000000        2.5584848
      40.0000000        2.5672624
      41.0000000        2.5760047
      42.0000000        2.5911572
      43.0000000        2.6046901
      44.0000000        2.6017971
      45.0000000        2.6014733
      46.0000000        2.6005287
      47.0000000        2.5994146
      48.0000000        2.5918772
      49.0000000        2.5826600
      50.0000000        2.5758643
      51.0000000        2.5773718
      52.0000000        2.5770330
      53.0000000        2.5715606
      54.0000000        2.5720110
      55.0000000        2.5731101
      56.0000000        2.5700219
      57.0000000        2.5751116
      58.0000000        2.5828397
      59.0000000        2.5934489
      60.0000000        2.6064236
      61.0000000        2.6177270
      62.0000000        2.6315026
      63.0000000        2.6287708
      64.0000000        2.6227124
      65.0000000        2.6246755
      66.0000000        2.6314619
      67.0000000        2.6342084
      68.0000000        2.6284318
      69.0000000        2.6165557
      70.0000000        2.6003561
      71.0000000        2.5865119
      72.0000000        2.5666399
      73.0000000        2.5543511
      74.0000000        2.5505764
      75.0000000        2.5544322
      76.0000000        2.5580068
      77.0000000        2.5637147
      78.0000000        2.5660138
      79.0000000        2.5685544
      80.0000000        2.5701170
      81.0000000        2.5690703
      82.0000000        2.5697391
      83.0000000        2.5722427
      84.0000000        2.5671356
      85.0000000        2.5623550
      86.0000000        2.5555222
      87.0000000        2.5490897
      88.0000000        2.5428073
      89.0000000        2.5470226
      90.0000000        2.5570285
      91.0000000        2.5647006
      92.0000000        2.5691218
      93.0000000        2.5647819
      94.0000000        2.5700071
      95.0000000        2.5726666
      96.0000000        2.5720220
      97.0000000        2.5832922
      98.0000000        2.5969849
      99.0000000        2.6092074
     100.0000000        2.6210282
     101.0000000        2.6229818
     102.0000000        2.6253724
     103.0000000        2.6280577
     104.0000000        2.6295233
     105.0000000        2.6193011
     106.0000000        2.6119006
     107.0000000        2.6004536
     108.0000000        2.5915773
     109.0000000        2.5832136
     110.0000000        2.5771186
     111.0000000        2.5777607
     112.0000000        2.5812092
     113.0000000        2.5902340
     114.0000000        2.5936577
     115.0000000        2.6010973
     116.0000000        2.6100528
     117.0000000        2.6199737
     118.0000000        2.6330659
     119.0000000        2.6385775
     120.0000000        2.6374938
     121.0000000        2.6320152
     122.0000000        2.6251357
     123.0000000        2.6223688
     124.0000000        2.6193490
     125.0000000        2.6163273
     126.0000000        2.6065824
     127.0000000        2.5978780
     128.0000000        2.5915241
     129.0000000        2.5784996
     130.0000000        2.5633705
     131.0000000        2.5542855
     132.0000000        2.5410945
     133.0000000        2.5333292
     134.0000000        2.5238767
     135.0000000        2.5204387
     136.0000000        2.5164969
     137.0000000        2.5163693
     138.0000000        2.5231736
     139.0000000        2.5288477
     140.0000000        2.5277488
     141.0000000        2.5311205
     142.0000000        2.5375538
     143.0000000        2.5486686
     144.0000000        2.5633821
     145.0000000        2.5713551
     146.0000000        2.5827427
     147.0000000        2.6024370
     148.0000000        2.6146076
     149.0000000        2.6249564
     150.0000000        2.6328363
     151.0000000        2.6301620
     152.0000000        2.6349456
     153.0000000        2.6421709
     154.0000000        2.6492462
     155.0000000        2.6644721
     156.0000000        2.6791995
     157.0000000        2.6946645
     158.0000000        2.7091656
     159.0000000        2.7125845
     160.0000000        2.7075429
     161.0000000        2.6919274
     162.0000000        2.6737251
     163.0000000        2.6573246
     164.0000000        2.6431212
     165.0000000        2.6308672
     166.0000000        2.6206722
     167.0000000        2.6140897
     168.0000000        2.6071796
     169.0000000        2.6047571
     170.0000000        2.6077874
     171.0000000        2.6074522
     172.0000000        2.5950189
     173.0000000        2.5824304
     174.0000000        2.5873170
     175.0000000        2.5897849
     176.0000000        2.5886743
     177.0000000        2.5862219
     178.0000000        2.5856457
     179.0000000        2.5837650
     180.0000000        2.5946941
     181.0000000        2.6025422
     182.0000000        2.6019065
     183.0000000        2.6057611
     184.0000000        2.6081023
     185.0000000        2.6015067
     186.0000000        2.5936697
     187.0000000        2.5839043
     188.0000000        2.5695586
     189.0000000        2.5604558
     190.0000000        2.5466709
     191.0000000        2.5377772
     192.0000000        2.5312183
     193.0000000        2.5283849
     194.0000000        2.5198910
     195.0000000        2.5159767
     196.0000000        2.5131049
     197.0000000        2.5120451
     198.0000000        2.5146880
     199.0000000        2.5234683
     200.0000000        2.5366116
     201.0000000        2.5506248
     202.0000000        2.5623217
     203.0000000        2.5708594
     204.0000000        2.5736632
     205.0000000        2.5787988
     206.0000000        2.5845723
     207.0000000        2.5950267
     208.0000000        2.6087687
     209.0000000        2.6124101
     210.0000000        2.6255767
     211.0000000        2.6322460
     212.0000000        2.6345625
     213.0000000        2.6339030
     214.0000000        2.6295724
     215.0000000        2.6222332
     216.0000000        2.6172783
     217.0000000        2.6172776
     218.0000000        2.6231828
     219.0000000        2.6293736
     220.0000000        2.6287558
     221.0000000        2.6306450
     222.0000000        2.6276908
     223.0000000        2.6236205
     224.0000000        2.6250143
     225.0000000        2.6228895
     226.0000000        2.6179979
     227.0000000        2.6089103
     228.0000000        2.5979719
     229.0000000        2.5815675
     230.0000000        2.5703158
     231.0000000        2.5653772
     232.0000000        2.5565412
     233.0000000        2.5471792
     234.0000000        2.5456412
     235.0000000        2.5487971
     236.0000000        2.5577164
     237.0000000        2.5641584
     238.0000000        2.5697646
     239.0000000        2.5759876
     240.0000000        2.5801878
     241.0000000        2.5850747
     242.0000000        2.5932560
     243.0000000        2.6051559
     244.0000000        2.6209147
     245.0000000        2.6265852
     246.0000000        2.6232758
     247.0000000        2.6175368
     248.0000000        2.6087985
     249.0000000        2.6019199
     250.0000000        2.6018531
     251.0000000        2.6040485
     252.0000000        2.6012294
     253.0000000        2.5943584
     254.0000000        2.5898182
     255.0000000        2.5820074
     256.0000000        2.5740283
     257.0000000        2.5868211
     258.0000000        2.5927541
     259.0000000        2.5959032
     260.0000000        2.6043971
     261.0000000        2.6085732
     262.0000000        2.6126025
     263.0000000        2.6155934
     264.0000000        2.6118584
     265.0000000        2.6073623
     266.0000000        2.5984433
     267.0000000        2.6021080
     268.0000000        2.6035643
     269.0000000        2.6062608
     270.0000000        2.6025207
     271.0000000        2.6049838
     272.0000000        2.6061265
     273.0000000        2.6107597
     274.0000000        2.6129689
     275.0000000        2.6198695
     276.0000000        2.6343715
     277.0000000        2.6385298
     278.0000000        2.6417909
     279.0000000        2.6410518
     280.0000000        2.6342607
     281.0000000        2.6290553
     282.0000000        2.6266036
     283.0000000        2.6282358
     284.0000000        2.6330137
     285.0000000        2.6364920
     286.0000000        2.6356301
     287.0000000        2.6341677
     288.0000000        2.6353917
     289.0000000        2.6392324
     290.0000000        2.6397219
     291.0000000        2.6355088
     292.0000000        2.6281526
     293.0000000        2.6183560
     294.0000000        2.6086934
     295.0000000        2.6000757
     296.0000000        2.6006303
     297.0000000        2.5921698
     298.0000000        2.5817077
     299.0000000        2.5752847
     300.0000000        2.5676603
     301.0000000        2.5656564
     302.0000000        2.5727310
     303.0000000        2.5851586
     304.0000000        2.5956850
     305.0000000        2.6086328
     306.0000000        2.6090362
     307.0000000        2.6091249
     308.0000000        2.6111534
     309.0000000        2.6168594
     310.0000000        2.6185029
     311.0000000        2.6064680
     312.0000000        2.5916269
     313.0000000        2.5761044
     314.0000000        2.5644929
     315.0000000        2.5469520
     316.0000000        2.5393274
     317.0000000        2.5362380
     318.0000000        2.5442898
     319.0000000        2.5557666
     320.0000000        2.5694363
     321.0000000        2.5867293
     322.0000000        2.5950673
     323.0000000        2.6043084
     324.0000000        2.6143160
     325.0000000        2.6238468
     326.0000000        2.6320233
     327.0000000        2.6411428
     328.0000000        2.6520920
     329.0000000        2.6615727
     330.0000000        2.6665545
     331.0000000        2.6751654
     332.0000000        2.6757312
     333.0000000        2.6642272
     334.0000000        2.6439559
     335.0000000        2.6389606
     336.0000000        2.6253598
     337.0000000        2.6145473
     338.0000000        2.6134980
     339.0000000        2.6141212
     340.0000000        2.6129005
     341.0000000        2.6114075
     342.0000000        2.6067421
     343.0000000        2.6066031
     344.0000000        2.6117446
     345.0000000        2.6203959
     346.0000000        2.6234207
     347.0000000        2.6204555
     348.0000000        2.6148276
     349.0000000        2.6104119
     350.0000000        2.6093860
     351.0000000        2.6089048
     352.0000000        2.6129262
     353.0000000        2.6269603
     354.0000000        2.6325276
     355.0000000        2.6381950
     356.0000000        2.6353471
     357.0000000        2.6271796
     358.0000000        2.6162608
     359.0000000        2.5976934
     360.0000000        2.5804622
     361.0000000        2.5700729
     362.0000000        2.5615129
     363.0000000        2.5495450
     364.0000000        2.5445087
     365.0000000        2.5290518
     366.0000000        2.5190806
     367.0000000        2.5123403
     368.0000000        2.5200531
     369.0000000        2.5348380
     370.0000000        2.5498369
     371.0000000        2.5676310
     372.0000000        2.5782301
     373.0000000        2.5867298
     374.0000000        2.5959384
     375.0000000        2.6002827
     376.0000000        2.6005507
     377.0000000        2.5931208
     378.0000000        2.5852418
     379.0000000        2.5850856
     380.0000000        2.5936162
     381.0000000        2.6062112
     382.0000000        2.6122305
     383.0000000        2.6211789
     384.0000000        2.6217320
     385.0000000        2.6106501
     386.0000000        2.5924335
     387.0000000        2.5792260
     388.0000000        2.5698857
     389.0000000        2.5630095
     390.0000000        2.5571775
     391.0000000        2.5529082
     392.0000000        2.5532176
     393.0000000        2.5611031
     394.0000000        2.5672643
     395.0000000        2.5689945
     396.0000000        2.5734465
     397.0000000        2.5818925
     398.0000000        2.5803494
     399.0000000        2.5794830
     400.0000000        2.5799470
     401.0000000        2.5861897
     402.0000000        2.5879850
     403.0000000        2.5985379
     404.0000000        2.6099417
     405.0000000        2.6169214
     406.0000000        2.6210668
     407.0000000        2.6306951
     408.0000000        2.6376793
     409.0000000        2.6496568
     410.0000000        2.6612852
     411.0000000        2.6695328
     412.0000000        2.6624343
     413.0000000        2.6467900
     414.0000000        2.6322894
     415.0000000        2.6153500
     416.0000000        2.5986848
     417.0000000        2.5824876
     418.0000000        2.5736692
     419.0000000        2.5699258
     420.0000000        2.5773213
     421.0000000        2.5871830
     422.0000000        2.5997691
     423.0000000        2.6123011
     424.0000000        2.6285954
     425.0000000        2.6437278
     426.0000000        2.6630201
     427.0000000        2.6783516
     428.0000000        2.6972871
     429.0000000        2.7069852
     430.0000000        2.7083528
     431.0000000        2.7035987
     432.0000000        2.6926451
     433.0000000        2.6812389
     434.0000000        2.6774998
     435.0000000        2.6656692
     436.0000000        2.6537104
     437.0000000        2.6378348
     438.0000000        2.6239119
     439.0000000        2.6065242
     440.0000000        2.5941744
     441.0000000        2.5817513
     442.0000000        2.5788090
     443.0000000        2.5762501
     444.0000000        2.5689695
     445.0000000        2.5634525
     446.0000000        2.5615380
     447.0000000        2.5649061
     448.0000000        2.5698445
     449.0000000        2.5754004
     450.0000000        2.5781114
     451.0000000        2.5814440
     452.0000000        2.5824382
     453.0000000        2.5791202
     454.0000000        2.5764983
     455.0000000        2.5707314
     456.0000000        2.5680022
     457.0000000        2.5583768
     458.0000000        2.5558574
     459.0000000        2.5548949
     460.0000000        2.5542386
     461.0000000        2.5485263
     462.0000000        2.5410266
     463.0000000        2.5350819
     464.0000000        2.5345540
     465.0000000        2.5352075
     466.0000000        2.5376503
     467.0000000        2.5360241
     468.0000000        2.5350263
     469.0000000        2.5343833
     470.0000000        2.5334966
     471.0000000        2.5351417
     472.0000000        2.5360084
     473.0000000        2.5385437
     474.0000000        2.5402491
     475.0000000        2.5469849
     476.0000000        2.5473278
     477.0000000        2.5594268
     478.0000000        2.5667620
     479.0000000        2.5701389
     480.0000000        2.5721352
     481.0000000        2.5739365
     482.0000000        2.5705676
     483.0000000        2.5651779
     484.0000000        2.5522592
     485.0000000        2.5424936
     486.0000000        2.5277121
     487.0000000        2.5200691
     488.0000000        2.5161059
     489.0000000        2.5214512
     490.0000000        2.5245464
     491.0000000        2.5298696
     492.0000000        2.5407331
     493.0000000        2.5508485
     494.0000000        2.5564167
     495.0000000        2.5609114
     496.0000000        2.5633061
     497.0000000        2.5643442
     498.0000000        2.5647948
     499.0000000        2.5685678
     500.0000000        2.5678928
     501.0000000        2.5677230
     502.0000000        2.5719044
     503.0000000        2.5665717
     504.0000000        2.5660250
     505.0000000        2.5713229
     506.0000000        2.5733721
     507.0000000        2.5788159
     508.0000000        2.5776775
     509.0000000        2.5716186
     510.0000000        2.5652578
     511.0000000        2.5657208
     512.0000000        2.5619586
     513.0000000        2.5603733
     514.0000000        2.5540712
     515.0000000        2.5521617
     516.0000000        2.5612302
     517.0000000        2.5541131
     518.0000000        2.5481842
     519.0000000        2.5597472
     520.0000000        2.5688279
     521.0000000        2.5834434
     522.0000000        2.6022663
     523.0000000        2.6222861
     524.0000000        2.6349890
     525.0000000        2.6469605
     526.0000000        2.6493828
     527.0000000        2.6488643
     528.0000000        2.6383772
     529.0000000        2.6386709
     530.0000000        2.6324186
     531.0000000        2.6251850
     532.0000000        2.6121666
     533.0000000        2.5934858
     534.0000000        2.5807147
     535.0000000        2.5709605
     536.0000000        2.5626836
     537.0000000        2.5622802
     538.0000000        2.5639172
     539.0000000        2.5585008
     540.0000000        2.5578017
     541.0000000        2.5591891
     542.0000000        2.5632639
     543.0000000        2.5617957
     544.0000000        2.5655932
     545.0000000        2.5733469
     546.0000000        2.5804949
     547.0000000        2.5856841
     548.0000000        2.5979784
     549.0000000        2.6065228
     550.0000000        2.6023161
     551.0000000        2.6022723
     552.0000000        2.6030986
     553.0000000        2.6030262
     554.0000000        2.5974381
     555.0000000        2.5910511
     556.0000000        2.5819328
     557.0000000        2.5661147
     558.0000000        2.5525751
     559.0000000        2.5372841
     560.0000000        2.5269239
     561.0000000        2.5170374
     562.0000000        2.5163429
     563.0000000        2.5188665
     564.0000000        2.5284686
     565.0000000        2.5405135
     566.0000000        2.5582297
     567.0000000        2.5779099
     568.0000000        2.5967429
     569.0000000        2.6052356
     570.0000000        2.6058507
     571.0000000        2.6035717
     572.0000000        2.6013069
     573.0000000        2.5965879
     574.0000000        2.5839949
     575.0000000        2.5735440
     576.0000000        2.5651402
     577.0000000        2.5601773
     578.0000000        2.5568802
     579.0000000        2.5517728
     580.0000000        2.5555305
     581.0000000        2.5654452
     582.0000000        2.5721688
     583.0000000        2.5744357
     584.0000000        2.5708647
     585.0000000        2.5743575
     586.0000000        2.5775547
     587.0000000        2.5788970
     588.0000000        2.5822928
     589.0000000        2.5705295
     590.0000000        2.5681300
     591.0000000        2.5653765
     592.0000000        2.5694332
     593.0000000        2.5664656
     594.0000000        2.5666974
     595.0000000        2.5647209
     596.0000000        2.5695121
     597.0000000        2.5690122
     598.0000000        2.5642047
     599.0000000        2.5619626
     600.0000000        2.5587347
