       1.0000000        7.5060520
       2.0000000        7.8364675
       3.0000000        7.9428580
       4.0000000        7.9343200
       5.0000000        7.9040078
       6.0000000        7.8333920
       7.0000000        7.7258537
       8.0000000        7.6804880
       9.0000000        7.6204847
      10.0000000        7.5945068
      11.0000000        7.5837286
      12.0000000        7.5538693
      13.0000000        7.5590662
      14.0000000        7.5612059
      15.0000000        7.5632794
      16.0000000        7.5636906
      17.0000000        7.5196416
      18.0000000        7.4826880
      19.0000000        7.4275610
      20.0000000        7.3607361
      21.0000000        7.2734157
      22.0000000        7.2292697
      23.0000000        7.2107721
      24.0000000        7.1749146
      25.0000000        7.1709224
      26.0000000        7.1849484
      27.0000000        7.2048829
      28.0000000        7.2272981
      29.0000000        7.2630026
      30.0000000        7.2970160
      31.0000000        7.3228733
      32.0000000        7.3445822
      33.0000000        7.3744032
      34.0000000        7.3843175
      35.0000000        7.3951437
      36.0000000        7.3618168
      37.0000000        7.3339253
      38.0000000        7.3382965
      39.0000000        7.3608761
      40.0000000        7.4077717
      41.0000000        7.4710080
      42.0000000        7.5561008
      43.0000000        7.6280148
      44.0000000        7.6252306
      45.0000000        7.6306907
      46.0000000        7.6260945
      47.0000000        7.6142749
      48.0000000        7.5635239
      49.0000000        7.5085184
      50.0000000        7.4656058
      51.0000000        7.4675469
      52.0000000        7.4704819
      53.0000000        7.4706841
      54.0000000        7.4801330
      55.0000000        7.5039015
      56.0000000        7.4948958
      57.0000000        7.5289663
      58.0000000        7.5661276
      59.0000000        7.6110126
      60.0000000        7.6875812
      61.0000000        7.7414134
      62.0000000        7.8118578
      63.0000000        7.8053480
      64.0000000        7.7669785
      65.0000000        7.7735336
      66.0000000        7.8144708
      67.0000000        7.8428015
      68.0000000        7.8124374
      69.0000000        7.7279369
      70.0000000        7.6457946
      71.0000000        7.5675362
      72.0000000        7.4408792
      73.0000000        7.3618009
      74.0000000        7.3312311
      75.0000000        7.3410091
      76.0000000        7.3725684
      77.0000000        7.4230680
      78.0000000        7.4478535
      79.0000000        7.4512300
      80.0000000        7.4506947
      81.0000000        7.4379018
      82.0000000        7.4279365
      83.0000000        7.4161089
      84.0000000        7.3824658
      85.0000000        7.3544726
      86.0000000        7.3185673
      87.0000000        7.2903618
      88.0000000        7.2667583
      89.0000000        7.2884616
      90.0000000        7.3399987
      91.0000000        7.3881092
      92.0000000        7.4028662
      93.0000000        7.3908430
      94.0000000        7.4199643
      95.0000000        7.4454876
      96.0000000        7.4718161
      97.0000000        7.5668490
      98.0000000        7.6673167
      99.0000000        7.7312511
     100.0000000        7.7968136
     101.0000000        7.8236383
     102.0000000        7.8299713
     103.0000000        7.8203647
     104.0000000        7.8213249
     105.0000000        7.7720581
     106.0000000        7.7226448
     107.0000000        7.6321990
     108.0000000        7.5775323
     109.0000000        7.5396356
     110.0000000        7.5147889
     111.0000000        7.5333481
     112.0000000        7.5659686
     113.0000000        7.6225450
     114.0000000        7.6668916
     115.0000000        7.7227222
     116.0000000        7.7745558
     117.0000000        7.8224855
     118.0000000        7.8973411
     119.0000000        7.9247612
     120.0000000        7.9080798
     121.0000000        7.8601856
     122.0000000        7.8021705
     123.0000000        7.7747148
     124.0000000        7.7442025
     125.0000000        7.7247861
     126.0000000        7.6685754
     127.0000000        7.6098669
     128.0000000        7.5717346
     129.0000000        7.4920087
     130.0000000        7.4030823
     131.0000000        7.3377749
     132.0000000        7.2630413
     133.0000000        7.2368521
     134.0000000        7.2042837
     135.0000000        7.1700349
     136.0000000        7.1391883
     137.0000000        7.1364457
     138.0000000        7.1711434
     139.0000000        7.1948667
     140.0000000        7.1806743
     141.0000000        7.1996088
     142.0000000        7.2441131
     143.0000000        7.3064821
     144.0000000        7.4001709
     145.0000000        7.4592618
     146.0000000        7.5339431
     147.0000000        7.6294532
     148.0000000        7.6914232
     149.0000000        7.7347382
     150.0000000        7.7754320
     151.0000000        7.7552103
     152.0000000        7.7890929
     153.0000000        7.8378944
     154.0000000        7.8825883
     155.0000000        7.9674199
     156.0000000        8.0661874
     157.0000000        8.1702299
     158.0000000        8.2606483
     159.0000000        8.2746871
     160.0000000        8.2290139
     161.0000000        8.1397102
     162.0000000        8.0397644
     163.0000000        7.9483211
     164.0000000        7.8678419
     165.0000000        7.8025450
     166.0000000        7.7537924
     167.0000000        7.7014044
     168.0000000        7.6605439
     169.0000000        7.6444095
     170.0000000        7.6620532
     171.0000000        7.6666019
     172.0000000        7.6021860
     173.0000000        7.5372366
     174.0000000        7.5586180
     175.0000000        7.5765716
     176.0000000        7.5647191
     177.0000000        7.5395374
     178.0000000        7.5314864
     179.0000000        7.5200251
     180.0000000        7.5743940
     181.0000000        7.6081960
     182.0000000        7.6080746
     183.0000000        7.6130284
     184.0000000        7.6287831
     185.0000000        7.6048208
     186.0000000        7.5612171
     187.0000000        7.5109487
     188.0000000        7.4356020
     189.0000000        7.3714750
     190.0000000        7.3030105
     191.0000000        7.2578137
     192.0000000        7.2318496
     193.0000000        7.2167070
     194.0000000        7.1696525
     195.0000000        7.1383117
     196.0000000        7.1029875
     197.0000000        7.0918196
     198.0000000        7.1005274
     199.0000000        7.1681738
     200.0000000        7.2524897
     201.0000000        7.3464335
     202.0000000        7.4210522
     203.0000000        7.4784812
     204.0000000        7.5034936
     205.0000000        7.5188939
     206.0000000        7.5453340
     207.0000000        7.6073040
     208.0000000        7.6896708
     209.0000000        7.7248469
     210.0000000        7.7841225
     211.0000000        7.8317538
     212.0000000        7.8363472
     213.0000000        7.8276412
     214.0000000        7.7914044
     215.0000000        7.7514450
     216.0000000        7.7148141
     217.0000000        7.7278291
     218.0000000        7.7728881
     219.0000000        7.8054307
     220.0000000        7.8054882
     221.0000000        7.8275714
     222.0000000        7.8236418
     223.0000000        7.7911288
     224.0000000        7.7794198
     225.0000000        7.7681129
     226.0000000        7.7340567
     227.0000000        7.6841467
     228.0000000        7.6137217
     229.0000000        7.5267410
     230.0000000        7.4526459
     231.0000000        7.4042617
     232.0000000        7.3460888
     233.0000000        7.3092230
     234.0000000        7.3109434
     235.0000000        7.3293651
     236.0000000        7.3826882
     237.0000000        7.4211815
     238.0000000        7.4512768
     239.0000000        7.4846726
     240.0000000        7.5032223
     241.0000000        7.5387866
     242.0000000        7.5918136
     243.0000000        7.6584009
     244.0000000        7.7419225
     245.0000000        7.7721339
     246.0000000        7.7510148
     247.0000000        7.7035547
     248.0000000        7.6498095
     249.0000000        7.6057870
     250.0000000        7.6102150
     251.0000000        7.6309924
     252.0000000        7.6183379
     253.0000000        7.5748578
     254.0000000        7.5434726
     255.0000000        7.5013387
     256.0000000        7.4643061
     257.0000000        7.5229794
     258.0000000        7.5772934
     259.0000000        7.6052998
     260.0000000        7.6441596
     261.0000000        7.6752985
     262.0000000        7.6996113
     263.0000000        7.6948552
     264.0000000        7.6652589
     265.0000000        7.6399630
     266.0000000        7.6009002
     267.0000000        7.6269501
     268.0000000        7.6308992
     269.0000000        7.6369873
     270.0000000        7.6170255
     271.0000000        7.6354916
     272.0000000        7.6284097
     273.0000000        7.6582136
     274.0000000        7.6713443
     275.0000000        7.7071497
     276.0000000        7.7869923
     277.0000000        7.8017933
     278.0000000        7.8165803
     279.0000000        7.8323880
     280.0000000        7.7992449
     281.0000000        7.7644527
     282.0000000        7.7683842
     283.0000000        7.7797608
     284.0000000        7.8145955
     285.0000000        7.8344916
     286.0000000        7.8379445
     287.0000000        7.8596406
     288.0000000        7.8655050
     289.0000000        7.8902231
     290.0000000        7.8777353
     291.0000000        7.8264406
     292.0000000        7.7701570
     293.0000000        7.7027272
     294.0000000        7.6409300
     295.0000000        7.6091753
     296.0000000        7.6071317
     297.0000000        7.5669662
     298.0000000        7.5176898
     299.0000000        7.4842336
     300.0000000        7.4517956
     301.0000000        7.4405362
     302.0000000        7.4798613
     303.0000000        7.5503178
     304.0000000        7.5991569
     305.0000000        7.6489036
     306.0000000        7.6442022
     307.0000000        7.6499707
     308.0000000        7.6687185
     309.0000000        7.7037475
     310.0000000        7.6977173
     311.0000000        7.6278541
     312.0000000        7.5467363
     313.0000000        7.4589051
     314.0000000        7.3932001
     315.0000000        7.3024551
     316.0000000        7.2698121
     317.0000000        7.2603794
     318.0000000        7.3037037
     319.0000000        7.3788806
     320.0000000        7.4652223
     321.0000000        7.5620461
     322.0000000        7.5998579
     323.0000000        7.6571516
     324.0000000        7.7193543
     325.0000000        7.7880328
     326.0000000        7.8476656
     327.0000000        7.8913349
     328.0000000        7.9418082
     329.0000000        7.9814897
     330.0000000        8.0056382
     331.0000000        8.0498144
     332.0000000        8.0436281
     333.0000000        7.9574557
     334.0000000        7.8359472
     335.0000000        7.7903625
     336.0000000        7.7112917
     337.0000000        7.6656153
     338.0000000        7.6689497
     339.0000000        7.6701385
     340.0000000        7.6770790
     341.0000000        7.6826861
     342.0000000        7.6561255
     343.0000000        7.6565574
     344.0000000        7.6828013
     345.0000000        7.7343930
     346.0000000        7.7636207
     347.0000000        7.7631839
     348.0000000        7.7295442
     349.0000000        7.6969769
     350.0000000        7.6979277
     351.0000000        7.6957413
     352.0000000        7.7123883
     353.0000000        7.7844398
     354.0000000        7.8339502
     355.0000000        7.8613928
     356.0000000        7.8380388
     357.0000000        7.7933039
     358.0000000        7.7029643
     359.0000000        7.5865162
     360.0000000        7.4821149
     361.0000000        7.4201650
     362.0000000        7.3728582
     363.0000000        7.3103996
     364.0000000        7.2725542
     365.0000000        7.1880916
     366.0000000        7.1480144
     367.0000000        7.1325846
     368.0000000        7.1762271
     369.0000000        7.2558092
     370.0000000        7.3537594
     371.0000000        7.4739154
     372.0000000        7.5334950
     373.0000000        7.5893615
     374.0000000        7.6263422
     375.0000000        7.6419859
     376.0000000        7.6347588
     377.0000000        7.5783027
     378.0000000        7.5359957
     379.0000000        7.5370366
     380.0000000        7.5981349
     381.0000000        7.6661047
     382.0000000        7.7225820
     383.0000000        7.7703044
     384.0000000        7.7515036
     385.0000000        7.6805089
     386.0000000        7.5798610
     387.0000000        7.5083784
     388.0000000        7.4323413
     389.0000000        7.3959428
     390.0000000        7.3677444
     391.0000000        7.3484217
     392.0000000        7.3453455
     393.0000000        7.3865039
     394.0000000        7.4154253
     395.0000000        7.4262914
     396.0000000        7.4461926
     397.0000000        7.4747710
     398.0000000        7.4813458
     399.0000000        7.4808319
     400.0000000        7.4846428
     401.0000000        7.5119484
     402.0000000        7.5395482
     403.0000000        7.6125100
     404.0000000        7.6768349
     405.0000000        7.7256424
     406.0000000        7.7614315
     407.0000000        7.8172224
     408.0000000        7.8646138
     409.0000000        7.9482369
     410.0000000        8.0183007
     411.0000000        8.0577350
     412.0000000        7.9852311
     413.0000000        7.8741643
     414.0000000        7.7617762
     415.0000000        7.6554282
     416.0000000        7.5523169
     417.0000000        7.4580034
     418.0000000        7.4139775
     419.0000000        7.3990358
     420.0000000        7.4408885
     421.0000000        7.5069083
     422.0000000        7.5997581
     423.0000000        7.6700088
     424.0000000        7.7692633
     425.0000000        7.8733133
     426.0000000        7.9849829
     427.0000000        8.0948149
     428.0000000        8.2021337
     429.0000000        8.2436514
     430.0000000        8.2424515
     431.0000000        8.2056811
     432.0000000        8.1377094
     433.0000000        8.0723420
     434.0000000        8.0587974
     435.0000000        7.9875399
     436.0000000        7.8990584
     437.0000000        7.7822949
     438.0000000        7.6985315
     439.0000000        7.6085948
     440.0000000        7.5300400
     441.0000000        7.4669650
     442.0000000        7.4571620
     443.0000000        7.4403608
     444.0000000        7.4077588
     445.0000000        7.3816160
     446.0000000        7.3620975
     447.0000000        7.3917279
     448.0000000        7.4295516
     449.0000000        7.4777087
     450.0000000        7.4966087
     451.0000000        7.5038172
     452.0000000        7.5077096
     453.0000000        7.4996722
     454.0000000        7.5085968
     455.0000000        7.4804232
     456.0000000        7.4661049
     457.0000000        7.4035975
     458.0000000        7.3736062
     459.0000000        7.3631734
     460.0000000        7.3605259
     461.0000000        7.3272073
     462.0000000        7.2812441
     463.0000000        7.2425880
     464.0000000        7.2492523
     465.0000000        7.2594831
     466.0000000        7.2795915
     467.0000000        7.2737270
     468.0000000        7.2749501
     469.0000000        7.2660494
     470.0000000        7.2647720
     471.0000000        7.2724402
     472.0000000        7.2711732
     473.0000000        7.3047038
     474.0000000        7.3266990
     475.0000000        7.3605603
     476.0000000        7.3619412
     477.0000000        7.3968604
     478.0000000        7.4345709
     479.0000000        7.4514707
     480.0000000        7.4522226
     481.0000000        7.4583919
     482.0000000        7.4408880
     483.0000000        7.3932313
     484.0000000        7.3242965
     485.0000000        7.2697963
     486.0000000        7.1944513
     487.0000000        7.1483737
     488.0000000        7.1160210
     489.0000000        7.1370176
     490.0000000        7.1780969
     491.0000000        7.2297398
     492.0000000        7.3131971
     493.0000000        7.3675211
     494.0000000        7.3930441
     495.0000000        7.3956949
     496.0000000        7.3950515
     497.0000000        7.3951318
     498.0000000        7.3941775
     499.0000000        7.4231466
     500.0000000        7.4336246
     501.0000000        7.4467435
     502.0000000        7.4712763
     503.0000000        7.4455191
     504.0000000        7.4417390
     505.0000000        7.4622419
     506.0000000        7.4772306
     507.0000000        7.5212143
     508.0000000        7.5125544
     509.0000000        7.4866146
     510.0000000        7.4495319
     511.0000000        7.4374712
     512.0000000        7.4131511
     513.0000000        7.4008526
     514.0000000        7.3594360
     515.0000000        7.3483820
     516.0000000        7.3917632
     517.0000000        7.3681130
     518.0000000        7.3555999
     519.0000000        7.4342527
     520.0000000        7.5054474
     521.0000000        7.5923429
     522.0000000        7.6962357
     523.0000000        7.8036042
     524.0000000        7.8620999
     525.0000000        7.9152696
     526.0000000        7.9278943
     527.0000000        7.9184945
     528.0000000        7.8424509
     529.0000000        7.8365222
     530.0000000        7.8156647
     531.0000000        7.7838634
     532.0000000        7.7166656
     533.0000000        7.6213763
     534.0000000        7.5535237
     535.0000000        7.5078936
     536.0000000        7.4608111
     537.0000000        7.4588491
     538.0000000        7.4742487
     539.0000000        7.4546048
     540.0000000        7.4455701
     541.0000000        7.4430130
     542.0000000        7.4481500
     543.0000000        7.4376051
     544.0000000        7.4510838
     545.0000000        7.4828532
     546.0000000        7.5201182
     547.0000000        7.5518881
     548.0000000        7.6149863
     549.0000000        7.6494585
     550.0000000        7.6373804
     551.0000000        7.6459241
     552.0000000        7.6390244
     553.0000000        7.6417083
     554.0000000        7.6050715
     555.0000000        7.5502236
     556.0000000        7.5013692
     557.0000000        7.4225270
     558.0000000        7.3365066
     559.0000000        7.2406912
     560.0000000        7.1801867
     561.0000000        7.1238396
     562.0000000        7.1179584
     563.0000000        7.1458638
     564.0000000        7.2271496
     565.0000000        7.3158537
     566.0000000        7.4076269
     567.0000000        7.5045784
     568.0000000        7.5986084
     569.0000000        7.6532661
     570.0000000        7.6636725
     571.0000000        7.6606051
     572.0000000        7.6383345
     573.0000000        7.5969841
     574.0000000        7.5274398
     575.0000000        7.4479275
     576.0000000        7.3886718
     577.0000000        7.3533028
     578.0000000        7.3425644
     579.0000000        7.3353188
     580.0000000        7.3666230
     581.0000000        7.4362009
     582.0000000        7.4577828
     583.0000000        7.4680146
     584.0000000        7.4442149
     585.0000000        7.4399261
     586.0000000        7.4444026
     587.0000000        7.4551002
     588.0000000        7.4744393
     589.0000000        7.4217549
     590.0000000        7.4213100
     591.0000000        7.4006744
     592.0000000        7.4148591
     593.0000000        7.4143111
     594.0000000        7.4006166
     595.0000000        7.4139396
     596.0000000        7.4376232
     597.0000000        7.4442499
     598.0000000        7.4253152
     599.0000000        7.4037167
     600.0000000        7.3936655
