       1.0000000        4.9990629
       2.0000000        4.9420491
       3.0000000        4.9085612
       4.0000000        4.9043803
       5.0000000        4.8267805
       6.0000000        4.7818797
       7.0000000        4.7990623
       8.0000000        4.8079304
       9.0000000        4.7877001
      10.0000000        4.7794008
      11.0000000        4.7958233
      12.0000000        4.8258256
      13.0000000        4.8558770
      14.0000000        4.8401686
      15.0000000        4.8243707
      16.0000000        4.8110896
      17.0000000        4.8065882
      18.0000000        4.8000548
      19.0000000        4.7719663
      20.0000000        4.7356387
      21.0000000        4.7203205
      22.0000000        4.6970763
      23.0000000        4.6398933
      24.0000000        4.5931346
      25.0000000        4.5278451
      26.0000000        4.4606376
      27.0000000        4.3822824
      28.0000000        4.3124589
      29.0000000        4.2557228
      30.0000000        4.1958683
      31.0000000        4.1343523
      32.0000000        4.0648751
      33.0000000        3.9793617
      34.0000000        3.9009317
      35.0000000        3.8696684
      36.0000000        3.8452528
      37.0000000        3.8308212
      38.0000000        3.8174110
      39.0000000        3.7783550
      40.0000000        3.7465513
      41.0000000        3.6943791
      42.0000000        3.6547715
      43.0000000        3.6093698
      44.0000000        3.5710267
      45.0000000        3.5436327
      46.0000000        3.5208596
      47.0000000        3.4905252
      48.0000000        3.4608364
      49.0000000        3.4493327
      50.0000000        3.4469819
      51.0000000        3.4474163
      52.0000000        3.4594441
      53.0000000        3.4829651
      54.0000000        3.4907769
      55.0000000        3.5040043
      56.0000000        3.5135517
      57.0000000        3.5457040
      58.0000000        3.6015572
      59.0000000        3.6683518
      60.0000000        3.7425536
      61.0000000        3.8141796
      62.0000000        3.8827319
      63.0000000        3.9604944
      64.0000000        4.0199390
      65.0000000        4.0491332
      66.0000000        4.0788298
      67.0000000        4.1122468
      68.0000000        4.1407078
      69.0000000        4.1691178
      70.0000000        4.1965211
      71.0000000        4.2091508
      72.0000000        4.1980533
      73.0000000        4.1687377
      74.0000000        4.1647976
      75.0000000        4.1922849
      76.0000000        4.2323702
      77.0000000        4.2408215
      78.0000000        4.2681530
      79.0000000        4.3023125
      80.0000000        4.3305858
      81.0000000        4.3631759
      82.0000000        4.3943792
      83.0000000        4.4118662
      84.0000000        4.4193131
      85.0000000        4.4271156
      86.0000000        4.4247106
      87.0000000        4.4007895
      88.0000000        4.3570464
      89.0000000        4.3539536
      90.0000000        4.3474113
      91.0000000        4.3089639
      92.0000000        4.2779937
      93.0000000        4.2726979
      94.0000000        4.2768777
      95.0000000        4.3054149
      96.0000000        4.3228496
      97.0000000        4.3744332
      98.0000000        4.4340218
      99.0000000        4.4743519
     100.0000000        4.5482379
     101.0000000        4.6149462
     102.0000000        4.6465173
     103.0000000        4.6735010
     104.0000000        4.7173365
     105.0000000        4.7309427
     106.0000000        4.7429852
     107.0000000        4.7374116
     108.0000000        4.7475259
     109.0000000        4.7430936
     110.0000000        4.7250616
     111.0000000        4.6956064
     112.0000000        4.6890199
     113.0000000        4.7026876
     114.0000000        4.6956540
     115.0000000        4.6517688
     116.0000000        4.5987214
     117.0000000        4.5842956
     118.0000000        4.5824179
     119.0000000        4.5665390
     120.0000000        4.5470998
     121.0000000        4.5277410
     122.0000000        4.5350451
     123.0000000        4.5628108
     124.0000000        4.6146024
     125.0000000        4.6678983
     126.0000000        4.6829179
     127.0000000        4.6751344
     128.0000000        4.6724698
     129.0000000        4.6796788
     130.0000000        4.6916045
     131.0000000        4.6954674
     132.0000000        4.7398677
     133.0000000        4.7653936
     134.0000000        4.7415161
     135.0000000        4.7397843
     136.0000000        4.7475162
     137.0000000        4.8110179
     138.0000000        4.8358635
     139.0000000        4.8186037
     140.0000000        4.8172982
     141.0000000        4.8254764
     142.0000000        4.8396492
     143.0000000        4.8457710
     144.0000000        4.8580428
     145.0000000        4.8714019
     146.0000000        4.9462298
     147.0000000        5.0026429
     148.0000000        5.0348055
     149.0000000        5.1044291
     150.0000000        5.1808809
     151.0000000        5.2133945
     152.0000000        5.1763195
     153.0000000        5.1009063
     154.0000000        5.0544784
     155.0000000        5.0822459
     156.0000000        5.0757485
     157.0000000        5.0454705
     158.0000000        4.9965048
     159.0000000        4.9732122
     160.0000000        4.9637329
     161.0000000        4.9782388
     162.0000000        5.0129413
     163.0000000        5.0301532
     164.0000000        5.0067536
     165.0000000        4.9650819
     166.0000000        4.9512950
     167.0000000        4.9634700
     168.0000000        4.9824546
     169.0000000        5.0310583
     170.0000000        5.0673207
     171.0000000        5.1042271
     172.0000000        5.1981109
     173.0000000        5.2916711
     174.0000000        5.3527273
     175.0000000        5.4115497
     176.0000000        5.4879080
     177.0000000        5.5085028
     178.0000000        5.4746783
     179.0000000        5.4746587
     180.0000000        5.4737043
     181.0000000        5.4669403
     182.0000000        5.3854593
     183.0000000        5.2889182
     184.0000000        5.2376872
     185.0000000        5.2550381
     186.0000000        5.2525612
     187.0000000        5.2643246
     188.0000000        5.2941542
     189.0000000        5.2763865
     190.0000000        5.2407257
     191.0000000        5.2325245
     192.0000000        5.1910098
     193.0000000        5.1889108
     194.0000000        5.2188099
     195.0000000        5.2641067
     196.0000000        5.3245805
     197.0000000        5.3610747
     198.0000000        5.3650754
     199.0000000        5.3663039
     200.0000000        5.3583802
     201.0000000        5.3115132
     202.0000000        5.2243822
     203.0000000        5.1405005
     204.0000000        5.0828580
     205.0000000        5.0261801
     206.0000000        4.9739000
     207.0000000        4.9355898
     208.0000000        4.8777795
     209.0000000        4.8500466
     210.0000000        4.8151669
     211.0000000        4.7543778
     212.0000000        4.7100620
     213.0000000        4.6827162
     214.0000000        4.6500261
     215.0000000        4.5827718
     216.0000000        4.5038245
     217.0000000        4.4438246
     218.0000000        4.4192255
     219.0000000        4.4260364
     220.0000000        4.4145813
     221.0000000        4.3911041
     222.0000000        4.3648004
     223.0000000        4.3402748
     224.0000000        4.2803826
     225.0000000        4.2159633
     226.0000000        4.1823182
     227.0000000        4.1794969
     228.0000000        4.1943984
     229.0000000        4.2114535
     230.0000000        4.2074574
     231.0000000        4.2016590
     232.0000000        4.1985755
     233.0000000        4.1999657
     234.0000000        4.2067819
     235.0000000        4.2470404
     236.0000000        4.2845248
     237.0000000        4.3523934
     238.0000000        4.4073338
     239.0000000        4.4605185
     240.0000000        4.4795045
     241.0000000        4.4573275
     242.0000000        4.4216092
     243.0000000        4.3890912
     244.0000000        4.3498111
     245.0000000        4.3105426
     246.0000000        4.2657945
     247.0000000        4.2482741
     248.0000000        4.2074631
     249.0000000        4.1722434
     250.0000000        4.1514586
     251.0000000        4.1283601
     252.0000000        4.0928819
     253.0000000        4.0686951
     254.0000000        4.0442418
     255.0000000        4.0275256
     256.0000000        4.0008447
     257.0000000        3.9787189
     258.0000000        3.9533285
     259.0000000        3.9481440
     260.0000000        3.9774038
     261.0000000        3.9875426
     262.0000000        4.0006830
     263.0000000        4.0058366
     264.0000000        4.0209893
     265.0000000        4.0219223
     266.0000000        4.0395498
     267.0000000        4.0794622
     268.0000000        4.0829102
     269.0000000        4.1106213
     270.0000000        4.1330068
     271.0000000        4.1447800
     272.0000000        4.1521359
     273.0000000        4.1896311
     274.0000000        4.2298035
     275.0000000        4.2241087
     276.0000000        4.2152039
     277.0000000        4.2043629
     278.0000000        4.1734416
     279.0000000        4.1303904
     280.0000000        4.0915299
     281.0000000        4.0378529
     282.0000000        3.9930838
     283.0000000        3.9516806
     284.0000000        3.9206895
     285.0000000        3.8807626
     286.0000000        3.8497299
     287.0000000        3.8144867
     288.0000000        3.7707210
     289.0000000        3.7322632
     290.0000000        3.7038006
     291.0000000        3.6784053
     292.0000000        3.6464786
     293.0000000        3.6164211
     294.0000000        3.5991257
     295.0000000        3.5842810
     296.0000000        3.5787652
     297.0000000        3.5725282
     298.0000000        3.5887198
     299.0000000        3.6117078
     300.0000000        3.6146147
     301.0000000        3.6072384
     302.0000000        3.6103687
     303.0000000        3.6226376
     304.0000000        3.6380460
     305.0000000        3.6511452
     306.0000000        3.6577312
     307.0000000        3.6380773
     308.0000000        3.6090008
     309.0000000        3.5807427
     310.0000000        3.5478528
     311.0000000        3.5259939
     312.0000000        3.5325126
     313.0000000        3.5474040
     314.0000000        3.5603007
     315.0000000        3.5579722
     316.0000000        3.5722868
     317.0000000        3.5895317
     318.0000000        3.6095256
     319.0000000        3.6495664
     320.0000000        3.6849252
     321.0000000        3.7041766
     322.0000000        3.7067850
     323.0000000        3.7119683
     324.0000000        3.7140837
     325.0000000        3.7098683
     326.0000000        3.7008593
     327.0000000        3.6731912
     328.0000000        3.6487620
     329.0000000        3.6270591
     330.0000000        3.6059717
     331.0000000        3.5961960
     332.0000000        3.5748972
     333.0000000        3.5697333
     334.0000000        3.5722761
     335.0000000        3.5680083
     336.0000000        3.5653662
     337.0000000        3.5584042
     338.0000000        3.5568988
     339.0000000        3.5653272
     340.0000000        3.5766185
     341.0000000        3.6055099
     342.0000000        3.6309358
     343.0000000        3.6616294
     344.0000000        3.6902067
     345.0000000        3.7309475
     346.0000000        3.7664533
     347.0000000        3.7899978
     348.0000000        3.8207039
     349.0000000        3.8639617
     350.0000000        3.9109880
     351.0000000        3.9666525
     352.0000000        4.0108882
     353.0000000        4.0181501
     354.0000000        4.0274835
     355.0000000        4.0102309
     356.0000000        3.9666487
     357.0000000        3.9109123
     358.0000000        3.8657250
     359.0000000        3.8197900
     360.0000000        3.7651047
     361.0000000        3.7064317
     362.0000000        3.6644419
     363.0000000        3.6250217
     364.0000000        3.5786722
     365.0000000        3.5367933
     366.0000000        3.4934620
     367.0000000        3.4702151
     368.0000000        3.4435832
     369.0000000        3.4149717
     370.0000000        3.3983737
     371.0000000        3.4014012
     372.0000000        3.4059726
     373.0000000        3.4094299
     374.0000000        3.3900162
     375.0000000        3.3598447
     376.0000000        3.3278991
     377.0000000        3.2936353
     378.0000000        3.2641848
     379.0000000        3.2513231
     380.0000000        3.2629192
     381.0000000        3.2699099
     382.0000000        3.2533243
     383.0000000        3.2394295
     384.0000000        3.2505966
     385.0000000        3.2678920
     386.0000000        3.2807917
     387.0000000        3.2928970
     388.0000000        3.2981623
     389.0000000        3.3038447
     390.0000000        3.2943778
     391.0000000        3.2727596
     392.0000000        3.2545737
     393.0000000        3.2490571
     394.0000000        3.2586534
     395.0000000        3.2740285
     396.0000000        3.2783755
     397.0000000        3.2816871
     398.0000000        3.2955154
     399.0000000        3.3205974
     400.0000000        3.3377557
     401.0000000        3.3525081
     402.0000000        3.3796598
     403.0000000        3.4192072
     404.0000000        3.4583202
     405.0000000        3.4891561
     406.0000000        3.5344215
     407.0000000        3.5899816
     408.0000000        3.6218273
     409.0000000        3.6387704
     410.0000000        3.6548705
     411.0000000        3.6711939
     412.0000000        3.7024840
     413.0000000        3.7173732
     414.0000000        3.7162640
     415.0000000        3.7184669
     416.0000000        3.7295258
     417.0000000        3.7522625
     418.0000000        3.7728861
     419.0000000        3.8166375
     420.0000000        3.8465903
     421.0000000        3.8659401
     422.0000000        3.8843409
     423.0000000        3.9161636
     424.0000000        3.9667461
     425.0000000        4.0256267
     426.0000000        4.0735685
     427.0000000        4.1193861
     428.0000000        4.1642397
     429.0000000        4.1781238
     430.0000000        4.1870143
     431.0000000        4.2181753
     432.0000000        4.2534296
     433.0000000        4.2799617
     434.0000000        4.2891291
     435.0000000        4.2917080
     436.0000000        4.2908377
     437.0000000        4.3092464
     438.0000000        4.3160036
     439.0000000        4.3108032
     440.0000000        4.3044421
     441.0000000        4.3106582
     442.0000000        4.3249464
     443.0000000        4.3502358
     444.0000000        4.3660941
     445.0000000        4.3498700
     446.0000000        4.3093213
     447.0000000        4.2922284
     448.0000000        4.2898243
     449.0000000        4.2999716
     450.0000000        4.2982176
     451.0000000        4.3020367
     452.0000000        4.3285618
     453.0000000        4.3400480
     454.0000000        4.3284856
     455.0000000        4.3177603
     456.0000000        4.2882179
     457.0000000        4.2549544
     458.0000000        4.2315743
     459.0000000        4.1969969
     460.0000000        4.1783254
     461.0000000        4.1894804
     462.0000000        4.2001420
     463.0000000        4.2239294
     464.0000000        4.2325342
     465.0000000        4.2257634
     466.0000000        4.2187814
     467.0000000        4.1890710
     468.0000000        4.1628056
     469.0000000        4.1303391
     470.0000000        4.0886581
     471.0000000        4.0774191
     472.0000000        4.0746636
     473.0000000        4.0659347
     474.0000000        4.0624931
     475.0000000        4.0617541
     476.0000000        4.0667994
     477.0000000        4.0807096
     478.0000000        4.0921819
     479.0000000        4.1185132
     480.0000000        4.1385155
     481.0000000        4.1498296
     482.0000000        4.1732966
     483.0000000        4.2062725
     484.0000000        4.2408516
     485.0000000        4.2759085
     486.0000000        4.2958777
     487.0000000        4.2847766
     488.0000000        4.2651798
     489.0000000        4.3060559
     490.0000000        4.3350524
     491.0000000        4.3433349
     492.0000000        4.3263629
     493.0000000        4.3005316
     494.0000000        4.2637830
     495.0000000        4.2398922
     496.0000000        4.2168062
     497.0000000        4.1988991
     498.0000000        4.1652615
     499.0000000        4.1422482
     500.0000000        4.1545092
     501.0000000        4.1775822
     502.0000000        4.1991675
     503.0000000        4.2182666
     504.0000000        4.2447360
     505.0000000        4.2472791
     506.0000000        4.2423960
     507.0000000        4.2392052
     508.0000000        4.2380509
     509.0000000        4.2393343
     510.0000000        4.2033678
     511.0000000        4.1705962
     512.0000000        4.1163121
     513.0000000        4.0603490
     514.0000000        4.0155175
     515.0000000        3.9774939
     516.0000000        3.9578448
     517.0000000        3.9685690
     518.0000000        3.9860459
     519.0000000        3.9888534
     520.0000000        3.9741013
     521.0000000        3.9528479
     522.0000000        3.9231272
     523.0000000        3.8915938
     524.0000000        3.8369449
     525.0000000        3.8016893
     526.0000000        3.7667758
     527.0000000        3.7378963
     528.0000000        3.7372699
     529.0000000        3.7555813
     530.0000000        3.7768997
     531.0000000        3.7860149
     532.0000000        3.8073705
     533.0000000        3.8322247
     534.0000000        3.8803537
     535.0000000        3.9243799
     536.0000000        3.9558786
     537.0000000        3.9828714
     538.0000000        4.0180091
     539.0000000        4.0534171
     540.0000000        4.0570927
     541.0000000        4.0612566
     542.0000000        4.0371056
     543.0000000        4.0112466
     544.0000000        3.9884038
     545.0000000        3.9633908
     546.0000000        3.9385599
     547.0000000        3.9227015
     548.0000000        3.9317840
     549.0000000        3.9544991
     550.0000000        3.9928525
     551.0000000        4.0227587
     552.0000000        4.0494151
     553.0000000        4.0725647
     554.0000000        4.0792707
     555.0000000        4.0989260
     556.0000000        4.1269331
     557.0000000        4.1498814
     558.0000000        4.1339478
     559.0000000        4.1398520
     560.0000000        4.1660797
     561.0000000        4.1760497
     562.0000000        4.1659656
     563.0000000        4.1830741
     564.0000000        4.2101992
     565.0000000        4.2382195
     566.0000000        4.2142756
     567.0000000        4.1945005
     568.0000000        4.1972366
     569.0000000        4.2173602
     570.0000000        4.2058155
     571.0000000        4.1586831
     572.0000000        4.1333116
     573.0000000        4.1282012
     574.0000000        4.1235667
     575.0000000        4.1204829
     576.0000000        4.1045138
     577.0000000        4.0760042
     578.0000000        4.0305359
     579.0000000        3.9835523
     580.0000000        3.9558551
     581.0000000        3.9175832
     582.0000000        3.9251243
     583.0000000        3.9432931
     584.0000000        3.9791206
     585.0000000        4.0069006
     586.0000000        4.0601428
     587.0000000        4.1262112
     588.0000000        4.1981568
     589.0000000        4.2592844
     590.0000000        4.2810938
     591.0000000        4.3122497
     592.0000000        4.3419555
     593.0000000        4.3580745
     594.0000000        4.3866244
     595.0000000        4.4132214
     596.0000000        4.3939130
     597.0000000        4.3825331
     598.0000000        4.3795861
     599.0000000        4.3645310
     600.0000000        4.3662284
