       1.0000000        3.6753259
       2.0000000        3.5537136
       3.0000000        3.3845649
       4.0000000        3.2284172
       5.0000000        3.0820487
       6.0000000        2.9690869
       7.0000000        2.8636029
       8.0000000        2.7860157
       9.0000000        2.7256639
      10.0000000        2.6790695
      11.0000000        2.6405678
      12.0000000        2.6204524
      13.0000000        2.6133101
      14.0000000        2.6150050
      15.0000000        2.6141362
      16.0000000        2.6146421
      17.0000000        2.6180902
      18.0000000        2.6236076
      19.0000000        2.6216874
      20.0000000        2.6167269
      21.0000000        2.6197264
      22.0000000        2.6145341
      23.0000000        2.6049974
      24.0000000        2.5974915
      25.0000000        2.5929387
      26.0000000        2.5869842
      27.0000000        2.5862699
      28.0000000        2.5925989
      29.0000000        2.5919878
      30.0000000        2.5971646
      31.0000000        2.6002719
      32.0000000        2.6109850
      33.0000000        2.6154096
      34.0000000        2.6092782
      35.0000000        2.6041219
      36.0000000        2.5932958
      37.0000000        2.5802176
      38.0000000        2.5566778
      39.0000000        2.5393701
      40.0000000        2.5271618
      41.0000000        2.5214119
      42.0000000        2.5192945
      43.0000000        2.5234399
      44.0000000        2.5299735
      45.0000000        2.5402579
      46.0000000        2.5618358
      47.0000000        2.5828130
      48.0000000        2.5975845
      49.0000000        2.6101344
      50.0000000        2.6144183
      51.0000000        2.6228881
      52.0000000        2.6233339
      53.0000000        2.6319156
      54.0000000        2.6386526
      55.0000000        2.6400046
      56.0000000        2.6298847
      57.0000000        2.6239314
      58.0000000        2.6220205
      59.0000000        2.6182427
      60.0000000        2.6123617
      61.0000000        2.6061618
      62.0000000        2.5939922
      63.0000000        2.5884290
      64.0000000        2.5858142
      65.0000000        2.5895810
      66.0000000        2.5933461
      67.0000000        2.5911384
      68.0000000        2.5896416
      69.0000000        2.5835633
      70.0000000        2.5759528
      71.0000000        2.5756364
      72.0000000        2.5773592
      73.0000000        2.5874755
      74.0000000        2.5931811
      75.0000000        2.6049681
      76.0000000        2.6211462
      77.0000000        2.6310973
      78.0000000        2.6323032
      79.0000000        2.6307223
      80.0000000        2.6313727
      81.0000000        2.6254158
      82.0000000        2.6248593
      83.0000000        2.6190100
      84.0000000        2.6055291
      85.0000000        2.5957043
      86.0000000        2.5873432
      87.0000000        2.5791984
      88.0000000        2.5695634
      89.0000000        2.5598295
      90.0000000        2.5484538
      91.0000000        2.5419421
      92.0000000        2.5417049
      93.0000000        2.5406039
      94.0000000        2.5479250
      95.0000000        2.5549369
      96.0000000        2.5688913
      97.0000000        2.5888693
      98.0000000        2.6137309
      99.0000000        2.6341076
     100.0000000        2.6498916
     101.0000000        2.6526325
     102.0000000        2.6421077
     103.0000000        2.6375382
     104.0000000        2.6348023
     105.0000000        2.6330373
     106.0000000        2.6348970
     107.0000000        2.6328106
     108.0000000        2.6190004
     109.0000000        2.6058819
     110.0000000        2.5939600
     111.0000000        2.5811620
     112.0000000        2.5683832
     113.0000000        2.5644627
     114.0000000        2.5587332
     115.0000000        2.5519125
     116.0000000        2.5425165
     117.0000000        2.5354440
     118.0000000        2.5361440
     119.0000000        2.5361090
     120.0000000        2.5385470
     121.0000000        2.5416231
     122.0000000        2.5438292
     123.0000000        2.5511034
     124.0000000        2.5565906
     125.0000000        2.5603614
     126.0000000        2.5686255
     127.0000000        2.5722477
     128.0000000        2.5720978
     129.0000000        2.5653520
     130.0000000        2.5521965
     131.0000000        2.5388143
     132.0000000        2.5298305
     133.0000000        2.5259237
     134.0000000        2.5336411
     135.0000000        2.5370319
     136.0000000        2.5393534
     137.0000000        2.5349371
     138.0000000        2.5316691
     139.0000000        2.5305934
     140.0000000        2.5374777
     141.0000000        2.5461910
     142.0000000        2.5520699
     143.0000000        2.5652161
     144.0000000        2.5758114
     145.0000000        2.5888054
     146.0000000        2.5968626
     147.0000000        2.6075678
     148.0000000        2.6069357
     149.0000000        2.6123936
     150.0000000        2.6193061
     151.0000000        2.6235888
     152.0000000        2.6306417
     153.0000000        2.6434655
     154.0000000        2.6479743
     155.0000000        2.6439166
     156.0000000        2.6467004
     157.0000000        2.6499269
     158.0000000        2.6488445
     159.0000000        2.6559649
     160.0000000        2.6638954
     161.0000000        2.6689775
     162.0000000        2.6698020
     163.0000000        2.6673522
     164.0000000        2.6570678
     165.0000000        2.6467388
     166.0000000        2.6368179
     167.0000000        2.6279368
     168.0000000        2.6280551
     169.0000000        2.6213219
     170.0000000        2.6113722
     171.0000000        2.6101909
     172.0000000        2.6086533
     173.0000000        2.6053574
     174.0000000        2.5986764
     175.0000000        2.5889053
     176.0000000        2.5818501
     177.0000000        2.5781345
     178.0000000        2.5775256
     179.0000000        2.5802360
     180.0000000        2.5812831
     181.0000000        2.5827563
     182.0000000        2.5787199
     183.0000000        2.5735631
     184.0000000        2.5668426
     185.0000000        2.5635026
     186.0000000        2.5629630
     187.0000000        2.5578921
     188.0000000        2.5524354
     189.0000000        2.5506220
     190.0000000        2.5524967
     191.0000000        2.5509560
     192.0000000        2.5532663
     193.0000000        2.5555768
     194.0000000        2.5653744
     195.0000000        2.5771787
     196.0000000        2.5809884
     197.0000000        2.5875828
     198.0000000        2.5836027
     199.0000000        2.5830839
     200.0000000        2.5919008
     201.0000000        2.5990121
     202.0000000        2.6037490
     203.0000000        2.6037045
     204.0000000        2.6091065
     205.0000000        2.6205497
     206.0000000        2.6261916
     207.0000000        2.6292477
     208.0000000        2.6323318
     209.0000000        2.6289399
     210.0000000        2.6283138
     211.0000000        2.6239297
     212.0000000        2.6232569
     213.0000000        2.6185956
     214.0000000        2.6118784
     215.0000000        2.6087899
     216.0000000        2.6046369
     217.0000000        2.5933952
     218.0000000        2.5829256
     219.0000000        2.5746319
     220.0000000        2.5635900
     221.0000000        2.5516677
     222.0000000        2.5420287
     223.0000000        2.5313883
     224.0000000        2.5268447
     225.0000000        2.5231023
     226.0000000        2.5163238
     227.0000000        2.5078094
     228.0000000        2.5142705
     229.0000000        2.5154059
     230.0000000        2.5191283
     231.0000000        2.5182512
     232.0000000        2.5190506
     233.0000000        2.5175648
     234.0000000        2.5245845
     235.0000000        2.5284507
     236.0000000        2.5249934
     237.0000000        2.5229528
     238.0000000        2.5146406
     239.0000000        2.5115914
     240.0000000        2.5095625
     241.0000000        2.5133286
     242.0000000        2.5127952
     243.0000000        2.5158520
     244.0000000        2.5218756
     245.0000000        2.5359690
     246.0000000        2.5411978
     247.0000000        2.5513482
     248.0000000        2.5550170
     249.0000000        2.5545604
     250.0000000        2.5526457
     251.0000000        2.5515978
     252.0000000        2.5441840
     253.0000000        2.5428388
     254.0000000        2.5360453
     255.0000000        2.5298860
     256.0000000        2.5194767
     257.0000000        2.5152063
     258.0000000        2.5114090
     259.0000000        2.5116217
     260.0000000        2.5141115
     261.0000000        2.5153565
     262.0000000        2.5194991
     263.0000000        2.5285830
     264.0000000        2.5411363
     265.0000000        2.5513537
     266.0000000        2.5585227
     267.0000000        2.5678399
     268.0000000        2.5746343
     269.0000000        2.5807483
     270.0000000        2.5869353
     271.0000000        2.5927820
     272.0000000        2.5902848
     273.0000000        2.5833197
     274.0000000        2.5784354
     275.0000000        2.5793638
     276.0000000        2.5885468
     277.0000000        2.6036623
     278.0000000        2.6172667
     279.0000000        2.6338732
     280.0000000        2.6401188
     281.0000000        2.6495452
     282.0000000        2.6547549
     283.0000000        2.6505013
     284.0000000        2.6429405
     285.0000000        2.6395547
     286.0000000        2.6370366
     287.0000000        2.6342211
     288.0000000        2.6397991
     289.0000000        2.6317058
     290.0000000        2.6141236
     291.0000000        2.5927408
     292.0000000        2.5736880
     293.0000000        2.5578375
     294.0000000        2.5463860
     295.0000000        2.5392861
     296.0000000        2.5381474
     297.0000000        2.5378950
     298.0000000        2.5334425
     299.0000000        2.5236421
     300.0000000        2.5191557
     301.0000000        2.5189750
     302.0000000        2.5214427
     303.0000000        2.5193162
     304.0000000        2.5145633
     305.0000000        2.5109570
     306.0000000        2.5131090
     307.0000000        2.5191495
     308.0000000        2.5251706
     309.0000000        2.5370896
     310.0000000        2.5469449
     311.0000000        2.5611382
     312.0000000        2.5739989
     313.0000000        2.5896623
     314.0000000        2.6141033
     315.0000000        2.6309996
     316.0000000        2.6435750
     317.0000000        2.6481533
     318.0000000        2.6584918
     319.0000000        2.6664276
     320.0000000        2.6732724
     321.0000000        2.6915603
     322.0000000        2.7050743
     323.0000000        2.7034731
     324.0000000        2.6991835
     325.0000000        2.6831203
     326.0000000        2.6761332
     327.0000000        2.6683123
     328.0000000        2.6630538
     329.0000000        2.6429012
     330.0000000        2.6239545
     331.0000000        2.6155841
     332.0000000        2.6073337
     333.0000000        2.5999253
     334.0000000        2.6007469
     335.0000000        2.5972798
     336.0000000        2.5923514
     337.0000000        2.5828180
     338.0000000        2.5695188
     339.0000000        2.5583766
     340.0000000        2.5455174
     341.0000000        2.5380340
     342.0000000        2.5281334
     343.0000000        2.5156038
     344.0000000        2.5092733
     345.0000000        2.5071816
     346.0000000        2.5049400
     347.0000000        2.5085850
     348.0000000        2.5210123
     349.0000000        2.5270567
     350.0000000        2.5339897
     351.0000000        2.5406365
     352.0000000        2.5395803
     353.0000000        2.5469043
     354.0000000        2.5493300
     355.0000000        2.5510616
     356.0000000        2.5546391
     357.0000000        2.5613084
     358.0000000        2.5664461
     359.0000000        2.5747197
     360.0000000        2.5857975
     361.0000000        2.5890563
     362.0000000        2.5933452
     363.0000000        2.5945091
     364.0000000        2.5950613
     365.0000000        2.5985463
     366.0000000        2.6023216
     367.0000000        2.6098433
     368.0000000        2.6096344
     369.0000000        2.6050332
     370.0000000        2.5909374
     371.0000000        2.5771043
     372.0000000        2.5725484
     373.0000000        2.5798032
     374.0000000        2.5933886
     375.0000000        2.6067519
     376.0000000        2.6215613
     377.0000000        2.6297953
     378.0000000        2.6310441
     379.0000000        2.6347315
     380.0000000        2.6352692
     381.0000000        2.6363878
     382.0000000        2.6404169
     383.0000000        2.6431026
     384.0000000        2.6477947
     385.0000000        2.6621895
     386.0000000        2.6766946
     387.0000000        2.6954820
     388.0000000        2.7026939
     389.0000000        2.7060285
     390.0000000        2.6952021
     391.0000000        2.6747341
     392.0000000        2.6444831
     393.0000000        2.6255829
     394.0000000        2.6117556
     395.0000000        2.5961893
     396.0000000        2.5919073
     397.0000000        2.5875835
     398.0000000        2.5860646
     399.0000000        2.5874026
     400.0000000        2.5803244
     401.0000000        2.5750415
     402.0000000        2.5717144
     403.0000000        2.5646009
     404.0000000        2.5588617
     405.0000000        2.5544140
     406.0000000        2.5604074
     407.0000000        2.5667379
     408.0000000        2.5639472
     409.0000000        2.5695810
     410.0000000        2.5589359
     411.0000000        2.5517168
     412.0000000        2.5513802
     413.0000000        2.5489132
     414.0000000        2.5479703
     415.0000000        2.5413237
     416.0000000        2.5453157
     417.0000000        2.5575998
     418.0000000        2.5708678
     419.0000000        2.5794268
     420.0000000        2.5942926
     421.0000000        2.5972281
     422.0000000        2.6012306
     423.0000000        2.6005518
     424.0000000        2.5929549
     425.0000000        2.5907431
     426.0000000        2.5972879
     427.0000000        2.5938981
     428.0000000        2.5948942
     429.0000000        2.5902386
     430.0000000        2.5859330
     431.0000000        2.5761387
     432.0000000        2.5723424
     433.0000000        2.5720315
     434.0000000        2.5831113
     435.0000000        2.5907331
     436.0000000        2.6051822
     437.0000000        2.6184208
     438.0000000        2.6285040
     439.0000000        2.6354358
     440.0000000        2.6359832
     441.0000000        2.6267002
     442.0000000        2.6191878
     443.0000000        2.6146839
     444.0000000        2.6143982
     445.0000000        2.6134779
     446.0000000        2.6216753
     447.0000000        2.6277087
     448.0000000        2.6294644
     449.0000000        2.6319788
     450.0000000        2.6198778
     451.0000000        2.6064892
     452.0000000        2.5904059
     453.0000000        2.5747061
     454.0000000        2.5641940
     455.0000000        2.5506871
     456.0000000        2.5472925
     457.0000000        2.5395744
     458.0000000        2.5292051
     459.0000000        2.5210648
     460.0000000        2.5183446
     461.0000000        2.5169342
     462.0000000        2.5159612
     463.0000000        2.5071218
     464.0000000        2.5056741
     465.0000000        2.5034089
     466.0000000        2.5058539
     467.0000000        2.5053003
     468.0000000        2.5002818
     469.0000000        2.4989996
     470.0000000        2.4872239
     471.0000000        2.4778037
     472.0000000        2.4755278
     473.0000000        2.4812751
     474.0000000        2.4883242
     475.0000000        2.5005028
     476.0000000        2.5149858
     477.0000000        2.5229290
     478.0000000        2.5241504
     479.0000000        2.5273039
     480.0000000        2.5320313
     481.0000000        2.5422106
     482.0000000        2.5557837
     483.0000000        2.5642183
     484.0000000        2.5799477
     485.0000000        2.5909667
     486.0000000        2.5948868
     487.0000000        2.5900385
     488.0000000        2.5876007
     489.0000000        2.5816681
     490.0000000        2.5850184
     491.0000000        2.5928695
     492.0000000        2.6072834
     493.0000000        2.6192966
     494.0000000        2.6256719
     495.0000000        2.6311724
     496.0000000        2.6372137
     497.0000000        2.6395593
     498.0000000        2.6367979
     499.0000000        2.6305146
     500.0000000        2.6263075
     501.0000000        2.6210558
     502.0000000        2.6175790
     503.0000000        2.6190767
     504.0000000        2.6106341
     505.0000000        2.5989125
     506.0000000        2.5909336
     507.0000000        2.5931547
     508.0000000        2.5923626
     509.0000000        2.5885224
     510.0000000        2.5786407
     511.0000000        2.5725381
     512.0000000        2.5606954
     513.0000000        2.5510552
     514.0000000        2.5458682
     515.0000000        2.5420766
     516.0000000        2.5416553
     517.0000000        2.5486844
     518.0000000        2.5566039
     519.0000000        2.5571384
     520.0000000        2.5588417
     521.0000000        2.5617964
     522.0000000        2.5588892
     523.0000000        2.5642633
     524.0000000        2.5693681
     525.0000000        2.5714180
     526.0000000        2.5799484
     527.0000000        2.5942917
     528.0000000        2.6022999
     529.0000000        2.6159792
     530.0000000        2.6234457
     531.0000000        2.6166604
     532.0000000        2.6052735
     533.0000000        2.5940454
     534.0000000        2.5862215
     535.0000000        2.5802121
     536.0000000        2.5768032
     537.0000000        2.5743837
     538.0000000        2.5731022
     539.0000000        2.5738363
     540.0000000        2.5682051
     541.0000000        2.5572453
     542.0000000        2.5522339
     543.0000000        2.5580101
     544.0000000        2.5699394
     545.0000000        2.5765254
     546.0000000        2.5829322
     547.0000000        2.5827093
     548.0000000        2.5840275
     549.0000000        2.5802054
     550.0000000        2.5786858
     551.0000000        2.5797975
     552.0000000        2.5869949
     553.0000000        2.5927832
     554.0000000        2.5942693
     555.0000000        2.5888014
     556.0000000        2.5857453
     557.0000000        2.5907433
     558.0000000        2.5942626
     559.0000000        2.5960119
     560.0000000        2.5984225
     561.0000000        2.6022773
     562.0000000        2.6100409
     563.0000000        2.6148920
     564.0000000        2.6181571
     565.0000000        2.6135132
     566.0000000        2.6146629
     567.0000000        2.6180525
     568.0000000        2.6213763
     569.0000000        2.6231503
     570.0000000        2.6290810
     571.0000000        2.6299832
     572.0000000        2.6153238
     573.0000000        2.5952427
     574.0000000        2.5806670
     575.0000000        2.5640488
     576.0000000        2.5530341
     577.0000000        2.5449777
     578.0000000        2.5452609
     579.0000000        2.5476778
     580.0000000        2.5527973
     581.0000000        2.5548799
     582.0000000        2.5630982
     583.0000000        2.5694096
     584.0000000        2.5672042
     585.0000000        2.5572820
     586.0000000        2.5526953
     587.0000000        2.5477915
     588.0000000        2.5411429
     589.0000000        2.5288556
     590.0000000        2.5219448
     591.0000000        2.5225484
     592.0000000        2.5251505
     593.0000000        2.5294254
     594.0000000        2.5379407
     595.0000000        2.5385754
     596.0000000        2.5359216
     597.0000000        2.5324764
     598.0000000        2.5342495
     599.0000000        2.5462124
     600.0000000        2.5576761
