       1.0000000        2.1803186
       2.0000000        2.1816146
       3.0000000        2.1842070
       4.0000000        2.1867826
       5.0000000        2.1895134
       6.0000000        2.1944456
       7.0000000        2.1999242
       8.0000000        2.2057838
       9.0000000        2.2095134
      10.0000000        2.2116468
      11.0000000        2.2103531
      12.0000000        2.2076659
      13.0000000        2.2028432
      14.0000000        2.1942518
      15.0000000        2.1815040
      16.0000000        2.1699772
      17.0000000        2.1615493
      18.0000000        2.1541104
      19.0000000        2.1472950
      20.0000000        2.1394689
      21.0000000        2.1294811
      22.0000000        2.1202562
      23.0000000        2.1118793
      24.0000000        2.1050100
      25.0000000        2.1008418
      26.0000000        2.0981262
      27.0000000        2.0951576
      28.0000000        2.0926883
      29.0000000        2.0894532
      30.0000000        2.0871143
      31.0000000        2.0841177
      32.0000000        2.0820749
      33.0000000        2.0796173
      34.0000000        2.0758343
      35.0000000        2.0728538
      36.0000000        2.0716298
      37.0000000        2.0694785
      38.0000000        2.0670290
      39.0000000        2.0666118
      40.0000000        2.0688972
      41.0000000        2.0732648
      42.0000000        2.0797181
      43.0000000        2.0873542
      44.0000000        2.0965014
      45.0000000        2.1070707
      46.0000000        2.1195285
      47.0000000        2.1355982
      48.0000000        2.1539536
      49.0000000        2.1764405
      50.0000000        2.2012627
      51.0000000        2.2243967
      52.0000000        2.2441294
      53.0000000        2.2607796
      54.0000000        2.2750759
      55.0000000        2.2861736
      56.0000000        2.2939541
      57.0000000        2.2987914
      58.0000000        2.2993164
      59.0000000        2.2943807
      60.0000000        2.2847519
      61.0000000        2.2719686
      62.0000000        2.2559311
      63.0000000        2.2405181
      64.0000000        2.2233906
      65.0000000        2.2094975
      66.0000000        2.1970844
      67.0000000        2.1898818
      68.0000000        2.1864421
      69.0000000        2.1875591
      70.0000000        2.1901200
      71.0000000        2.1961052
      72.0000000        2.2025023
      73.0000000        2.2112577
      74.0000000        2.2236958
      75.0000000        2.2392089
      76.0000000        2.2580848
      77.0000000        2.2791836
      78.0000000        2.3019760
      79.0000000        2.3251662
      80.0000000        2.3493197
      81.0000000        2.3743305
      82.0000000        2.3991878
      83.0000000        2.4236569
      84.0000000        2.4513972
      85.0000000        2.4829006
      86.0000000        2.5183592
      87.0000000        2.5546870
      88.0000000        2.5937736
      89.0000000        2.6340392
      90.0000000        2.6789150
      91.0000000        2.7256293
      92.0000000        2.7739635
      93.0000000        2.8209159
      94.0000000        2.8622069
      95.0000000        2.8974872
      96.0000000        2.9316566
      97.0000000        2.9648864
      98.0000000        2.9948633
      99.0000000        3.0192449
     100.0000000        3.0339456
     101.0000000        3.0359080
     102.0000000        3.0198901
     103.0000000        2.9922602
     104.0000000        2.9549851
     105.0000000        2.9009912
     106.0000000        2.8334353
     107.0000000        2.7576370
     108.0000000        2.6723003
     109.0000000        2.5878177
     110.0000000        2.5061390
     111.0000000        2.4322701
     112.0000000        2.3689437
     113.0000000        2.3108008
     114.0000000        2.2621059
     115.0000000        2.2242193
     116.0000000        2.1926010
     117.0000000        2.1647959
     118.0000000        2.1408513
     119.0000000        2.1203909
     120.0000000        2.0991025
     121.0000000        2.0776691
     122.0000000        2.0570116
     123.0000000        2.0346286
     124.0000000        2.0119662
     125.0000000        1.9885603
     126.0000000        1.9673961
     127.0000000        1.9488256
     128.0000000        1.9324391
     129.0000000        1.9187949
     130.0000000        1.9090378
     131.0000000        1.9010957
     132.0000000        1.8949660
     133.0000000        1.8922455
     134.0000000        1.8940870
     135.0000000        1.8999832
     136.0000000        1.9094808
     137.0000000        1.9228048
     138.0000000        1.9393350
     139.0000000        1.9576050
     140.0000000        1.9771020
     141.0000000        1.9979322
     142.0000000        2.0205858
     143.0000000        2.0437043
     144.0000000        2.0684597
     145.0000000        2.0941906
     146.0000000        2.1211531
     147.0000000        2.1471429
     148.0000000        2.1717944
     149.0000000        2.1965184
     150.0000000        2.2215338
     151.0000000        2.2468624
     152.0000000        2.2731893
     153.0000000        2.3005826
     154.0000000        2.3277245
     155.0000000        2.3560219
     156.0000000        2.3840396
     157.0000000        2.4125547
     158.0000000        2.4428437
     159.0000000        2.4716754
     160.0000000        2.4968507
     161.0000000        2.5207791
     162.0000000        2.5431621
     163.0000000        2.5655026
     164.0000000        2.5900202
     165.0000000        2.6162016
     166.0000000        2.6454706
     167.0000000        2.6761479
     168.0000000        2.7069073
     169.0000000        2.7344377
     170.0000000        2.7578385
     171.0000000        2.7772121
     172.0000000        2.7901659
     173.0000000        2.7965701
     174.0000000        2.7976410
     175.0000000        2.7936070
     176.0000000        2.7802799
     177.0000000        2.7575283
     178.0000000        2.7303829
     179.0000000        2.7075124
     180.0000000        2.6869781
     181.0000000        2.6644619
     182.0000000        2.6388245
     183.0000000        2.6133132
     184.0000000        2.5868471
     185.0000000        2.5615518
     186.0000000        2.5309811
     187.0000000        2.4967902
     188.0000000        2.4589524
     189.0000000        2.4188330
     190.0000000        2.3779113
     191.0000000        2.3368328
     192.0000000        2.2983973
     193.0000000        2.2583292
     194.0000000        2.2203989
     195.0000000        2.1914411
     196.0000000        2.1670661
     197.0000000        2.1438947
     198.0000000        2.1230404
     199.0000000        2.1054468
     200.0000000        2.0925350
     201.0000000        2.0854487
     202.0000000        2.0807273
     203.0000000        2.0785344
     204.0000000        2.0782382
     205.0000000        2.0804777
     206.0000000        2.0853305
     207.0000000        2.0918963
     208.0000000        2.1013908
     209.0000000        2.1130602
     210.0000000        2.1252458
     211.0000000        2.1388021
     212.0000000        2.1543427
     213.0000000        2.1716537
     214.0000000        2.1892979
     215.0000000        2.2087762
     216.0000000        2.2325611
     217.0000000        2.2613397
     218.0000000        2.2945275
     219.0000000        2.3293493
     220.0000000        2.3646433
     221.0000000        2.3981891
     222.0000000        2.4272652
     223.0000000        2.4501700
     224.0000000        2.4659760
     225.0000000        2.4739165
     226.0000000        2.4756212
     227.0000000        2.4703853
     228.0000000        2.4564760
     229.0000000        2.4333644
     230.0000000        2.3992784
     231.0000000        2.3576415
     232.0000000        2.3126600
     233.0000000        2.2675016
     234.0000000        2.2212255
     235.0000000        2.1753259
     236.0000000        2.1334865
     237.0000000        2.0969572
     238.0000000        2.0668411
     239.0000000        2.0406108
     240.0000000        2.0176377
     241.0000000        2.0006797
     242.0000000        1.9883982
     243.0000000        1.9794930
     244.0000000        1.9720986
     245.0000000        1.9687687
     246.0000000        1.9704320
     247.0000000        1.9760988
     248.0000000        1.9856346
     249.0000000        2.0006101
     250.0000000        2.0156503
     251.0000000        2.0308199
     252.0000000        2.0459840
     253.0000000        2.0607505
     254.0000000        2.0741367
     255.0000000        2.0861917
     256.0000000        2.0971873
     257.0000000        2.1079240
     258.0000000        2.1178658
     259.0000000        2.1283484
     260.0000000        2.1399350
     261.0000000        2.1534321
     262.0000000        2.1715627
     263.0000000        2.1939168
     264.0000000        2.2211165
     265.0000000        2.2540555
     266.0000000        2.2896717
     267.0000000        2.3251708
     268.0000000        2.3619411
     269.0000000        2.3974955
     270.0000000        2.4301488
     271.0000000        2.4655015
     272.0000000        2.5020118
     273.0000000        2.5410709
     274.0000000        2.5812559
     275.0000000        2.6244490
     276.0000000        2.6678462
     277.0000000        2.7084126
     278.0000000        2.7474236
     279.0000000        2.7805703
     280.0000000        2.8118074
     281.0000000        2.8419313
     282.0000000        2.8708851
     283.0000000        2.8952200
     284.0000000        2.9147408
     285.0000000        2.9295938
     286.0000000        2.9409337
     287.0000000        2.9442377
     288.0000000        2.9422889
     289.0000000        2.9370244
     290.0000000        2.9335470
     291.0000000        2.9323854
     292.0000000        2.9316325
     293.0000000        2.9327309
     294.0000000        2.9378257
     295.0000000        2.9384880
     296.0000000        2.9318156
     297.0000000        2.9205537
     298.0000000        2.9118869
     299.0000000        2.9106812
     300.0000000        2.9085698
     301.0000000        2.9026611
     302.0000000        2.8942652
     303.0000000        2.8829339
     304.0000000        2.8729410
     305.0000000        2.8632090
     306.0000000        2.8515885
     307.0000000        2.8357189
     308.0000000        2.8183270
     309.0000000        2.8008404
     310.0000000        2.7841046
     311.0000000        2.7680185
     312.0000000        2.7491186
     313.0000000        2.7348430
     314.0000000        2.7218151
     315.0000000        2.7066808
     316.0000000        2.6867909
     317.0000000        2.6669645
     318.0000000        2.6498208
     319.0000000        2.6324601
     320.0000000        2.6128173
     321.0000000        2.5948284
     322.0000000        2.5812948
     323.0000000        2.5705712
     324.0000000        2.5630715
     325.0000000        2.5548847
     326.0000000        2.5493863
     327.0000000        2.5393052
     328.0000000        2.5289109
     329.0000000        2.5167224
     330.0000000        2.5052400
     331.0000000        2.4980133
     332.0000000        2.4955168
     333.0000000        2.4978802
     334.0000000        2.5059533
     335.0000000        2.5190187
     336.0000000        2.5360832
     337.0000000        2.5557573
     338.0000000        2.5776463
     339.0000000        2.5976572
     340.0000000        2.6172955
     341.0000000        2.6344569
     342.0000000        2.6467760
     343.0000000        2.6536996
     344.0000000        2.6576278
     345.0000000        2.6563394
     346.0000000        2.6527505
     347.0000000        2.6468809
     348.0000000        2.6401894
     349.0000000        2.6297679
     350.0000000        2.6117392
     351.0000000        2.5873067
     352.0000000        2.5594521
     353.0000000        2.5268049
     354.0000000        2.4931829
     355.0000000        2.4601393
     356.0000000        2.4303472
     357.0000000        2.4080184
     358.0000000        2.3863113
     359.0000000        2.3646481
     360.0000000        2.3427012
     361.0000000        2.3222966
     362.0000000        2.3035178
     363.0000000        2.2854652
     364.0000000        2.2707195
     365.0000000        2.2591064
     366.0000000        2.2492239
     367.0000000        2.2392156
     368.0000000        2.2288227
     369.0000000        2.2171609
     370.0000000        2.2048798
     371.0000000        2.1969869
     372.0000000        2.1925416
     373.0000000        2.1899874
     374.0000000        2.1898677
     375.0000000        2.1935523
     376.0000000        2.1989694
     377.0000000        2.2046256
     378.0000000        2.2126560
     379.0000000        2.2215633
     380.0000000        2.2319591
     381.0000000        2.2449682
     382.0000000        2.2602232
     383.0000000        2.2791488
     384.0000000        2.3018792
     385.0000000        2.3269825
     386.0000000        2.3518007
     387.0000000        2.3759248
     388.0000000        2.4011667
     389.0000000        2.4259670
     390.0000000        2.4512944
     391.0000000        2.4765549
     392.0000000        2.5020831
     393.0000000        2.5287917
     394.0000000        2.5548823
     395.0000000        2.5811384
     396.0000000        2.6089385
     397.0000000        2.6350954
     398.0000000        2.6590476
     399.0000000        2.6843846
     400.0000000        2.7056825
     401.0000000        2.7197042
     402.0000000        2.7241318
     403.0000000        2.7262654
     404.0000000        2.7270725
     405.0000000        2.7198565
     406.0000000        2.7104688
     407.0000000        2.7008789
     408.0000000        2.6859701
     409.0000000        2.6703258
     410.0000000        2.6539080
     411.0000000        2.6339195
     412.0000000        2.6129558
     413.0000000        2.5952199
     414.0000000        2.5816088
     415.0000000        2.5692713
     416.0000000        2.5614827
     417.0000000        2.5524561
     418.0000000        2.5459278
     419.0000000        2.5411706
     420.0000000        2.5324919
     421.0000000        2.5209782
     422.0000000        2.5049386
     423.0000000        2.4900899
     424.0000000        2.4751742
     425.0000000        2.4608593
     426.0000000        2.4456425
     427.0000000        2.4294305
     428.0000000        2.4162555
     429.0000000        2.4081373
     430.0000000        2.4044476
     431.0000000        2.4059629
     432.0000000        2.4097543
     433.0000000        2.4118400
     434.0000000        2.4119051
     435.0000000        2.4095445
     436.0000000        2.4066353
     437.0000000        2.4052916
     438.0000000        2.4017839
     439.0000000        2.3933921
     440.0000000        2.3796794
     441.0000000        2.3607929
     442.0000000        2.3403289
     443.0000000        2.3197665
     444.0000000        2.3044140
     445.0000000        2.2946396
     446.0000000        2.2873425
     447.0000000        2.2829652
     448.0000000        2.2768204
     449.0000000        2.2725093
     450.0000000        2.2656024
     451.0000000        2.2584045
     452.0000000        2.2494504
     453.0000000        2.2378297
     454.0000000        2.2248924
     455.0000000        2.2095127
     456.0000000        2.1947834
     457.0000000        2.1826863
     458.0000000        2.1731293
     459.0000000        2.1688063
     460.0000000        2.1661181
     461.0000000        2.1635857
     462.0000000        2.1608689
     463.0000000        2.1593432
     464.0000000        2.1601412
     465.0000000        2.1619649
     466.0000000        2.1628120
     467.0000000        2.1613810
     468.0000000        2.1597247
     469.0000000        2.1596856
     470.0000000        2.1580961
     471.0000000        2.1541095
     472.0000000        2.1463673
     473.0000000        2.1372068
     474.0000000        2.1257362
     475.0000000        2.1123757
     476.0000000        2.0976887
     477.0000000        2.0831568
     478.0000000        2.0684836
     479.0000000        2.0549293
     480.0000000        2.0412595
     481.0000000        2.0255470
     482.0000000        2.0069559
     483.0000000        1.9859684
     484.0000000        1.9620473
     485.0000000        1.9356570
     486.0000000        1.9062942
     487.0000000        1.8748716
     488.0000000        1.8428710
     489.0000000        1.8119495
     490.0000000        1.7814541
     491.0000000        1.7534810
     492.0000000        1.7287571
     493.0000000        1.7060710
     494.0000000        1.6839662
     495.0000000        1.6622566
     496.0000000        1.6414903
     497.0000000        1.6169190
     498.0000000        1.6036925
     499.0000000        1.5979948
     500.0000000        1.5966760
     501.0000000        1.5944901
     502.0000000        1.5872126
     503.0000000        1.5840114
     504.0000000        1.5857142
     505.0000000        1.5919750
     506.0000000        1.6000198
     507.0000000        1.6101036
     508.0000000        1.6169342
     509.0000000        1.6198574
     510.0000000        1.6246786
     511.0000000        1.6333479
     512.0000000        1.6485474
     513.0000000        1.6647964
     514.0000000        1.6790975
     515.0000000        1.6880286
     516.0000000        1.6918856
     517.0000000        1.6920482
     518.0000000        1.6999387
     519.0000000        1.7083037
     520.0000000        1.7184609
     521.0000000        1.7293944
     522.0000000        1.7429904
     523.0000000        1.7536930
     524.0000000        1.7618146
     525.0000000        1.7709204
     526.0000000        1.7807236
     527.0000000        1.7907717
     528.0000000        1.8018439
     529.0000000        1.8122113
     530.0000000        1.8218859
     531.0000000        1.8344212
     532.0000000        1.8437606
     533.0000000        1.8524457
     534.0000000        1.8589145
     535.0000000        1.8630306
     536.0000000        1.8626347
     537.0000000        1.8567405
     538.0000000        1.8529246
     539.0000000        1.8542699
     540.0000000        1.8575709
     541.0000000        1.8590149
     542.0000000        1.8565583
     543.0000000        1.8527027
     544.0000000        1.8506161
     545.0000000        1.8434525
     546.0000000        1.8392460
     547.0000000        1.8441002
     548.0000000        1.8509004
     549.0000000        1.8585635
     550.0000000        1.8661485
     551.0000000        1.8718117
     552.0000000        1.8748552
     553.0000000        1.8744261
     554.0000000        1.8716446
     555.0000000        1.8651470
     556.0000000        1.8589967
     557.0000000        1.8536807
     558.0000000        1.8495283
     559.0000000        1.8481945
     560.0000000        1.8474783
     561.0000000        1.8414147
     562.0000000        1.8317292
     563.0000000        1.8201154
     564.0000000        1.8048885
     565.0000000        1.7869654
     566.0000000        1.7677511
     567.0000000        1.7488052
     568.0000000        1.7333697
     569.0000000        1.7202952
     570.0000000        1.7067132
     571.0000000        1.6867893
     572.0000000        1.6676931
     573.0000000        1.6488057
     574.0000000        1.6403883
     575.0000000        1.6334852
     576.0000000        1.6221282
     577.0000000        1.6090136
     578.0000000        1.5954286
     579.0000000        1.5822867
     580.0000000        1.5734991
     581.0000000        1.5689073
     582.0000000        1.5655135
     583.0000000        1.5571809
     584.0000000        1.5493350
     585.0000000        1.5415817
     586.0000000        1.5365783
     587.0000000        1.5334909
     588.0000000        1.5317913
     589.0000000        1.5260707
     590.0000000        1.5192027
     591.0000000        1.5123874
     592.0000000        1.5078027
     593.0000000        1.5084463
     594.0000000        1.5122546
     595.0000000        1.5131541
     596.0000000        1.5129316
     597.0000000        1.5178827
     598.0000000        1.5258596
     599.0000000        1.5371308
     600.0000000        1.5492713
