       1.0000000        4.3293767
       2.0000000        3.8174069
       3.0000000        3.5505338
       4.0000000        3.4111001
       5.0000000        3.3246365
       6.0000000        3.2928014
       7.0000000        3.2640181
       8.0000000        3.2035820
       9.0000000        3.1267951
      10.0000000        3.0452428
      11.0000000        2.9636641
      12.0000000        2.9096701
      13.0000000        2.8594365
      14.0000000        2.8141999
      15.0000000        2.7785840
      16.0000000        2.7596805
      17.0000000        2.7431438
      18.0000000        2.7256908
      19.0000000        2.7155941
      20.0000000        2.7102985
      21.0000000        2.7102361
      22.0000000        2.7006376
      23.0000000        2.6896167
      24.0000000        2.6723578
      25.0000000        2.6690600
      26.0000000        2.6634891
      27.0000000        2.6469193
      28.0000000        2.6335483
      29.0000000        2.6238537
      30.0000000        2.6107628
      31.0000000        2.6047721
      32.0000000        2.5992184
      33.0000000        2.5900126
      34.0000000        2.5805404
      35.0000000        2.5629153
      36.0000000        2.5379589
      37.0000000        2.5174165
      38.0000000        2.4865665
      39.0000000        2.4553320
      40.0000000        2.4365928
      41.0000000        2.4261587
      42.0000000        2.4251428
      43.0000000        2.4165692
      44.0000000        2.4050455
      45.0000000        2.3946705
      46.0000000        2.3885829
      47.0000000        2.3823564
      48.0000000        2.3684707
      49.0000000        2.3587327
      50.0000000        2.3506455
      51.0000000        2.3457873
      52.0000000        2.3429344
      53.0000000        2.3368845
      54.0000000        2.3260398
      55.0000000        2.3315966
      56.0000000        2.3389821
      57.0000000        2.3371511
      58.0000000        2.3400426
      59.0000000        2.3376019
      60.0000000        2.3472319
      61.0000000        2.3659904
      62.0000000        2.3818691
      63.0000000        2.3998311
      64.0000000        2.4213190
      65.0000000        2.4447932
      66.0000000        2.4521046
      67.0000000        2.4544117
      68.0000000        2.4583008
      69.0000000        2.4628949
      70.0000000        2.4665599
      71.0000000        2.4821231
      72.0000000        2.4938304
      73.0000000        2.4963977
      74.0000000        2.5064015
      75.0000000        2.5151753
      76.0000000        2.5126326
      77.0000000        2.5093429
      78.0000000        2.4954588
      79.0000000        2.4906948
      80.0000000        2.4877388
      81.0000000        2.4810035
      82.0000000        2.4931805
      83.0000000        2.4991748
      84.0000000        2.4876194
      85.0000000        2.4819660
      86.0000000        2.4744668
      87.0000000        2.4598162
      88.0000000        2.4474759
      89.0000000        2.4388306
      90.0000000        2.4297152
      91.0000000        2.4170716
      92.0000000        2.4112103
      93.0000000        2.4112687
      94.0000000        2.4139681
      95.0000000        2.4169073
      96.0000000        2.4118299
      97.0000000        2.4014528
      98.0000000        2.3841493
      99.0000000        2.3667185
     100.0000000        2.3474786
     101.0000000        2.3342032
     102.0000000        2.3308105
     103.0000000        2.3234940
     104.0000000        2.3050308
     105.0000000        2.2904112
     106.0000000        2.2762074
     107.0000000        2.2620633
     108.0000000        2.2376468
     109.0000000        2.2177923
     110.0000000        2.2013769
     111.0000000        2.1886604
     112.0000000        2.1826875
     113.0000000        2.1853492
     114.0000000        2.1923211
     115.0000000        2.1969631
     116.0000000        2.1902194
     117.0000000        2.1877587
     118.0000000        2.1851382
     119.0000000        2.1793973
     120.0000000        2.1833463
     121.0000000        2.1883008
     122.0000000        2.1950257
     123.0000000        2.2078836
     124.0000000        2.2207375
     125.0000000        2.2255492
     126.0000000        2.2335455
     127.0000000        2.2468014
     128.0000000        2.2619886
     129.0000000        2.2711861
     130.0000000        2.2646191
     131.0000000        2.2544117
     132.0000000        2.2648289
     133.0000000        2.2832022
     134.0000000        2.2998281
     135.0000000        2.3193064
     136.0000000        2.3312063
     137.0000000        2.3472133
     138.0000000        2.3601494
     139.0000000        2.3669701
     140.0000000        2.3839443
     141.0000000        2.4024961
     142.0000000        2.4188488
     143.0000000        2.4375308
     144.0000000        2.4535861
     145.0000000        2.4702013
     146.0000000        2.4802268
     147.0000000        2.4831917
     148.0000000        2.4835558
     149.0000000        2.4713786
     150.0000000        2.4542005
     151.0000000        2.4452374
     152.0000000        2.4424441
     153.0000000        2.4363344
     154.0000000        2.4378264
     155.0000000        2.4414110
     156.0000000        2.4396315
     157.0000000        2.4354303
     158.0000000        2.4503419
     159.0000000        2.4647880
     160.0000000        2.4787030
     161.0000000        2.4858148
     162.0000000        2.4888592
     163.0000000        2.4889898
     164.0000000        2.4875786
     165.0000000        2.4846528
     166.0000000        2.4745357
     167.0000000        2.4685822
     168.0000000        2.4664161
     169.0000000        2.4544337
     170.0000000        2.4403934
     171.0000000        2.4440022
     172.0000000        2.4440565
     173.0000000        2.4409244
     174.0000000        2.4398952
     175.0000000        2.4390318
     176.0000000        2.4248555
     177.0000000        2.4107757
     178.0000000        2.4034369
     179.0000000        2.3958507
     180.0000000        2.3891006
     181.0000000        2.3816082
     182.0000000        2.3795869
     183.0000000        2.3736598
     184.0000000        2.3709879
     185.0000000        2.3703456
     186.0000000        2.3677685
     187.0000000        2.3640940
     188.0000000        2.3532197
     189.0000000        2.3487470
     190.0000000        2.3563528
     191.0000000        2.3641548
     192.0000000        2.3639553
     193.0000000        2.3702140
     194.0000000        2.3855088
     195.0000000        2.3985901
     196.0000000        2.4143965
     197.0000000        2.4301338
     198.0000000        2.4424200
     199.0000000        2.4487727
     200.0000000        2.4562392
     201.0000000        2.4694395
     202.0000000        2.4839759
     203.0000000        2.4999619
     204.0000000        2.5170794
     205.0000000        2.5345242
     206.0000000        2.5437462
     207.0000000        2.5457742
     208.0000000        2.5435634
     209.0000000        2.5449853
     210.0000000        2.5430744
     211.0000000        2.5334456
     212.0000000        2.5149400
     213.0000000        2.4969575
     214.0000000        2.4780662
     215.0000000        2.4616621
     216.0000000        2.4522622
     217.0000000        2.4457021
     218.0000000        2.4299536
     219.0000000        2.4134982
     220.0000000        2.3926396
     221.0000000        2.3811855
     222.0000000        2.3686938
     223.0000000        2.3517962
     224.0000000        2.3393567
     225.0000000        2.3196857
     226.0000000        2.3012605
     227.0000000        2.2843847
     228.0000000        2.2710104
     229.0000000        2.2541928
     230.0000000        2.2360511
     231.0000000        2.2150254
     232.0000000        2.1994174
     233.0000000        2.1863112
     234.0000000        2.1705315
     235.0000000        2.1574707
     236.0000000        2.1492593
     237.0000000        2.1487246
     238.0000000        2.1555316
     239.0000000        2.1605344
     240.0000000        2.1619291
     241.0000000        2.1648309
     242.0000000        2.1759470
     243.0000000        2.1874971
     244.0000000        2.1904564
     245.0000000        2.1848309
     246.0000000        2.1787324
     247.0000000        2.1731052
     248.0000000        2.1708622
     249.0000000        2.1675284
     250.0000000        2.1672945
     251.0000000        2.1664810
     252.0000000        2.1747398
     253.0000000        2.1798100
     254.0000000        2.1825788
     255.0000000        2.1837304
     256.0000000        2.1881182
     257.0000000        2.1972332
     258.0000000        2.2044740
     259.0000000        2.2095304
     260.0000000        2.2089128
     261.0000000        2.2077696
     262.0000000        2.2095706
     263.0000000        2.2073014
     264.0000000        2.2056110
     265.0000000        2.2007883
     266.0000000        2.1973693
     267.0000000        2.1927156
     268.0000000        2.1827381
     269.0000000        2.1605029
     270.0000000        2.1368542
     271.0000000        2.1159985
     272.0000000        2.0977073
     273.0000000        2.0828784
     274.0000000        2.0640275
     275.0000000        2.0454562
     276.0000000        2.0326216
     277.0000000        2.0251579
     278.0000000        2.0234175
     279.0000000        2.0259213
     280.0000000        2.0247953
     281.0000000        2.0212312
     282.0000000        2.0234599
     283.0000000        2.0257776
     284.0000000        2.0289981
     285.0000000        2.0406418
     286.0000000        2.0533319
     287.0000000        2.0634453
     288.0000000        2.0645671
     289.0000000        2.0575845
     290.0000000        2.0526752
     291.0000000        2.0530005
     292.0000000        2.0523307
     293.0000000        2.0546625
     294.0000000        2.0564563
     295.0000000        2.0543973
     296.0000000        2.0559955
     297.0000000        2.0579879
     298.0000000        2.0706100
     299.0000000        2.0912964
     300.0000000        2.1080394
     301.0000000        2.1205313
     302.0000000        2.1327662
     303.0000000        2.1484230
     304.0000000        2.1677191
     305.0000000        2.1948836
     306.0000000        2.2263327
     307.0000000        2.2614257
     308.0000000        2.2928839
     309.0000000        2.3285344
     310.0000000        2.3654091
     311.0000000        2.3951030
     312.0000000        2.4180782
     313.0000000        2.4475400
     314.0000000        2.4891870
     315.0000000        2.5158122
     316.0000000        2.5371616
     317.0000000        2.5597262
     318.0000000        2.5799775
     319.0000000        2.6034231
     320.0000000        2.6263776
     321.0000000        2.6530762
     322.0000000        2.6778488
     323.0000000        2.6844404
     324.0000000        2.6856253
     325.0000000        2.6721129
     326.0000000        2.6514046
     327.0000000        2.6202753
     328.0000000        2.5852051
     329.0000000        2.5511506
     330.0000000        2.5208654
     331.0000000        2.4936602
     332.0000000        2.4573624
     333.0000000        2.4170992
     334.0000000        2.3845184
     335.0000000        2.3564429
     336.0000000        2.3279805
     337.0000000        2.3052642
     338.0000000        2.2922215
     339.0000000        2.2810357
     340.0000000        2.2749751
     341.0000000        2.2639475
     342.0000000        2.2555799
     343.0000000        2.2537456
     344.0000000        2.2545433
     345.0000000        2.2575185
     346.0000000        2.2635007
     347.0000000        2.2718146
     348.0000000        2.2834079
     349.0000000        2.2956550
     350.0000000        2.3039711
     351.0000000        2.3057663
     352.0000000        2.2972708
     353.0000000        2.2917404
     354.0000000        2.2896583
     355.0000000        2.2830558
     356.0000000        2.2755325
     357.0000000        2.2719877
     358.0000000        2.2639787
     359.0000000        2.2558925
     360.0000000        2.2537975
     361.0000000        2.2561355
     362.0000000        2.2617328
     363.0000000        2.2747943
     364.0000000        2.2872953
     365.0000000        2.2924592
     366.0000000        2.2954912
     367.0000000        2.2960777
     368.0000000        2.2937300
     369.0000000        2.2928734
     370.0000000        2.2916687
     371.0000000        2.2957850
     372.0000000        2.3004208
     373.0000000        2.3066840
     374.0000000        2.3088293
     375.0000000        2.3144894
     376.0000000        2.3159301
     377.0000000        2.3174577
     378.0000000        2.3168979
     379.0000000        2.3131711
     380.0000000        2.3046045
     381.0000000        2.2925618
     382.0000000        2.2806144
     383.0000000        2.2688158
     384.0000000        2.2539234
     385.0000000        2.2424707
     386.0000000        2.2344432
     387.0000000        2.2216184
     388.0000000        2.2069135
     389.0000000        2.1911292
     390.0000000        2.1805940
     391.0000000        2.1746345
     392.0000000        2.1764972
     393.0000000        2.1761253
     394.0000000        2.1700256
     395.0000000        2.1595275
     396.0000000        2.1466894
     397.0000000        2.1349578
     398.0000000        2.1259615
     399.0000000        2.1247191
     400.0000000        2.1252904
     401.0000000        2.1232152
     402.0000000        2.1225224
     403.0000000        2.1262045
     404.0000000        2.1323326
     405.0000000        2.1310031
     406.0000000        2.1335647
     407.0000000        2.1483343
     408.0000000        2.1700675
     409.0000000        2.1890883
     410.0000000        2.2013354
     411.0000000        2.2157750
     412.0000000        2.2365947
     413.0000000        2.2508709
     414.0000000        2.2702613
     415.0000000        2.2949853
     416.0000000        2.3168683
     417.0000000        2.3383243
     418.0000000        2.3517394
     419.0000000        2.3634055
     420.0000000        2.3757653
     421.0000000        2.3992462
     422.0000000        2.4286144
     423.0000000        2.4508386
     424.0000000        2.4746017
     425.0000000        2.4948730
     426.0000000        2.5052843
     427.0000000        2.5260670
     428.0000000        2.5514755
     429.0000000        2.5713291
     430.0000000        2.5850163
     431.0000000        2.6021171
     432.0000000        2.6000097
     433.0000000        2.6005065
     434.0000000        2.6039438
     435.0000000        2.6040452
     436.0000000        2.6058285
     437.0000000        2.6074874
     438.0000000        2.6048443
     439.0000000        2.6066740
     440.0000000        2.6073418
     441.0000000        2.6055372
     442.0000000        2.5968754
     443.0000000        2.5879648
     444.0000000        2.5595794
     445.0000000        2.5514562
     446.0000000        2.5338695
     447.0000000        2.5095601
     448.0000000        2.4801857
     449.0000000        2.4494805
     450.0000000        2.4362249
     451.0000000        2.4244270
     452.0000000        2.4033892
     453.0000000        2.3808606
     454.0000000        2.3532143
     455.0000000        2.3266830
     456.0000000        2.3010468
     457.0000000        2.2689166
     458.0000000        2.2385273
     459.0000000        2.2221849
     460.0000000        2.2043180
     461.0000000        2.1937320
     462.0000000        2.1889656
     463.0000000        2.1921906
     464.0000000        2.1928093
     465.0000000        2.1927993
     466.0000000        2.1942782
     467.0000000        2.1908448
     468.0000000        2.1927559
     469.0000000        2.2087412
     470.0000000        2.2167864
     471.0000000        2.2332551
     472.0000000        2.2534301
     473.0000000        2.2731335
     474.0000000        2.2992487
     475.0000000        2.3240392
     476.0000000        2.3427098
     477.0000000        2.3646953
     478.0000000        2.3864808
     479.0000000        2.4068258
     480.0000000        2.4236236
     481.0000000        2.4370873
     482.0000000        2.4427242
     483.0000000        2.4462984
     484.0000000        2.4534874
     485.0000000        2.4532866
     486.0000000        2.4579628
     487.0000000        2.4693880
     488.0000000        2.4693086
     489.0000000        2.4651806
     490.0000000        2.4553320
     491.0000000        2.4516885
     492.0000000        2.4454134
     493.0000000        2.4347935
     494.0000000        2.4183981
     495.0000000        2.4083962
     496.0000000        2.4064827
     497.0000000        2.4161005
     498.0000000        2.4186859
     499.0000000        2.4282625
     500.0000000        2.4397154
     501.0000000        2.4474025
     502.0000000        2.4541399
     503.0000000        2.4606194
     504.0000000        2.4791191
     505.0000000        2.5008743
     506.0000000        2.5216570
     507.0000000        2.5432229
     508.0000000        2.5710599
     509.0000000        2.6041591
     510.0000000        2.6281521
     511.0000000        2.6360860
     512.0000000        2.6403060
     513.0000000        2.6458809
     514.0000000        2.6496582
     515.0000000        2.6426136
     516.0000000        2.6390498
     517.0000000        2.6305432
     518.0000000        2.6357279
     519.0000000        2.6387658
     520.0000000        2.6368029
     521.0000000        2.6231158
     522.0000000        2.6080320
     523.0000000        2.5940311
     524.0000000        2.5795176
     525.0000000        2.5642626
     526.0000000        2.5602126
     527.0000000        2.5612478
     528.0000000        2.5607476
     529.0000000        2.5608428
     530.0000000        2.5606978
     531.0000000        2.5660722
     532.0000000        2.5636935
     533.0000000        2.5610132
     534.0000000        2.5576029
     535.0000000        2.5518837
     536.0000000        2.5460777
     537.0000000        2.5360568
     538.0000000        2.5272379
     539.0000000        2.5297346
     540.0000000        2.5308030
     541.0000000        2.5175698
     542.0000000        2.4997573
     543.0000000        2.4940462
     544.0000000        2.5037775
     545.0000000        2.5069661
     546.0000000        2.5150766
     547.0000000        2.5195718
     548.0000000        2.5344553
     549.0000000        2.5505726
     550.0000000        2.5717750
     551.0000000        2.5901093
     552.0000000        2.5996528
     553.0000000        2.6037118
     554.0000000        2.5991867
     555.0000000        2.5924911
     556.0000000        2.5764370
     557.0000000        2.5732036
     558.0000000        2.5746155
     559.0000000        2.5630679
     560.0000000        2.5374312
     561.0000000        2.5279186
     562.0000000        2.5223927
     563.0000000        2.5156806
     564.0000000        2.5048087
     565.0000000        2.4885542
     566.0000000        2.4658942
     567.0000000        2.4347558
     568.0000000        2.4072399
     569.0000000        2.3768001
     570.0000000        2.3442450
     571.0000000        2.3187330
     572.0000000        2.3037643
     573.0000000        2.2946727
     574.0000000        2.2877691
     575.0000000        2.2841763
     576.0000000        2.2960534
     577.0000000        2.3067715
     578.0000000        2.3152192
     579.0000000        2.3258560
     580.0000000        2.3497021
     581.0000000        2.3676913
     582.0000000        2.3805072
     583.0000000        2.3915954
     584.0000000        2.3941407
     585.0000000        2.4008613
     586.0000000        2.4082181
     587.0000000        2.4131618
     588.0000000        2.4200532
     589.0000000        2.4244347
     590.0000000        2.4316218
     591.0000000        2.4285903
     592.0000000        2.4329767
     593.0000000        2.4409313
     594.0000000        2.4441800
     595.0000000        2.4425724
     596.0000000        2.4443438
     597.0000000        2.4421675
     598.0000000        2.4382877
     599.0000000        2.4449325
     600.0000000        2.4555581
