       1.0000000        2.5605214
       2.0000000        2.5057388
       3.0000000        2.4619463
       4.0000000        2.4301058
       5.0000000        2.3985539
       6.0000000        2.3703723
       7.0000000        2.3487663
       8.0000000        2.3384363
       9.0000000        2.3274897
      10.0000000        2.3171086
      11.0000000        2.3123658
      12.0000000        2.3159064
      13.0000000        2.3149771
      14.0000000        2.3052155
      15.0000000        2.2813438
      16.0000000        2.2626105
      17.0000000        2.2603984
      18.0000000        2.2647327
      19.0000000        2.2661541
      20.0000000        2.2679169
      21.0000000        2.2647804
      22.0000000        2.2567813
      23.0000000        2.2452212
      24.0000000        2.2321414
      25.0000000        2.2216733
      26.0000000        2.2253970
      27.0000000        2.2417170
      28.0000000        2.2581973
      29.0000000        2.2689683
      30.0000000        2.2787903
      31.0000000        2.2899858
      32.0000000        2.2956440
      33.0000000        2.2973506
      34.0000000        2.2951249
      35.0000000        2.2953156
      36.0000000        2.2955985
      37.0000000        2.2925191
      38.0000000        2.2842118
      39.0000000        2.2770121
      40.0000000        2.2696622
      41.0000000        2.2604602
      42.0000000        2.2554647
      43.0000000        2.2525588
      44.0000000        2.2435842
      45.0000000        2.2300067
      46.0000000        2.2146351
      47.0000000        2.2009870
      48.0000000        2.1812548
      49.0000000        2.1654285
      50.0000000        2.1593538
      51.0000000        2.1569217
      52.0000000        2.1662765
      53.0000000        2.1890319
      54.0000000        2.2096746
      55.0000000        2.2203084
      56.0000000        2.2312740
      57.0000000        2.2411882
      58.0000000        2.2542363
      59.0000000        2.2669096
      60.0000000        2.2748170
      61.0000000        2.2722045
      62.0000000        2.2613437
      63.0000000        2.2438971
      64.0000000        2.2361618
      65.0000000        2.2332298
      66.0000000        2.2302610
      67.0000000        2.2250802
      68.0000000        2.2245974
      69.0000000        2.2328673
      70.0000000        2.2411838
      71.0000000        2.2465075
      72.0000000        2.2426694
      73.0000000        2.2452307
      74.0000000        2.2622380
      75.0000000        2.2905819
      76.0000000        2.3162003
      77.0000000        2.3266220
      78.0000000        2.3352781
      79.0000000        2.3464795
      80.0000000        2.3486039
      81.0000000        2.3385363
      82.0000000        2.3194319
      83.0000000        2.3035631
      84.0000000        2.2914973
      85.0000000        2.2707066
      86.0000000        2.2455552
      87.0000000        2.2277832
      88.0000000        2.2169024
      89.0000000        2.2165286
      90.0000000        2.2140754
      91.0000000        2.2059425
      92.0000000        2.2028811
      93.0000000        2.2146669
      94.0000000        2.2218284
      95.0000000        2.2157548
      96.0000000        2.2064870
      97.0000000        2.2018302
      98.0000000        2.1973862
      99.0000000        2.1865690
     100.0000000        2.1817374
     101.0000000        2.1856410
     102.0000000        2.1910120
     103.0000000        2.1935539
     104.0000000        2.1987675
     105.0000000        2.2053747
     106.0000000        2.2038137
     107.0000000        2.2011216
     108.0000000        2.1961693
     109.0000000        2.1932281
     110.0000000        2.1925037
     111.0000000        2.1932145
     112.0000000        2.1939978
     113.0000000        2.2031375
     114.0000000        2.2230468
     115.0000000        2.2476348
     116.0000000        2.2681935
     117.0000000        2.2767393
     118.0000000        2.2703063
     119.0000000        2.2521873
     120.0000000        2.2286255
     121.0000000        2.2175020
     122.0000000        2.2146468
     123.0000000        2.2129278
     124.0000000        2.2028309
     125.0000000        2.1874074
     126.0000000        2.1776965
     127.0000000        2.1796269
     128.0000000        2.1836847
     129.0000000        2.1848537
     130.0000000        2.1827711
     131.0000000        2.1799483
     132.0000000        2.1718673
     133.0000000        2.1668819
     134.0000000        2.1706379
     135.0000000        2.1809539
     136.0000000        2.1958108
     137.0000000        2.2163287
     138.0000000        2.2376305
     139.0000000        2.2582109
     140.0000000        2.2744842
     141.0000000        2.2859659
     142.0000000        2.2937510
     143.0000000        2.2969059
     144.0000000        2.2910217
     145.0000000        2.2821224
     146.0000000        2.2676058
     147.0000000        2.2523420
     148.0000000        2.2464484
     149.0000000        2.2500264
     150.0000000        2.2606225
     151.0000000        2.2753618
     152.0000000        2.2934558
     153.0000000        2.3162234
     154.0000000        2.3331628
     155.0000000        2.3454660
     156.0000000        2.3541290
     157.0000000        2.3529917
     158.0000000        2.3469315
     159.0000000        2.3464763
     160.0000000        2.3617786
     161.0000000        2.3772811
     162.0000000        2.3789742
     163.0000000        2.3580446
     164.0000000        2.3269684
     165.0000000        2.3001945
     166.0000000        2.2939587
     167.0000000        2.2968794
     168.0000000        2.2973140
     169.0000000        2.2969389
     170.0000000        2.2951721
     171.0000000        2.2886573
     172.0000000        2.2755388
     173.0000000        2.2692166
     174.0000000        2.2680424
     175.0000000        2.2608372
     176.0000000        2.2548466
     177.0000000        2.2613268
     178.0000000        2.2805115
     179.0000000        2.2977045
     180.0000000        2.3088604
     181.0000000        2.3146497
     182.0000000        2.3091269
     183.0000000        2.3017760
     184.0000000        2.3053947
     185.0000000        2.3192781
     186.0000000        2.3332579
     187.0000000        2.3333405
     188.0000000        2.3279868
     189.0000000        2.3283346
     190.0000000        2.3299548
     191.0000000        2.3219181
     192.0000000        2.3050203
     193.0000000        2.2977349
     194.0000000        2.2946551
     195.0000000        2.2855619
     196.0000000        2.2728821
     197.0000000        2.2757635
     198.0000000        2.2945338
     199.0000000        2.3064449
     200.0000000        2.3112996
     201.0000000        2.3160731
     202.0000000        2.3174688
     203.0000000        2.3128780
     204.0000000        2.3086065
     205.0000000        2.3109942
     206.0000000        2.3100729
     207.0000000        2.3078716
     208.0000000        2.3069776
     209.0000000        2.3188609
     210.0000000        2.3296425
     211.0000000        2.3362004
     212.0000000        2.3398732
     213.0000000        2.3336112
     214.0000000        2.3227931
     215.0000000        2.3209333
     216.0000000        2.3223236
     217.0000000        2.3141551
     218.0000000        2.2945961
     219.0000000        2.2739129
     220.0000000        2.2599384
     221.0000000        2.2576121
     222.0000000        2.2534957
     223.0000000        2.2417847
     224.0000000        2.2269940
     225.0000000        2.2155424
     226.0000000        2.2087547
     227.0000000        2.2023622
     228.0000000        2.1929996
     229.0000000        2.1817607
     230.0000000        2.1763943
     231.0000000        2.1758298
     232.0000000        2.1811440
     233.0000000        2.1837430
     234.0000000        2.1960672
     235.0000000        2.2201418
     236.0000000        2.2447348
     237.0000000        2.2626486
     238.0000000        2.2662342
     239.0000000        2.2583582
     240.0000000        2.2523591
     241.0000000        2.2502258
     242.0000000        2.2506486
     243.0000000        2.2534253
     244.0000000        2.2462822
     245.0000000        2.2424481
     246.0000000        2.2433968
     247.0000000        2.2429332
     248.0000000        2.2348789
     249.0000000        2.2236870
     250.0000000        2.2138174
     251.0000000        2.2021585
     252.0000000        2.1942275
     253.0000000        2.1847670
     254.0000000        2.1869678
     255.0000000        2.2026640
     256.0000000        2.2089654
     257.0000000        2.2110528
     258.0000000        2.2143330
     259.0000000        2.2151685
     260.0000000        2.2119850
     261.0000000        2.2062029
     262.0000000        2.2017631
     263.0000000        2.2027815
     264.0000000        2.1995033
     265.0000000        2.1973450
     266.0000000        2.1993507
     267.0000000        2.2045268
     268.0000000        2.2102039
     269.0000000        2.2121807
     270.0000000        2.2040009
     271.0000000        2.1888789
     272.0000000        2.1778464
     273.0000000        2.1654269
     274.0000000        2.1538001
     275.0000000        2.1451172
     276.0000000        2.1388461
     277.0000000        2.1395805
     278.0000000        2.1484656
     279.0000000        2.1591193
     280.0000000        2.1673635
     281.0000000        2.1730811
     282.0000000        2.1820930
     283.0000000        2.1960538
     284.0000000        2.2062282
     285.0000000        2.2114169
     286.0000000        2.2223240
     287.0000000        2.2356713
     288.0000000        2.2466095
     289.0000000        2.2525790
     290.0000000        2.2556192
     291.0000000        2.2535008
     292.0000000        2.2385691
     293.0000000        2.2196961
     294.0000000        2.2037009
     295.0000000        2.2032072
     296.0000000        2.2069065
     297.0000000        2.2044272
     298.0000000        2.1979113
     299.0000000        2.1889621
     300.0000000        2.1866618
     301.0000000        2.1953564
     302.0000000        2.2006170
     303.0000000        2.2028491
     304.0000000        2.2127448
     305.0000000        2.2280713
     306.0000000        2.2435752
     307.0000000        2.2597147
     308.0000000        2.2703934
     309.0000000        2.2710641
     310.0000000        2.2700537
     311.0000000        2.2750028
     312.0000000        2.2778476
     313.0000000        2.2801350
     314.0000000        2.2798016
     315.0000000        2.2839089
     316.0000000        2.2906225
     317.0000000        2.3005245
     318.0000000        2.3137947
     319.0000000        2.3255740
     320.0000000        2.3298228
     321.0000000        2.3284954
     322.0000000        2.3173299
     323.0000000        2.2936230
     324.0000000        2.2653089
     325.0000000        2.2520233
     326.0000000        2.2445689
     327.0000000        2.2405182
     328.0000000        2.2349730
     329.0000000        2.2311698
     330.0000000        2.2269534
     331.0000000        2.2248086
     332.0000000        2.2231011
     333.0000000        2.2209827
     334.0000000        2.2149988
     335.0000000        2.2141646
     336.0000000        2.2223719
     337.0000000        2.2356558
     338.0000000        2.2511404
     339.0000000        2.2663772
     340.0000000        2.2772419
     341.0000000        2.2812728
     342.0000000        2.2760134
     343.0000000        2.2592369
     344.0000000        2.2392346
     345.0000000        2.2307622
     346.0000000        2.2301830
     347.0000000        2.2358769
     348.0000000        2.2445338
     349.0000000        2.2602327
     350.0000000        2.2718828
     351.0000000        2.2795065
     352.0000000        2.2852824
     353.0000000        2.2938976
     354.0000000        2.3122217
     355.0000000        2.3328404
     356.0000000        2.3382874
     357.0000000        2.3142010
     358.0000000        2.2839589
     359.0000000        2.2611673
     360.0000000        2.2618836
     361.0000000        2.2670720
     362.0000000        2.2594103
     363.0000000        2.2344593
     364.0000000        2.2153117
     365.0000000        2.2122444
     366.0000000        2.2148113
     367.0000000        2.2090465
     368.0000000        2.2042839
     369.0000000        2.2010485
     370.0000000        2.1980531
     371.0000000        2.1982879
     372.0000000        2.2072912
     373.0000000        2.2149825
     374.0000000        2.2168451
     375.0000000        2.2152028
     376.0000000        2.2122387
     377.0000000        2.2118504
     378.0000000        2.2100399
     379.0000000        2.2067563
     380.0000000        2.2069406
     381.0000000        2.2068681
     382.0000000        2.2033806
     383.0000000        2.2003163
     384.0000000        2.2044130
     385.0000000        2.2020255
     386.0000000        2.2012232
     387.0000000        2.2130870
     388.0000000        2.2285487
     389.0000000        2.2390472
     390.0000000        2.2391466
     391.0000000        2.2393458
     392.0000000        2.2424285
     393.0000000        2.2405044
     394.0000000        2.2298959
     395.0000000        2.2187143
     396.0000000        2.2046895
     397.0000000        2.1952824
     398.0000000        2.1945164
     399.0000000        2.2033789
     400.0000000        2.2135791
     401.0000000        2.2206378
     402.0000000        2.2240632
     403.0000000        2.2236815
     404.0000000        2.2248307
     405.0000000        2.2287161
     406.0000000        2.2362681
     407.0000000        2.2451002
     408.0000000        2.2481069
     409.0000000        2.2416019
     410.0000000        2.2279181
     411.0000000        2.2165167
     412.0000000        2.2106036
     413.0000000        2.2013232
     414.0000000        2.1958553
     415.0000000        2.2011906
     416.0000000        2.2164309
     417.0000000        2.2334232
     418.0000000        2.2483879
     419.0000000        2.2582206
     420.0000000        2.2645515
     421.0000000        2.2698390
     422.0000000        2.2764796
     423.0000000        2.2863022
     424.0000000        2.2855730
     425.0000000        2.2734608
     426.0000000        2.2555056
     427.0000000        2.2437453
     428.0000000        2.2342462
     429.0000000        2.2418713
     430.0000000        2.2532953
     431.0000000        2.2559040
     432.0000000        2.2641263
     433.0000000        2.2794293
     434.0000000        2.2946351
     435.0000000        2.3016595
     436.0000000        2.3029959
     437.0000000        2.3020393
     438.0000000        2.3001950
     439.0000000        2.3039540
     440.0000000        2.3144980
     441.0000000        2.3237968
     442.0000000        2.3341332
     443.0000000        2.3397708
     444.0000000        2.3369907
     445.0000000        2.3370381
     446.0000000        2.3307890
     447.0000000        2.3109189
     448.0000000        2.2889748
     449.0000000        2.2733907
     450.0000000        2.2684693
     451.0000000        2.2712104
     452.0000000        2.2713072
     453.0000000        2.2672899
     454.0000000        2.2545642
     455.0000000        2.2407695
     456.0000000        2.2330326
     457.0000000        2.2292069
     458.0000000        2.2206783
     459.0000000        2.2123621
     460.0000000        2.2123721
     461.0000000        2.2216396
     462.0000000        2.2406224
     463.0000000        2.2523080
     464.0000000        2.2499407
     465.0000000        2.2365903
     466.0000000        2.2225724
     467.0000000        2.2128093
     468.0000000        2.2114127
     469.0000000        2.2091397
     470.0000000        2.1996017
     471.0000000        2.1858592
     472.0000000        2.1738641
     473.0000000        2.1697259
     474.0000000        2.1767099
     475.0000000        2.1947595
     476.0000000        2.2123571
     477.0000000        2.2189947
     478.0000000        2.2072581
     479.0000000        2.1916059
     480.0000000        2.1864354
     481.0000000        2.1869647
     482.0000000        2.1969696
     483.0000000        2.2158289
     484.0000000        2.2389185
     485.0000000        2.2606725
     486.0000000        2.2780803
     487.0000000        2.2868060
     488.0000000        2.2816689
     489.0000000        2.2666828
     490.0000000        2.2516795
     491.0000000        2.2452904
     492.0000000        2.2454126
     493.0000000        2.2444714
     494.0000000        2.2459125
     495.0000000        2.2531987
     496.0000000        2.2685870
     497.0000000        2.2728775
     498.0000000        2.2577749
     499.0000000        2.2271789
     500.0000000        2.1995719
     501.0000000        2.1798620
     502.0000000        2.1685216
     503.0000000        2.1616068
     504.0000000        2.1600835
     505.0000000        2.1608175
     506.0000000        2.1683198
     507.0000000        2.1888399
     508.0000000        2.2164584
     509.0000000        2.2420977
     510.0000000        2.2605144
     511.0000000        2.2657018
     512.0000000        2.2584274
     513.0000000        2.2433886
     514.0000000        2.2343294
     515.0000000        2.2401967
     516.0000000        2.2645722
     517.0000000        2.2968383
     518.0000000        2.3270666
     519.0000000        2.3491115
     520.0000000        2.3664362
     521.0000000        2.3756812
     522.0000000        2.3747835
     523.0000000        2.3609180
     524.0000000        2.3379673
     525.0000000        2.3075404
     526.0000000        2.2765253
     527.0000000        2.2497251
     528.0000000        2.2356499
     529.0000000        2.2335314
     530.0000000        2.2302828
     531.0000000        2.2247978
     532.0000000        2.2312783
     533.0000000        2.2533022
     534.0000000        2.2788105
     535.0000000        2.2970365
     536.0000000        2.3026803
     537.0000000        2.2927991
     538.0000000        2.2723310
     539.0000000        2.2581702
     540.0000000        2.2567760
     541.0000000        2.2582981
     542.0000000        2.2587848
     543.0000000        2.2602633
     544.0000000        2.2609747
     545.0000000        2.2666577
     546.0000000        2.2775626
     547.0000000        2.2933288
     548.0000000        2.3099193
     549.0000000        2.3231626
     550.0000000        2.3182857
     551.0000000        2.2932655
     552.0000000        2.2692112
     553.0000000        2.2570161
     554.0000000        2.2608971
     555.0000000        2.2586018
     556.0000000        2.2527510
     557.0000000        2.2499226
     558.0000000        2.2479838
     559.0000000        2.2375090
     560.0000000        2.2220441
     561.0000000        2.2081004
     562.0000000        2.2002257
     563.0000000        2.1969164
     564.0000000        2.2008526
     565.0000000        2.2105002
     566.0000000        2.2175180
     567.0000000        2.2179541
     568.0000000        2.2199405
     569.0000000        2.2315156
     570.0000000        2.2477107
     571.0000000        2.2525796
     572.0000000        2.2499078
     573.0000000        2.2364561
     574.0000000        2.2186073
     575.0000000        2.2000772
     576.0000000        2.1862648
     577.0000000        2.1827851
     578.0000000        2.1875492
     579.0000000        2.1834830
     580.0000000        2.1746885
     581.0000000        2.1697594
     582.0000000        2.1798413
     583.0000000        2.1991990
     584.0000000        2.2196633
     585.0000000        2.2440866
     586.0000000        2.2711974
     587.0000000        2.2899574
     588.0000000        2.2980287
     589.0000000        2.2953863
     590.0000000        2.2747374
     591.0000000        2.2432341
     592.0000000        2.2193666
     593.0000000        2.2022384
     594.0000000        2.1904595
     595.0000000        2.1849020
     596.0000000        2.1858817
     597.0000000        2.1882304
     598.0000000        2.1861535
     599.0000000        2.1871682
     600.0000000        2.1952330
