       1.0000000        8.5839659
       2.0000000        8.8802054
       3.0000000        8.8443435
       4.0000000        8.7131077
       5.0000000        8.5648612
       6.0000000        8.4282871
       7.0000000        8.2922733
       8.0000000        8.1561231
       9.0000000        8.0518750
      10.0000000        7.9880969
      11.0000000        7.9412220
      12.0000000        7.8931326
      13.0000000        7.8425466
      14.0000000        7.8583839
      15.0000000        7.8411164
      16.0000000        7.7890578
      17.0000000        7.7342350
      18.0000000        7.6729730
      19.0000000        7.6654421
      20.0000000        7.6783259
      21.0000000        7.6609567
      22.0000000        7.6315774
      23.0000000        7.5726338
      24.0000000        7.5527005
      25.0000000        7.5278590
      26.0000000        7.4822785
      27.0000000        7.4875857
      28.0000000        7.5171894
      29.0000000        7.5395942
      30.0000000        7.5879738
      31.0000000        7.6577176
      32.0000000        7.7087333
      33.0000000        7.7237187
      34.0000000        7.7596221
      35.0000000        7.7861692
      36.0000000        7.8356104
      37.0000000        7.8818528
      38.0000000        7.8555522
      39.0000000        7.8388807
      40.0000000        7.7964100
      41.0000000        7.7204914
      42.0000000        7.6444568
      43.0000000        7.5787132
      44.0000000        7.5134920
      45.0000000        7.4840156
      46.0000000        7.4243403
      47.0000000        7.3798067
      48.0000000        7.2901185
      49.0000000        7.1677173
      50.0000000        7.0927690
      51.0000000        7.0569882
      52.0000000        7.0728091
      53.0000000        7.1359472
      54.0000000        7.1936295
      55.0000000        7.2661694
      56.0000000        7.3574365
      57.0000000        7.4187830
      58.0000000        7.4706645
      59.0000000        7.5185510
      60.0000000        7.5720738
      61.0000000        7.5660264
      62.0000000        7.5358173
      63.0000000        7.4941512
      64.0000000        7.4679863
      65.0000000        7.4650032
      66.0000000        7.4557465
      67.0000000        7.4306468
      68.0000000        7.4160116
      69.0000000        7.4339366
      70.0000000        7.4773858
      71.0000000        7.5217081
      72.0000000        7.5292328
      73.0000000        7.5357658
      74.0000000        7.5956666
      75.0000000        7.6723326
      76.0000000        7.7939413
      77.0000000        7.8796768
      78.0000000        7.9194639
      79.0000000        7.9250360
      80.0000000        7.9204409
      81.0000000        7.9096793
      82.0000000        7.8723466
      83.0000000        7.8032168
      84.0000000        7.7313977
      85.0000000        7.6578726
      86.0000000        7.5827838
      87.0000000        7.4934426
      88.0000000        7.4317287
      89.0000000        7.3919046
      90.0000000        7.3476251
      91.0000000        7.3192627
      92.0000000        7.2552036
      93.0000000        7.2446008
      94.0000000        7.2551744
      95.0000000        7.2470987
      96.0000000        7.2328448
      97.0000000        7.2264576
      98.0000000        7.2457661
      99.0000000        7.2493672
     100.0000000        7.2104923
     101.0000000        7.1846378
     102.0000000        7.1754274
     103.0000000        7.1696792
     104.0000000        7.1868489
     105.0000000        7.1934019
     106.0000000        7.1805613
     107.0000000        7.1868699
     108.0000000        7.1695087
     109.0000000        7.1451702
     110.0000000        7.1425634
     111.0000000        7.1603802
     112.0000000        7.1940949
     113.0000000        7.2301934
     114.0000000        7.2949670
     115.0000000        7.3729273
     116.0000000        7.4331460
     117.0000000        7.4780532
     118.0000000        7.4925912
     119.0000000        7.5007274
     120.0000000        7.4783529
     121.0000000        7.4340891
     122.0000000        7.3937365
     123.0000000        7.3606906
     124.0000000        7.3561537
     125.0000000        7.3535499
     126.0000000        7.2992805
     127.0000000        7.2488543
     128.0000000        7.2310620
     129.0000000        7.2578320
     130.0000000        7.2623103
     131.0000000        7.2593387
     132.0000000        7.2292072
     133.0000000        7.1959252
     134.0000000        7.1873794
     135.0000000        7.1815534
     136.0000000        7.2139843
     137.0000000        7.2511417
     138.0000000        7.3036901
     139.0000000        7.3821156
     140.0000000        7.4360178
     141.0000000        7.4900423
     142.0000000        7.5260018
     143.0000000        7.5229057
     144.0000000        7.5374172
     145.0000000        7.5461226
     146.0000000        7.5502870
     147.0000000        7.5371058
     148.0000000        7.5318691
     149.0000000        7.5250233
     150.0000000        7.5646881
     151.0000000        7.6304861
     152.0000000        7.6898404
     153.0000000        7.7817396
     154.0000000        7.8970470
     155.0000000        7.9778522
     156.0000000        8.0234146
     157.0000000        8.0175016
     158.0000000        8.0280130
     159.0000000        8.0129900
     160.0000000        8.0087160
     161.0000000        8.0078791
     162.0000000        8.0262271
     163.0000000        8.0491894
     164.0000000        8.0526241
     165.0000000        7.9976703
     166.0000000        7.9297136
     167.0000000        7.9031835
     168.0000000        7.8644358
     169.0000000        7.8244676
     170.0000000        7.7895864
     171.0000000        7.7877401
     172.0000000        7.7447179
     173.0000000        7.7041206
     174.0000000        7.7031063
     175.0000000        7.6855209
     176.0000000        7.6807949
     177.0000000        7.6953849
     178.0000000        7.7033177
     179.0000000        7.7171595
     180.0000000        7.7364347
     181.0000000        7.7609268
     182.0000000        7.8049868
     183.0000000        7.8525355
     184.0000000        7.9104521
     185.0000000        7.9739913
     186.0000000        8.0038184
     187.0000000        8.0327867
     188.0000000        7.9970981
     189.0000000        7.9796704
     190.0000000        7.9659702
     191.0000000        7.9694998
     192.0000000        7.8847934
     193.0000000        7.8191137
     194.0000000        7.7748951
     195.0000000        7.7253843
     196.0000000        7.6744519
     197.0000000        7.6707516
     198.0000000        7.6922315
     199.0000000        7.6985220
     200.0000000        7.7041066
     201.0000000        7.7394616
     202.0000000        7.7837204
     203.0000000        7.8267279
     204.0000000        7.8478099
     205.0000000        7.9064984
     206.0000000        7.9085803
     207.0000000        7.9010167
     208.0000000        7.8803402
     209.0000000        7.8772843
     210.0000000        7.9045120
     211.0000000        7.9633685
     212.0000000        7.9869247
     213.0000000        7.9767124
     214.0000000        7.9585231
     215.0000000        7.9647399
     216.0000000        7.9512240
     217.0000000        7.9289243
     218.0000000        7.8796165
     219.0000000        7.7941492
     220.0000000        7.7006332
     221.0000000        7.6304232
     222.0000000        7.6057350
     223.0000000        7.5957418
     224.0000000        7.5719152
     225.0000000        7.5137003
     226.0000000        7.4551930
     227.0000000        7.4079817
     228.0000000        7.3322446
     229.0000000        7.2585503
     230.0000000        7.2409117
     231.0000000        7.1978856
     232.0000000        7.1762218
     233.0000000        7.1400929
     234.0000000        7.1302376
     235.0000000        7.1870978
     236.0000000        7.2522965
     237.0000000        7.3395824
     238.0000000        7.4150510
     239.0000000        7.4542737
     240.0000000        7.4974188
     241.0000000        7.5516367
     242.0000000        7.5709047
     243.0000000        7.5745112
     244.0000000        7.5395141
     245.0000000        7.5241735
     246.0000000        7.5261057
     247.0000000        7.4883375
     248.0000000        7.4886938
     249.0000000        7.4863169
     250.0000000        7.4318096
     251.0000000        7.3993559
     252.0000000        7.3953160
     253.0000000        7.3487577
     254.0000000        7.3140770
     255.0000000        7.3050336
     256.0000000        7.2861754
     257.0000000        7.2897503
     258.0000000        7.3025784
     259.0000000        7.3367305
     260.0000000        7.3528829
     261.0000000        7.3395061
     262.0000000        7.3413775
     263.0000000        7.3530742
     264.0000000        7.3176603
     265.0000000        7.2928681
     266.0000000        7.2623988
     267.0000000        7.2510832
     268.0000000        7.2412302
     269.0000000        7.2237461
     270.0000000        7.2090542
     271.0000000        7.1760626
     272.0000000        7.1267683
     273.0000000        7.0971010
     274.0000000        7.0772288
     275.0000000        7.0491482
     276.0000000        7.0063063
     277.0000000        6.9775346
     278.0000000        6.9968658
     279.0000000        7.0264836
     280.0000000        7.0867367
     281.0000000        7.1274189
     282.0000000        7.1625727
     283.0000000        7.1920228
     284.0000000        7.2082935
     285.0000000        7.2328438
     286.0000000        7.2961303
     287.0000000        7.3824406
     288.0000000        7.4806214
     289.0000000        7.5524908
     290.0000000        7.6193349
     291.0000000        7.6326391
     292.0000000        7.6214337
     293.0000000        7.6018588
     294.0000000        7.6098726
     295.0000000        7.5960437
     296.0000000        7.5289511
     297.0000000        7.4911883
     298.0000000        7.4579408
     299.0000000        7.3875709
     300.0000000        7.3414452
     301.0000000        7.3386264
     302.0000000        7.3248971
     303.0000000        7.3230172
     304.0000000        7.3590135
     305.0000000        7.3995701
     306.0000000        7.4663899
     307.0000000        7.5407944
     308.0000000        7.5986606
     309.0000000        7.6315024
     310.0000000        7.6629901
     311.0000000        7.7099956
     312.0000000        7.7243601
     313.0000000        7.7453767
     314.0000000        7.7349434
     315.0000000        7.7721357
     316.0000000        7.7985049
     317.0000000        7.8428137
     318.0000000        7.8900751
     319.0000000        7.9487865
     320.0000000        7.9610912
     321.0000000        7.9892001
     322.0000000        7.9843815
     323.0000000        7.9267141
     324.0000000        7.8037149
     325.0000000        7.6894121
     326.0000000        7.6034319
     327.0000000        7.5726534
     328.0000000        7.5461767
     329.0000000        7.4980525
     330.0000000        7.4720006
     331.0000000        7.4476252
     332.0000000        7.4134097
     333.0000000        7.3977910
     334.0000000        7.3808813
     335.0000000        7.3994305
     336.0000000        7.4280476
     337.0000000        7.5038929
     338.0000000        7.5966296
     339.0000000        7.6608857
     340.0000000        7.7290528
     341.0000000        7.7918217
     342.0000000        7.8244878
     343.0000000        7.8333206
     344.0000000        7.7576262
     345.0000000        7.7078505
     346.0000000        7.6774931
     347.0000000        7.6642075
     348.0000000        7.6607286
     349.0000000        7.6873887
     350.0000000        7.7332166
     351.0000000        7.7846041
     352.0000000        7.8166397
     353.0000000        7.8409685
     354.0000000        7.8475086
     355.0000000        7.8712135
     356.0000000        7.8948635
     357.0000000        7.8805070
     358.0000000        7.8273261
     359.0000000        7.7388527
     360.0000000        7.6324828
     361.0000000        7.5933153
     362.0000000        7.5785314
     363.0000000        7.5289767
     364.0000000        7.4503678
     365.0000000        7.4055837
     366.0000000        7.3739087
     367.0000000        7.3258817
     368.0000000        7.3091020
     369.0000000        7.2997446
     370.0000000        7.2888129
     371.0000000        7.2593016
     372.0000000        7.2555322
     373.0000000        7.2606774
     374.0000000        7.3178170
     375.0000000        7.3580537
     376.0000000        7.3796418
     377.0000000        7.3650701
     378.0000000        7.3108525
     379.0000000        7.3003910
     380.0000000        7.3204385
     381.0000000        7.3304882
     382.0000000        7.3149735
     383.0000000        7.2889648
     384.0000000        7.3144968
     385.0000000        7.3303937
     386.0000000        7.3140402
     387.0000000        7.3327792
     388.0000000        7.3372973
     389.0000000        7.3960644
     390.0000000        7.4468576
     391.0000000        7.4802814
     392.0000000        7.4708557
     393.0000000        7.4912149
     394.0000000        7.4833964
     395.0000000        7.4900555
     396.0000000        7.4479696
     397.0000000        7.3698869
     398.0000000        7.3009637
     399.0000000        7.2819880
     400.0000000        7.2783945
     401.0000000        7.2804592
     402.0000000        7.3117883
     403.0000000        7.3391863
     404.0000000        7.3907037
     405.0000000        7.4448309
     406.0000000        7.4476901
     407.0000000        7.4527215
     408.0000000        7.4603161
     409.0000000        7.4789785
     410.0000000        7.4766733
     411.0000000        7.4632173
     412.0000000        7.4506125
     413.0000000        7.4152470
     414.0000000        7.3784285
     415.0000000        7.3188106
     416.0000000        7.3064492
     417.0000000        7.2943334
     418.0000000        7.3216774
     419.0000000        7.3727762
     420.0000000        7.4270687
     421.0000000        7.5000504
     422.0000000        7.5522568
     423.0000000        7.6169494
     424.0000000        7.6896180
     425.0000000        7.7490603
     426.0000000        7.7645458
     427.0000000        7.7515335
     428.0000000        7.6810753
     429.0000000        7.6653030
     430.0000000        7.6439597
     431.0000000        7.6425000
     432.0000000        7.6476870
     433.0000000        7.6711713
     434.0000000        7.7061314
     435.0000000        7.7316749
     436.0000000        7.7816684
     437.0000000        7.8205383
     438.0000000        7.8231855
     439.0000000        7.8358170
     440.0000000        7.8611422
     441.0000000        7.9147514
     442.0000000        7.9855673
     443.0000000        8.0579149
     444.0000000        8.0805502
     445.0000000        8.0798026
     446.0000000        8.0796801
     447.0000000        8.0249609
     448.0000000        7.9659453
     449.0000000        7.8846647
     450.0000000        7.7986205
     451.0000000        7.7444380
     452.0000000        7.7272452
     453.0000000        7.6932437
     454.0000000        7.6378644
     455.0000000        7.5868698
     456.0000000        7.5091851
     457.0000000        7.4650381
     458.0000000        7.4521782
     459.0000000        7.4327165
     460.0000000        7.4115275
     461.0000000        7.4273876
     462.0000000        7.4683445
     463.0000000        7.4979658
     464.0000000        7.4822297
     465.0000000        7.4485638
     466.0000000        7.3926398
     467.0000000        7.3473951
     468.0000000        7.3223229
     469.0000000        7.2865647
     470.0000000        7.2651553
     471.0000000        7.2201016
     472.0000000        7.2075825
     473.0000000        7.1874117
     474.0000000        7.1600886
     475.0000000        7.1820133
     476.0000000        7.2123517
     477.0000000        7.2570728
     478.0000000        7.2634929
     479.0000000        7.2612489
     480.0000000        7.2434949
     481.0000000        7.2265322
     482.0000000        7.2500639
     483.0000000        7.2752387
     484.0000000        7.3271440
     485.0000000        7.3597572
     486.0000000        7.4353034
     487.0000000        7.5339463
     488.0000000        7.6273414
     489.0000000        7.6679840
     490.0000000        7.6584029
     491.0000000        7.6502722
     492.0000000        7.6205284
     493.0000000        7.5848838
     494.0000000        7.5797181
     495.0000000        7.5783577
     496.0000000        7.5866483
     497.0000000        7.6010296
     498.0000000        7.5928146
     499.0000000        7.5354100
     500.0000000        7.4161768
     501.0000000        7.2843935
     502.0000000        7.1643278
     503.0000000        7.0935082
     504.0000000        7.0582400
     505.0000000        7.0381806
     506.0000000        7.0902773
     507.0000000        7.1362334
     508.0000000        7.2009220
     509.0000000        7.2847064
     510.0000000        7.3949592
     511.0000000        7.4873534
     512.0000000        7.5646012
     513.0000000        7.6148326
     514.0000000        7.6290802
     515.0000000        7.6536658
     516.0000000        7.6857472
     517.0000000        7.7698989
     518.0000000        7.8782480
     519.0000000        7.9886171
     520.0000000        8.0746892
     521.0000000        8.1281309
     522.0000000        8.1520011
     523.0000000        8.1433116
     524.0000000        8.0908959
     525.0000000        7.9889910
     526.0000000        7.8371066
     527.0000000        7.6945580
     528.0000000        7.5568724
     529.0000000        7.4882113
     530.0000000        7.4223055
     531.0000000        7.3781830
     532.0000000        7.3858043
     533.0000000        7.4148043
     534.0000000        7.4737532
     535.0000000        7.5299829
     536.0000000        7.6164084
     537.0000000        7.6441923
     538.0000000        7.6635709
     539.0000000        7.6344063
     540.0000000        7.6152134
     541.0000000        7.6069855
     542.0000000        7.6236572
     543.0000000        7.6279310
     544.0000000        7.6746556
     545.0000000        7.7244172
     546.0000000        7.7611073
     547.0000000        7.8453117
     548.0000000        7.8921676
     549.0000000        7.9769450
     550.0000000        8.0237076
     551.0000000        8.0017594
     552.0000000        7.8994485
     553.0000000        7.7989961
     554.0000000        7.6997416
     555.0000000        7.6321102
     556.0000000        7.5733261
     557.0000000        7.5237803
     558.0000000        7.4919304
     559.0000000        7.4448900
     560.0000000        7.4099725
     561.0000000        7.3522386
     562.0000000        7.3184980
     563.0000000        7.3447061
     564.0000000        7.3814044
     565.0000000        7.4386068
     566.0000000        7.4728110
     567.0000000        7.4849298
     568.0000000        7.4774232
     569.0000000        7.5403261
     570.0000000        7.5743824
     571.0000000        7.6169555
     572.0000000        7.6268262
     573.0000000        7.5715912
     574.0000000        7.5200455
     575.0000000        7.4519197
     576.0000000        7.3538646
     577.0000000        7.2753122
     578.0000000        7.2417570
     579.0000000        7.2196652
     580.0000000        7.2106977
     581.0000000        7.1853514
     582.0000000        7.1965744
     583.0000000        7.2251261
     584.0000000        7.3042867
     585.0000000        7.3952697
     586.0000000        7.4705941
     587.0000000        7.5416107
     588.0000000        7.5836472
     589.0000000        7.6589056
     590.0000000        7.6783446
     591.0000000        7.6354711
     592.0000000        7.5751701
     593.0000000        7.4880169
     594.0000000        7.3919231
     595.0000000        7.3318185
     596.0000000        7.2810145
     597.0000000        7.2097040
     598.0000000        7.1599429
     599.0000000        7.1442250
     600.0000000        7.1790908
