       1.0000000        6.8388441
       2.0000000        6.7865176
       3.0000000        6.8129877
       4.0000000        6.8217348
       5.0000000        6.8670809
       6.0000000        6.9151986
       7.0000000        6.9908723
       8.0000000        7.0555865
       9.0000000        7.0902407
      10.0000000        7.1050082
      11.0000000        7.0845090
      12.0000000        7.0447791
      13.0000000        7.0091978
      14.0000000        6.9663218
      15.0000000        6.9341766
      16.0000000        6.8935308
      17.0000000        6.8585416
      18.0000000        6.8517318
      19.0000000        6.8544396
      20.0000000        6.8912453
      21.0000000        6.9373547
      22.0000000        7.0011403
      23.0000000        7.0401699
      24.0000000        7.0656542
      25.0000000        7.0872213
      26.0000000        7.0748706
      27.0000000        6.9893858
      28.0000000        6.8981099
      29.0000000        6.8323584
      30.0000000        6.7731955
      31.0000000        6.7630312
      32.0000000        6.7197138
      33.0000000        6.6486578
      34.0000000        6.6008352
      35.0000000        6.5108690
      36.0000000        6.4539110
      37.0000000        6.4054499
      38.0000000        6.3568363
      39.0000000        6.3344503
      40.0000000        6.3220209
      41.0000000        6.3120157
      42.0000000        6.2770848
      43.0000000        6.2462782
      44.0000000        6.2321371
      45.0000000        6.2496502
      46.0000000        6.2954805
      47.0000000        6.3763800
      48.0000000        6.4823184
      49.0000000        6.5597094
      50.0000000        6.6679354
      51.0000000        6.7176538
      52.0000000        6.7174895
      53.0000000        6.7243429
      54.0000000        6.7813395
      55.0000000        6.8281059
      56.0000000        6.8827301
      57.0000000        6.9326522
      58.0000000        6.9612625
      59.0000000        6.9607597
      60.0000000        6.9088616
      61.0000000        6.8167371
      62.0000000        6.7132277
      63.0000000        6.6543896
      64.0000000        6.6173348
      65.0000000        6.6204011
      66.0000000        6.6190520
      67.0000000        6.6391855
      68.0000000        6.6848045
      69.0000000        6.7416101
      70.0000000        6.7552781
      71.0000000        6.7186914
      72.0000000        6.7127033
      73.0000000        6.7256531
      74.0000000        6.7500681
      75.0000000        6.7850867
      76.0000000        6.8124132
      77.0000000        6.7934333
      78.0000000        6.8188723
      79.0000000        6.8566189
      80.0000000        6.9430738
      81.0000000        7.0250326
      82.0000000        7.1449903
      83.0000000        7.2378303
      84.0000000        7.3894860
      85.0000000        7.5265238
      86.0000000        7.6770562
      87.0000000        7.7844212
      88.0000000        7.9008314
      89.0000000        8.0478366
      90.0000000        8.1034748
      91.0000000        8.1758198
      92.0000000        8.1915768
      93.0000000        8.2128681
      94.0000000        8.2243984
      95.0000000        8.2648321
      96.0000000        8.2642953
      97.0000000        8.2103804
      98.0000000        8.1634518
      99.0000000        8.1032306
     100.0000000        8.0191678
     101.0000000        7.8990796
     102.0000000        7.8204768
     103.0000000        7.7439720
     104.0000000        7.6945598
     105.0000000        7.6024683
     106.0000000        7.5390137
     107.0000000        7.4910581
     108.0000000        7.4424698
     109.0000000        7.3712801
     110.0000000        7.3308481
     111.0000000        7.2809244
     112.0000000        7.2048201
     113.0000000        7.1672452
     114.0000000        7.1275481
     115.0000000        7.0672329
     116.0000000        6.9685991
     117.0000000        6.9197716
     118.0000000        6.8486397
     119.0000000        6.7766353
     120.0000000        6.6549900
     121.0000000        6.5659940
     122.0000000        6.4744371
     123.0000000        6.4123242
     124.0000000        6.4011385
     125.0000000        6.4560634
     126.0000000        6.5541727
     127.0000000        6.6851735
     128.0000000        6.8152189
     129.0000000        6.9347348
     130.0000000        7.0785984
     131.0000000        7.2394368
     132.0000000        7.3605122
     133.0000000        7.4455094
     134.0000000        7.4951500
     135.0000000        7.5105498
     136.0000000        7.5295622
     137.0000000        7.4737135
     138.0000000        7.4126708
     139.0000000        7.4089126
     140.0000000        7.4436720
     141.0000000        7.5137158
     142.0000000        7.5428281
     143.0000000        7.5842746
     144.0000000        7.6033479
     145.0000000        7.6102610
     146.0000000        7.5810329
     147.0000000        7.5843826
     148.0000000        7.4801754
     149.0000000        7.4202433
     150.0000000        7.3590104
     151.0000000        7.3566016
     152.0000000        7.3555193
     153.0000000        7.3438368
     154.0000000        7.3231358
     155.0000000        7.2613453
     156.0000000        7.1961277
     157.0000000        7.1552841
     158.0000000        7.0766284
     159.0000000        7.0050803
     160.0000000        6.9317179
     161.0000000        6.8861560
     162.0000000        6.8945328
     163.0000000        6.9615342
     164.0000000        6.9995312
     165.0000000        7.0332657
     166.0000000        7.1081879
     167.0000000        7.2072515
     168.0000000        7.3401408
     169.0000000        7.4650813
     170.0000000        7.5854279
     171.0000000        7.6202137
     172.0000000        7.6740743
     173.0000000        7.6915067
     174.0000000        7.6720491
     175.0000000        7.6275465
     176.0000000        7.6114392
     177.0000000        7.6263618
     178.0000000        7.5896114
     179.0000000        7.5377619
     180.0000000        7.4551621
     181.0000000        7.3260245
     182.0000000        7.1335668
     183.0000000        6.9657066
     184.0000000        6.8455296
     185.0000000        6.6972960
     186.0000000        6.5451102
     187.0000000        6.4164997
     188.0000000        6.2627185
     189.0000000        6.1215914
     190.0000000        5.9804484
     191.0000000        5.8370608
     192.0000000        5.6794297
     193.0000000        5.5617300
     194.0000000        5.4502857
     195.0000000        5.4262215
     196.0000000        5.4053916
     197.0000000        5.3976155
     198.0000000        5.3965715
     199.0000000        5.4241291
     200.0000000        5.4921456
     201.0000000        5.5747289
     202.0000000        5.6686355
     203.0000000        5.7585875
     204.0000000        5.8710065
     205.0000000        5.9684259
     206.0000000        6.0663133
     207.0000000        6.1782136
     208.0000000        6.3583917
     209.0000000        6.5525193
     210.0000000        6.7815575
     211.0000000        6.9757407
     212.0000000        7.1180068
     213.0000000        7.2769648
     214.0000000        7.3751891
     215.0000000        7.4321839
     216.0000000        7.5569312
     217.0000000        7.6269882
     218.0000000        7.6128565
     219.0000000        7.5895216
     220.0000000        7.5352893
     221.0000000        7.4783248
     222.0000000        7.4477441
     223.0000000        7.4653902
     224.0000000        7.5461809
     225.0000000        7.6091163
     226.0000000        7.6379259
     227.0000000        7.6023476
     228.0000000        7.5760113
     229.0000000        7.5606909
     230.0000000        7.5210657
     231.0000000        7.4952706
     232.0000000        7.5019444
     233.0000000        7.4710933
     234.0000000        7.4726882
     235.0000000        7.4496625
     236.0000000        7.4192366
     237.0000000        7.4096684
     238.0000000        7.4287528
     239.0000000        7.5020432
     240.0000000        7.5900027
     241.0000000        7.6278749
     242.0000000        7.7099017
     243.0000000        7.7806735
     244.0000000        7.8225421
     245.0000000        7.8498259
     246.0000000        7.8918920
     247.0000000        7.9639686
     248.0000000        8.0016542
     249.0000000        8.0222614
     250.0000000        8.0613725
     251.0000000        8.0724382
     252.0000000        8.0326429
     253.0000000        7.9623778
     254.0000000        7.8600655
     255.0000000        7.8233408
     256.0000000        7.7515150
     257.0000000        7.6060341
     258.0000000        7.5135010
     259.0000000        7.4950454
     260.0000000        7.4592337
     261.0000000        7.4112487
     262.0000000        7.3682269
     263.0000000        7.3305348
     264.0000000        7.2938345
     265.0000000        7.3281961
     266.0000000        7.4257008
     267.0000000        7.4616931
     268.0000000        7.4935868
     269.0000000        7.5839138
     270.0000000        7.7150525
     271.0000000        7.8673869
     272.0000000        7.9435616
     273.0000000        7.9706260
     274.0000000        8.0155509
     275.0000000        8.0549495
     276.0000000        8.0527732
     277.0000000        8.0300587
     278.0000000        7.9283555
     279.0000000        7.8667134
     280.0000000        7.7699208
     281.0000000        7.7120958
     282.0000000        7.6955717
     283.0000000        7.6425975
     284.0000000        7.5683426
     285.0000000        7.4575511
     286.0000000        7.3812256
     287.0000000        7.3548488
     288.0000000        7.3998006
     289.0000000        7.4718292
     290.0000000        7.5257209
     291.0000000        7.5303575
     292.0000000        7.5148607
     293.0000000        7.5482678
     294.0000000        7.5700283
     295.0000000        7.5963387
     296.0000000        7.6367856
     297.0000000        7.6953224
     298.0000000        7.6749800
     299.0000000        7.5901116
     300.0000000        7.4622261
     301.0000000        7.3564935
     302.0000000        7.2242016
     303.0000000        7.1060139
     304.0000000        6.9983510
     305.0000000        6.8709342
     306.0000000        6.7742496
     307.0000000        6.6836460
     308.0000000        6.5783150
     309.0000000        6.4906097
     310.0000000        6.3494954
     311.0000000        6.2492039
     312.0000000        6.1998306
     313.0000000        6.1706580
     314.0000000        6.2300925
     315.0000000        6.3197543
     316.0000000        6.4073542
     317.0000000        6.4780705
     318.0000000        6.5269862
     319.0000000        6.5230166
     320.0000000        6.4470504
     321.0000000        6.3914985
     322.0000000        6.4008569
     323.0000000        6.4149478
     324.0000000        6.4329001
     325.0000000        6.4466130
     326.0000000        6.4455434
     327.0000000        6.4562276
     328.0000000        6.4647640
     329.0000000        6.4791441
     330.0000000        6.4979571
     331.0000000        6.4563575
     332.0000000        6.3592235
     333.0000000        6.2687395
     334.0000000        6.1803207
     335.0000000        6.1278512
     336.0000000        6.0504434
     337.0000000        5.9273024
     338.0000000        5.8443702
     339.0000000        5.7981770
     340.0000000        5.7368563
     341.0000000        5.6890161
     342.0000000        5.6620272
     343.0000000        5.6774389
     344.0000000        5.7030543
     345.0000000        5.7316042
     346.0000000        5.7064308
     347.0000000        5.6347353
     348.0000000        5.6222719
     349.0000000        5.6293215
     350.0000000        5.6620959
     351.0000000        5.6971818
     352.0000000        5.7599657
     353.0000000        5.8835215
     354.0000000        6.0040587
     355.0000000        6.1368832
     356.0000000        6.2905661
     357.0000000        6.4050476
     358.0000000        6.5180747
     359.0000000        6.6343240
     360.0000000        6.7490298
     361.0000000        6.8407310
     362.0000000        6.9342062
     363.0000000        6.9227955
     364.0000000        6.8235512
     365.0000000        6.7921836
     366.0000000        6.7872096
     367.0000000        6.7865548
     368.0000000        6.7928210
     369.0000000        6.7758270
     370.0000000        6.7622316
     371.0000000        6.7828861
     372.0000000        6.7704573
     373.0000000        6.7664341
     374.0000000        6.8051723
     375.0000000        6.8512549
     376.0000000        6.8406526
     377.0000000        6.7972517
     378.0000000        6.8287022
     379.0000000        6.8709597
     380.0000000        6.9718184
     381.0000000        7.0265606
     382.0000000        7.0858735
     383.0000000        7.1828572
     384.0000000        7.2179389
     385.0000000        7.2184917
     386.0000000        7.1815703
     387.0000000        7.1610435
     388.0000000        7.1435989
     389.0000000        7.1306479
     390.0000000        7.0855498
     391.0000000        7.0012242
     392.0000000        6.9272714
     393.0000000        6.9081202
     394.0000000        6.9505674
     395.0000000        6.9458542
     396.0000000        6.8912241
     397.0000000        6.8363367
     398.0000000        6.8166697
     399.0000000        6.8313619
     400.0000000        6.8157586
     401.0000000        6.7657063
     402.0000000        6.7585966
     403.0000000        6.7586630
     404.0000000        6.7856145
     405.0000000        6.7914682
     406.0000000        6.8232647
     407.0000000        6.8510475
     408.0000000        6.8274200
     409.0000000        6.8252915
     410.0000000        6.8332378
     411.0000000        6.8289366
     412.0000000        6.8129993
     413.0000000        6.8354599
     414.0000000        6.8535221
     415.0000000        6.8482190
     416.0000000        6.8466851
     417.0000000        6.8368142
     418.0000000        6.8269724
     419.0000000        6.8690140
     420.0000000        6.8818842
     421.0000000        6.9009390
     422.0000000        6.9001150
     423.0000000        6.8672876
     424.0000000        6.8329301
     425.0000000        6.8231225
     426.0000000        6.8121959
     427.0000000        6.7936491
     428.0000000        6.7832233
     429.0000000        6.7561078
     430.0000000        6.7067687
     431.0000000        6.6612781
     432.0000000        6.6201345
     433.0000000        6.5701786
     434.0000000        6.5077916
     435.0000000        6.4345469
     436.0000000        6.3394768
     437.0000000        6.2440760
     438.0000000        6.1518940
     439.0000000        6.0841547
     440.0000000        6.0603567
     441.0000000        6.0577647
     442.0000000        6.0334165
     443.0000000        6.0897113
     444.0000000        6.1626941
     445.0000000        6.2815861
     446.0000000        6.3743263
     447.0000000        6.4475079
     448.0000000        6.5893125
     449.0000000        6.7560683
     450.0000000        6.8657581
     451.0000000        7.0144540
     452.0000000        7.2004601
     453.0000000        7.3866392
     454.0000000        7.5459833
     455.0000000        7.6595778
     456.0000000        7.7832783
     457.0000000        7.9021005
     458.0000000        7.9282769
     459.0000000        7.8559530
     460.0000000        7.7573070
     461.0000000        7.6014743
     462.0000000        7.4962789
     463.0000000        7.4684309
     464.0000000        7.3874287
     465.0000000        7.2752634
     466.0000000        7.1429990
     467.0000000        7.0144112
     468.0000000        6.8993221
     469.0000000        6.7359940
     470.0000000        6.6151918
     471.0000000        6.5287040
     472.0000000        6.3843137
     473.0000000        6.2317888
     474.0000000        6.0955323
     475.0000000        5.9703662
     476.0000000        5.8427294
     477.0000000        5.7666809
     478.0000000        5.7028705
     479.0000000        5.6003311
     480.0000000        5.5175380
     481.0000000        5.4517909
     482.0000000        5.3829039
     483.0000000        5.2596563
     484.0000000        5.1592870
     485.0000000        5.1162385
     486.0000000        5.0933242
     487.0000000        5.0367406
     488.0000000        4.9619611
     489.0000000        4.8792571
     490.0000000        4.7958736
     491.0000000        4.7313836
     492.0000000        4.6995719
     493.0000000        4.6648642
     494.0000000        4.6282955
     495.0000000        4.6204598
     496.0000000        4.6262289
     497.0000000        4.6707303
     498.0000000        4.7048056
     499.0000000        4.7633291
     500.0000000        4.7983207
     501.0000000        4.8007112
     502.0000000        4.8008126
     503.0000000        4.8084226
     504.0000000        4.8318647
     505.0000000        4.8944033
     506.0000000        4.9798664
     507.0000000        5.0900383
     508.0000000        5.1992739
     509.0000000        5.2843120
     510.0000000        5.3226986
     511.0000000        5.3682840
     512.0000000        5.4340827
     513.0000000        5.5318567
     514.0000000        5.6580871
     515.0000000        5.8236111
     516.0000000        5.9802992
     517.0000000        6.0868412
     518.0000000        6.1372726
     519.0000000        6.1490641
     520.0000000        6.1784404
     521.0000000        6.2737385
     522.0000000        6.4058600
     523.0000000        6.5626953
     524.0000000        6.6976712
     525.0000000        6.7992490
     526.0000000        6.8605190
     527.0000000        6.8746861
     528.0000000        6.8932330
     529.0000000        6.8927862
     530.0000000        6.8167147
     531.0000000        6.8104838
     532.0000000        6.8187390
     533.0000000        6.8257111
     534.0000000        6.9035772
     535.0000000        6.9977591
     536.0000000        7.0502423
     537.0000000        7.0876781
     538.0000000        7.1202048
     539.0000000        7.1440645
     540.0000000        7.1363273
     541.0000000        7.1114701
     542.0000000        7.0900996
     543.0000000        7.1432810
     544.0000000        7.2187341
     545.0000000        7.2601043
     546.0000000        7.2727945
     547.0000000        7.2277980
     548.0000000        7.1991234
     549.0000000        7.1026343
     550.0000000        7.0092391
     551.0000000        6.9074635
     552.0000000        6.8700920
     553.0000000        6.8502792
     554.0000000        6.8092097
     555.0000000        6.7995390
     556.0000000        6.7957280
     557.0000000        6.7702808
     558.0000000        6.7059139
     559.0000000        6.6504388
     560.0000000        6.5726176
     561.0000000        6.4711681
     562.0000000        6.3450865
     563.0000000        6.2738472
     564.0000000        6.2206941
     565.0000000        6.1656895
     566.0000000        6.1312975
     567.0000000        6.0905868
     568.0000000        6.0419573
     569.0000000        5.9871523
     570.0000000        5.9165020
     571.0000000        5.8338083
     572.0000000        5.7711736
     573.0000000        5.7361731
     574.0000000        5.6799502
     575.0000000        5.6349160
     576.0000000        5.6145770
     577.0000000        5.6154261
     578.0000000        5.6203706
     579.0000000        5.6083898
     580.0000000        5.6472436
     581.0000000        5.6970754
     582.0000000        5.7332697
     583.0000000        5.7646333
     584.0000000        5.7949898
     585.0000000        5.8247606
     586.0000000        5.8352350
     587.0000000        5.8219789
     588.0000000        5.8116532
     589.0000000        5.8176680
     590.0000000        5.8377601
     591.0000000        5.8830098
     592.0000000        5.9491420
     593.0000000        6.0062494
     594.0000000        6.0749516
     595.0000000        6.1309768
     596.0000000        6.2391584
     597.0000000        6.3584184
     598.0000000        6.4776789
     599.0000000        6.6026794
     600.0000000        6.7324425
