       1.0000000        5.5431512
       2.0000000        5.7512077
       3.0000000        5.7778284
       4.0000000        5.7499084
       5.0000000        5.6990452
       6.0000000        5.6487923
       7.0000000        5.5982103
       8.0000000        5.5512624
       9.0000000        5.5058207
      10.0000000        5.4692953
      11.0000000        5.4394610
      12.0000000        5.4123222
      13.0000000        5.3905250
      14.0000000        5.3796260
      15.0000000        5.3722552
      16.0000000        5.3658886
      17.0000000        5.3608314
      18.0000000        5.3615573
      19.0000000        5.3635827
      20.0000000        5.3674635
      21.0000000        5.3678214
      22.0000000        5.3645351
      23.0000000        5.3557073
      24.0000000        5.3525470
      25.0000000        5.3612598
      26.0000000        5.3607729
      27.0000000        5.3621947
      28.0000000        5.3564800
      29.0000000        5.3508286
      30.0000000        5.3469623
      31.0000000        5.3412286
      32.0000000        5.3319159
      33.0000000        5.3260127
      34.0000000        5.3203210
      35.0000000        5.3180226
      36.0000000        5.3194886
      37.0000000        5.3209209
      38.0000000        5.3132227
      39.0000000        5.3063300
      40.0000000        5.3022562
      41.0000000        5.3023137
      42.0000000        5.3061667
      43.0000000        5.3114301
      44.0000000        5.3124247
      45.0000000        5.3141795
      46.0000000        5.3092498
      47.0000000        5.3013489
      48.0000000        5.2958142
      49.0000000        5.2870941
      50.0000000        5.2831131
      51.0000000        5.2788252
      52.0000000        5.2750773
      53.0000000        5.2684382
      54.0000000        5.2625741
      55.0000000        5.2591802
      56.0000000        5.2558969
      57.0000000        5.2609211
      58.0000000        5.2716851
      59.0000000        5.2839206
      60.0000000        5.2985513
      61.0000000        5.3130962
      62.0000000        5.3273316
      63.0000000        5.3405370
      64.0000000        5.3565263
      65.0000000        5.3683589
      66.0000000        5.3810559
      67.0000000        5.3861377
      68.0000000        5.3866445
      69.0000000        5.3830756
      70.0000000        5.3786559
      71.0000000        5.3710629
      72.0000000        5.3614262
      73.0000000        5.3585812
      74.0000000        5.3606645
      75.0000000        5.3571651
      76.0000000        5.3562943
      77.0000000        5.3530289
      78.0000000        5.3410847
      79.0000000        5.3336794
      80.0000000        5.3300863
      81.0000000        5.3315404
      82.0000000        5.3329185
      83.0000000        5.3318366
      84.0000000        5.3311746
      85.0000000        5.3278619
      86.0000000        5.3174415
      87.0000000        5.3119613
      88.0000000        5.3079798
      89.0000000        5.3064700
      90.0000000        5.3048524
      91.0000000        5.3069416
      92.0000000        5.3087930
      93.0000000        5.3161199
      94.0000000        5.3240531
      95.0000000        5.3293353
      96.0000000        5.3331038
      97.0000000        5.3345838
      98.0000000        5.3278920
      99.0000000        5.3208437
     100.0000000        5.3109495
     101.0000000        5.2959087
     102.0000000        5.2832367
     103.0000000        5.2701290
     104.0000000        5.2587765
     105.0000000        5.2547663
     106.0000000        5.2561876
     107.0000000        5.2590693
     108.0000000        5.2655514
     109.0000000        5.2715361
     110.0000000        5.2815313
     111.0000000        5.2916732
     112.0000000        5.3024581
     113.0000000        5.3044613
     114.0000000        5.3042606
     115.0000000        5.3022709
     116.0000000        5.3056520
     117.0000000        5.3103856
     118.0000000        5.3187406
     119.0000000        5.3304214
     120.0000000        5.3426933
     121.0000000        5.3533813
     122.0000000        5.3594604
     123.0000000        5.3599491
     124.0000000        5.3607739
     125.0000000        5.3725048
     126.0000000        5.3820699
     127.0000000        5.3964233
     128.0000000        5.4078386
     129.0000000        5.4167378
     130.0000000        5.4209982
     131.0000000        5.4229027
     132.0000000        5.4209436
     133.0000000        5.4156381
     134.0000000        5.4099363
     135.0000000        5.4031425
     136.0000000        5.3937367
     137.0000000        5.3836105
     138.0000000        5.3681749
     139.0000000        5.3516257
     140.0000000        5.3388373
     141.0000000        5.3310458
     142.0000000        5.3260322
     143.0000000        5.3180751
     144.0000000        5.3101958
     145.0000000        5.3025680
     146.0000000        5.2988614
     147.0000000        5.3033760
     148.0000000        5.3099555
     149.0000000        5.3115988
     150.0000000        5.3053210
     151.0000000        5.2982025
     152.0000000        5.2938201
     153.0000000        5.2915483
     154.0000000        5.2935315
     155.0000000        5.2995723
     156.0000000        5.3052876
     157.0000000        5.3150328
     158.0000000        5.3205578
     159.0000000        5.3221587
     160.0000000        5.3229507
     161.0000000        5.3193278
     162.0000000        5.3124008
     163.0000000        5.3031749
     164.0000000        5.2975366
     165.0000000        5.2915732
     166.0000000        5.2869145
     167.0000000        5.2826496
     168.0000000        5.2868083
     169.0000000        5.2944977
     170.0000000        5.3027307
     171.0000000        5.3060439
     172.0000000        5.3046360
     173.0000000        5.2983446
     174.0000000        5.2947034
     175.0000000        5.2958499
     176.0000000        5.2995367
     177.0000000        5.3028433
     178.0000000        5.3052376
     179.0000000        5.3035757
     180.0000000        5.2998433
     181.0000000        5.2932781
     182.0000000        5.2846859
     183.0000000        5.2771143
     184.0000000        5.2768466
     185.0000000        5.2814624
     186.0000000        5.2850725
     187.0000000        5.2906675
     188.0000000        5.2969519
     189.0000000        5.3099758
     190.0000000        5.3169268
     191.0000000        5.3196746
     192.0000000        5.3197826
     193.0000000        5.3221096
     194.0000000        5.3197509
     195.0000000        5.3189704
     196.0000000        5.3197912
     197.0000000        5.3213379
     198.0000000        5.3235782
     199.0000000        5.3262961
     200.0000000        5.3342882
     201.0000000        5.3446086
     202.0000000        5.3501495
     203.0000000        5.3542326
     204.0000000        5.3578108
     205.0000000        5.3601185
     206.0000000        5.3630033
     207.0000000        5.3673730
     208.0000000        5.3750153
     209.0000000        5.3780171
     210.0000000        5.3809453
     211.0000000        5.3833623
     212.0000000        5.3810804
     213.0000000        5.3768078
     214.0000000        5.3742934
     215.0000000        5.3771678
     216.0000000        5.3759737
     217.0000000        5.3784282
     218.0000000        5.3836465
     219.0000000        5.3887378
     220.0000000        5.3897109
     221.0000000        5.3947727
     222.0000000        5.3975309
     223.0000000        5.3952549
     224.0000000        5.3881654
     225.0000000        5.3861194
     226.0000000        5.3842021
     227.0000000        5.3848308
     228.0000000        5.3808184
     229.0000000        5.3729103
     230.0000000        5.3611368
     231.0000000        5.3468800
     232.0000000        5.3352536
     233.0000000        5.3266151
     234.0000000        5.3183384
     235.0000000        5.3145453
     236.0000000        5.3101398
     237.0000000        5.3050161
     238.0000000        5.2997075
     239.0000000        5.2956988
     240.0000000        5.2919125
     241.0000000        5.2892625
     242.0000000        5.2900222
     243.0000000        5.3006539
     244.0000000        5.3092148
     245.0000000        5.3136683
     246.0000000        5.3236997
     247.0000000        5.3335773
     248.0000000        5.3442728
     249.0000000        5.3547681
     250.0000000        5.3623790
     251.0000000        5.3738488
     252.0000000        5.3839821
     253.0000000        5.3941583
     254.0000000        5.4014028
     255.0000000        5.4019919
     256.0000000        5.4013614
     257.0000000        5.3977893
     258.0000000        5.3871172
     259.0000000        5.3778226
     260.0000000        5.3682271
     261.0000000        5.3597603
     262.0000000        5.3531523
     263.0000000        5.3428368
     264.0000000        5.3394040
     265.0000000        5.3409702
     266.0000000        5.3423085
     267.0000000        5.3453501
     268.0000000        5.3501575
     269.0000000        5.3559103
     270.0000000        5.3621751
     271.0000000        5.3642434
     272.0000000        5.3620768
     273.0000000        5.3623805
     274.0000000        5.3612852
     275.0000000        5.3600287
     276.0000000        5.3639925
     277.0000000        5.3653687
     278.0000000        5.3651521
     279.0000000        5.3670168
     280.0000000        5.3676721
     281.0000000        5.3635057
     282.0000000        5.3584072
     283.0000000        5.3541170
     284.0000000        5.3530316
     285.0000000        5.3592447
     286.0000000        5.3613387
     287.0000000        5.3612571
     288.0000000        5.3595691
     289.0000000        5.3575118
     290.0000000        5.3508561
     291.0000000        5.3447595
     292.0000000        5.3391851
     293.0000000        5.3383548
     294.0000000        5.3327529
     295.0000000        5.3325997
     296.0000000        5.3362562
     297.0000000        5.3322212
     298.0000000        5.3279039
     299.0000000        5.3238715
     300.0000000        5.3257585
     301.0000000        5.3299725
     302.0000000        5.3421279
     303.0000000        5.3526510
     304.0000000        5.3480757
     305.0000000        5.3362213
     306.0000000        5.3288897
     307.0000000        5.3250814
     308.0000000        5.3219848
     309.0000000        5.3221868
     310.0000000        5.3215995
     311.0000000        5.3193730
     312.0000000        5.3167619
     313.0000000        5.3171799
     314.0000000        5.3147195
     315.0000000        5.3101548
     316.0000000        5.3025931
     317.0000000        5.2974609
     318.0000000        5.2972354
     319.0000000        5.3017559
     320.0000000        5.3015762
     321.0000000        5.2984253
     322.0000000        5.2976158
     323.0000000        5.2988826
     324.0000000        5.3003160
     325.0000000        5.3041234
     326.0000000        5.3079998
     327.0000000        5.3090597
     328.0000000        5.3159380
     329.0000000        5.3237743
     330.0000000        5.3312857
     331.0000000        5.3370766
     332.0000000        5.3352917
     333.0000000        5.3349949
     334.0000000        5.3373621
     335.0000000        5.3463874
     336.0000000        5.3504591
     337.0000000        5.3587621
     338.0000000        5.3689196
     339.0000000        5.3729587
     340.0000000        5.3740246
     341.0000000        5.3759149
     342.0000000        5.3743203
     343.0000000        5.3723641
     344.0000000        5.3665168
     345.0000000        5.3598742
     346.0000000        5.3497228
     347.0000000        5.3337600
     348.0000000        5.3209592
     349.0000000        5.3076059
     350.0000000        5.3021952
     351.0000000        5.2974442
     352.0000000        5.2974892
     353.0000000        5.3054141
     354.0000000        5.3193664
     355.0000000        5.3362345
     356.0000000        5.3514363
     357.0000000        5.3646686
     358.0000000        5.3697787
     359.0000000        5.3643539
     360.0000000        5.3549090
     361.0000000        5.3454862
     362.0000000        5.3397136
     363.0000000        5.3402877
     364.0000000        5.3429525
     365.0000000        5.3437971
     366.0000000        5.3379157
     367.0000000        5.3250557
     368.0000000        5.3192823
     369.0000000        5.3126469
     370.0000000        5.3098588
     371.0000000        5.3071270
     372.0000000        5.3012842
     373.0000000        5.3015651
     374.0000000        5.2971880
     375.0000000        5.2915879
     376.0000000        5.2843290
     377.0000000        5.2752944
     378.0000000        5.2791834
     379.0000000        5.2878658
     380.0000000        5.2881585
     381.0000000        5.2867481
     382.0000000        5.2842341
     383.0000000        5.2915248
     384.0000000        5.2981292
     385.0000000        5.3009078
     386.0000000        5.2996366
     387.0000000        5.2997246
     388.0000000        5.2984018
     389.0000000        5.2993861
     390.0000000        5.3012930
     391.0000000        5.2999964
     392.0000000        5.3018002
     393.0000000        5.3012213
     394.0000000        5.3008746
     395.0000000        5.3014084
     396.0000000        5.3045567
     397.0000000        5.3021064
     398.0000000        5.2925967
     399.0000000        5.2825826
     400.0000000        5.2725823
     401.0000000        5.2688403
     402.0000000        5.2633685
     403.0000000        5.2623647
     404.0000000        5.2681941
     405.0000000        5.2706336
     406.0000000        5.2737444
     407.0000000        5.2781865
     408.0000000        5.2770564
     409.0000000        5.2755761
     410.0000000        5.2737865
     411.0000000        5.2736979
     412.0000000        5.2706873
     413.0000000        5.2718308
     414.0000000        5.2771257
     415.0000000        5.2885954
     416.0000000        5.3037267
     417.0000000        5.3190911
     418.0000000        5.3313263
     419.0000000        5.3461017
     420.0000000        5.3499801
     421.0000000        5.3544642
     422.0000000        5.3580305
     423.0000000        5.3586722
     424.0000000        5.3653624
     425.0000000        5.3747609
     426.0000000        5.3868977
     427.0000000        5.3937409
     428.0000000        5.4006071
     429.0000000        5.4000384
     430.0000000        5.3951475
     431.0000000        5.3886361
     432.0000000        5.3846049
     433.0000000        5.3829383
     434.0000000        5.3865703
     435.0000000        5.3909533
     436.0000000        5.3904920
     437.0000000        5.3847862
     438.0000000        5.3769350
     439.0000000        5.3673384
     440.0000000        5.3572504
     441.0000000        5.3506831
     442.0000000        5.3453905
     443.0000000        5.3392669
     444.0000000        5.3394205
     445.0000000        5.3375366
     446.0000000        5.3351316
     447.0000000        5.3377352
     448.0000000        5.3420459
     449.0000000        5.3477894
     450.0000000        5.3422025
     451.0000000        5.3415495
     452.0000000        5.3484840
     453.0000000        5.3548989
     454.0000000        5.3584031
     455.0000000        5.3604322
     456.0000000        5.3547637
     457.0000000        5.3459460
     458.0000000        5.3372564
     459.0000000        5.3358046
     460.0000000        5.3289257
     461.0000000        5.3201611
     462.0000000        5.3091682
     463.0000000        5.3086038
     464.0000000        5.3106987
     465.0000000        5.3132366
     466.0000000        5.3181097
     467.0000000        5.3179454
     468.0000000        5.3155163
     469.0000000        5.3156936
     470.0000000        5.3204471
     471.0000000        5.3270908
     472.0000000        5.3351472
     473.0000000        5.3457596
     474.0000000        5.3524250
     475.0000000        5.3610998
     476.0000000        5.3671242
     477.0000000        5.3735118
     478.0000000        5.3741552
     479.0000000        5.3666749
     480.0000000        5.3547788
     481.0000000        5.3441714
     482.0000000        5.3313731
     483.0000000        5.3230243
     484.0000000        5.3153004
     485.0000000        5.3099418
     486.0000000        5.3081470
     487.0000000        5.3107875
     488.0000000        5.3161721
     489.0000000        5.3189780
     490.0000000        5.3148775
     491.0000000        5.3105496
     492.0000000        5.3097975
     493.0000000        5.3106037
     494.0000000        5.3082484
     495.0000000        5.3088612
     496.0000000        5.3081013
     497.0000000        5.3088990
     498.0000000        5.3145824
     499.0000000        5.3229352
     500.0000000        5.3324078
     501.0000000        5.3378646
     502.0000000        5.3420163
     503.0000000        5.3440099
     504.0000000        5.3435743
     505.0000000        5.3405590
     506.0000000        5.3322233
     507.0000000        5.3243364
     508.0000000        5.3156107
     509.0000000        5.3098379
     510.0000000        5.3020283
     511.0000000        5.2942951
     512.0000000        5.2857752
     513.0000000        5.2803280
     514.0000000        5.2776262
     515.0000000        5.2819730
     516.0000000        5.2901914
     517.0000000        5.2957418
     518.0000000        5.3017443
     519.0000000        5.3042682
     520.0000000        5.3021873
     521.0000000        5.2979585
     522.0000000        5.2928304
     523.0000000        5.2922358
     524.0000000        5.2914339
     525.0000000        5.2933032
     526.0000000        5.2993383
     527.0000000        5.3006082
     528.0000000        5.3079029
     529.0000000        5.3106867
     530.0000000        5.3066051
     531.0000000        5.3009019
     532.0000000        5.2938678
     533.0000000        5.2887797
     534.0000000        5.2869033
     535.0000000        5.2911563
     536.0000000        5.2940415
     537.0000000        5.2944276
     538.0000000        5.2981642
     539.0000000        5.2955644
     540.0000000        5.2947574
     541.0000000        5.2937491
     542.0000000        5.2998529
     543.0000000        5.3050406
     544.0000000        5.3103812
     545.0000000        5.3149413
     546.0000000        5.3155321
     547.0000000        5.3150936
     548.0000000        5.3112820
     549.0000000        5.3115135
     550.0000000        5.3070525
     551.0000000        5.3038717
     552.0000000        5.3003693
     553.0000000        5.3046895
     554.0000000        5.3100618
     555.0000000        5.3175821
     556.0000000        5.3228277
     557.0000000        5.3249397
     558.0000000        5.3287265
     559.0000000        5.3311673
     560.0000000        5.3371574
     561.0000000        5.3382435
     562.0000000        5.3368041
     563.0000000        5.3301375
     564.0000000        5.3219083
     565.0000000        5.3121952
     566.0000000        5.3020784
     567.0000000        5.2997303
     568.0000000        5.3040062
     569.0000000        5.3092763
     570.0000000        5.3134574
     571.0000000        5.3143699
     572.0000000        5.3098516
     573.0000000        5.3061354
     574.0000000        5.3055782
     575.0000000        5.3062892
     576.0000000        5.3122160
     577.0000000        5.3113047
     578.0000000        5.3167979
     579.0000000        5.3217843
     580.0000000        5.3315009
     581.0000000        5.3444197
     582.0000000        5.3555825
     583.0000000        5.3666647
     584.0000000        5.3768052
     585.0000000        5.3800495
     586.0000000        5.3787902
     587.0000000        5.3761228
     588.0000000        5.3712565
     589.0000000        5.3625123
     590.0000000        5.3592908
     591.0000000        5.3540463
     592.0000000        5.3535205
     593.0000000        5.3498648
     594.0000000        5.3484556
     595.0000000        5.3517357
     596.0000000        5.3498153
     597.0000000        5.3503315
     598.0000000        5.3495042
     599.0000000        5.3511182
     600.0000000        5.3504787
