       1.0000000        2.4752237
       2.0000000        2.4508437
       3.0000000        2.4348026
       4.0000000        2.4230043
       5.0000000        2.4127460
       6.0000000        2.4067216
       7.0000000        2.4036242
       8.0000000        2.4031183
       9.0000000        2.4019463
      10.0000000        2.4011478
      11.0000000        2.4007785
      12.0000000        2.4017850
      13.0000000        2.4038961
      14.0000000        2.4064389
      15.0000000        2.4085054
      16.0000000        2.4104135
      17.0000000        2.4128366
      18.0000000        2.4147231
      19.0000000        2.4178385
      20.0000000        2.4213721
      21.0000000        2.4244369
      22.0000000        2.4281401
      23.0000000        2.4295378
      24.0000000        2.4306202
      25.0000000        2.4286989
      26.0000000        2.4276225
      27.0000000        2.4256859
      28.0000000        2.4234365
      29.0000000        2.4231312
      30.0000000        2.4229662
      31.0000000        2.4222522
      32.0000000        2.4207315
      33.0000000        2.4182919
      34.0000000        2.4179241
      35.0000000        2.4203168
      36.0000000        2.4186112
      37.0000000        2.4165637
      38.0000000        2.4159979
      39.0000000        2.4169025
      40.0000000        2.4170661
      41.0000000        2.4172661
      42.0000000        2.4168754
      43.0000000        2.4177456
      44.0000000        2.4190635
      45.0000000        2.4185795
      46.0000000        2.4188435
      47.0000000        2.4186665
      48.0000000        2.4192863
      49.0000000        2.4211857
      50.0000000        2.4222733
      51.0000000        2.4226437
      52.0000000        2.4228017
      53.0000000        2.4218637
      54.0000000        2.4207298
      55.0000000        2.4213936
      56.0000000        2.4228581
      57.0000000        2.4236645
      58.0000000        2.4233074
      59.0000000        2.4213826
      60.0000000        2.4206851
      61.0000000        2.4225222
      62.0000000        2.4243429
      63.0000000        2.4249167
      64.0000000        2.4246733
      65.0000000        2.4225721
      66.0000000        2.4226496
      67.0000000        2.4236183
      68.0000000        2.4227569
      69.0000000        2.4223243
      70.0000000        2.4229599
      71.0000000        2.4241240
      72.0000000        2.4256553
      73.0000000        2.4267671
      74.0000000        2.4277404
      75.0000000        2.4277948
      76.0000000        2.4276331
      77.0000000        2.4285801
      78.0000000        2.4279345
      79.0000000        2.4265574
      80.0000000        2.4251064
      81.0000000        2.4251830
      82.0000000        2.4259403
      83.0000000        2.4254876
      84.0000000        2.4231351
      85.0000000        2.4199027
      86.0000000        2.4167656
      87.0000000        2.4150353
      88.0000000        2.4148702
      89.0000000        2.4150220
      90.0000000        2.4139211
      91.0000000        2.4143278
      92.0000000        2.4146428
      93.0000000        2.4144473
      94.0000000        2.4129715
      95.0000000        2.4126112
      96.0000000        2.4107013
      97.0000000        2.4098269
      98.0000000        2.4096420
      99.0000000        2.4111959
     100.0000000        2.4129429
     101.0000000        2.4158936
     102.0000000        2.4181991
     103.0000000        2.4203155
     104.0000000        2.4225672
     105.0000000        2.4227864
     106.0000000        2.4210052
     107.0000000        2.4197655
     108.0000000        2.4196879
     109.0000000        2.4186507
     110.0000000        2.4165338
     111.0000000        2.4149807
     112.0000000        2.4145230
     113.0000000        2.4132024
     114.0000000        2.4113005
     115.0000000        2.4120556
     116.0000000        2.4146281
     117.0000000        2.4174122
     118.0000000        2.4196392
     119.0000000        2.4196991
     120.0000000        2.4186627
     121.0000000        2.4190384
     122.0000000        2.4215805
     123.0000000        2.4248173
     124.0000000        2.4271008
     125.0000000        2.4289302
     126.0000000        2.4289567
     127.0000000        2.4309139
     128.0000000        2.4323975
     129.0000000        2.4321342
     130.0000000        2.4305411
     131.0000000        2.4283186
     132.0000000        2.4262762
     133.0000000        2.4246531
     134.0000000        2.4211992
     135.0000000        2.4178977
     136.0000000        2.4161410
     137.0000000        2.4144727
     138.0000000        2.4123220
     139.0000000        2.4120278
     140.0000000        2.4123971
     141.0000000        2.4113319
     142.0000000        2.4082546
     143.0000000        2.4069390
     144.0000000        2.4063038
     145.0000000        2.4069728
     146.0000000        2.4072727
     147.0000000        2.4066984
     148.0000000        2.4065753
     149.0000000        2.4076482
     150.0000000        2.4089312
     151.0000000        2.4089390
     152.0000000        2.4090833
     153.0000000        2.4102798
     154.0000000        2.4134351
     155.0000000        2.4150329
     156.0000000        2.4163896
     157.0000000        2.4159249
     158.0000000        2.4153070
     159.0000000        2.4145464
     160.0000000        2.4115709
     161.0000000        2.4083930
     162.0000000        2.4075778
     163.0000000        2.4061990
     164.0000000        2.4039532
     165.0000000        2.4018507
     166.0000000        2.4005479
     167.0000000        2.4012206
     168.0000000        2.4030010
     169.0000000        2.4031367
     170.0000000        2.4035438
     171.0000000        2.4047493
     172.0000000        2.4053419
     173.0000000        2.4075305
     174.0000000        2.4091659
     175.0000000        2.4112830
     176.0000000        2.4125564
     177.0000000        2.4144264
     178.0000000        2.4175824
     179.0000000        2.4182811
     180.0000000        2.4188739
     181.0000000        2.4193707
     182.0000000        2.4194515
     183.0000000        2.4196355
     184.0000000        2.4189560
     185.0000000        2.4195726
     186.0000000        2.4212210
     187.0000000        2.4235102
     188.0000000        2.4250592
     189.0000000        2.4253317
     190.0000000        2.4240551
     191.0000000        2.4247329
     192.0000000        2.4264209
     193.0000000        2.4257774
     194.0000000        2.4256361
     195.0000000        2.4247877
     196.0000000        2.4243997
     197.0000000        2.4249122
     198.0000000        2.4260586
     199.0000000        2.4268687
     200.0000000        2.4270824
     201.0000000        2.4281523
     202.0000000        2.4307977
     203.0000000        2.4315085
     204.0000000        2.4309954
     205.0000000        2.4299178
     206.0000000        2.4299867
     207.0000000        2.4290606
     208.0000000        2.4277262
     209.0000000        2.4263484
     210.0000000        2.4256774
     211.0000000        2.4220022
     212.0000000        2.4188058
     213.0000000        2.4143506
     214.0000000        2.4122110
     215.0000000        2.4118339
     216.0000000        2.4124059
     217.0000000        2.4117386
     218.0000000        2.4119003
     219.0000000        2.4135632
     220.0000000        2.4136883
     221.0000000        2.4137510
     222.0000000        2.4129586
     223.0000000        2.4133199
     224.0000000        2.4127361
     225.0000000        2.4133375
     226.0000000        2.4132347
     227.0000000        2.4126727
     228.0000000        2.4117153
     229.0000000        2.4105838
     230.0000000        2.4104475
     231.0000000        2.4135407
     232.0000000        2.4159977
     233.0000000        2.4177570
     234.0000000        2.4196833
     235.0000000        2.4222002
     236.0000000        2.4242401
     237.0000000        2.4268878
     238.0000000        2.4302248
     239.0000000        2.4322112
     240.0000000        2.4333953
     241.0000000        2.4331672
     242.0000000        2.4332024
     243.0000000        2.4338305
     244.0000000        2.4338927
     245.0000000        2.4342284
     246.0000000        2.4345996
     247.0000000        2.4345092
     248.0000000        2.4346041
     249.0000000        2.4347663
     250.0000000        2.4337684
     251.0000000        2.4330470
     252.0000000        2.4324439
     253.0000000        2.4320083
     254.0000000        2.4324633
     255.0000000        2.4325091
     256.0000000        2.4329042
     257.0000000        2.4317234
     258.0000000        2.4291543
     259.0000000        2.4264578
     260.0000000        2.4238900
     261.0000000        2.4238213
     262.0000000        2.4231717
     263.0000000        2.4223397
     264.0000000        2.4189715
     265.0000000        2.4159312
     266.0000000        2.4134065
     267.0000000        2.4103573
     268.0000000        2.4094080
     269.0000000        2.4072837
     270.0000000        2.4057443
     271.0000000        2.4047944
     272.0000000        2.4041164
     273.0000000        2.4022275
     274.0000000        2.4021430
     275.0000000        2.4020957
     276.0000000        2.4040506
     277.0000000        2.4076125
     278.0000000        2.4097235
     279.0000000        2.4099321
     280.0000000        2.4098728
     281.0000000        2.4101612
     282.0000000        2.4092317
     283.0000000        2.4092863
     284.0000000        2.4110917
     285.0000000        2.4143641
     286.0000000        2.4178286
     287.0000000        2.4207919
     288.0000000        2.4231706
     289.0000000        2.4237393
     290.0000000        2.4215487
     291.0000000        2.4197373
     292.0000000        2.4190021
     293.0000000        2.4188022
     294.0000000        2.4191937
     295.0000000        2.4205958
     296.0000000        2.4228230
     297.0000000        2.4245835
     298.0000000        2.4260345
     299.0000000        2.4253266
     300.0000000        2.4240238
     301.0000000        2.4227299
     302.0000000        2.4224606
     303.0000000        2.4212203
     304.0000000        2.4187612
     305.0000000        2.4164516
     306.0000000        2.4133619
     307.0000000        2.4120311
     308.0000000        2.4117851
     309.0000000        2.4122173
     310.0000000        2.4146101
     311.0000000        2.4171531
     312.0000000        2.4186921
     313.0000000        2.4189564
     314.0000000        2.4206046
     315.0000000        2.4216096
     316.0000000        2.4211082
     317.0000000        2.4198958
     318.0000000        2.4189314
     319.0000000        2.4195175
     320.0000000        2.4187629
     321.0000000        2.4170051
     322.0000000        2.4173769
     323.0000000        2.4165152
     324.0000000        2.4166526
     325.0000000        2.4157856
     326.0000000        2.4156118
     327.0000000        2.4149418
     328.0000000        2.4153950
     329.0000000        2.4164216
     330.0000000        2.4176626
     331.0000000        2.4170461
     332.0000000        2.4168274
     333.0000000        2.4166860
     334.0000000        2.4162342
     335.0000000        2.4159708
     336.0000000        2.4158430
     337.0000000        2.4165968
     338.0000000        2.4159831
     339.0000000        2.4149679
     340.0000000        2.4149686
     341.0000000        2.4158595
     342.0000000        2.4181455
     343.0000000        2.4196435
     344.0000000        2.4170193
     345.0000000        2.4143318
     346.0000000        2.4146355
     347.0000000        2.4164977
     348.0000000        2.4181907
     349.0000000        2.4196093
     350.0000000        2.4198563
     351.0000000        2.4197660
     352.0000000        2.4194430
     353.0000000        2.4189491
     354.0000000        2.4174473
     355.0000000        2.4168148
     356.0000000        2.4176312
     357.0000000        2.4175076
     358.0000000        2.4162100
     359.0000000        2.4162340
     360.0000000        2.4164250
     361.0000000        2.4173708
     362.0000000        2.4169959
     363.0000000        2.4164097
     364.0000000        2.4160587
     365.0000000        2.4158723
     366.0000000        2.4168926
     367.0000000        2.4177803
     368.0000000        2.4183375
     369.0000000        2.4174045
     370.0000000        2.4174631
     371.0000000        2.4195693
     372.0000000        2.4196809
     373.0000000        2.4201067
     374.0000000        2.4211496
     375.0000000        2.4215884
     376.0000000        2.4218492
     377.0000000        2.4220941
     378.0000000        2.4232576
     379.0000000        2.4228852
     380.0000000        2.4214867
     381.0000000        2.4206106
     382.0000000        2.4203996
     383.0000000        2.4219336
     384.0000000        2.4227197
     385.0000000        2.4241843
     386.0000000        2.4253331
     387.0000000        2.4286373
     388.0000000        2.4322434
     389.0000000        2.4339956
     390.0000000        2.4339979
     391.0000000        2.4333517
     392.0000000        2.4309994
     393.0000000        2.4297124
     394.0000000        2.4283194
     395.0000000        2.4276282
     396.0000000        2.4264944
     397.0000000        2.4258798
     398.0000000        2.4253929
     399.0000000        2.4248528
     400.0000000        2.4248980
     401.0000000        2.4235688
     402.0000000        2.4223401
     403.0000000        2.4214596
     404.0000000        2.4219219
     405.0000000        2.4231335
     406.0000000        2.4255028
     407.0000000        2.4287218
     408.0000000        2.4290559
     409.0000000        2.4283465
     410.0000000        2.4276791
     411.0000000        2.4271607
     412.0000000        2.4269365
     413.0000000        2.4266773
     414.0000000        2.4250214
     415.0000000        2.4246410
     416.0000000        2.4242517
     417.0000000        2.4238565
     418.0000000        2.4234738
     419.0000000        2.4235126
     420.0000000        2.4249176
     421.0000000        2.4261857
     422.0000000        2.4277913
     423.0000000        2.4281382
     424.0000000        2.4280554
     425.0000000        2.4281130
     426.0000000        2.4292570
     427.0000000        2.4309495
     428.0000000        2.4314474
     429.0000000        2.4304124
     430.0000000        2.4301462
     431.0000000        2.4314281
     432.0000000        2.4317268
     433.0000000        2.4319033
     434.0000000        2.4336636
     435.0000000        2.4342164
     436.0000000        2.4333558
     437.0000000        2.4310610
     438.0000000        2.4292123
     439.0000000        2.4271306
     440.0000000        2.4247904
     441.0000000        2.4235614
     442.0000000        2.4233924
     443.0000000        2.4224172
     444.0000000        2.4220132
     445.0000000        2.4217130
     446.0000000        2.4194122
     447.0000000        2.4165803
     448.0000000        2.4153769
     449.0000000        2.4132292
     450.0000000        2.4102881
     451.0000000        2.4097653
     452.0000000        2.4105558
     453.0000000        2.4107619
     454.0000000        2.4102105
     455.0000000        2.4085099
     456.0000000        2.4055676
     457.0000000        2.4039797
     458.0000000        2.4031166
     459.0000000        2.4033610
     460.0000000        2.4035531
     461.0000000        2.4051417
     462.0000000        2.4066394
     463.0000000        2.4068611
     464.0000000        2.4064961
     465.0000000        2.4066735
     466.0000000        2.4061682
     467.0000000        2.4053196
     468.0000000        2.4055319
     469.0000000        2.4069406
     470.0000000        2.4091547
     471.0000000        2.4127390
     472.0000000        2.4147509
     473.0000000        2.4166425
     474.0000000        2.4168043
     475.0000000        2.4167645
     476.0000000        2.4172930
     477.0000000        2.4182523
     478.0000000        2.4182030
     479.0000000        2.4194482
     480.0000000        2.4209913
     481.0000000        2.4223705
     482.0000000        2.4244333
     483.0000000        2.4256626
     484.0000000        2.4262017
     485.0000000        2.4267433
     486.0000000        2.4273001
     487.0000000        2.4262600
     488.0000000        2.4245348
     489.0000000        2.4242125
     490.0000000        2.4255778
     491.0000000        2.4258031
     492.0000000        2.4239517
     493.0000000        2.4226431
     494.0000000        2.4223324
     495.0000000        2.4220914
     496.0000000        2.4233061
     497.0000000        2.4260693
     498.0000000        2.4292310
     499.0000000        2.4321106
     500.0000000        2.4324215
     501.0000000        2.4316988
     502.0000000        2.4293757
     503.0000000        2.4283343
     504.0000000        2.4256089
     505.0000000        2.4233597
     506.0000000        2.4217895
     507.0000000        2.4210048
     508.0000000        2.4198822
     509.0000000        2.4200902
     510.0000000        2.4201525
     511.0000000        2.4207743
     512.0000000        2.4204246
     513.0000000        2.4189705
     514.0000000        2.4172927
     515.0000000        2.4147944
     516.0000000        2.4133161
     517.0000000        2.4117076
     518.0000000        2.4108797
     519.0000000        2.4108704
     520.0000000        2.4096375
     521.0000000        2.4096019
     522.0000000        2.4119225
     523.0000000        2.4124427
     524.0000000        2.4137387
     525.0000000        2.4165786
     526.0000000        2.4178989
     527.0000000        2.4195188
     528.0000000        2.4207008
     529.0000000        2.4213509
     530.0000000        2.4204445
     531.0000000        2.4177068
     532.0000000        2.4151484
     533.0000000        2.4136123
     534.0000000        2.4112343
     535.0000000        2.4093948
     536.0000000        2.4080799
     537.0000000        2.4075913
     538.0000000        2.4074370
     539.0000000        2.4066446
     540.0000000        2.4070384
     541.0000000        2.4089471
     542.0000000        2.4119291
     543.0000000        2.4134334
     544.0000000        2.4130412
     545.0000000        2.4117958
     546.0000000        2.4098915
     547.0000000        2.4087908
     548.0000000        2.4097652
     549.0000000        2.4096618
     550.0000000        2.4092881
     551.0000000        2.4085334
     552.0000000        2.4091206
     553.0000000        2.4095222
     554.0000000        2.4090883
     555.0000000        2.4096429
     556.0000000        2.4112375
     557.0000000        2.4145022
     558.0000000        2.4185201
     559.0000000        2.4210921
     560.0000000        2.4221480
     561.0000000        2.4223046
     562.0000000        2.4213705
     563.0000000        2.4207942
     564.0000000        2.4205075
     565.0000000        2.4200458
     566.0000000        2.4197732
     567.0000000        2.4202559
     568.0000000        2.4213139
     569.0000000        2.4218986
     570.0000000        2.4208023
     571.0000000        2.4210206
     572.0000000        2.4224737
     573.0000000        2.4230703
     574.0000000        2.4231489
     575.0000000        2.4234094
     576.0000000        2.4231657
     577.0000000        2.4227498
     578.0000000        2.4225176
     579.0000000        2.4238189
     580.0000000        2.4231030
     581.0000000        2.4221091
     582.0000000        2.4206769
     583.0000000        2.4204786
     584.0000000        2.4198332
     585.0000000        2.4199655
     586.0000000        2.4195180
     587.0000000        2.4200770
     588.0000000        2.4213332
     589.0000000        2.4230783
     590.0000000        2.4250549
     591.0000000        2.4243462
     592.0000000        2.4230989
     593.0000000        2.4201525
     594.0000000        2.4186370
     595.0000000        2.4180605
     596.0000000        2.4178219
     597.0000000        2.4176239
     598.0000000        2.4150394
     599.0000000        2.4122948
     600.0000000        2.4099266
