       1.0000000        2.3840663
       2.0000000        2.3758196
       3.0000000        2.3699769
       4.0000000        2.3584053
       5.0000000        2.3392157
       6.0000000        2.3151613
       7.0000000        2.2831172
       8.0000000        2.2441280
       9.0000000        2.1982915
      10.0000000        2.1532874
      11.0000000        2.1120517
      12.0000000        2.0767969
      13.0000000        2.0455571
      14.0000000        2.0204487
      15.0000000        1.9956800
      16.0000000        1.9768723
      17.0000000        1.9652557
      18.0000000        1.9598502
      19.0000000        1.9599130
      20.0000000        1.9623003
      21.0000000        1.9597951
      22.0000000        1.9510825
      23.0000000        1.9463747
      24.0000000        1.9427527
      25.0000000        1.9401972
      26.0000000        1.9390371
      27.0000000        1.9440517
      28.0000000        1.9520978
      29.0000000        1.9681061
      30.0000000        1.9868435
      31.0000000        2.0049295
      32.0000000        2.0219737
      33.0000000        2.0406611
      34.0000000        2.0615863
      35.0000000        2.0815298
      36.0000000        2.1037322
      37.0000000        2.1323502
      38.0000000        2.1611564
      39.0000000        2.1918386
      40.0000000        2.2189446
      41.0000000        2.2416481
      42.0000000        2.2633288
      43.0000000        2.2797642
      44.0000000        2.2931374
      45.0000000        2.2993008
      46.0000000        2.2935184
      47.0000000        2.2782223
      48.0000000        2.2584528
      49.0000000        2.2383376
      50.0000000        2.2170392
      51.0000000        2.1982526
      52.0000000        2.1736510
      53.0000000        2.1515948
      54.0000000        2.1314931
      55.0000000        2.1128182
      56.0000000        2.0910316
      57.0000000        2.0652542
      58.0000000        2.0409896
      59.0000000        2.0194546
      60.0000000        1.9957590
      61.0000000        1.9647033
      62.0000000        1.9348128
      63.0000000        1.9104116
      64.0000000        1.8922667
      65.0000000        1.8790570
      66.0000000        1.8715969
      67.0000000        1.8711397
      68.0000000        1.8697465
      69.0000000        1.8666589
      70.0000000        1.8579965
      71.0000000        1.8470220
      72.0000000        1.8308349
      73.0000000        1.8106109
      74.0000000        1.7884200
      75.0000000        1.7655529
      76.0000000        1.7465665
      77.0000000        1.7268340
      78.0000000        1.7065623
      79.0000000        1.6917132
      80.0000000        1.6821730
      81.0000000        1.6780818
      82.0000000        1.6790584
      83.0000000        1.6835500
      84.0000000        1.6894399
      85.0000000        1.6939493
      86.0000000        1.6980060
      87.0000000        1.6974327
      88.0000000        1.6978755
      89.0000000        1.6986378
      90.0000000        1.6970225
      91.0000000        1.6929634
      92.0000000        1.6873096
      93.0000000        1.6793974
      94.0000000        1.6723349
      95.0000000        1.6611254
      96.0000000        1.6449525
      97.0000000        1.6307152
      98.0000000        1.6143709
      99.0000000        1.5977610
     100.0000000        1.5825975
     101.0000000        1.5704468
     102.0000000        1.5609517
     103.0000000        1.5513071
     104.0000000        1.5369333
     105.0000000        1.5206310
     106.0000000        1.5054944
     107.0000000        1.4901599
     108.0000000        1.4752660
     109.0000000        1.4601408
     110.0000000        1.4442152
     111.0000000        1.4307232
     112.0000000        1.4215787
     113.0000000        1.4143477
     114.0000000        1.4074702
     115.0000000        1.4031759
     116.0000000        1.3996122
     117.0000000        1.3971177
     118.0000000        1.3977608
     119.0000000        1.3985605
     120.0000000        1.3994137
     121.0000000        1.4010365
     122.0000000        1.4038009
     123.0000000        1.4072365
     124.0000000        1.4123165
     125.0000000        1.4212748
     126.0000000        1.4318013
     127.0000000        1.4418063
     128.0000000        1.4528320
     129.0000000        1.4652368
     130.0000000        1.4795220
     131.0000000        1.4958522
     132.0000000        1.5125821
     133.0000000        1.5325961
     134.0000000        1.5551991
     135.0000000        1.5787805
     136.0000000        1.6030160
     137.0000000        1.6257198
     138.0000000        1.6462409
     139.0000000        1.6667283
     140.0000000        1.6852351
     141.0000000        1.7034605
     142.0000000        1.7245591
     143.0000000        1.7449658
     144.0000000        1.7627508
     145.0000000        1.7785598
     146.0000000        1.7909957
     147.0000000        1.7949445
     148.0000000        1.7965864
     149.0000000        1.7964459
     150.0000000        1.7976662
     151.0000000        1.7965961
     152.0000000        1.7904863
     153.0000000        1.7777866
     154.0000000        1.7634930
     155.0000000        1.7472306
     156.0000000        1.7324618
     157.0000000        1.7194733
     158.0000000        1.7031802
     159.0000000        1.6836766
     160.0000000        1.6666534
     161.0000000        1.6533389
     162.0000000        1.6421231
     163.0000000        1.6294845
     164.0000000        1.6144402
     165.0000000        1.5968657
     166.0000000        1.5791234
     167.0000000        1.5582994
     168.0000000        1.5340852
     169.0000000        1.5063967
     170.0000000        1.4779153
     171.0000000        1.4483630
     172.0000000        1.4191156
     173.0000000        1.3924639
     174.0000000        1.3678910
     175.0000000        1.3473068
     176.0000000        1.3306686
     177.0000000        1.3167537
     178.0000000        1.3056386
     179.0000000        1.2982734
     180.0000000        1.2964865
     181.0000000        1.2977888
     182.0000000        1.3033928
     183.0000000        1.3132885
     184.0000000        1.3282359
     185.0000000        1.3489551
     186.0000000        1.3755818
     187.0000000        1.4089232
     188.0000000        1.4472012
     189.0000000        1.4895268
     190.0000000        1.5351794
     191.0000000        1.5835497
     192.0000000        1.6329606
     193.0000000        1.6834113
     194.0000000        1.7309279
     195.0000000        1.7778161
     196.0000000        1.8211695
     197.0000000        1.8626812
     198.0000000        1.9026967
     199.0000000        1.9399194
     200.0000000        1.9704547
     201.0000000        1.9953322
     202.0000000        2.0159908
     203.0000000        2.0320861
     204.0000000        2.0435887
     205.0000000        2.0529644
     206.0000000        2.0576735
     207.0000000        2.0582658
     208.0000000        2.0575289
     209.0000000        2.0516927
     210.0000000        2.0395715
     211.0000000        2.0295367
     212.0000000        2.0185871
     213.0000000        2.0066416
     214.0000000        1.9954476
     215.0000000        1.9865434
     216.0000000        1.9810680
     217.0000000        1.9756365
     218.0000000        1.9762202
     219.0000000        1.9761742
     220.0000000        1.9782402
     221.0000000        1.9826944
     222.0000000        1.9876886
     223.0000000        1.9906337
     224.0000000        1.9942999
     225.0000000        1.9983478
     226.0000000        2.0036673
     227.0000000        2.0124532
     228.0000000        2.0164145
     229.0000000        2.0153009
     230.0000000        2.0102940
     231.0000000        2.0060192
     232.0000000        2.0013001
     233.0000000        1.9977523
     234.0000000        1.9945620
     235.0000000        1.9977884
     236.0000000        2.0087298
     237.0000000        2.0239744
     238.0000000        2.0454811
     239.0000000        2.0640842
     240.0000000        2.0800869
     241.0000000        2.0946669
     242.0000000        2.1089429
     243.0000000        2.1216528
     244.0000000        2.1374884
     245.0000000        2.1547512
     246.0000000        2.1652153
     247.0000000        2.1633671
     248.0000000        2.1587633
     249.0000000        2.1547660
     250.0000000        2.1457889
     251.0000000        2.1330056
     252.0000000        2.1129069
     253.0000000        2.0849881
     254.0000000        2.0521777
     255.0000000        2.0247825
     256.0000000        2.0069505
     257.0000000        1.9914402
     258.0000000        1.9822327
     259.0000000        1.9817363
     260.0000000        1.9861808
     261.0000000        1.9979064
     262.0000000        2.0112352
     263.0000000        2.0255940
     264.0000000        2.0401086
     265.0000000        2.0572054
     266.0000000        2.0760817
     267.0000000        2.0914522
     268.0000000        2.1044640
     269.0000000        2.1197008
     270.0000000        2.1403437
     271.0000000        2.1626741
     272.0000000        2.1835261
     273.0000000        2.1945873
     274.0000000        2.1949036
     275.0000000        2.1862542
     276.0000000        2.1739777
     277.0000000        2.1581034
     278.0000000        2.1500351
     279.0000000        2.1473645
     280.0000000        2.1476285
     281.0000000        2.1474589
     282.0000000        2.1512412
     283.0000000        2.1559858
     284.0000000        2.1611171
     285.0000000        2.1684253
     286.0000000        2.1807869
     287.0000000        2.1886348
     288.0000000        2.1925258
     289.0000000        2.1907718
     290.0000000        2.1923614
     291.0000000        2.1993476
     292.0000000        2.2079516
     293.0000000        2.2182881
     294.0000000        2.2272034
     295.0000000        2.2381692
     296.0000000        2.2485860
     297.0000000        2.2594353
     298.0000000        2.2677872
     299.0000000        2.2747182
     300.0000000        2.2824366
     301.0000000        2.2907236
     302.0000000        2.3001128
     303.0000000        2.3103444
     304.0000000        2.3168686
     305.0000000        2.3182766
     306.0000000        2.3132845
     307.0000000        2.3014490
     308.0000000        2.2818307
     309.0000000        2.2547780
     310.0000000        2.2233268
     311.0000000        2.1790299
     312.0000000        2.1308475
     313.0000000        2.0831093
     314.0000000        2.0312627
     315.0000000        1.9824596
     316.0000000        1.9362849
     317.0000000        1.8907084
     318.0000000        1.8448354
     319.0000000        1.8014626
     320.0000000        1.7622227
     321.0000000        1.7299808
     322.0000000        1.7011627
     323.0000000        1.6735333
     324.0000000        1.6461095
     325.0000000        1.6183797
     326.0000000        1.5917976
     327.0000000        1.5627420
     328.0000000        1.5347524
     329.0000000        1.5124248
     330.0000000        1.4945224
     331.0000000        1.4809540
     332.0000000        1.4712122
     333.0000000        1.4660087
     334.0000000        1.4645158
     335.0000000        1.4651087
     336.0000000        1.4694805
     337.0000000        1.4712161
     338.0000000        1.4723228
     339.0000000        1.4750796
     340.0000000        1.4796543
     341.0000000        1.4853664
     342.0000000        1.4905240
     343.0000000        1.4954468
     344.0000000        1.5002343
     345.0000000        1.5047138
     346.0000000        1.5067705
     347.0000000        1.5078381
     348.0000000        1.5082704
     349.0000000        1.5062544
     350.0000000        1.5020671
     351.0000000        1.4950330
     352.0000000        1.4892739
     353.0000000        1.4800767
     354.0000000        1.4686746
     355.0000000        1.4578219
     356.0000000        1.4461387
     357.0000000        1.4352065
     358.0000000        1.4291945
     359.0000000        1.4261541
     360.0000000        1.4284678
     361.0000000        1.4359884
     362.0000000        1.4463099
     363.0000000        1.4607895
     364.0000000        1.4779582
     365.0000000        1.4988228
     366.0000000        1.5215913
     367.0000000        1.5440106
     368.0000000        1.5660909
     369.0000000        1.5881165
     370.0000000        1.6106306
     371.0000000        1.6339712
     372.0000000        1.6575654
     373.0000000        1.6824980
     374.0000000        1.7063192
     375.0000000        1.7297597
     376.0000000        1.7531416
     377.0000000        1.7767824
     378.0000000        1.8025559
     379.0000000        1.8280244
     380.0000000        1.8496760
     381.0000000        1.8665115
     382.0000000        1.8771367
     383.0000000        1.8850391
     384.0000000        1.8910436
     385.0000000        1.8992870
     386.0000000        1.9029976
     387.0000000        1.9052869
     388.0000000        1.9017947
     389.0000000        1.8945517
     390.0000000        1.8858841
     391.0000000        1.8760985
     392.0000000        1.8661558
     393.0000000        1.8546453
     394.0000000        1.8407529
     395.0000000        1.8285160
     396.0000000        1.8180965
     397.0000000        1.8022264
     398.0000000        1.7800855
     399.0000000        1.7535531
     400.0000000        1.7278479
     401.0000000        1.7047082
     402.0000000        1.6822952
     403.0000000        1.6652018
     404.0000000        1.6550022
     405.0000000        1.6488019
     406.0000000        1.6468269
     407.0000000        1.6505035
     408.0000000        1.6586065
     409.0000000        1.6718104
     410.0000000        1.6860013
     411.0000000        1.7022475
     412.0000000        1.7173724
     413.0000000        1.7336179
     414.0000000        1.7502171
     415.0000000        1.7663165
     416.0000000        1.7818865
     417.0000000        1.7961470
     418.0000000        1.8127671
     419.0000000        1.8298246
     420.0000000        1.8451587
     421.0000000        1.8603541
     422.0000000        1.8759061
     423.0000000        1.8918521
     424.0000000        1.9113602
     425.0000000        1.9344808
     426.0000000        1.9585853
     427.0000000        1.9841135
     428.0000000        2.0058469
     429.0000000        2.0259467
     430.0000000        2.0449758
     431.0000000        2.0598219
     432.0000000        2.0740739
     433.0000000        2.0842985
     434.0000000        2.0892438
     435.0000000        2.0858920
     436.0000000        2.0765775
     437.0000000        2.0679072
     438.0000000        2.0583058
     439.0000000        2.0497917
     440.0000000        2.0361009
     441.0000000        2.0196364
     442.0000000        2.0041603
     443.0000000        1.9871559
     444.0000000        1.9668787
     445.0000000        1.9411631
     446.0000000        1.9214209
     447.0000000        1.9096653
     448.0000000        1.8986793
     449.0000000        1.8878582
     450.0000000        1.8809525
     451.0000000        1.8771534
     452.0000000        1.8768818
     453.0000000        1.8788951
     454.0000000        1.8836808
     455.0000000        1.8919287
     456.0000000        1.9034052
     457.0000000        1.9141872
     458.0000000        1.9215654
     459.0000000        1.9249448
     460.0000000        1.9261721
     461.0000000        1.9247455
     462.0000000        1.9247589
     463.0000000        1.9285365
     464.0000000        1.9397798
     465.0000000        1.9540519
     466.0000000        1.9717892
     467.0000000        1.9926291
     468.0000000        2.0184964
     469.0000000        2.0449967
     470.0000000        2.0737692
     471.0000000        2.1009939
     472.0000000        2.1248289
     473.0000000        2.1483193
     474.0000000        2.1684206
     475.0000000        2.1840387
     476.0000000        2.1962716
     477.0000000        2.2092785
     478.0000000        2.2127792
     479.0000000        2.2031722
     480.0000000        2.1921858
     481.0000000        2.1752893
     482.0000000        2.1567717
     483.0000000        2.1383115
     484.0000000        2.1160238
     485.0000000        2.0986407
     486.0000000        2.0823843
     487.0000000        2.0581484
     488.0000000        2.0278278
     489.0000000        1.9977956
     490.0000000        1.9645226
     491.0000000        1.9321703
     492.0000000        1.9048547
     493.0000000        1.8794372
     494.0000000        1.8576118
     495.0000000        1.8381010
     496.0000000        1.8243341
     497.0000000        1.8126696
     498.0000000        1.8024524
     499.0000000        1.7920368
     500.0000000        1.7792813
     501.0000000        1.7675628
     502.0000000        1.7561325
     503.0000000        1.7417581
     504.0000000        1.7295001
     505.0000000        1.7204661
     506.0000000        1.7108268
     507.0000000        1.7053280
     508.0000000        1.7024295
     509.0000000        1.7050891
     510.0000000        1.7134701
     511.0000000        1.7255650
     512.0000000        1.7393586
     513.0000000        1.7541755
     514.0000000        1.7686932
     515.0000000        1.7803552
     516.0000000        1.7927565
     517.0000000        1.8063306
     518.0000000        1.8221539
     519.0000000        1.8419719
     520.0000000        1.8648103
     521.0000000        1.8884871
     522.0000000        1.9134952
     523.0000000        1.9393876
     524.0000000        1.9650524
     525.0000000        1.9920481
     526.0000000        2.0214661
     527.0000000        2.0497663
     528.0000000        2.0740214
     529.0000000        2.0920507
     530.0000000        2.1046996
     531.0000000        2.1146173
     532.0000000        2.1235441
     533.0000000        2.1312933
     534.0000000        2.1365827
     535.0000000        2.1392700
     536.0000000        2.1356329
     537.0000000        2.1311117
     538.0000000        2.1156942
     539.0000000        2.0972534
     540.0000000        2.0815104
     541.0000000        2.0622669
     542.0000000        2.0347942
     543.0000000        2.0028658
     544.0000000        1.9641187
     545.0000000        1.9178488
     546.0000000        1.8723049
     547.0000000        1.8281842
     548.0000000        1.7887832
     549.0000000        1.7535644
     550.0000000        1.7227234
     551.0000000        1.6960957
     552.0000000        1.6721709
     553.0000000        1.6525340
     554.0000000        1.6363177
     555.0000000        1.6237297
     556.0000000        1.6133515
     557.0000000        1.6090088
     558.0000000        1.6060297
     559.0000000        1.6090522
     560.0000000        1.6150657
     561.0000000        1.6221827
     562.0000000        1.6288442
     563.0000000        1.6323655
     564.0000000        1.6299035
     565.0000000        1.6246357
     566.0000000        1.6176034
     567.0000000        1.6091798
     568.0000000        1.6014097
     569.0000000        1.5937238
     570.0000000        1.5846128
     571.0000000        1.5767055
     572.0000000        1.5671314
     573.0000000        1.5569960
     574.0000000        1.5463603
     575.0000000        1.5317612
     576.0000000        1.5176644
     577.0000000        1.5036894
     578.0000000        1.4918325
     579.0000000        1.4813645
     580.0000000        1.4736217
     581.0000000        1.4700313
     582.0000000        1.4699833
     583.0000000        1.4716700
     584.0000000        1.4738981
     585.0000000        1.4772522
     586.0000000        1.4813246
     587.0000000        1.4848561
     588.0000000        1.4836728
     589.0000000        1.4819269
     590.0000000        1.4757829
     591.0000000        1.4655300
     592.0000000        1.4548203
     593.0000000        1.4443268
     594.0000000        1.4332915
     595.0000000        1.4218278
     596.0000000        1.4084211
     597.0000000        1.3921272
     598.0000000        1.3762582
     599.0000000        1.3609928
     600.0000000        1.3474991
