       1.0000000        2.1713326
       2.0000000        2.1725831
       3.0000000        2.1777124
       4.0000000        2.1777670
       5.0000000        2.1745780
       6.0000000        2.1688766
       7.0000000        2.1624949
       8.0000000        2.1584637
       9.0000000        2.1622803
      10.0000000        2.1714373
      11.0000000        2.1857071
      12.0000000        2.1949582
      13.0000000        2.1956720
      14.0000000        2.1920490
      15.0000000        2.1871958
      16.0000000        2.1821616
      17.0000000        2.1734340
      18.0000000        2.1612852
      19.0000000        2.1488407
      20.0000000        2.1418152
      21.0000000        2.1412492
      22.0000000        2.1445348
      23.0000000        2.1470225
      24.0000000        2.1478331
      25.0000000        2.1461663
      26.0000000        2.1429145
      27.0000000        2.1434290
      28.0000000        2.1474187
      29.0000000        2.1548393
      30.0000000        2.1613135
      31.0000000        2.1644697
      32.0000000        2.1710436
      33.0000000        2.1809168
      34.0000000        2.1869223
      35.0000000        2.1893549
      36.0000000        2.1875577
      37.0000000        2.1843953
      38.0000000        2.1837661
      39.0000000        2.1821985
      40.0000000        2.1782136
      41.0000000        2.1751735
      42.0000000        2.1732526
      43.0000000        2.1698906
      44.0000000        2.1705008
      45.0000000        2.1744657
      46.0000000        2.1863577
      47.0000000        2.2048984
      48.0000000        2.2256124
      49.0000000        2.2419794
      50.0000000        2.2444723
      51.0000000        2.2322974
      52.0000000        2.2115936
      53.0000000        2.1883671
      54.0000000        2.1661153
      55.0000000        2.1502430
      56.0000000        2.1390016
      57.0000000        2.1296225
      58.0000000        2.1256435
      59.0000000        2.1242638
      60.0000000        2.1178954
      61.0000000        2.1126761
      62.0000000        2.1114035
      63.0000000        2.1122816
      64.0000000        2.1141026
      65.0000000        2.1183057
      66.0000000        2.1235118
      67.0000000        2.1280043
      68.0000000        2.1363995
      69.0000000        2.1491995
      70.0000000        2.1587965
      71.0000000        2.1644456
      72.0000000        2.1686106
      73.0000000        2.1695068
      74.0000000        2.1739750
      75.0000000        2.1810107
      76.0000000        2.1889241
      77.0000000        2.1956358
      78.0000000        2.2006783
      79.0000000        2.2048838
      80.0000000        2.2075882
      81.0000000        2.2089777
      82.0000000        2.2124348
      83.0000000        2.2202508
      84.0000000        2.2245412
      85.0000000        2.2256398
      86.0000000        2.2314985
      87.0000000        2.2454667
      88.0000000        2.2597380
      89.0000000        2.2637725
      90.0000000        2.2581296
      91.0000000        2.2425170
      92.0000000        2.2274277
      93.0000000        2.2147555
      94.0000000        2.2077613
      95.0000000        2.2008088
      96.0000000        2.1990070
      97.0000000        2.2066271
      98.0000000        2.2136030
      99.0000000        2.2142942
     100.0000000        2.2106488
     101.0000000        2.2034271
     102.0000000        2.2012939
     103.0000000        2.2155330
     104.0000000        2.2397077
     105.0000000        2.2542722
     106.0000000        2.2517924
     107.0000000        2.2398036
     108.0000000        2.2292840
     109.0000000        2.2193222
     110.0000000        2.2102950
     111.0000000        2.2072604
     112.0000000        2.2136877
     113.0000000        2.2164528
     114.0000000        2.2166350
     115.0000000        2.2144074
     116.0000000        2.2049792
     117.0000000        2.1897800
     118.0000000        2.1776319
     119.0000000        2.1695802
     120.0000000        2.1686087
     121.0000000        2.1738434
     122.0000000        2.1831205
     123.0000000        2.1859295
     124.0000000        2.1834912
     125.0000000        2.1824925
     126.0000000        2.1846128
     127.0000000        2.1833203
     128.0000000        2.1818414
     129.0000000        2.1816685
     130.0000000        2.1805887
     131.0000000        2.1798456
     132.0000000        2.1793981
     133.0000000        2.1838787
     134.0000000        2.1923740
     135.0000000        2.1976929
     136.0000000        2.2009301
     137.0000000        2.2038398
     138.0000000        2.1979718
     139.0000000        2.1836405
     140.0000000        2.1724014
     141.0000000        2.1683755
     142.0000000        2.1655846
     143.0000000        2.1597352
     144.0000000        2.1470866
     145.0000000        2.1335325
     146.0000000        2.1278250
     147.0000000        2.1309402
     148.0000000        2.1398966
     149.0000000        2.1450591
     150.0000000        2.1433642
     151.0000000        2.1392655
     152.0000000        2.1377387
     153.0000000        2.1369662
     154.0000000        2.1366954
     155.0000000        2.1366367
     156.0000000        2.1358356
     157.0000000        2.1322656
     158.0000000        2.1280878
     159.0000000        2.1265152
     160.0000000        2.1284893
     161.0000000        2.1304226
     162.0000000        2.1306674
     163.0000000        2.1322198
     164.0000000        2.1374695
     165.0000000        2.1437390
     166.0000000        2.1558032
     167.0000000        2.1711361
     168.0000000        2.1813011
     169.0000000        2.1842997
     170.0000000        2.1829035
     171.0000000        2.1817982
     172.0000000        2.1849470
     173.0000000        2.1889038
     174.0000000        2.1911209
     175.0000000        2.1914086
     176.0000000        2.1910169
     177.0000000        2.1885178
     178.0000000        2.1836500
     179.0000000        2.1814384
     180.0000000        2.1777930
     181.0000000        2.1727965
     182.0000000        2.1682997
     183.0000000        2.1683774
     184.0000000        2.1707497
     185.0000000        2.1689792
     186.0000000        2.1604869
     187.0000000        2.1550899
     188.0000000        2.1487288
     189.0000000        2.1435232
     190.0000000        2.1434770
     191.0000000        2.1476758
     192.0000000        2.1560860
     193.0000000        2.1677177
     194.0000000        2.1813917
     195.0000000        2.1955059
     196.0000000        2.2035880
     197.0000000        2.2087717
     198.0000000        2.2126362
     199.0000000        2.2115052
     200.0000000        2.2076814
     201.0000000        2.2003648
     202.0000000        2.1964147
     203.0000000        2.1923485
     204.0000000        2.1900454
     205.0000000        2.1906562
     206.0000000        2.1922126
     207.0000000        2.1933668
     208.0000000        2.1933835
     209.0000000        2.1897898
     210.0000000        2.1928854
     211.0000000        2.2026758
     212.0000000        2.2145910
     213.0000000        2.2236490
     214.0000000        2.2314062
     215.0000000        2.2377112
     216.0000000        2.2395339
     217.0000000        2.2374883
     218.0000000        2.2285264
     219.0000000        2.2167342
     220.0000000        2.2078424
     221.0000000        2.2099481
     222.0000000        2.2115679
     223.0000000        2.2101800
     224.0000000        2.2054658
     225.0000000        2.2020864
     226.0000000        2.1998363
     227.0000000        2.1966555
     228.0000000        2.1946788
     229.0000000        2.2000957
     230.0000000        2.2036226
     231.0000000        2.1995308
     232.0000000        2.1888044
     233.0000000        2.1835194
     234.0000000        2.1820538
     235.0000000        2.1778665
     236.0000000        2.1736636
     237.0000000        2.1705201
     238.0000000        2.1711812
     239.0000000        2.1751633
     240.0000000        2.1808405
     241.0000000        2.1839926
     242.0000000        2.1843765
     243.0000000        2.1861360
     244.0000000        2.1904149
     245.0000000        2.1988235
     246.0000000        2.2082093
     247.0000000        2.2122254
     248.0000000        2.2065165
     249.0000000        2.2003582
     250.0000000        2.1997595
     251.0000000        2.2002492
     252.0000000        2.1979308
     253.0000000        2.1969013
     254.0000000        2.1993396
     255.0000000        2.2053759
     256.0000000        2.2084975
     257.0000000        2.2040882
     258.0000000        2.1955876
     259.0000000        2.1885943
     260.0000000        2.1882505
     261.0000000        2.1861887
     262.0000000        2.1775961
     263.0000000        2.1611931
     264.0000000        2.1468010
     265.0000000        2.1397345
     266.0000000        2.1363597
     267.0000000        2.1345532
     268.0000000        2.1355271
     269.0000000        2.1423724
     270.0000000        2.1522512
     271.0000000        2.1644313
     272.0000000        2.1731634
     273.0000000        2.1771083
     274.0000000        2.1808920
     275.0000000        2.1877282
     276.0000000        2.1965816
     277.0000000        2.2091589
     278.0000000        2.2229984
     279.0000000        2.2319918
     280.0000000        2.2407684
     281.0000000        2.2470315
     282.0000000        2.2439277
     283.0000000        2.2435899
     284.0000000        2.2438700
     285.0000000        2.2389672
     286.0000000        2.2267590
     287.0000000        2.2152901
     288.0000000        2.2131910
     289.0000000        2.2203407
     290.0000000        2.2229781
     291.0000000        2.2216334
     292.0000000        2.2198710
     293.0000000        2.2176964
     294.0000000        2.2154109
     295.0000000        2.2140148
     296.0000000        2.2075706
     297.0000000        2.1998904
     298.0000000        2.1938627
     299.0000000        2.1952472
     300.0000000        2.2009032
     301.0000000        2.2048397
     302.0000000        2.2028890
     303.0000000        2.1980565
     304.0000000        2.1961002
     305.0000000        2.1969893
     306.0000000        2.1956923
     307.0000000        2.1909490
     308.0000000        2.1891525
     309.0000000        2.1907215
     310.0000000        2.1897690
     311.0000000        2.1905589
     312.0000000        2.1932695
     313.0000000        2.1916199
     314.0000000        2.1874368
     315.0000000        2.1832588
     316.0000000        2.1808784
     317.0000000        2.1810441
     318.0000000        2.1803710
     319.0000000        2.1777954
     320.0000000        2.1786888
     321.0000000        2.1804125
     322.0000000        2.1818709
     323.0000000        2.1816227
     324.0000000        2.1774008
     325.0000000        2.1773775
     326.0000000        2.1840644
     327.0000000        2.1906478
     328.0000000        2.1934814
     329.0000000        2.1896894
     330.0000000        2.1828885
     331.0000000        2.1784387
     332.0000000        2.1796517
     333.0000000        2.1858797
     334.0000000        2.1890965
     335.0000000        2.1851742
     336.0000000        2.1825209
     337.0000000        2.1826897
     338.0000000        2.1848443
     339.0000000        2.1917615
     340.0000000        2.1996505
     341.0000000        2.2059901
     342.0000000        2.2114763
     343.0000000        2.2144551
     344.0000000        2.2141349
     345.0000000        2.2090924
     346.0000000        2.2005534
     347.0000000        2.1945846
     348.0000000        2.1950161
     349.0000000        2.2025886
     350.0000000        2.2102859
     351.0000000        2.2158625
     352.0000000        2.2271421
     353.0000000        2.2394624
     354.0000000        2.2456043
     355.0000000        2.2500923
     356.0000000        2.2523389
     357.0000000        2.2487667
     358.0000000        2.2435400
     359.0000000        2.2434881
     360.0000000        2.2440488
     361.0000000        2.2390497
     362.0000000        2.2280412
     363.0000000        2.2161045
     364.0000000        2.2035582
     365.0000000        2.1939700
     366.0000000        2.1840611
     367.0000000        2.1729085
     368.0000000        2.1655970
     369.0000000        2.1602232
     370.0000000        2.1535122
     371.0000000        2.1457975
     372.0000000        2.1361384
     373.0000000        2.1288023
     374.0000000        2.1286991
     375.0000000        2.1338146
     376.0000000        2.1429253
     377.0000000        2.1569130
     378.0000000        2.1690350
     379.0000000        2.1785586
     380.0000000        2.1863418
     381.0000000        2.1942098
     382.0000000        2.2040386
     383.0000000        2.2138751
     384.0000000        2.2183769
     385.0000000        2.2198884
     386.0000000        2.2228069
     387.0000000        2.2229915
     388.0000000        2.2145922
     389.0000000        2.2084751
     390.0000000        2.2046652
     391.0000000        2.2046459
     392.0000000        2.2059340
     393.0000000        2.2085235
     394.0000000        2.2097726
     395.0000000        2.2108045
     396.0000000        2.2071657
     397.0000000        2.2041178
     398.0000000        2.2039967
     399.0000000        2.2077599
     400.0000000        2.2120996
     401.0000000        2.2160878
     402.0000000        2.2188568
     403.0000000        2.2192276
     404.0000000        2.2164938
     405.0000000        2.2083254
     406.0000000        2.1999636
     407.0000000        2.2016511
     408.0000000        2.2074521
     409.0000000        2.2114313
     410.0000000        2.2170413
     411.0000000        2.2274125
     412.0000000        2.2384706
     413.0000000        2.2440636
     414.0000000        2.2451696
     415.0000000        2.2462273
     416.0000000        2.2465746
     417.0000000        2.2498722
     418.0000000        2.2515733
     419.0000000        2.2494481
     420.0000000        2.2477787
     421.0000000        2.2446969
     422.0000000        2.2413242
     423.0000000        2.2377615
     424.0000000        2.2356896
     425.0000000        2.2321582
     426.0000000        2.2299800
     427.0000000        2.2276211
     428.0000000        2.2259932
     429.0000000        2.2230904
     430.0000000        2.2189710
     431.0000000        2.2122946
     432.0000000        2.2033837
     433.0000000        2.1945579
     434.0000000        2.1890814
     435.0000000        2.1888044
     436.0000000        2.1931262
     437.0000000        2.1925786
     438.0000000        2.1890006
     439.0000000        2.1863854
     440.0000000        2.1853886
     441.0000000        2.1830800
     442.0000000        2.1773083
     443.0000000        2.1746001
     444.0000000        2.1774330
     445.0000000        2.1890647
     446.0000000        2.2072561
     447.0000000        2.2252338
     448.0000000        2.2388201
     449.0000000        2.2509148
     450.0000000        2.2583847
     451.0000000        2.2642214
     452.0000000        2.2630091
     453.0000000        2.2567225
     454.0000000        2.2487304
     455.0000000        2.2473371
     456.0000000        2.2513275
     457.0000000        2.2502337
     458.0000000        2.2478535
     459.0000000        2.2450187
     460.0000000        2.2371693
     461.0000000        2.2286105
     462.0000000        2.2182412
     463.0000000        2.2097461
     464.0000000        2.2052097
     465.0000000        2.2062173
     466.0000000        2.2073250
     467.0000000        2.2051213
     468.0000000        2.2007957
     469.0000000        2.1964543
     470.0000000        2.1879973
     471.0000000        2.1791024
     472.0000000        2.1756380
     473.0000000        2.1731100
     474.0000000        2.1679113
     475.0000000        2.1613932
     476.0000000        2.1570754
     477.0000000        2.1608505
     478.0000000        2.1675081
     479.0000000        2.1748314
     480.0000000        2.1806459
     481.0000000        2.1847165
     482.0000000        2.1889470
     483.0000000        2.1967573
     484.0000000        2.2074075
     485.0000000        2.2102885
     486.0000000        2.2098050
     487.0000000        2.2140510
     488.0000000        2.2208171
     489.0000000        2.2263341
     490.0000000        2.2285240
     491.0000000        2.2266245
     492.0000000        2.2238896
     493.0000000        2.2260683
     494.0000000        2.2291794
     495.0000000        2.2269666
     496.0000000        2.2230415
     497.0000000        2.2241802
     498.0000000        2.2264416
     499.0000000        2.2225566
     500.0000000        2.2147837
     501.0000000        2.2064452
     502.0000000        2.2007403
     503.0000000        2.1963091
     504.0000000        2.1965826
     505.0000000        2.1946468
     506.0000000        2.1846814
     507.0000000        2.1766675
     508.0000000        2.1715801
     509.0000000        2.1694877
     510.0000000        2.1681573
     511.0000000        2.1670640
     512.0000000        2.1657796
     513.0000000        2.1708577
     514.0000000        2.1767209
     515.0000000        2.1810176
     516.0000000        2.1877818
     517.0000000        2.1985559
     518.0000000        2.2027724
     519.0000000        2.1971884
     520.0000000        2.1855822
     521.0000000        2.1741729
     522.0000000        2.1720428
     523.0000000        2.1771851
     524.0000000        2.1825912
     525.0000000        2.1865606
     526.0000000        2.1906013
     527.0000000        2.1929419
     528.0000000        2.1937523
     529.0000000        2.1915462
     530.0000000        2.1884787
     531.0000000        2.1861565
     532.0000000        2.1829681
     533.0000000        2.1812706
     534.0000000        2.1817446
     535.0000000        2.1835020
     536.0000000        2.1915133
     537.0000000        2.1952753
     538.0000000        2.1977220
     539.0000000        2.2055438
     540.0000000        2.2171431
     541.0000000        2.2182684
     542.0000000        2.2128971
     543.0000000        2.2097089
     544.0000000        2.2023854
     545.0000000        2.1901290
     546.0000000        2.1802816
     547.0000000        2.1718383
     548.0000000        2.1692231
     549.0000000        2.1694355
     550.0000000        2.1662066
     551.0000000        2.1666470
     552.0000000        2.1725080
     553.0000000        2.1815026
     554.0000000        2.1902890
     555.0000000        2.2024322
     556.0000000        2.2115541
     557.0000000        2.2142079
     558.0000000        2.2168014
     559.0000000        2.2216301
     560.0000000        2.2274303
     561.0000000        2.2264576
     562.0000000        2.2194302
     563.0000000        2.2155151
     564.0000000        2.2125576
     565.0000000        2.2094648
     566.0000000        2.2071142
     567.0000000        2.2078061
     568.0000000        2.2109568
     569.0000000        2.2129536
     570.0000000        2.2108617
     571.0000000        2.2060280
     572.0000000        2.1968548
     573.0000000        2.1845717
     574.0000000        2.1717706
     575.0000000        2.1600099
     576.0000000        2.1558547
     577.0000000        2.1602724
     578.0000000        2.1633253
     579.0000000        2.1658950
     580.0000000        2.1648171
     581.0000000        2.1595218
     582.0000000        2.1567850
     583.0000000        2.1578281
     584.0000000        2.1639512
     585.0000000        2.1752067
     586.0000000        2.1851366
     587.0000000        2.1918864
     588.0000000        2.1941388
     589.0000000        2.1945972
     590.0000000        2.2004652
     591.0000000        2.2108707
     592.0000000        2.2186081
     593.0000000        2.2219546
     594.0000000        2.2178092
     595.0000000        2.2110784
     596.0000000        2.2060549
     597.0000000        2.2055414
     598.0000000        2.2104144
     599.0000000        2.2210479
     600.0000000        2.2308717
