       1.0000000        3.7241044
       2.0000000        3.6311004
       3.0000000        3.4570827
       4.0000000        3.2862575
       5.0000000        3.1354663
       6.0000000        3.0291152
       7.0000000        2.9314380
       8.0000000        2.8461735
       9.0000000        2.7764463
      10.0000000        2.7166829
      11.0000000        2.6712356
      12.0000000        2.6348965
      13.0000000        2.6110630
      14.0000000        2.6004241
      15.0000000        2.5867507
      16.0000000        2.5771241
      17.0000000        2.5705884
      18.0000000        2.5654891
      19.0000000        2.5622482
      20.0000000        2.5614777
      21.0000000        2.5624897
      22.0000000        2.5692730
      23.0000000        2.5793431
      24.0000000        2.5799246
      25.0000000        2.5785770
      26.0000000        2.5753820
      27.0000000        2.5793030
      28.0000000        2.5833533
      29.0000000        2.5927145
      30.0000000        2.6086607
      31.0000000        2.6182942
      32.0000000        2.6233926
      33.0000000        2.6257133
      34.0000000        2.6206453
      35.0000000        2.6192989
      36.0000000        2.6144340
      37.0000000        2.6148851
      38.0000000        2.6180339
      39.0000000        2.6186233
      40.0000000        2.6182048
      41.0000000        2.6180093
      42.0000000        2.6138468
      43.0000000        2.6098459
      44.0000000        2.6060038
      45.0000000        2.6033247
      46.0000000        2.6007731
      47.0000000        2.5906215
      48.0000000        2.5849955
      49.0000000        2.5699558
      50.0000000        2.5611928
      51.0000000        2.5566556
      52.0000000        2.5585034
      53.0000000        2.5593431
      54.0000000        2.5526168
      55.0000000        2.5527172
      56.0000000        2.5573285
      57.0000000        2.5613415
      58.0000000        2.5617123
      59.0000000        2.5631254
      60.0000000        2.5670514
      61.0000000        2.5753424
      62.0000000        2.5789006
      63.0000000        2.5833578
      64.0000000        2.5835607
      65.0000000        2.5787933
      66.0000000        2.5706050
      67.0000000        2.5591819
      68.0000000        2.5442700
      69.0000000        2.5347373
      70.0000000        2.5290093
      71.0000000        2.5258532
      72.0000000        2.5222924
      73.0000000        2.5310230
      74.0000000        2.5441449
      75.0000000        2.5628753
      76.0000000        2.5740733
      77.0000000        2.5866055
      78.0000000        2.5994215
      79.0000000        2.6121862
      80.0000000        2.6086349
      81.0000000        2.5957522
      82.0000000        2.5802824
      83.0000000        2.5643332
      84.0000000        2.5496345
      85.0000000        2.5417519
      86.0000000        2.5384274
      87.0000000        2.5359690
      88.0000000        2.5350065
      89.0000000        2.5343981
      90.0000000        2.5282252
      91.0000000        2.5315886
      92.0000000        2.5341370
      93.0000000        2.5330572
      94.0000000        2.5368912
      95.0000000        2.5428865
      96.0000000        2.5486457
      97.0000000        2.5593832
      98.0000000        2.5673623
      99.0000000        2.5783935
     100.0000000        2.5785558
     101.0000000        2.5838978
     102.0000000        2.5938559
     103.0000000        2.6131895
     104.0000000        2.6343505
     105.0000000        2.6446092
     106.0000000        2.6554356
     107.0000000        2.6555607
     108.0000000        2.6566918
     109.0000000        2.6638248
     110.0000000        2.6650970
     111.0000000        2.6668522
     112.0000000        2.6680570
     113.0000000        2.6736650
     114.0000000        2.6745579
     115.0000000        2.6766512
     116.0000000        2.6778417
     117.0000000        2.6784418
     118.0000000        2.6653624
     119.0000000        2.6522868
     120.0000000        2.6476989
     121.0000000        2.6414933
     122.0000000        2.6336863
     123.0000000        2.6251712
     124.0000000        2.6269131
     125.0000000        2.6178110
     126.0000000        2.6079094
     127.0000000        2.5993915
     128.0000000        2.5885205
     129.0000000        2.5789785
     130.0000000        2.5715072
     131.0000000        2.5596490
     132.0000000        2.5444918
     133.0000000        2.5419154
     134.0000000        2.5395677
     135.0000000        2.5459893
     136.0000000        2.5539789
     137.0000000        2.5618086
     138.0000000        2.5663965
     139.0000000        2.5678768
     140.0000000        2.5658441
     141.0000000        2.5607798
     142.0000000        2.5563197
     143.0000000        2.5535040
     144.0000000        2.5527349
     145.0000000        2.5536041
     146.0000000        2.5548844
     147.0000000        2.5553484
     148.0000000        2.5575979
     149.0000000        2.5537906
     150.0000000        2.5526030
     151.0000000        2.5492315
     152.0000000        2.5446315
     153.0000000        2.5429349
     154.0000000        2.5402629
     155.0000000        2.5402782
     156.0000000        2.5372834
     157.0000000        2.5323651
     158.0000000        2.5341065
     159.0000000        2.5318775
     160.0000000        2.5252180
     161.0000000        2.5189431
     162.0000000        2.5166245
     163.0000000        2.5206258
     164.0000000        2.5225296
     165.0000000        2.5258553
     166.0000000        2.5308979
     167.0000000        2.5397637
     168.0000000        2.5453961
     169.0000000        2.5467434
     170.0000000        2.5587859
     171.0000000        2.5650780
     172.0000000        2.5756223
     173.0000000        2.5836475
     174.0000000        2.5867124
     175.0000000        2.5926008
     176.0000000        2.5984333
     177.0000000        2.6058526
     178.0000000        2.6140933
     179.0000000        2.6138289
     180.0000000        2.6129503
     181.0000000        2.6093018
     182.0000000        2.6065748
     183.0000000        2.6116350
     184.0000000        2.6224732
     185.0000000        2.6308682
     186.0000000        2.6341991
     187.0000000        2.6329095
     188.0000000        2.6315694
     189.0000000        2.6270273
     190.0000000        2.6267033
     191.0000000        2.6284797
     192.0000000        2.6258345
     193.0000000        2.6264210
     194.0000000        2.6264811
     195.0000000        2.6307783
     196.0000000        2.6268833
     197.0000000        2.6202149
     198.0000000        2.6015520
     199.0000000        2.5892544
     200.0000000        2.5821772
     201.0000000        2.5721657
     202.0000000        2.5637670
     203.0000000        2.5583572
     204.0000000        2.5515962
     205.0000000        2.5480826
     206.0000000        2.5520599
     207.0000000        2.5573978
     208.0000000        2.5631917
     209.0000000        2.5699759
     210.0000000        2.5695984
     211.0000000        2.5702353
     212.0000000        2.5765784
     213.0000000        2.5789790
     214.0000000        2.5848284
     215.0000000        2.5952489
     216.0000000        2.6057281
     217.0000000        2.6171091
     218.0000000        2.6245136
     219.0000000        2.6325510
     220.0000000        2.6408398
     221.0000000        2.6505525
     222.0000000        2.6593926
     223.0000000        2.6735017
     224.0000000        2.6817067
     225.0000000        2.6839921
     226.0000000        2.6843836
     227.0000000        2.6749055
     228.0000000        2.6630869
     229.0000000        2.6541176
     230.0000000        2.6530821
     231.0000000        2.6361585
     232.0000000        2.6228375
     233.0000000        2.6109421
     234.0000000        2.5980742
     235.0000000        2.5915306
     236.0000000        2.5891645
     237.0000000        2.5889049
     238.0000000        2.5896194
     239.0000000        2.5896277
     240.0000000        2.5886455
     241.0000000        2.5891120
     242.0000000        2.5858290
     243.0000000        2.5783367
     244.0000000        2.5755193
     245.0000000        2.5735545
     246.0000000        2.5803967
     247.0000000        2.5841897
     248.0000000        2.5918157
     249.0000000        2.5955737
     250.0000000        2.6045501
     251.0000000        2.6098733
     252.0000000        2.6093628
     253.0000000        2.6081800
     254.0000000        2.6018286
     255.0000000        2.5952046
     256.0000000        2.5939183
     257.0000000        2.5950272
     258.0000000        2.5944414
     259.0000000        2.5880373
     260.0000000        2.5842004
     261.0000000        2.5897181
     262.0000000        2.5832987
     263.0000000        2.5774875
     264.0000000        2.5688295
     265.0000000        2.5665309
     266.0000000        2.5707922
     267.0000000        2.5788579
     268.0000000        2.5891514
     269.0000000        2.5898724
     270.0000000        2.5964961
     271.0000000        2.6079111
     272.0000000        2.6160519
     273.0000000        2.6146219
     274.0000000        2.6121616
     275.0000000        2.6035054
     276.0000000        2.5942357
     277.0000000        2.5884199
     278.0000000        2.5824823
     279.0000000        2.5839961
     280.0000000        2.5828059
     281.0000000        2.5823638
     282.0000000        2.5863643
     283.0000000        2.5883822
     284.0000000        2.5868695
     285.0000000        2.5850890
     286.0000000        2.5850585
     287.0000000        2.5796165
     288.0000000        2.5750439
     289.0000000        2.5693004
     290.0000000        2.5577412
     291.0000000        2.5506573
     292.0000000        2.5533526
     293.0000000        2.5596392
     294.0000000        2.5627556
     295.0000000        2.5636656
     296.0000000        2.5618043
     297.0000000        2.5603333
     298.0000000        2.5610049
     299.0000000        2.5601006
     300.0000000        2.5641720
     301.0000000        2.5653870
     302.0000000        2.5694788
     303.0000000        2.5719719
     304.0000000        2.5737956
     305.0000000        2.5732605
     306.0000000        2.5617411
     307.0000000        2.5525665
     308.0000000        2.5404677
     309.0000000        2.5276792
     310.0000000        2.5191603
     311.0000000        2.5127275
     312.0000000        2.5125031
     313.0000000        2.5232956
     314.0000000        2.5313170
     315.0000000        2.5392661
     316.0000000        2.5474663
     317.0000000        2.5603011
     318.0000000        2.5708060
     319.0000000        2.5860507
     320.0000000        2.6028597
     321.0000000        2.6168549
     322.0000000        2.6227870
     323.0000000        2.6173847
     324.0000000        2.6091256
     325.0000000        2.6040621
     326.0000000        2.5940952
     327.0000000        2.5934055
     328.0000000        2.5845275
     329.0000000        2.5770876
     330.0000000        2.5746856
     331.0000000        2.5708334
     332.0000000        2.5735919
     333.0000000        2.5803683
     334.0000000        2.5903997
     335.0000000        2.6038954
     336.0000000        2.6278727
     337.0000000        2.6517122
     338.0000000        2.6645403
     339.0000000        2.6735353
     340.0000000        2.6680896
     341.0000000        2.6594133
     342.0000000        2.6427152
     343.0000000        2.6406381
     344.0000000        2.6431665
     345.0000000        2.6490939
     346.0000000        2.6494768
     347.0000000        2.6492848
     348.0000000        2.6435461
     349.0000000        2.6370611
     350.0000000        2.6240146
     351.0000000        2.6034114
     352.0000000        2.5901365
     353.0000000        2.5849283
     354.0000000        2.5863316
     355.0000000        2.5766065
     356.0000000        2.5648379
     357.0000000        2.5559802
     358.0000000        2.5428441
     359.0000000        2.5313108
     360.0000000        2.5247247
     361.0000000        2.5250847
     362.0000000        2.5291929
     363.0000000        2.5316362
     364.0000000        2.5331395
     365.0000000        2.5334141
     366.0000000        2.5400307
     367.0000000        2.5407157
     368.0000000        2.5458140
     369.0000000        2.5584259
     370.0000000        2.5608540
     371.0000000        2.5645583
     372.0000000        2.5643501
     373.0000000        2.5690079
     374.0000000        2.5660231
     375.0000000        2.5694385
     376.0000000        2.5741143
     377.0000000        2.5780168
     378.0000000        2.5825839
     379.0000000        2.5837581
     380.0000000        2.5870223
     381.0000000        2.5943224
     382.0000000        2.6059353
     383.0000000        2.6143630
     384.0000000        2.6263530
     385.0000000        2.6341331
     386.0000000        2.6370666
     387.0000000        2.6342256
     388.0000000        2.6322443
     389.0000000        2.6251867
     390.0000000        2.6150925
     391.0000000        2.6011300
     392.0000000        2.5914378
     393.0000000        2.5833089
     394.0000000        2.5745635
     395.0000000        2.5649331
     396.0000000        2.5581114
     397.0000000        2.5479307
     398.0000000        2.5356185
     399.0000000        2.5223310
     400.0000000        2.5091603
     401.0000000        2.5007534
     402.0000000        2.4959345
     403.0000000        2.4963558
     404.0000000        2.4983330
     405.0000000        2.5062039
     406.0000000        2.5198758
     407.0000000        2.5313561
     408.0000000        2.5415163
     409.0000000        2.5524886
     410.0000000        2.5601592
     411.0000000        2.5728579
     412.0000000        2.5900800
     413.0000000        2.6057937
     414.0000000        2.6199176
     415.0000000        2.6297927
     416.0000000        2.6327872
     417.0000000        2.6320558
     418.0000000        2.6303153
     419.0000000        2.6248834
     420.0000000        2.6170180
     421.0000000        2.6117163
     422.0000000        2.6118107
     423.0000000        2.6064906
     424.0000000        2.6061568
     425.0000000        2.6019859
     426.0000000        2.5951321
     427.0000000        2.5981119
     428.0000000        2.5965395
     429.0000000        2.5991583
     430.0000000        2.6026831
     431.0000000        2.6054070
     432.0000000        2.6103854
     433.0000000        2.6189477
     434.0000000        2.6302605
     435.0000000        2.6359921
     436.0000000        2.6391637
     437.0000000        2.6302476
     438.0000000        2.6292934
     439.0000000        2.6208782
     440.0000000        2.6179636
     441.0000000        2.6271958
     442.0000000        2.6232142
     443.0000000        2.6165628
     444.0000000        2.6160083
     445.0000000        2.6144879
     446.0000000        2.6090422
     447.0000000        2.6025972
     448.0000000        2.5954702
     449.0000000        2.5864246
     450.0000000        2.5778689
     451.0000000        2.5728590
     452.0000000        2.5734575
     453.0000000        2.5674446
     454.0000000        2.5640652
     455.0000000        2.5686986
     456.0000000        2.5760159
     457.0000000        2.5797532
     458.0000000        2.5892138
     459.0000000        2.5921960
     460.0000000        2.5917230
     461.0000000        2.5925734
     462.0000000        2.5891397
     463.0000000        2.5836108
     464.0000000        2.5767438
     465.0000000        2.5673645
     466.0000000        2.5613439
     467.0000000        2.5639694
     468.0000000        2.5655112
     469.0000000        2.5714154
     470.0000000        2.5781403
     471.0000000        2.5794420
     472.0000000        2.5843599
     473.0000000        2.5911002
     474.0000000        2.6049700
     475.0000000        2.6161995
     476.0000000        2.6240163
     477.0000000        2.6300960
     478.0000000        2.6245790
     479.0000000        2.6230543
     480.0000000        2.6213083
     481.0000000        2.6153576
     482.0000000        2.6092947
     483.0000000        2.6080430
     484.0000000        2.6072326
     485.0000000        2.6066082
     486.0000000        2.6087170
     487.0000000        2.6110229
     488.0000000        2.6094794
     489.0000000        2.6076224
     490.0000000        2.6039078
     491.0000000        2.5998824
     492.0000000        2.5995121
     493.0000000        2.5964134
     494.0000000        2.5990317
     495.0000000        2.6040452
     496.0000000        2.6099451
     497.0000000        2.6200168
     498.0000000        2.6241641
     499.0000000        2.6291709
     500.0000000        2.6236992
     501.0000000        2.6253664
     502.0000000        2.6313052
     503.0000000        2.6304605
     504.0000000        2.6321464
     505.0000000        2.6295340
     506.0000000        2.6195650
     507.0000000        2.6166260
     508.0000000        2.6141062
     509.0000000        2.6134510
     510.0000000        2.6111839
     511.0000000        2.6052408
     512.0000000        2.5982945
     513.0000000        2.5947771
     514.0000000        2.5886233
     515.0000000        2.5847330
     516.0000000        2.5827954
     517.0000000        2.5884800
     518.0000000        2.5953240
     519.0000000        2.6032863
     520.0000000        2.6165531
     521.0000000        2.6207550
     522.0000000        2.6202087
     523.0000000        2.6215622
     524.0000000        2.6220000
     525.0000000        2.6171455
     526.0000000        2.6097815
     527.0000000        2.6069987
     528.0000000        2.6054611
     529.0000000        2.6108515
     530.0000000        2.6165709
     531.0000000        2.6167912
     532.0000000        2.6173346
     533.0000000        2.6161864
     534.0000000        2.6192751
     535.0000000        2.6196644
     536.0000000        2.6184745
     537.0000000        2.6035700
     538.0000000        2.5874305
     539.0000000        2.5751796
     540.0000000        2.5617275
     541.0000000        2.5582311
     542.0000000        2.5563848
     543.0000000        2.5573618
     544.0000000        2.5624199
     545.0000000        2.5687013
     546.0000000        2.5814247
     547.0000000        2.5924673
     548.0000000        2.5997729
     549.0000000        2.6081491
     550.0000000        2.6201937
     551.0000000        2.6250672
     552.0000000        2.6310539
     553.0000000        2.6357443
     554.0000000        2.6417444
     555.0000000        2.6350336
     556.0000000        2.6324165
     557.0000000        2.6327641
     558.0000000        2.6408515
     559.0000000        2.6400855
     560.0000000        2.6365123
     561.0000000        2.6269794
     562.0000000        2.6155620
     563.0000000        2.5977445
     564.0000000        2.5788851
     565.0000000        2.5628524
     566.0000000        2.5571098
     567.0000000        2.5473919
     568.0000000        2.5455358
     569.0000000        2.5412476
     570.0000000        2.5360644
     571.0000000        2.5328009
     572.0000000        2.5332773
     573.0000000        2.5311515
     574.0000000        2.5298462
     575.0000000        2.5242927
     576.0000000        2.5133874
     577.0000000        2.5107439
     578.0000000        2.5033104
     579.0000000        2.4987626
     580.0000000        2.4954011
     581.0000000        2.4941030
     582.0000000        2.4932854
     583.0000000        2.4966168
     584.0000000        2.4979029
     585.0000000        2.4991238
     586.0000000        2.5002115
     587.0000000        2.5049269
     588.0000000        2.5092018
     589.0000000        2.5152516
     590.0000000        2.5213118
     591.0000000        2.5306733
     592.0000000        2.5421944
     593.0000000        2.5599177
     594.0000000        2.5811653
     595.0000000        2.5967252
     596.0000000        2.5998704
     597.0000000        2.5994170
     598.0000000        2.5923281
     599.0000000        2.5777206
     600.0000000        2.5745068
