       1.0000000        7.5077790
       2.0000000        7.8120196
       3.0000000        7.9167990
       4.0000000        7.8891596
       5.0000000        7.8617957
       6.0000000        7.8718787
       7.0000000        7.9200490
       8.0000000        7.9530635
       9.0000000        7.9468016
      10.0000000        7.9263119
      11.0000000        7.9182396
      12.0000000        7.8888032
      13.0000000        7.8369092
      14.0000000        7.7924402
      15.0000000        7.7051652
      16.0000000        7.6414612
      17.0000000        7.5760488
      18.0000000        7.5622245
      19.0000000        7.5682399
      20.0000000        7.6003135
      21.0000000        7.5969601
      22.0000000        7.5865588
      23.0000000        7.5320469
      24.0000000        7.4670381
      25.0000000        7.3978258
      26.0000000        7.3382877
      27.0000000        7.3033688
      28.0000000        7.2982317
      29.0000000        7.2910791
      30.0000000        7.3046878
      31.0000000        7.3244836
      32.0000000        7.3438121
      33.0000000        7.3588596
      34.0000000        7.3859630
      35.0000000        7.4381539
      36.0000000        7.4958159
      37.0000000        7.5098825
      38.0000000        7.4722795
      39.0000000        7.4087648
      40.0000000        7.3314445
      41.0000000        7.2642816
      42.0000000        7.2392075
      43.0000000        7.2764770
      44.0000000        7.3119453
      45.0000000        7.3853339
      46.0000000        7.4430957
      47.0000000        7.4524149
      48.0000000        7.4221574
      49.0000000        7.3711697
      50.0000000        7.3891535
      51.0000000        7.3886060
      52.0000000        7.3813695
      53.0000000        7.3749029
      54.0000000        7.3876922
      55.0000000        7.4103390
      56.0000000        7.4154217
      57.0000000        7.4662842
      58.0000000        7.5437781
      59.0000000        7.6185234
      60.0000000        7.6771895
      61.0000000        7.7431776
      62.0000000        7.8203407
      63.0000000        7.8417200
      64.0000000        7.8997489
      65.0000000        7.9565160
      66.0000000        8.0043829
      67.0000000        7.9591289
      68.0000000        7.8677700
      69.0000000        7.8165243
      70.0000000        7.7745900
      71.0000000        7.6590222
      72.0000000        7.4622040
      73.0000000        7.3148574
      74.0000000        7.1947020
      75.0000000        7.1070241
      76.0000000        7.0899786
      77.0000000        7.0716452
      78.0000000        7.0492122
      79.0000000        7.0741600
      80.0000000        7.0951922
      81.0000000        7.1061629
      82.0000000        7.1248861
      83.0000000        7.1255353
      84.0000000        7.1523095
      85.0000000        7.1845946
      86.0000000        7.2496495
      87.0000000        7.2877299
      88.0000000        7.3290978
      89.0000000        7.3842323
      90.0000000        7.4640779
      91.0000000        7.5557859
      92.0000000        7.6236509
      93.0000000        7.6617033
      94.0000000        7.6642795
      95.0000000        7.6488239
      96.0000000        7.6224967
      97.0000000        7.5722602
      98.0000000        7.5388986
      99.0000000        7.5587930
     100.0000000        7.6167370
     101.0000000        7.6397715
     102.0000000        7.6559614
     103.0000000        7.6492489
     104.0000000        7.6580972
     105.0000000        7.6675081
     106.0000000        7.6740848
     107.0000000        7.6441834
     108.0000000        7.6026571
     109.0000000        7.5657104
     110.0000000        7.5569251
     111.0000000        7.5412426
     112.0000000        7.5094181
     113.0000000        7.4564519
     114.0000000        7.4175925
     115.0000000        7.4216911
     116.0000000        7.4283576
     117.0000000        7.4580249
     118.0000000        7.4645242
     119.0000000        7.4396981
     120.0000000        7.4269423
     121.0000000        7.4172606
     122.0000000        7.4113715
     123.0000000        7.3893411
     124.0000000        7.3989859
     125.0000000        7.4587630
     126.0000000        7.4990269
     127.0000000        7.5476576
     128.0000000        7.5984028
     129.0000000        7.6068162
     130.0000000        7.6147992
     131.0000000        7.5929807
     132.0000000        7.5499984
     133.0000000        7.4909220
     134.0000000        7.4521996
     135.0000000        7.4263842
     136.0000000        7.3762143
     137.0000000        7.3515764
     138.0000000        7.3415719
     139.0000000        7.3147839
     140.0000000        7.2874783
     141.0000000        7.2794080
     142.0000000        7.3072295
     143.0000000        7.3519502
     144.0000000        7.4036164
     145.0000000        7.4459845
     146.0000000        7.5005765
     147.0000000        7.5969568
     148.0000000        7.7284169
     149.0000000        7.8629242
     150.0000000        7.9595635
     151.0000000        8.0052567
     152.0000000        8.0249840
     153.0000000        8.0518005
     154.0000000        8.1143374
     155.0000000        8.2146551
     156.0000000        8.2826894
     157.0000000        8.2897284
     158.0000000        8.2715389
     159.0000000        8.2175023
     160.0000000        8.1371516
     161.0000000        8.0637962
     162.0000000        7.9927305
     163.0000000        7.9192226
     164.0000000        7.8456989
     165.0000000        7.7969980
     166.0000000        7.7340733
     167.0000000        7.6881297
     168.0000000        7.6705498
     169.0000000        7.6439030
     170.0000000        7.6273855
     171.0000000        7.6000455
     172.0000000        7.5345777
     173.0000000        7.4690874
     174.0000000        7.4106008
     175.0000000        7.3686269
     176.0000000        7.3414701
     177.0000000        7.3691418
     178.0000000        7.3902091
     179.0000000        7.3886765
     180.0000000        7.3833771
     181.0000000        7.3635962
     182.0000000        7.3613583
     183.0000000        7.3804226
     184.0000000        7.4119562
     185.0000000        7.4690578
     186.0000000        7.4956972
     187.0000000        7.5135431
     188.0000000        7.5102481
     189.0000000        7.5081832
     190.0000000        7.5249956
     191.0000000        7.5115664
     192.0000000        7.5224039
     193.0000000        7.5481506
     194.0000000        7.5453953
     195.0000000        7.5623425
     196.0000000        7.5588656
     197.0000000        7.5267969
     198.0000000        7.4806027
     199.0000000        7.4524059
     200.0000000        7.4446086
     201.0000000        7.4446023
     202.0000000        7.3789501
     203.0000000        7.2846228
     204.0000000        7.2046778
     205.0000000        7.1374478
     206.0000000        7.1218015
     207.0000000        7.1524552
     208.0000000        7.1265250
     209.0000000        7.0851109
     210.0000000        7.0908395
     211.0000000        7.1000513
     212.0000000        7.0622007
     213.0000000        7.0370909
     214.0000000        7.0251312
     215.0000000        7.0261279
     216.0000000        7.0286779
     217.0000000        7.0634835
     218.0000000        7.1126296
     219.0000000        7.1797708
     220.0000000        7.2969972
     221.0000000        7.3921692
     222.0000000        7.5152856
     223.0000000        7.6050971
     224.0000000        7.6793639
     225.0000000        7.7275379
     226.0000000        7.7196242
     227.0000000        7.7003499
     228.0000000        7.6571051
     229.0000000        7.5515627
     230.0000000        7.4706754
     231.0000000        7.4197524
     232.0000000        7.4030089
     233.0000000        7.3613192
     234.0000000        7.3385132
     235.0000000        7.3242629
     236.0000000        7.3194464
     237.0000000        7.3603255
     238.0000000        7.4277392
     239.0000000        7.4644592
     240.0000000        7.4790912
     241.0000000        7.4740082
     242.0000000        7.5578193
     243.0000000        7.6514177
     244.0000000        7.6891702
     245.0000000        7.7137609
     246.0000000        7.7485767
     247.0000000        7.7877219
     248.0000000        7.8519472
     249.0000000        7.9271654
     250.0000000        7.9906390
     251.0000000        8.0956296
     252.0000000        8.1546717
     253.0000000        8.1628541
     254.0000000        8.1005270
     255.0000000        8.0249208
     256.0000000        7.9627982
     257.0000000        7.9223146
     258.0000000        7.9216148
     259.0000000        7.9017410
     260.0000000        7.8275573
     261.0000000        7.7339651
     262.0000000        7.6710484
     263.0000000        7.5784014
     264.0000000        7.5162461
     265.0000000        7.4823733
     266.0000000        7.4639795
     267.0000000        7.4622806
     268.0000000        7.4337034
     269.0000000        7.4234295
     270.0000000        7.4425947
     271.0000000        7.4599205
     272.0000000        7.4685805
     273.0000000        7.4653521
     274.0000000        7.4793956
     275.0000000        7.4950219
     276.0000000        7.5337562
     277.0000000        7.5490392
     278.0000000        7.5569188
     279.0000000        7.5151449
     280.0000000        7.4624417
     281.0000000        7.4153444
     282.0000000        7.3914026
     283.0000000        7.3767622
     284.0000000        7.3838452
     285.0000000        7.3998789
     286.0000000        7.4097316
     287.0000000        7.3500213
     288.0000000        7.3154497
     289.0000000        7.2550207
     290.0000000        7.2541666
     291.0000000        7.3024671
     292.0000000        7.3422571
     293.0000000        7.3881794
     294.0000000        7.4210656
     295.0000000        7.4629790
     296.0000000        7.5015551
     297.0000000        7.5726336
     298.0000000        7.5652614
     299.0000000        7.5196450
     300.0000000        7.4496521
     301.0000000        7.3704770
     302.0000000        7.3032952
     303.0000000        7.1860176
     304.0000000        7.0968012
     305.0000000        7.0168997
     306.0000000        6.9787674
     307.0000000        6.9470123
     308.0000000        6.9495582
     309.0000000        6.9800545
     310.0000000        7.0111320
     311.0000000        7.0801324
     312.0000000        7.1347583
     313.0000000        7.1488926
     314.0000000        7.1266005
     315.0000000        7.0739682
     316.0000000        7.0193055
     317.0000000        7.0145979
     318.0000000        7.0604718
     319.0000000        7.1080994
     320.0000000        7.1747680
     321.0000000        7.2404471
     322.0000000        7.2935653
     323.0000000        7.3060386
     324.0000000        7.3058729
     325.0000000        7.3387912
     326.0000000        7.3890930
     327.0000000        7.4120661
     328.0000000        7.4222226
     329.0000000        7.4702765
     330.0000000        7.5184638
     331.0000000        7.5724435
     332.0000000        7.6263293
     333.0000000        7.6758456
     334.0000000        7.7143274
     335.0000000        7.7946077
     336.0000000        7.8339225
     337.0000000        7.8246037
     338.0000000        7.8011180
     339.0000000        7.7782391
     340.0000000        7.7517343
     341.0000000        7.7329612
     342.0000000        7.6805093
     343.0000000        7.6353659
     344.0000000        7.5914095
     345.0000000        7.5886561
     346.0000000        7.5992784
     347.0000000        7.6116439
     348.0000000        7.6449013
     349.0000000        7.6727222
     350.0000000        7.6900582
     351.0000000        7.6650023
     352.0000000        7.6592719
     353.0000000        7.7072414
     354.0000000        7.7488619
     355.0000000        7.7744857
     356.0000000        7.7539712
     357.0000000        7.7018728
     358.0000000        7.6630330
     359.0000000        7.6184662
     360.0000000        7.6014828
     361.0000000        7.5689345
     362.0000000        7.5932040
     363.0000000        7.6284723
     364.0000000        7.6353097
     365.0000000        7.6951473
     366.0000000        7.7735183
     367.0000000        7.9003464
     368.0000000        8.0166227
     369.0000000        8.1014406
     370.0000000        8.1375234
     371.0000000        8.1131801
     372.0000000        8.0436752
     373.0000000        7.9812086
     374.0000000        7.8684297
     375.0000000        7.6927168
     376.0000000        7.5573779
     377.0000000        7.3814666
     378.0000000        7.2469548
     379.0000000        7.2119271
     380.0000000        7.1797177
     381.0000000        7.1560641
     382.0000000        7.1558781
     383.0000000        7.1802352
     384.0000000        7.2088286
     385.0000000        7.2815633
     386.0000000        7.3575701
     387.0000000        7.4629830
     388.0000000        7.5584575
     389.0000000        7.6013904
     390.0000000        7.5821384
     391.0000000        7.5843556
     392.0000000        7.5624594
     393.0000000        7.5296285
     394.0000000        7.4473341
     395.0000000        7.3854463
     396.0000000        7.3304645
     397.0000000        7.3084785
     398.0000000        7.2738138
     399.0000000        7.2886013
     400.0000000        7.2977212
     401.0000000        7.2663679
     402.0000000        7.2453559
     403.0000000        7.2270371
     404.0000000        7.2153311
     405.0000000        7.2000812
     406.0000000        7.1871611
     407.0000000        7.1825093
     408.0000000        7.1794128
     409.0000000        7.2082295
     410.0000000        7.2577736
     411.0000000        7.2489627
     412.0000000        7.2619644
     413.0000000        7.2992510
     414.0000000        7.3323210
     415.0000000        7.3751556
     416.0000000        7.4023304
     417.0000000        7.3526537
     418.0000000        7.3123894
     419.0000000        7.2635477
     420.0000000        7.2185283
     421.0000000        7.1817778
     422.0000000        7.1888960
     423.0000000        7.2271253
     424.0000000        7.3001926
     425.0000000        7.3937405
     426.0000000        7.4960737
     427.0000000        7.5816949
     428.0000000        7.6580904
     429.0000000        7.7081319
     430.0000000        7.7594245
     431.0000000        7.8608484
     432.0000000        7.9277026
     433.0000000        7.9587879
     434.0000000        7.9827703
     435.0000000        8.0044880
     436.0000000        8.0471965
     437.0000000        8.0567266
     438.0000000        8.0546427
     439.0000000        7.9457775
     440.0000000        7.8061966
     441.0000000        7.6847476
     442.0000000        7.6060769
     443.0000000        7.5324826
     444.0000000        7.4685130
     445.0000000        7.4176397
     446.0000000        7.3668582
     447.0000000        7.3754817
     448.0000000        7.4384732
     449.0000000        7.5234304
     450.0000000        7.5900807
     451.0000000        7.6606263
     452.0000000        7.7224619
     453.0000000        7.7196283
     454.0000000        7.6567065
     455.0000000        7.6103968
     456.0000000        7.5886831
     457.0000000        7.5745733
     458.0000000        7.5218288
     459.0000000        7.4737023
     460.0000000        7.4222005
     461.0000000        7.4115884
     462.0000000        7.4392060
     463.0000000        7.4964800
     464.0000000        7.5554310
     465.0000000        7.5960052
     466.0000000        7.5994606
     467.0000000        7.5768826
     468.0000000        7.5514773
     469.0000000        7.5057144
     470.0000000        7.4784550
     471.0000000        7.4498869
     472.0000000        7.4437727
     473.0000000        7.4488252
     474.0000000        7.4687848
     475.0000000        7.4724626
     476.0000000        7.4553715
     477.0000000        7.4608517
     478.0000000        7.4233170
     479.0000000        7.3861071
     480.0000000        7.3597753
     481.0000000        7.3520452
     482.0000000        7.3823376
     483.0000000        7.4696189
     484.0000000        7.5458771
     485.0000000        7.6542682
     486.0000000        7.7756325
     487.0000000        7.8440122
     488.0000000        7.8865595
     489.0000000        7.8787801
     490.0000000        7.8388401
     491.0000000        7.7866255
     492.0000000        7.7313549
     493.0000000        7.6820581
     494.0000000        7.6543019
     495.0000000        7.6115270
     496.0000000        7.5815627
     497.0000000        7.5524597
     498.0000000        7.5595543
     499.0000000        7.5499562
     500.0000000        7.5205154
     501.0000000        7.4975454
     502.0000000        7.5353237
     503.0000000        7.5381617
     504.0000000        7.5197457
     505.0000000        7.4352995
     506.0000000        7.3739599
     507.0000000        7.3376538
     508.0000000        7.3025250
     509.0000000        7.2867546
     510.0000000        7.2648082
     511.0000000        7.2580125
     512.0000000        7.2675783
     513.0000000        7.2769126
     514.0000000        7.2795112
     515.0000000        7.3144078
     516.0000000        7.3477838
     517.0000000        7.3904772
     518.0000000        7.3981808
     519.0000000        7.3332628
     520.0000000        7.3091364
     521.0000000        7.2941245
     522.0000000        7.2767810
     523.0000000        7.2535699
     524.0000000        7.2221434
     525.0000000        7.2471632
     526.0000000        7.2795003
     527.0000000        7.3148708
     528.0000000        7.3502346
     529.0000000        7.4001586
     530.0000000        7.4378884
     531.0000000        7.4229603
     532.0000000        7.3936306
     533.0000000        7.3532718
     534.0000000        7.3405800
     535.0000000        7.3156006
     536.0000000        7.3158110
     537.0000000        7.2974042
     538.0000000        7.2943988
     539.0000000        7.2700452
     540.0000000        7.2386410
     541.0000000        7.2405784
     542.0000000        7.2713119
     543.0000000        7.3080804
     544.0000000        7.3039679
     545.0000000        7.3388496
     546.0000000        7.3563179
     547.0000000        7.3647988
     548.0000000        7.3590276
     549.0000000        7.4012660
     550.0000000        7.4709146
     551.0000000        7.5267458
     552.0000000        7.6008306
     553.0000000        7.6687171
     554.0000000        7.7107390
     555.0000000        7.7679029
     556.0000000        7.8557261
     557.0000000        7.9299908
     558.0000000        7.9524246
     559.0000000        7.9319443
     560.0000000        7.9533307
     561.0000000        7.9532065
     562.0000000        7.9572610
     563.0000000        7.9566132
     564.0000000        7.9470429
     565.0000000        7.9522524
     566.0000000        7.9754588
     567.0000000        7.9501240
     568.0000000        7.8850215
     569.0000000        7.7772814
     570.0000000        7.7036420
     571.0000000        7.6242082
     572.0000000        7.5205404
     573.0000000        7.4670556
     574.0000000        7.4301686
     575.0000000        7.4246033
     576.0000000        7.4574830
     577.0000000        7.5011760
     578.0000000        7.5304324
     579.0000000        7.5466642
     580.0000000        7.5463513
     581.0000000        7.5290823
     582.0000000        7.5539713
     583.0000000        7.5898737
     584.0000000        7.6445435
     585.0000000        7.6879067
     586.0000000        7.7396890
     587.0000000        7.7506113
     588.0000000        7.7767512
     589.0000000        7.7707495
     590.0000000        7.8282203
     591.0000000        7.8667054
     592.0000000        7.8967579
     593.0000000        7.9720458
     594.0000000        8.0443758
     595.0000000        8.1086799
     596.0000000        8.1247845
     597.0000000        8.1273161
     598.0000000        8.0711404
     599.0000000        8.0424945
     600.0000000        8.0258455
