       1.0000000        4.6555562
       2.0000000        3.6111593
       3.0000000        3.1239555
       4.0000000        2.8435588
       5.0000000        2.6642625
       6.0000000        2.5358887
       7.0000000        2.4422669
       8.0000000        2.3770177
       9.0000000        2.3307014
      10.0000000        2.3037353
      11.0000000        2.2901781
      12.0000000        2.2814183
      13.0000000        2.2732151
      14.0000000        2.2580130
      15.0000000        2.2351186
      16.0000000        2.2119770
      17.0000000        2.1989174
      18.0000000        2.1937971
      19.0000000        2.1912434
      20.0000000        2.1879985
      21.0000000        2.1880505
      22.0000000        2.1921525
      23.0000000        2.1949825
      24.0000000        2.1964135
      25.0000000        2.2024763
      26.0000000        2.2174776
      27.0000000        2.2414989
      28.0000000        2.2632430
      29.0000000        2.2724593
      30.0000000        2.2682242
      31.0000000        2.2549779
      32.0000000        2.2392488
      33.0000000        2.2233250
      34.0000000        2.2078388
      35.0000000        2.1931727
      36.0000000        2.1824772
      37.0000000        2.1835968
      38.0000000        2.1908813
      39.0000000        2.1957214
      40.0000000        2.1964898
      41.0000000        2.1974432
      42.0000000        2.1985090
      43.0000000        2.2007446
      44.0000000        2.2053881
      45.0000000        2.2158878
      46.0000000        2.2302349
      47.0000000        2.2405548
      48.0000000        2.2396491
      49.0000000        2.2286251
      50.0000000        2.2207994
      51.0000000        2.2183926
      52.0000000        2.2164657
      53.0000000        2.2167099
      54.0000000        2.2226150
      55.0000000        2.2296791
      56.0000000        2.2301979
      57.0000000        2.2262239
      58.0000000        2.2200871
      59.0000000        2.2106271
      60.0000000        2.2044587
      61.0000000        2.2051442
      62.0000000        2.2017329
      63.0000000        2.1979887
      64.0000000        2.1970396
      65.0000000        2.1973262
      66.0000000        2.1928256
      67.0000000        2.1835115
      68.0000000        2.1761985
      69.0000000        2.1773851
      70.0000000        2.1850772
      71.0000000        2.1886506
      72.0000000        2.1812263
      73.0000000        2.1737006
      74.0000000        2.1740160
      75.0000000        2.1808572
      76.0000000        2.1905050
      77.0000000        2.1972065
      78.0000000        2.1962039
      79.0000000        2.1917000
      80.0000000        2.1888640
      81.0000000        2.1914568
      82.0000000        2.1894071
      83.0000000        2.1793330
      84.0000000        2.1718483
      85.0000000        2.1733680
      86.0000000        2.1793895
      87.0000000        2.1858263
      88.0000000        2.1955600
      89.0000000        2.2044730
      90.0000000        2.2070835
      91.0000000        2.1988945
      92.0000000        2.1886103
      93.0000000        2.1816475
      94.0000000        2.1786397
      95.0000000        2.1768847
      96.0000000        2.1770482
      97.0000000        2.1834402
      98.0000000        2.1958039
      99.0000000        2.2107611
     100.0000000        2.2255216
     101.0000000        2.2349391
     102.0000000        2.2378373
     103.0000000        2.2373981
     104.0000000        2.2355962
     105.0000000        2.2332153
     106.0000000        2.2320228
     107.0000000        2.2328475
     108.0000000        2.2240903
     109.0000000        2.2072532
     110.0000000        2.1949430
     111.0000000        2.1866832
     112.0000000        2.1779542
     113.0000000        2.1693835
     114.0000000        2.1687191
     115.0000000        2.1757839
     116.0000000        2.1819828
     117.0000000        2.1851363
     118.0000000        2.1854749
     119.0000000        2.1893935
     120.0000000        2.1995101
     121.0000000        2.2071567
     122.0000000        2.2047031
     123.0000000        2.1993618
     124.0000000        2.2006545
     125.0000000        2.2041698
     126.0000000        2.2042375
     127.0000000        2.2028236
     128.0000000        2.2036474
     129.0000000        2.2032604
     130.0000000        2.1992605
     131.0000000        2.1926613
     132.0000000        2.1894267
     133.0000000        2.1906185
     134.0000000        2.1946559
     135.0000000        2.1985095
     136.0000000        2.2015309
     137.0000000        2.2008972
     138.0000000        2.1983387
     139.0000000        2.1965556
     140.0000000        2.1917734
     141.0000000        2.1889060
     142.0000000        2.1863973
     143.0000000        2.1844125
     144.0000000        2.1799121
     145.0000000        2.1730742
     146.0000000        2.1677885
     147.0000000        2.1622157
     148.0000000        2.1629241
     149.0000000        2.1662841
     150.0000000        2.1692269
     151.0000000        2.1731365
     152.0000000        2.1731751
     153.0000000        2.1734927
     154.0000000        2.1788988
     155.0000000        2.1859274
     156.0000000        2.1907668
     157.0000000        2.1918163
     158.0000000        2.1896276
     159.0000000        2.1894159
     160.0000000        2.1899798
     161.0000000        2.1834385
     162.0000000        2.1750562
     163.0000000        2.1671660
     164.0000000        2.1601393
     165.0000000        2.1591258
     166.0000000        2.1666512
     167.0000000        2.1750426
     168.0000000        2.1771634
     169.0000000        2.1742034
     170.0000000        2.1752937
     171.0000000        2.1825862
     172.0000000        2.1884406
     173.0000000        2.1884611
     174.0000000        2.1910667
     175.0000000        2.1980183
     176.0000000        2.2035987
     177.0000000        2.2051561
     178.0000000        2.2052600
     179.0000000        2.1985102
     180.0000000        2.1882970
     181.0000000        2.1840515
     182.0000000        2.1830955
     183.0000000        2.1838837
     184.0000000        2.1924801
     185.0000000        2.2043991
     186.0000000        2.2127514
     187.0000000        2.2236254
     188.0000000        2.2412004
     189.0000000        2.2476130
     190.0000000        2.2360225
     191.0000000        2.2174795
     192.0000000        2.1998489
     193.0000000        2.1862221
     194.0000000        2.1782663
     195.0000000        2.1739359
     196.0000000        2.1752388
     197.0000000        2.1773047
     198.0000000        2.1806200
     199.0000000        2.1852725
     200.0000000        2.1885676
     201.0000000        2.1928313
     202.0000000        2.2021472
     203.0000000        2.2151039
     204.0000000        2.2248094
     205.0000000        2.2305839
     206.0000000        2.2428575
     207.0000000        2.2579150
     208.0000000        2.2689054
     209.0000000        2.2767026
     210.0000000        2.2770479
     211.0000000        2.2664244
     212.0000000        2.2527013
     213.0000000        2.2441320
     214.0000000        2.2385852
     215.0000000        2.2343361
     216.0000000        2.2324519
     217.0000000        2.2326913
     218.0000000        2.2259629
     219.0000000        2.2138851
     220.0000000        2.2015543
     221.0000000        2.1908846
     222.0000000        2.1827047
     223.0000000        2.1810803
     224.0000000        2.1837924
     225.0000000        2.1830549
     226.0000000        2.1793475
     227.0000000        2.1732640
     228.0000000        2.1703668
     229.0000000        2.1692431
     230.0000000        2.1669703
     231.0000000        2.1635320
     232.0000000        2.1593809
     233.0000000        2.1585028
     234.0000000        2.1626687
     235.0000000        2.1664846
     236.0000000        2.1696501
     237.0000000        2.1697264
     238.0000000        2.1680071
     239.0000000        2.1699369
     240.0000000        2.1727009
     241.0000000        2.1718388
     242.0000000        2.1708529
     243.0000000        2.1734350
     244.0000000        2.1785955
     245.0000000        2.1813560
     246.0000000        2.1832166
     247.0000000        2.1883440
     248.0000000        2.1944342
     249.0000000        2.1951141
     250.0000000        2.1917078
     251.0000000        2.1878452
     252.0000000        2.1858761
     253.0000000        2.1875675
     254.0000000        2.1866181
     255.0000000        2.1799185
     256.0000000        2.1735194
     257.0000000        2.1689277
     258.0000000        2.1632001
     259.0000000        2.1604686
     260.0000000        2.1626892
     261.0000000        2.1681185
     262.0000000        2.1709385
     263.0000000        2.1711979
     264.0000000        2.1700397
     265.0000000        2.1744614
     266.0000000        2.1824522
     267.0000000        2.1901474
     268.0000000        2.1942139
     269.0000000        2.1946995
     270.0000000        2.1960919
     271.0000000        2.2018068
     272.0000000        2.2113166
     273.0000000        2.2212617
     274.0000000        2.2282791
     275.0000000        2.2268777
     276.0000000        2.2190676
     277.0000000        2.2083635
     278.0000000        2.1978755
     279.0000000        2.1873245
     280.0000000        2.1791801
     281.0000000        2.1780663
     282.0000000        2.1797256
     283.0000000        2.1787150
     284.0000000        2.1788721
     285.0000000        2.1821117
     286.0000000        2.1887946
     287.0000000        2.2009735
     288.0000000        2.2142413
     289.0000000        2.2227452
     290.0000000        2.2263784
     291.0000000        2.2265592
     292.0000000        2.2233005
     293.0000000        2.2158098
     294.0000000        2.2054474
     295.0000000        2.1947529
     296.0000000        2.1863406
     297.0000000        2.1793780
     298.0000000        2.1756687
     299.0000000        2.1735790
     300.0000000        2.1651585
     301.0000000        2.1558380
     302.0000000        2.1541696
     303.0000000        2.1593652
     304.0000000        2.1632209
     305.0000000        2.1678481
     306.0000000        2.1712284
     307.0000000        2.1745450
     308.0000000        2.1808422
     309.0000000        2.1929710
     310.0000000        2.2024772
     311.0000000        2.2038689
     312.0000000        2.2029757
     313.0000000        2.2033677
     314.0000000        2.2042189
     315.0000000        2.2098150
     316.0000000        2.2174306
     317.0000000        2.2173805
     318.0000000        2.2110515
     319.0000000        2.2064233
     320.0000000        2.2034740
     321.0000000        2.1961446
     322.0000000        2.1867266
     323.0000000        2.1776021
     324.0000000        2.1717026
     325.0000000        2.1703408
     326.0000000        2.1718862
     327.0000000        2.1776273
     328.0000000        2.1823542
     329.0000000        2.1862957
     330.0000000        2.1916099
     331.0000000        2.1944299
     332.0000000        2.1964991
     333.0000000        2.1980517
     334.0000000        2.1972666
     335.0000000        2.1923578
     336.0000000        2.1852884
     337.0000000        2.1810529
     338.0000000        2.1810923
     339.0000000        2.1850364
     340.0000000        2.1886401
     341.0000000        2.1924565
     342.0000000        2.1928809
     343.0000000        2.1925488
     344.0000000        2.2012458
     345.0000000        2.2163551
     346.0000000        2.2328329
     347.0000000        2.2436910
     348.0000000        2.2501221
     349.0000000        2.2559283
     350.0000000        2.2576551
     351.0000000        2.2510457
     352.0000000        2.2381046
     353.0000000        2.2252045
     354.0000000        2.2183068
     355.0000000        2.2156076
     356.0000000        2.2122433
     357.0000000        2.2071066
     358.0000000        2.1991661
     359.0000000        2.1893597
     360.0000000        2.1783926
     361.0000000        2.1749256
     362.0000000        2.1771667
     363.0000000        2.1750171
     364.0000000        2.1662621
     365.0000000        2.1641922
     366.0000000        2.1679184
     367.0000000        2.1693115
     368.0000000        2.1704669
     369.0000000        2.1715114
     370.0000000        2.1741378
     371.0000000        2.1765499
     372.0000000        2.1801002
     373.0000000        2.1861894
     374.0000000        2.1967332
     375.0000000        2.2082374
     376.0000000        2.2171128
     377.0000000        2.2170129
     378.0000000        2.2063713
     379.0000000        2.1905301
     380.0000000        2.1762350
     381.0000000        2.1644375
     382.0000000        2.1567869
     383.0000000        2.1540716
     384.0000000        2.1548607
     385.0000000        2.1592519
     386.0000000        2.1661627
     387.0000000        2.1714630
     388.0000000        2.1736405
     389.0000000        2.1748939
     390.0000000        2.1784043
     391.0000000        2.1858072
     392.0000000        2.1989572
     393.0000000        2.2110944
     394.0000000        2.2208905
     395.0000000        2.2319350
     396.0000000        2.2454655
     397.0000000        2.2619672
     398.0000000        2.2709410
     399.0000000        2.2699873
     400.0000000        2.2723060
     401.0000000        2.2785583
     402.0000000        2.2818713
     403.0000000        2.2813261
     404.0000000        2.2718017
     405.0000000        2.2602317
     406.0000000        2.2550204
     407.0000000        2.2515843
     408.0000000        2.2419899
     409.0000000        2.2306705
     410.0000000        2.2217650
     411.0000000        2.2166290
     412.0000000        2.2122655
     413.0000000        2.2070868
     414.0000000        2.2083185
     415.0000000        2.2139130
     416.0000000        2.2185407
     417.0000000        2.2197523
     418.0000000        2.2180367
     419.0000000        2.2147901
     420.0000000        2.2094071
     421.0000000        2.2041454
     422.0000000        2.2002230
     423.0000000        2.1983917
     424.0000000        2.2005179
     425.0000000        2.2011876
     426.0000000        2.1997292
     427.0000000        2.2004242
     428.0000000        2.2002580
     429.0000000        2.2014384
     430.0000000        2.2067528
     431.0000000        2.2128935
     432.0000000        2.2186019
     433.0000000        2.2204051
     434.0000000        2.2146723
     435.0000000        2.2044022
     436.0000000        2.1976941
     437.0000000        2.1966636
     438.0000000        2.2001617
     439.0000000        2.2094343
     440.0000000        2.2233858
     441.0000000        2.2381845
     442.0000000        2.2471485
     443.0000000        2.2446098
     444.0000000        2.2348797
     445.0000000        2.2256906
     446.0000000        2.2265034
     447.0000000        2.2314248
     448.0000000        2.2336621
     449.0000000        2.2373931
     450.0000000        2.2423155
     451.0000000        2.2458282
     452.0000000        2.2467666
     453.0000000        2.2476513
     454.0000000        2.2466557
     455.0000000        2.2407351
     456.0000000        2.2312293
     457.0000000        2.2248683
     458.0000000        2.2212801
     459.0000000        2.2135229
     460.0000000        2.1966858
     461.0000000        2.1825402
     462.0000000        2.1745350
     463.0000000        2.1696925
     464.0000000        2.1654873
     465.0000000        2.1613441
     466.0000000        2.1588750
     467.0000000        2.1597769
     468.0000000        2.1678352
     469.0000000        2.1822190
     470.0000000        2.1957669
     471.0000000        2.2042916
     472.0000000        2.2114220
     473.0000000        2.2164297
     474.0000000        2.2237043
     475.0000000        2.2343652
     476.0000000        2.2380650
     477.0000000        2.2327352
     478.0000000        2.2212980
     479.0000000        2.2089968
     480.0000000        2.2027092
     481.0000000        2.2034993
     482.0000000        2.2053602
     483.0000000        2.2018485
     484.0000000        2.1952302
     485.0000000        2.1882112
     486.0000000        2.1845951
     487.0000000        2.1829786
     488.0000000        2.1806815
     489.0000000        2.1783597
     490.0000000        2.1786082
     491.0000000        2.1803160
     492.0000000        2.1811099
     493.0000000        2.1820590
     494.0000000        2.1811049
     495.0000000        2.1778491
     496.0000000        2.1795599
     497.0000000        2.1869709
     498.0000000        2.1914299
     499.0000000        2.1965137
     500.0000000        2.2031581
     501.0000000        2.2020986
     502.0000000        2.1935725
     503.0000000        2.1841311
     504.0000000        2.1777108
     505.0000000        2.1750708
     506.0000000        2.1743808
     507.0000000        2.1727180
     508.0000000        2.1679213
     509.0000000        2.1613147
     510.0000000        2.1581087
     511.0000000        2.1588354
     512.0000000        2.1632228
     513.0000000        2.1661093
     514.0000000        2.1652658
     515.0000000        2.1653807
     516.0000000        2.1715200
     517.0000000        2.1801584
     518.0000000        2.1865470
     519.0000000        2.1871097
     520.0000000        2.1869972
     521.0000000        2.1935065
     522.0000000        2.1989551
     523.0000000        2.1988425
     524.0000000        2.1975274
     525.0000000        2.1985400
     526.0000000        2.2013123
     527.0000000        2.2046990
     528.0000000        2.2042398
     529.0000000        2.1998973
     530.0000000        2.1988997
     531.0000000        2.2007327
     532.0000000        2.2022784
     533.0000000        2.2071238
     534.0000000        2.2119412
     535.0000000        2.2175558
     536.0000000        2.2215106
     537.0000000        2.2193954
     538.0000000        2.2132831
     539.0000000        2.2088127
     540.0000000        2.2102058
     541.0000000        2.2129047
     542.0000000        2.2159932
     543.0000000        2.2200987
     544.0000000        2.2237275
     545.0000000        2.2277503
     546.0000000        2.2288327
     547.0000000        2.2210109
     548.0000000        2.2146196
     549.0000000        2.2182944
     550.0000000        2.2212760
     551.0000000        2.2198825
     552.0000000        2.2203090
     553.0000000        2.2208805
     554.0000000        2.2205920
     555.0000000        2.2258208
     556.0000000        2.2311888
     557.0000000        2.2295051
     558.0000000        2.2254908
     559.0000000        2.2192366
     560.0000000        2.2170618
     561.0000000        2.2205703
     562.0000000        2.2263615
     563.0000000        2.2326856
     564.0000000        2.2328494
     565.0000000        2.2310696
     566.0000000        2.2323465
     567.0000000        2.2333550
     568.0000000        2.2329915
     569.0000000        2.2300169
     570.0000000        2.2277415
     571.0000000        2.2195168
     572.0000000        2.2082670
     573.0000000        2.2023602
     574.0000000        2.2039649
     575.0000000        2.2027953
     576.0000000        2.1950212
     577.0000000        2.1895850
     578.0000000        2.1906664
     579.0000000        2.1956210
     580.0000000        2.2032795
     581.0000000        2.2157567
     582.0000000        2.2228308
     583.0000000        2.2277505
     584.0000000        2.2392213
     585.0000000        2.2522335
     586.0000000        2.2572184
     587.0000000        2.2540116
     588.0000000        2.2475932
     589.0000000        2.2401190
     590.0000000        2.2284997
     591.0000000        2.2183449
     592.0000000        2.2116959
     593.0000000        2.2012062
     594.0000000        2.1884136
     595.0000000        2.1784325
     596.0000000        2.1746590
     597.0000000        2.1760755
     598.0000000        2.1784279
     599.0000000        2.1821690
     600.0000000        2.1878293
