       1.0000000        3.7426045
       2.0000000        3.6626792
       3.0000000        3.4882996
       4.0000000        3.3117747
       5.0000000        3.1607671
       6.0000000        3.0280595
       7.0000000        2.9307289
       8.0000000        2.8543444
       9.0000000        2.7940307
      10.0000000        2.7441130
      11.0000000        2.7178190
      12.0000000        2.6994855
      13.0000000        2.6885359
      14.0000000        2.6783593
      15.0000000        2.6625826
      16.0000000        2.6563406
      17.0000000        2.6536419
      18.0000000        2.6462176
      19.0000000        2.6438344
      20.0000000        2.6381834
      21.0000000        2.6298237
      22.0000000        2.6176424
      23.0000000        2.6092894
      24.0000000        2.6024773
      25.0000000        2.5894988
      26.0000000        2.5802391
      27.0000000        2.5698514
      28.0000000        2.5600457
      29.0000000        2.5531061
      30.0000000        2.5418665
      31.0000000        2.5367994
      32.0000000        2.5358543
      33.0000000        2.5371072
      34.0000000        2.5371454
      35.0000000        2.5429766
      36.0000000        2.5510483
      37.0000000        2.5585687
      38.0000000        2.5588040
      39.0000000        2.5589380
      40.0000000        2.5579472
      41.0000000        2.5582337
      42.0000000        2.5680361
      43.0000000        2.5804462
      44.0000000        2.5971906
      45.0000000        2.6118653
      46.0000000        2.6258848
      47.0000000        2.6421170
      48.0000000        2.6540878
      49.0000000        2.6555874
      50.0000000        2.6537275
      51.0000000        2.6534045
      52.0000000        2.6459179
      53.0000000        2.6411223
      54.0000000        2.6311975
      55.0000000        2.6213665
      56.0000000        2.6114166
      57.0000000        2.6094415
      58.0000000        2.6146386
      59.0000000        2.6104949
      60.0000000        2.6089201
      61.0000000        2.5995100
      62.0000000        2.5869446
      63.0000000        2.5878847
      64.0000000        2.5824206
      65.0000000        2.5800653
      66.0000000        2.5766079
      67.0000000        2.5712497
      68.0000000        2.5669279
      69.0000000        2.5650845
      70.0000000        2.5719223
      71.0000000        2.5820084
      72.0000000        2.5955398
      73.0000000        2.6115324
      74.0000000        2.6183844
      75.0000000        2.6161647
      76.0000000        2.6157284
      77.0000000        2.6107383
      78.0000000        2.6079566
      79.0000000        2.6062002
      80.0000000        2.6026106
      81.0000000        2.6048560
      82.0000000        2.6040084
      83.0000000        2.6058109
      84.0000000        2.6048386
      85.0000000        2.6022100
      86.0000000        2.5914214
      87.0000000        2.5790775
      88.0000000        2.5690138
      89.0000000        2.5574312
      90.0000000        2.5500331
      91.0000000        2.5431809
      92.0000000        2.5414777
      93.0000000        2.5418727
      94.0000000        2.5381143
      95.0000000        2.5423670
      96.0000000        2.5580859
      97.0000000        2.5648437
      98.0000000        2.5714231
      99.0000000        2.5766401
     100.0000000        2.5756094
     101.0000000        2.5682330
     102.0000000        2.5556662
     103.0000000        2.5487800
     104.0000000        2.5450974
     105.0000000        2.5398862
     106.0000000        2.5386913
     107.0000000        2.5422142
     108.0000000        2.5443680
     109.0000000        2.5516300
     110.0000000        2.5590608
     111.0000000        2.5699444
     112.0000000        2.5786083
     113.0000000        2.5896950
     114.0000000        2.6067603
     115.0000000        2.6204755
     116.0000000        2.6241663
     117.0000000        2.6212947
     118.0000000        2.6120362
     119.0000000        2.5998912
     120.0000000        2.5946133
     121.0000000        2.5893946
     122.0000000        2.5840876
     123.0000000        2.5777512
     124.0000000        2.5704639
     125.0000000        2.5639303
     126.0000000        2.5546656
     127.0000000        2.5418389
     128.0000000        2.5364878
     129.0000000        2.5253706
     130.0000000        2.5180976
     131.0000000        2.5139513
     132.0000000        2.5152054
     133.0000000        2.5226068
     134.0000000        2.5284476
     135.0000000        2.5405579
     136.0000000        2.5458281
     137.0000000        2.5509219
     138.0000000        2.5608737
     139.0000000        2.5700901
     140.0000000        2.5781047
     141.0000000        2.5806973
     142.0000000        2.5830128
     143.0000000        2.5870495
     144.0000000        2.5869627
     145.0000000        2.5924962
     146.0000000        2.6005104
     147.0000000        2.6110282
     148.0000000        2.6205401
     149.0000000        2.6234589
     150.0000000        2.6213229
     151.0000000        2.6211271
     152.0000000        2.6125190
     153.0000000        2.6097906
     154.0000000        2.6062286
     155.0000000        2.6078780
     156.0000000        2.6151781
     157.0000000        2.6135409
     158.0000000        2.6119354
     159.0000000        2.6102703
     160.0000000        2.6086886
     161.0000000        2.6124225
     162.0000000        2.6120095
     163.0000000        2.6160822
     164.0000000        2.6143751
     165.0000000        2.6131017
     166.0000000        2.6145802
     167.0000000        2.6143117
     168.0000000        2.6182711
     169.0000000        2.6215413
     170.0000000        2.6240933
     171.0000000        2.6271148
     172.0000000        2.6239736
     173.0000000        2.6191633
     174.0000000        2.6082687
     175.0000000        2.5963118
     176.0000000        2.5983174
     177.0000000        2.6014879
     178.0000000        2.6044967
     179.0000000        2.6178265
     180.0000000        2.6326149
     181.0000000        2.6417994
     182.0000000        2.6496162
     183.0000000        2.6595802
     184.0000000        2.6740949
     185.0000000        2.6849580
     186.0000000        2.6890767
     187.0000000        2.6846290
     188.0000000        2.6765196
     189.0000000        2.6646369
     190.0000000        2.6619267
     191.0000000        2.6461270
     192.0000000        2.6316571
     193.0000000        2.6110852
     194.0000000        2.5963302
     195.0000000        2.5829959
     196.0000000        2.5793622
     197.0000000        2.5841479
     198.0000000        2.5907145
     199.0000000        2.5958581
     200.0000000        2.5959413
     201.0000000        2.5914361
     202.0000000        2.5876455
     203.0000000        2.5838075
     204.0000000        2.5798562
     205.0000000        2.5885437
     206.0000000        2.5972588
     207.0000000        2.5999060
     208.0000000        2.6064944
     209.0000000        2.6179566
     210.0000000        2.6170461
     211.0000000        2.6205587
     212.0000000        2.6238902
     213.0000000        2.6261418
     214.0000000        2.6363142
     215.0000000        2.6333604
     216.0000000        2.6351681
     217.0000000        2.6358933
     218.0000000        2.6400831
     219.0000000        2.6361940
     220.0000000        2.6374025
     221.0000000        2.6404927
     222.0000000        2.6431687
     223.0000000        2.6422813
     224.0000000        2.6366975
     225.0000000        2.6327662
     226.0000000        2.6309080
     227.0000000        2.6269600
     228.0000000        2.6188340
     229.0000000        2.6114397
     230.0000000        2.5969470
     231.0000000        2.5910010
     232.0000000        2.5914097
     233.0000000        2.5957170
     234.0000000        2.5999837
     235.0000000        2.5968184
     236.0000000        2.5896554
     237.0000000        2.5795612
     238.0000000        2.5685623
     239.0000000        2.5621083
     240.0000000        2.5605538
     241.0000000        2.5572789
     242.0000000        2.5502267
     243.0000000        2.5475237
     244.0000000        2.5426917
     245.0000000        2.5385325
     246.0000000        2.5413520
     247.0000000        2.5494421
     248.0000000        2.5624747
     249.0000000        2.5727539
     250.0000000        2.5754330
     251.0000000        2.5794754
     252.0000000        2.5791883
     253.0000000        2.5839291
     254.0000000        2.5865257
     255.0000000        2.5837765
     256.0000000        2.5844729
     257.0000000        2.5798514
     258.0000000        2.5702355
     259.0000000        2.5643554
     260.0000000        2.5572805
     261.0000000        2.5524280
     262.0000000        2.5464835
     263.0000000        2.5385067
     264.0000000        2.5291815
     265.0000000        2.5233612
     266.0000000        2.5216546
     267.0000000        2.5175169
     268.0000000        2.5226688
     269.0000000        2.5347953
     270.0000000        2.5347333
     271.0000000        2.5379324
     272.0000000        2.5447679
     273.0000000        2.5451169
     274.0000000        2.5547655
     275.0000000        2.5671685
     276.0000000        2.5744736
     277.0000000        2.5870359
     278.0000000        2.6003735
     279.0000000        2.6160896
     280.0000000        2.6241391
     281.0000000        2.6333120
     282.0000000        2.6430981
     283.0000000        2.6525133
     284.0000000        2.6603029
     285.0000000        2.6719115
     286.0000000        2.6846285
     287.0000000        2.6906283
     288.0000000        2.6904256
     289.0000000        2.6974494
     290.0000000        2.7004590
     291.0000000        2.6954148
     292.0000000        2.6858685
     293.0000000        2.6688275
     294.0000000        2.6463268
     295.0000000        2.6198704
     296.0000000        2.5925183
     297.0000000        2.5759883
     298.0000000        2.5682697
     299.0000000        2.5555966
     300.0000000        2.5452580
     301.0000000        2.5409739
     302.0000000        2.5422571
     303.0000000        2.5517843
     304.0000000        2.5635905
     305.0000000        2.5712698
     306.0000000        2.5750167
     307.0000000        2.5699420
     308.0000000        2.5688703
     309.0000000        2.5569129
     310.0000000        2.5405488
     311.0000000        2.5326016
     312.0000000        2.5211577
     313.0000000        2.5144014
     314.0000000        2.5146229
     315.0000000        2.5173166
     316.0000000        2.5255966
     317.0000000        2.5299528
     318.0000000        2.5330875
     319.0000000        2.5425725
     320.0000000        2.5491700
     321.0000000        2.5603566
     322.0000000        2.5694659
     323.0000000        2.5785875
     324.0000000        2.5849881
     325.0000000        2.5889683
     326.0000000        2.5945578
     327.0000000        2.6019864
     328.0000000        2.6166730
     329.0000000        2.6298959
     330.0000000        2.6415997
     331.0000000        2.6429753
     332.0000000        2.6490600
     333.0000000        2.6438620
     334.0000000        2.6384511
     335.0000000        2.6293454
     336.0000000        2.6188707
     337.0000000        2.6063213
     338.0000000        2.5908360
     339.0000000        2.5769646
     340.0000000        2.5699174
     341.0000000        2.5657780
     342.0000000        2.5653012
     343.0000000        2.5624962
     344.0000000        2.5521531
     345.0000000        2.5427270
     346.0000000        2.5407813
     347.0000000        2.5345852
     348.0000000        2.5297899
     349.0000000        2.5307524
     350.0000000        2.5379598
     351.0000000        2.5508890
     352.0000000        2.5682127
     353.0000000        2.5867674
     354.0000000        2.6009514
     355.0000000        2.6117837
     356.0000000        2.6281443
     357.0000000        2.6346390
     358.0000000        2.6422126
     359.0000000        2.6401620
     360.0000000        2.6370838
     361.0000000        2.6234229
     362.0000000        2.6108088
     363.0000000        2.6017036
     364.0000000        2.5921843
     365.0000000        2.5816932
     366.0000000        2.5775924
     367.0000000        2.5782444
     368.0000000        2.5827968
     369.0000000        2.5923514
     370.0000000        2.6024516
     371.0000000        2.6068435
     372.0000000        2.5993032
     373.0000000        2.5835147
     374.0000000        2.5866413
     375.0000000        2.5938854
     376.0000000        2.5932782
     377.0000000        2.5997562
     378.0000000        2.6099877
     379.0000000        2.6147764
     380.0000000        2.6137459
     381.0000000        2.6070938
     382.0000000        2.6030571
     383.0000000        2.5960031
     384.0000000        2.5852189
     385.0000000        2.5707788
     386.0000000        2.5576355
     387.0000000        2.5531540
     388.0000000        2.5502889
     389.0000000        2.5430932
     390.0000000        2.5424614
     391.0000000        2.5356324
     392.0000000        2.5330188
     393.0000000        2.5302269
     394.0000000        2.5242434
     395.0000000        2.5266747
     396.0000000        2.5333636
     397.0000000        2.5371058
     398.0000000        2.5402069
     399.0000000        2.5389721
     400.0000000        2.5451238
     401.0000000        2.5475638
     402.0000000        2.5525899
     403.0000000        2.5622163
     404.0000000        2.5755346
     405.0000000        2.5969956
     406.0000000        2.6069214
     407.0000000        2.6170318
     408.0000000        2.6374333
     409.0000000        2.6496930
     410.0000000        2.6606045
     411.0000000        2.6477327
     412.0000000        2.6345835
     413.0000000        2.6234703
     414.0000000        2.6147580
     415.0000000        2.6114688
     416.0000000        2.6082456
     417.0000000        2.6036339
     418.0000000        2.5944812
     419.0000000        2.5814538
     420.0000000        2.5702043
     421.0000000        2.5634089
     422.0000000        2.5614941
     423.0000000        2.5543621
     424.0000000        2.5525382
     425.0000000        2.5513079
     426.0000000        2.5479960
     427.0000000        2.5523455
     428.0000000        2.5631688
     429.0000000        2.5706143
     430.0000000        2.5745316
     431.0000000        2.5738854
     432.0000000        2.5772612
     433.0000000        2.5744088
     434.0000000        2.5803642
     435.0000000        2.5864892
     436.0000000        2.5859973
     437.0000000        2.5834806
     438.0000000        2.5855229
     439.0000000        2.5868587
     440.0000000        2.5866253
     441.0000000        2.5785868
     442.0000000        2.5676076
     443.0000000        2.5567842
     444.0000000        2.5449054
     445.0000000        2.5405893
     446.0000000        2.5407834
     447.0000000        2.5360637
     448.0000000        2.5355046
     449.0000000        2.5406272
     450.0000000        2.5393419
     451.0000000        2.5410073
     452.0000000        2.5426300
     453.0000000        2.5410771
     454.0000000        2.5502794
     455.0000000        2.5612924
     456.0000000        2.5629733
     457.0000000        2.5653167
     458.0000000        2.5664513
     459.0000000        2.5675135
     460.0000000        2.5611224
     461.0000000        2.5526466
     462.0000000        2.5404379
     463.0000000        2.5352068
     464.0000000        2.5384479
     465.0000000        2.5359049
     466.0000000        2.5352499
     467.0000000        2.5429604
     468.0000000        2.5534997
     469.0000000        2.5599046
     470.0000000        2.5620201
     471.0000000        2.5688167
     472.0000000        2.5755532
     473.0000000        2.5916543
     474.0000000        2.6098831
     475.0000000        2.6190779
     476.0000000        2.6331322
     477.0000000        2.6431284
     478.0000000        2.6465673
     479.0000000        2.6483784
     480.0000000        2.6538820
     481.0000000        2.6542492
     482.0000000        2.6523430
     483.0000000        2.6442027
     484.0000000        2.6338387
     485.0000000        2.6254251
     486.0000000        2.6235077
     487.0000000        2.6217639
     488.0000000        2.6251101
     489.0000000        2.6361306
     490.0000000        2.6448357
     491.0000000        2.6518991
     492.0000000        2.6523821
     493.0000000        2.6530282
     494.0000000        2.6555240
     495.0000000        2.6601298
     496.0000000        2.6664608
     497.0000000        2.6668932
     498.0000000        2.6711462
     499.0000000        2.6766677
     500.0000000        2.6770589
     501.0000000        2.6697016
     502.0000000        2.6594524
     503.0000000        2.6489627
     504.0000000        2.6374047
     505.0000000        2.6317229
     506.0000000        2.6319342
     507.0000000        2.6203470
     508.0000000        2.6098742
     509.0000000        2.5998313
     510.0000000        2.5934100
     511.0000000        2.5880551
     512.0000000        2.5891805
     513.0000000        2.5947006
     514.0000000        2.5950630
     515.0000000        2.6001892
     516.0000000        2.6010780
     517.0000000        2.6034167
     518.0000000        2.6047933
     519.0000000        2.6082335
     520.0000000        2.6002963
     521.0000000        2.5891740
     522.0000000        2.5854919
     523.0000000        2.5869458
     524.0000000        2.5781906
     525.0000000        2.5720165
     526.0000000        2.5658989
     527.0000000        2.5709071
     528.0000000        2.5767732
     529.0000000        2.5829468
     530.0000000        2.5845392
     531.0000000        2.5832658
     532.0000000        2.5845323
     533.0000000        2.5830128
     534.0000000        2.5755548
     535.0000000        2.5676095
     536.0000000        2.5580435
     537.0000000        2.5545087
     538.0000000        2.5575209
     539.0000000        2.5673528
     540.0000000        2.5691361
     541.0000000        2.5772152
     542.0000000        2.5865822
     543.0000000        2.5971415
     544.0000000        2.5994368
     545.0000000        2.6055341
     546.0000000        2.6009531
     547.0000000        2.5911725
     548.0000000        2.5902984
     549.0000000        2.5830870
     550.0000000        2.5740743
     551.0000000        2.5712807
     552.0000000        2.5582671
     553.0000000        2.5525913
     554.0000000        2.5479496
     555.0000000        2.5406914
     556.0000000        2.5338905
     557.0000000        2.5246153
     558.0000000        2.5239873
     559.0000000        2.5298679
     560.0000000        2.5353940
     561.0000000        2.5427020
     562.0000000        2.5538824
     563.0000000        2.5667849
     564.0000000        2.5833218
     565.0000000        2.5948546
     566.0000000        2.5910041
     567.0000000        2.5887401
     568.0000000        2.5896854
     569.0000000        2.5935888
     570.0000000        2.6082129
     571.0000000        2.6201336
     572.0000000        2.6235697
     573.0000000        2.6155641
     574.0000000        2.6163507
     575.0000000        2.6198723
     576.0000000        2.6221378
     577.0000000        2.6197410
     578.0000000        2.6147783
     579.0000000        2.6101143
     580.0000000        2.6125090
     581.0000000        2.6184433
     582.0000000        2.6157782
     583.0000000        2.6094856
     584.0000000        2.6063337
     585.0000000        2.6048985
     586.0000000        2.6081543
     587.0000000        2.6164422
     588.0000000        2.6194270
     589.0000000        2.6266015
     590.0000000        2.6339118
     591.0000000        2.6433766
     592.0000000        2.6418545
     593.0000000        2.6395257
     594.0000000        2.6406827
     595.0000000        2.6372981
     596.0000000        2.6327255
     597.0000000        2.6206849
     598.0000000        2.6076574
     599.0000000        2.5990529
     600.0000000        2.5982420
