       1.0000000        3.0165374
       2.0000000        2.7890909
       3.0000000        2.5958505
       4.0000000        2.4610963
       5.0000000        2.3676872
       6.0000000        2.3001502
       7.0000000        2.2553289
       8.0000000        2.2228248
       9.0000000        2.1994033
      10.0000000        2.1865711
      11.0000000        2.1844375
      12.0000000        2.1848514
      13.0000000        2.1826332
      14.0000000        2.1796765
      15.0000000        2.1748052
      16.0000000        2.1739898
      17.0000000        2.1741259
      18.0000000        2.1734796
      19.0000000        2.1704409
      20.0000000        2.1617198
      21.0000000        2.1531372
      22.0000000        2.1469169
      23.0000000        2.1451077
      24.0000000        2.1447520
      25.0000000        2.1407673
      26.0000000        2.1357653
      27.0000000        2.1305947
      28.0000000        2.1260185
      29.0000000        2.1212740
      30.0000000        2.1154912
      31.0000000        2.1162019
      32.0000000        2.1187279
      33.0000000        2.1161091
      34.0000000        2.1121655
      35.0000000        2.1136866
      36.0000000        2.1199708
      37.0000000        2.1267197
      38.0000000        2.1296482
      39.0000000        2.1308196
      40.0000000        2.1305211
      41.0000000        2.1336308
      42.0000000        2.1434357
      43.0000000        2.1554627
      44.0000000        2.1674371
      45.0000000        2.1782422
      46.0000000        2.1861851
      47.0000000        2.1888626
      48.0000000        2.1882217
      49.0000000        2.1851890
      50.0000000        2.1810009
      51.0000000        2.1780262
      52.0000000        2.1726868
      53.0000000        2.1640241
      54.0000000        2.1538742
      55.0000000        2.1458097
      56.0000000        2.1409938
      57.0000000        2.1415040
      58.0000000        2.1440096
      59.0000000        2.1416681
      60.0000000        2.1351864
      61.0000000        2.1325080
      62.0000000        2.1345572
      63.0000000        2.1396339
      64.0000000        2.1406519
      65.0000000        2.1414597
      66.0000000        2.1399038
      67.0000000        2.1361382
      68.0000000        2.1368697
      69.0000000        2.1438348
      70.0000000        2.1543164
      71.0000000        2.1645284
      72.0000000        2.1704626
      73.0000000        2.1704381
      74.0000000        2.1626620
      75.0000000        2.1566577
      76.0000000        2.1550150
      77.0000000        2.1535611
      78.0000000        2.1508703
      79.0000000        2.1527550
      80.0000000        2.1568723
      81.0000000        2.1622531
      82.0000000        2.1632583
      83.0000000        2.1558142
      84.0000000        2.1435788
      85.0000000        2.1316891
      86.0000000        2.1209610
      87.0000000        2.1133752
      88.0000000        2.1096225
      89.0000000        2.1070340
      90.0000000        2.1055572
      91.0000000        2.1050799
      92.0000000        2.1081567
      93.0000000        2.1128831
      94.0000000        2.1173604
      95.0000000        2.1248875
      96.0000000        2.1321926
      97.0000000        2.1346953
      98.0000000        2.1373272
      99.0000000        2.1366715
     100.0000000        2.1330407
     101.0000000        2.1293530
     102.0000000        2.1260576
     103.0000000        2.1255615
     104.0000000        2.1246636
     105.0000000        2.1213200
     106.0000000        2.1224174
     107.0000000        2.1274257
     108.0000000        2.1327310
     109.0000000        2.1437302
     110.0000000        2.1573622
     111.0000000        2.1672134
     112.0000000        2.1704416
     113.0000000        2.1662624
     114.0000000        2.1596892
     115.0000000        2.1541464
     116.0000000        2.1471996
     117.0000000        2.1401341
     118.0000000        2.1357245
     119.0000000        2.1348443
     120.0000000        2.1357305
     121.0000000        2.1348264
     122.0000000        2.1328435
     123.0000000        2.1302328
     124.0000000        2.1275327
     125.0000000        2.1234367
     126.0000000        2.1182542
     127.0000000        2.1106844
     128.0000000        2.1048872
     129.0000000        2.1013992
     130.0000000        2.1022837
     131.0000000        2.1079066
     132.0000000        2.1139739
     133.0000000        2.1193628
     134.0000000        2.1232619
     135.0000000        2.1277788
     136.0000000        2.1288943
     137.0000000        2.1290183
     138.0000000        2.1321094
     139.0000000        2.1382840
     140.0000000        2.1426704
     141.0000000        2.1422157
     142.0000000        2.1420436
     143.0000000        2.1451275
     144.0000000        2.1483769
     145.0000000        2.1516147
     146.0000000        2.1525090
     147.0000000        2.1515849
     148.0000000        2.1523206
     149.0000000        2.1551187
     150.0000000        2.1583257
     151.0000000        2.1596115
     152.0000000        2.1545401
     153.0000000        2.1501644
     154.0000000        2.1492169
     155.0000000        2.1528296
     156.0000000        2.1543810
     157.0000000        2.1498730
     158.0000000        2.1518741
     159.0000000        2.1586189
     160.0000000        2.1642401
     161.0000000        2.1695709
     162.0000000        2.1710217
     163.0000000        2.1674242
     164.0000000        2.1628695
     165.0000000        2.1615183
     166.0000000        2.1625524
     167.0000000        2.1650496
     168.0000000        2.1678634
     169.0000000        2.1672201
     170.0000000        2.1629701
     171.0000000        2.1587281
     172.0000000        2.1545146
     173.0000000        2.1503763
     174.0000000        2.1467803
     175.0000000        2.1470425
     176.0000000        2.1514323
     177.0000000        2.1545472
     178.0000000        2.1577096
     179.0000000        2.1629467
     180.0000000        2.1678631
     181.0000000        2.1731162
     182.0000000        2.1813967
     183.0000000        2.1893277
     184.0000000        2.1935651
     185.0000000        2.1968586
     186.0000000        2.1995332
     187.0000000        2.1948593
     188.0000000        2.1840982
     189.0000000        2.1726489
     190.0000000        2.1648543
     191.0000000        2.1532691
     192.0000000        2.1432924
     193.0000000        2.1323214
     194.0000000        2.1273873
     195.0000000        2.1267760
     196.0000000        2.1305437
     197.0000000        2.1391125
     198.0000000        2.1495116
     199.0000000        2.1539364
     200.0000000        2.1515763
     201.0000000        2.1475499
     202.0000000        2.1432846
     203.0000000        2.1399844
     204.0000000        2.1377242
     205.0000000        2.1397648
     206.0000000        2.1437116
     207.0000000        2.1468222
     208.0000000        2.1523418
     209.0000000        2.1603978
     210.0000000        2.1642735
     211.0000000        2.1653247
     212.0000000        2.1626132
     213.0000000        2.1593869
     214.0000000        2.1590395
     215.0000000        2.1585054
     216.0000000        2.1639507
     217.0000000        2.1692314
     218.0000000        2.1711578
     219.0000000        2.1672578
     220.0000000        2.1604533
     221.0000000        2.1560707
     222.0000000        2.1542935
     223.0000000        2.1536982
     224.0000000        2.1523798
     225.0000000        2.1505907
     226.0000000        2.1478615
     227.0000000        2.1430426
     228.0000000        2.1384017
     229.0000000        2.1347561
     230.0000000        2.1308992
     231.0000000        2.1324990
     232.0000000        2.1410847
     233.0000000        2.1507518
     234.0000000        2.1540003
     235.0000000        2.1498091
     236.0000000        2.1413772
     237.0000000        2.1312528
     238.0000000        2.1231616
     239.0000000        2.1175377
     240.0000000        2.1165559
     241.0000000        2.1153255
     242.0000000        2.1137571
     243.0000000        2.1151056
     244.0000000        2.1146972
     245.0000000        2.1162171
     246.0000000        2.1224742
     247.0000000        2.1296754
     248.0000000        2.1333785
     249.0000000        2.1336935
     250.0000000        2.1300642
     251.0000000        2.1284089
     252.0000000        2.1292698
     253.0000000        2.1347008
     254.0000000        2.1384861
     255.0000000        2.1393321
     256.0000000        2.1383677
     257.0000000        2.1346288
     258.0000000        2.1290033
     259.0000000        2.1243021
     260.0000000        2.1190324
     261.0000000        2.1168759
     262.0000000        2.1160207
     263.0000000        2.1138637
     264.0000000        2.1078603
     265.0000000        2.0992875
     266.0000000        2.0925949
     267.0000000        2.0910161
     268.0000000        2.0971644
     269.0000000        2.1088698
     270.0000000        2.1177924
     271.0000000        2.1262090
     272.0000000        2.1329706
     273.0000000        2.1363595
     274.0000000        2.1394215
     275.0000000        2.1425798
     276.0000000        2.1441774
     277.0000000        2.1462884
     278.0000000        2.1487489
     279.0000000        2.1560962
     280.0000000        2.1644976
     281.0000000        2.1751854
     282.0000000        2.1858160
     283.0000000        2.1912456
     284.0000000        2.1912887
     285.0000000        2.1956534
     286.0000000        2.2002850
     287.0000000        2.2016752
     288.0000000        2.2023804
     289.0000000        2.2015016
     290.0000000        2.1969936
     291.0000000        2.1894751
     292.0000000        2.1807590
     293.0000000        2.1667092
     294.0000000        2.1528029
     295.0000000        2.1409183
     296.0000000        2.1302485
     297.0000000        2.1245754
     298.0000000        2.1197650
     299.0000000        2.1128044
     300.0000000        2.1123321
     301.0000000        2.1197314
     302.0000000        2.1285274
     303.0000000        2.1358066
     304.0000000        2.1399415
     305.0000000        2.1425164
     306.0000000        2.1433632
     307.0000000        2.1379316
     308.0000000        2.1290112
     309.0000000        2.1159854
     310.0000000        2.1045630
     311.0000000        2.0999458
     312.0000000        2.0987675
     313.0000000        2.0999699
     314.0000000        2.0992768
     315.0000000        2.0977626
     316.0000000        2.1007919
     317.0000000        2.1061254
     318.0000000        2.1112070
     319.0000000        2.1179128
     320.0000000        2.1269646
     321.0000000        2.1359520
     322.0000000        2.1417677
     323.0000000        2.1437440
     324.0000000        2.1443329
     325.0000000        2.1465452
     326.0000000        2.1510653
     327.0000000        2.1587706
     328.0000000        2.1648395
     329.0000000        2.1676831
     330.0000000        2.1693604
     331.0000000        2.1678674
     332.0000000        2.1661942
     333.0000000        2.1630435
     334.0000000        2.1586645
     335.0000000        2.1512842
     336.0000000        2.1413920
     337.0000000        2.1285570
     338.0000000        2.1225867
     339.0000000        2.1233525
     340.0000000        2.1256392
     341.0000000        2.1289747
     342.0000000        2.1298728
     343.0000000        2.1243410
     344.0000000        2.1150169
     345.0000000        2.1083786
     346.0000000        2.1057127
     347.0000000        2.1047530
     348.0000000        2.1054420
     349.0000000        2.1097436
     350.0000000        2.1181459
     351.0000000        2.1333690
     352.0000000        2.1513188
     353.0000000        2.1640122
     354.0000000        2.1692047
     355.0000000        2.1712227
     356.0000000        2.1761580
     357.0000000        2.1787603
     358.0000000        2.1763191
     359.0000000        2.1667542
     360.0000000        2.1565349
     361.0000000        2.1461279
     362.0000000        2.1405709
     363.0000000        2.1400528
     364.0000000        2.1372855
     365.0000000        2.1317616
     366.0000000        2.1295056
     367.0000000        2.1329021
     368.0000000        2.1408823
     369.0000000        2.1497519
     370.0000000        2.1525674
     371.0000000        2.1480272
     372.0000000        2.1417980
     373.0000000        2.1397970
     374.0000000        2.1484334
     375.0000000        2.1549394
     376.0000000        2.1533823
     377.0000000        2.1539557
     378.0000000        2.1564531
     379.0000000        2.1574547
     380.0000000        2.1547883
     381.0000000        2.1501582
     382.0000000        2.1411800
     383.0000000        2.1293571
     384.0000000        2.1238754
     385.0000000        2.1210713
     386.0000000        2.1185486
     387.0000000        2.1161013
     388.0000000        2.1136422
     389.0000000        2.1127996
     390.0000000        2.1147187
     391.0000000        2.1152802
     392.0000000        2.1138189
     393.0000000        2.1133816
     394.0000000        2.1131372
     395.0000000        2.1146414
     396.0000000        2.1163468
     397.0000000        2.1194041
     398.0000000        2.1232810
     399.0000000        2.1295335
     400.0000000        2.1378078
     401.0000000        2.1459992
     402.0000000        2.1520624
     403.0000000        2.1562455
     404.0000000        2.1617260
     405.0000000        2.1704650
     406.0000000        2.1745343
     407.0000000        2.1775744
     408.0000000        2.1848323
     409.0000000        2.1881635
     410.0000000        2.1844935
     411.0000000        2.1701326
     412.0000000        2.1565635
     413.0000000        2.1497846
     414.0000000        2.1481745
     415.0000000        2.1484408
     416.0000000        2.1455092
     417.0000000        2.1375914
     418.0000000        2.1269631
     419.0000000        2.1150734
     420.0000000        2.1083970
     421.0000000        2.1100729
     422.0000000        2.1172428
     423.0000000        2.1214840
     424.0000000        2.1236978
     425.0000000        2.1277683
     426.0000000        2.1342843
     427.0000000        2.1408572
     428.0000000        2.1425107
     429.0000000        2.1372380
     430.0000000        2.1301506
     431.0000000        2.1281803
     432.0000000        2.1289465
     433.0000000        2.1313224
     434.0000000        2.1354098
     435.0000000        2.1370625
     436.0000000        2.1390212
     437.0000000        2.1428158
     438.0000000        2.1487460
     439.0000000        2.1514831
     440.0000000        2.1488094
     441.0000000        2.1408198
     442.0000000        2.1320186
     443.0000000        2.1228421
     444.0000000        2.1178474
     445.0000000        2.1184762
     446.0000000        2.1230724
     447.0000000        2.1244419
     448.0000000        2.1249676
     449.0000000        2.1246386
     450.0000000        2.1215410
     451.0000000        2.1186144
     452.0000000        2.1190557
     453.0000000        2.1225693
     454.0000000        2.1287284
     455.0000000        2.1345971
     456.0000000        2.1357629
     457.0000000        2.1332316
     458.0000000        2.1286938
     459.0000000        2.1232634
     460.0000000        2.1142592
     461.0000000        2.1067169
     462.0000000        2.1029699
     463.0000000        2.1041851
     464.0000000        2.1084952
     465.0000000        2.1107979
     466.0000000        2.1115863
     467.0000000        2.1135995
     468.0000000        2.1159503
     469.0000000        2.1173379
     470.0000000        2.1220295
     471.0000000        2.1343338
     472.0000000        2.1503012
     473.0000000        2.1656642
     474.0000000        2.1769850
     475.0000000        2.1798840
     476.0000000        2.1807437
     477.0000000        2.1852961
     478.0000000        2.1919780
     479.0000000        2.1917672
     480.0000000        2.1862369
     481.0000000        2.1800365
     482.0000000        2.1737993
     483.0000000        2.1669004
     484.0000000        2.1608593
     485.0000000        2.1595354
     486.0000000        2.1619544
     487.0000000        2.1670065
     488.0000000        2.1753066
     489.0000000        2.1822932
     490.0000000        2.1833327
     491.0000000        2.1817729
     492.0000000        2.1804554
     493.0000000        2.1809886
     494.0000000        2.1830552
     495.0000000        2.1841555
     496.0000000        2.1845489
     497.0000000        2.1845369
     498.0000000        2.1883740
     499.0000000        2.1900363
     500.0000000        2.1850922
     501.0000000        2.1761951
     502.0000000        2.1705849
     503.0000000        2.1705143
     504.0000000        2.1720364
     505.0000000        2.1717410
     506.0000000        2.1692698
     507.0000000        2.1617689
     508.0000000        2.1537092
     509.0000000        2.1464343
     510.0000000        2.1413140
     511.0000000        2.1361341
     512.0000000        2.1330631
     513.0000000        2.1350331
     514.0000000        2.1395199
     515.0000000        2.1477411
     516.0000000        2.1549423
     517.0000000        2.1601264
     518.0000000        2.1617866
     519.0000000        2.1587596
     520.0000000        2.1509187
     521.0000000        2.1456740
     522.0000000        2.1454785
     523.0000000        2.1420181
     524.0000000        2.1331320
     525.0000000        2.1281188
     526.0000000        2.1257346
     527.0000000        2.1292591
     528.0000000        2.1331966
     529.0000000        2.1351686
     530.0000000        2.1351306
     531.0000000        2.1306803
     532.0000000        2.1290746
     533.0000000        2.1290159
     534.0000000        2.1272993
     535.0000000        2.1244550
     536.0000000        2.1209292
     537.0000000        2.1222577
     538.0000000        2.1269367
     539.0000000        2.1292305
     540.0000000        2.1296344
     541.0000000        2.1336799
     542.0000000        2.1409690
     543.0000000        2.1483359
     544.0000000        2.1478391
     545.0000000        2.1453280
     546.0000000        2.1442661
     547.0000000        2.1447103
     548.0000000        2.1457391
     549.0000000        2.1416984
     550.0000000        2.1331942
     551.0000000        2.1272044
     552.0000000        2.1236899
     553.0000000        2.1226218
     554.0000000        2.1178174
     555.0000000        2.1109409
     556.0000000        2.1081753
     557.0000000        2.1071448
     558.0000000        2.1091695
     559.0000000        2.1136749
     560.0000000        2.1209733
     561.0000000        2.1320167
     562.0000000        2.1440954
     563.0000000        2.1522088
     564.0000000        2.1529562
     565.0000000        2.1486504
     566.0000000        2.1410489
     567.0000000        2.1370206
     568.0000000        2.1406977
     569.0000000        2.1504011
     570.0000000        2.1600573
     571.0000000        2.1616211
     572.0000000        2.1598055
     573.0000000        2.1584558
     574.0000000        2.1575913
     575.0000000        2.1573861
     576.0000000        2.1579800
     577.0000000        2.1562123
     578.0000000        2.1554282
     579.0000000        2.1593273
     580.0000000        2.1649759
     581.0000000        2.1679556
     582.0000000        2.1646078
     583.0000000        2.1563349
     584.0000000        2.1488724
     585.0000000        2.1455727
     586.0000000        2.1493130
     587.0000000        2.1582344
     588.0000000        2.1666143
     589.0000000        2.1762836
     590.0000000        2.1837645
     591.0000000        2.1867151
     592.0000000        2.1826475
     593.0000000        2.1773024
     594.0000000        2.1726940
     595.0000000        2.1649830
     596.0000000        2.1548362
     597.0000000        2.1440520
     598.0000000        2.1403100
     599.0000000        2.1412797
     600.0000000        2.1443954
