       1.0000000       12.1951370
       2.0000000       11.6767840
       3.0000000       11.4691400
       4.0000000       11.4196040
       5.0000000       11.4354480
       6.0000000       11.3855870
       7.0000000       11.2506630
       8.0000000       11.0662550
       9.0000000       10.8910600
      10.0000000       10.8517930
      11.0000000       10.7333990
      12.0000000       10.4349910
      13.0000000       10.1455480
      14.0000000        9.8152728
      15.0000000        9.4841576
      16.0000000        9.1233908
      17.0000000        8.7754737
      18.0000000        8.4340829
      19.0000000        8.1573021
      20.0000000        7.8868225
      21.0000000        7.6224471
      22.0000000        7.3236152
      23.0000000        6.9897638
      24.0000000        6.7223157
      25.0000000        6.4820245
      26.0000000        6.2774882
      27.0000000        6.1006608
      28.0000000        5.9761922
      29.0000000        5.8757258
      30.0000000        5.8029737
      31.0000000        5.7413219
      32.0000000        5.6619828
      33.0000000        5.6110369
      34.0000000        5.6028539
      35.0000000        5.6225919
      36.0000000        5.6609416
      37.0000000        5.6391605
      38.0000000        5.6635725
      39.0000000        5.7199403
      40.0000000        5.8037731
      41.0000000        5.8969903
      42.0000000        5.9760960
      43.0000000        6.0561995
      44.0000000        6.1431897
      45.0000000        6.2992783
      46.0000000        6.4503355
      47.0000000        6.5388823
      48.0000000        6.6331830
      49.0000000        6.7325785
      50.0000000        6.8110938
      51.0000000        6.8541212
      52.0000000        6.9091833
      53.0000000        6.9351683
      54.0000000        6.8893694
      55.0000000        6.8751075
      56.0000000        6.8516148
      57.0000000        6.8012000
      58.0000000        6.7062926
      59.0000000        6.6219440
      60.0000000        6.6370927
      61.0000000        6.6580353
      62.0000000        6.6717027
      63.0000000        6.6511769
      64.0000000        6.6621409
      65.0000000        6.6652356
      66.0000000        6.6476170
      67.0000000        6.6646224
      68.0000000        6.7327592
      69.0000000        6.8540135
      70.0000000        6.9433281
      71.0000000        6.9933576
      72.0000000        7.0719505
      73.0000000        7.1043267
      74.0000000        7.1138575
      75.0000000        7.1668137
      76.0000000        7.2505272
      77.0000000        7.3068206
      78.0000000        7.3589021
      79.0000000        7.4868700
      80.0000000        7.5786072
      81.0000000        7.6989279
      82.0000000        7.8578143
      83.0000000        8.0393691
      84.0000000        8.2025908
      85.0000000        8.3198312
      86.0000000        8.3999866
      87.0000000        8.4436646
      88.0000000        8.4310358
      89.0000000        8.4968790
      90.0000000        8.4867904
      91.0000000        8.4610433
      92.0000000        8.4340613
      93.0000000        8.4111855
      94.0000000        8.4513951
      95.0000000        8.3857266
      96.0000000        8.2687701
      97.0000000        8.1567633
      98.0000000        8.0396472
      99.0000000        7.8556184
     100.0000000        7.7049316
     101.0000000        7.5706189
     102.0000000        7.3897873
     103.0000000        7.1777599
     104.0000000        6.9692029
     105.0000000        6.7979812
     106.0000000        6.6528138
     107.0000000        6.5055355
     108.0000000        6.3929659
     109.0000000        6.2751288
     110.0000000        6.1883145
     111.0000000        6.1446554
     112.0000000        6.1362930
     113.0000000        6.1302852
     114.0000000        6.0871928
     115.0000000        6.0778902
     116.0000000        6.0690721
     117.0000000        6.0174927
     118.0000000        5.9269434
     119.0000000        5.8314200
     120.0000000        5.7879592
     121.0000000        5.7341140
     122.0000000        5.6962830
     123.0000000        5.6481971
     124.0000000        5.6178350
     125.0000000        5.6157316
     126.0000000        5.5889942
     127.0000000        5.5016452
     128.0000000        5.3760182
     129.0000000        5.2916150
     130.0000000        5.2671873
     131.0000000        5.2689306
     132.0000000        5.2860790
     133.0000000        5.2870994
     134.0000000        5.2599396
     135.0000000        5.2155545
     136.0000000        5.1781543
     137.0000000        5.1641320
     138.0000000        5.1454223
     139.0000000        5.0704948
     140.0000000        4.9646646
     141.0000000        4.8492072
     142.0000000        4.7532256
     143.0000000        4.6947054
     144.0000000        4.6413595
     145.0000000        4.5945797
     146.0000000        4.5400362
     147.0000000        4.4908520
     148.0000000        4.4239549
     149.0000000        4.3280153
     150.0000000        4.2560299
     151.0000000        4.2293279
     152.0000000        4.2431418
     153.0000000        4.2854215
     154.0000000        4.3414127
     155.0000000        4.4170126
     156.0000000        4.4627477
     157.0000000        4.4796600
     158.0000000        4.4744253
     159.0000000        4.4817518
     160.0000000        4.5233935
     161.0000000        4.6060834
     162.0000000        4.7169801
     163.0000000        4.8370171
     164.0000000        4.9534344
     165.0000000        5.0498784
     166.0000000        5.1227210
     167.0000000        5.1954378
     168.0000000        5.2665160
     169.0000000        5.3375822
     170.0000000        5.4561980
     171.0000000        5.5778415
     172.0000000        5.6745850
     173.0000000        5.7876645
     174.0000000        5.9631879
     175.0000000        6.1219769
     176.0000000        6.2725035
     177.0000000        6.4010636
     178.0000000        6.5159742
     179.0000000        6.6166378
     180.0000000        6.6509606
     181.0000000        6.7094283
     182.0000000        6.7690678
     183.0000000        6.8817508
     184.0000000        6.9625928
     185.0000000        7.0139840
     186.0000000        7.0037780
     187.0000000        6.9671874
     188.0000000        6.9508009
     189.0000000        6.9715189
     190.0000000        6.9914529
     191.0000000        7.0354646
     192.0000000        7.0280463
     193.0000000        6.9793716
     194.0000000        6.9293413
     195.0000000        6.9366898
     196.0000000        6.9411341
     197.0000000        6.8935624
     198.0000000        6.8422533
     199.0000000        6.7835445
     200.0000000        6.7474932
     201.0000000        6.7248139
     202.0000000        6.6958971
     203.0000000        6.6454221
     204.0000000        6.5644181
     205.0000000        6.5142288
     206.0000000        6.4904650
     207.0000000        6.4843050
     208.0000000        6.4340183
     209.0000000        6.3876895
     210.0000000        6.3908139
     211.0000000        6.3890805
     212.0000000        6.3964027
     213.0000000        6.4384802
     214.0000000        6.4967260
     215.0000000        6.5339702
     216.0000000        6.5403372
     217.0000000        6.5114808
     218.0000000        6.4815685
     219.0000000        6.4037991
     220.0000000        6.3513212
     221.0000000        6.2652514
     222.0000000        6.1389632
     223.0000000        6.0086866
     224.0000000        5.9063752
     225.0000000        5.8693703
     226.0000000        5.8804787
     227.0000000        5.9285119
     228.0000000        6.0125711
     229.0000000        6.0841504
     230.0000000        6.0814761
     231.0000000        6.0816919
     232.0000000        6.1226430
     233.0000000        6.1937557
     234.0000000        6.2334179
     235.0000000        6.2299555
     236.0000000        6.2111397
     237.0000000        6.1858722
     238.0000000        6.1551223
     239.0000000        6.1336357
     240.0000000        6.1176559
     241.0000000        6.0990304
     242.0000000        6.0638065
     243.0000000        6.0785456
     244.0000000        6.1249991
     245.0000000        6.1634154
     246.0000000        6.2024721
     247.0000000        6.2431744
     248.0000000        6.2788896
     249.0000000        6.3119350
     250.0000000        6.3351141
     251.0000000        6.4028875
     252.0000000        6.4953740
     253.0000000        6.5697390
     254.0000000        6.6317995
     255.0000000        6.7260100
     256.0000000        6.8081036
     257.0000000        6.8430817
     258.0000000        6.8084514
     259.0000000        6.7926810
     260.0000000        6.7918214
     261.0000000        6.7736995
     262.0000000        6.7873470
     263.0000000        6.8445849
     264.0000000        6.8845602
     265.0000000        6.9113673
     266.0000000        6.9336550
     267.0000000        6.9755945
     268.0000000        7.0099166
     269.0000000        7.0196262
     270.0000000        7.0234499
     271.0000000        7.0782384
     272.0000000        7.1036019
     273.0000000        7.1228029
     274.0000000        7.1253402
     275.0000000        7.1130665
     276.0000000        7.0364684
     277.0000000        6.9120518
     278.0000000        6.7989315
     279.0000000        6.6982401
     280.0000000        6.5867847
     281.0000000        6.5226343
     282.0000000        6.5133173
     283.0000000        6.5189007
     284.0000000        6.5180021
     285.0000000        6.5279861
     286.0000000        6.5399045
     287.0000000        6.5611614
     288.0000000        6.5849107
     289.0000000        6.6015354
     290.0000000        6.6613188
     291.0000000        6.7506477
     292.0000000        6.8166545
     293.0000000        6.9100773
     294.0000000        6.9579469
     295.0000000        6.9868448
     296.0000000        7.0533739
     297.0000000        7.0945284
     298.0000000        7.0778568
     299.0000000        7.0403318
     300.0000000        7.0130036
     301.0000000        6.9032895
     302.0000000        6.7496431
     303.0000000        6.5996803
     304.0000000        6.4832691
     305.0000000        6.3763378
     306.0000000        6.3006674
     307.0000000        6.2128864
     308.0000000        6.1216050
     309.0000000        6.0535594
     310.0000000        5.9644430
     311.0000000        5.8875068
     312.0000000        5.7839186
     313.0000000        5.6649216
     314.0000000        5.5330869
     315.0000000        5.4449644
     316.0000000        5.4339078
     317.0000000        5.4353650
     318.0000000        5.4596037
     319.0000000        5.5219739
     320.0000000        5.6308877
     321.0000000        5.7173079
     322.0000000        5.7438070
     323.0000000        5.7698415
     324.0000000        5.7886592
     325.0000000        5.8138737
     326.0000000        5.8630028
     327.0000000        5.9657077
     328.0000000        6.0674043
     329.0000000        6.1433531
     330.0000000        6.2357690
     331.0000000        6.2808777
     332.0000000        6.3304477
     333.0000000        6.3551289
     334.0000000        6.4213023
     335.0000000        6.5379888
     336.0000000        6.6448160
     337.0000000        6.7541701
     338.0000000        6.8883792
     339.0000000        7.0033717
     340.0000000        7.1080727
     341.0000000        7.1509141
     342.0000000        7.2281301
     343.0000000        7.2929054
     344.0000000        7.3117641
     345.0000000        7.3431764
     346.0000000        7.4373612
     347.0000000        7.5175855
     348.0000000        7.6364796
     349.0000000        7.7030703
     350.0000000        7.7379796
     351.0000000        7.6635719
     352.0000000        7.6016189
     353.0000000        7.6126693
     354.0000000        7.5908535
     355.0000000        7.5909144
     356.0000000        7.5321282
     357.0000000        7.5335595
     358.0000000        7.5946584
     359.0000000        7.6162750
     360.0000000        7.5654113
     361.0000000        7.4999504
     362.0000000        7.4415455
     363.0000000        7.3962000
     364.0000000        7.3980388
     365.0000000        7.3784853
     366.0000000        7.3546598
     367.0000000        7.2797451
     368.0000000        7.2308415
     369.0000000        7.2189789
     370.0000000        7.1991987
     371.0000000        7.1536054
     372.0000000        7.0390408
     373.0000000        6.9702291
     374.0000000        6.9290625
     375.0000000        6.8959210
     376.0000000        6.8650603
     377.0000000        6.8149975
     378.0000000        6.7563003
     379.0000000        6.7321707
     380.0000000        6.7683380
     381.0000000        6.8000986
     382.0000000        6.8342621
     383.0000000        6.8358111
     384.0000000        6.8532486
     385.0000000        6.8709554
     386.0000000        6.9077462
     387.0000000        7.0286868
     388.0000000        7.1950643
     389.0000000        7.3830532
     390.0000000        7.5560253
     391.0000000        7.7062332
     392.0000000        7.8491132
     393.0000000        7.9832765
     394.0000000        7.9885003
     395.0000000        8.0401872
     396.0000000        8.0447394
     397.0000000        8.0223493
     398.0000000        8.0538180
     399.0000000        8.0360468
     400.0000000        7.9762326
     401.0000000        7.8860999
     402.0000000        7.8142907
     403.0000000        7.7256782
     404.0000000        7.6534878
     405.0000000        7.5774296
     406.0000000        7.5653606
     407.0000000        7.5067122
     408.0000000        7.4681631
     409.0000000        7.5356146
     410.0000000        7.5787441
     411.0000000        7.6434164
     412.0000000        7.6653039
     413.0000000        7.6921827
     414.0000000        7.7060850
     415.0000000        7.7026285
     416.0000000        7.7203249
     417.0000000        7.7576601
     418.0000000        7.8635854
     419.0000000        7.9429228
     420.0000000        8.0277424
     421.0000000        8.1777021
     422.0000000        8.3305536
     423.0000000        8.3954855
     424.0000000        8.5293019
     425.0000000        8.7328503
     426.0000000        8.8869309
     427.0000000        9.0056942
     428.0000000        9.1142758
     429.0000000        9.1748549
     430.0000000        9.2166474
     431.0000000        9.2884227
     432.0000000        9.3387458
     433.0000000        9.2953010
     434.0000000        9.2039659
     435.0000000        9.0989458
     436.0000000        9.0128931
     437.0000000        8.8877174
     438.0000000        8.6834818
     439.0000000        8.5625083
     440.0000000        8.5108888
     441.0000000        8.4149693
     442.0000000        8.3562042
     443.0000000        8.3550811
     444.0000000        8.3359937
     445.0000000        8.3092634
     446.0000000        8.2911732
     447.0000000        8.2243721
     448.0000000        8.2156672
     449.0000000        8.1096790
     450.0000000        7.9648209
     451.0000000        7.8547725
     452.0000000        7.6990058
     453.0000000        7.4752422
     454.0000000        7.2959378
     455.0000000        7.1731313
     456.0000000        7.1077586
     457.0000000        7.0551087
     458.0000000        7.0302008
     459.0000000        6.9924591
     460.0000000        6.9348514
     461.0000000        6.8590119
     462.0000000        6.8189218
     463.0000000        6.7624246
     464.0000000        6.7243300
     465.0000000        6.6523893
     466.0000000        6.5755621
     467.0000000        6.4752422
     468.0000000        6.4272467
     469.0000000        6.3882936
     470.0000000        6.3860949
     471.0000000        6.3476460
     472.0000000        6.3407936
     473.0000000        6.3524060
     474.0000000        6.3179702
     475.0000000        6.3095802
     476.0000000        6.3308750
     477.0000000        6.3896917
     478.0000000        6.4187645
     479.0000000        6.4449820
     480.0000000        6.4668330
     481.0000000        6.4920896
     482.0000000        6.5001838
     483.0000000        6.4950765
     484.0000000        6.4720357
     485.0000000        6.4667408
     486.0000000        6.4701380
     487.0000000        6.4219655
     488.0000000        6.3952365
     489.0000000        6.3667508
     490.0000000        6.3523390
     491.0000000        6.3706210
     492.0000000        6.4163938
     493.0000000        6.4537753
     494.0000000        6.5270828
     495.0000000        6.5837183
     496.0000000        6.6495168
     497.0000000        6.7148580
     498.0000000        6.7839291
     499.0000000        6.8650520
     500.0000000        6.9747200
     501.0000000        7.0240134
     502.0000000        7.0694634
     503.0000000        7.1918408
     504.0000000        7.3467343
     505.0000000        7.4877947
     506.0000000        7.5243944
     507.0000000        7.5181387
     508.0000000        7.5477751
     509.0000000        7.5487922
     510.0000000        7.5042298
     511.0000000        7.4878181
     512.0000000        7.4891119
     513.0000000        7.4338718
     514.0000000        7.4751349
     515.0000000        7.5487453
     516.0000000        7.6507930
     517.0000000        7.7295164
     518.0000000        7.7403249
     519.0000000        7.7381937
     520.0000000        7.7633363
     521.0000000        7.6528368
     522.0000000        7.5553643
     523.0000000        7.4645966
     524.0000000        7.3695455
     525.0000000        7.2797699
     526.0000000        7.1451283
     527.0000000        7.0445188
     528.0000000        6.9862816
     529.0000000        6.9292120
     530.0000000        6.8738022
     531.0000000        6.8432340
     532.0000000        6.8688347
     533.0000000        6.8773398
     534.0000000        6.9060065
     535.0000000        6.9594889
     536.0000000        7.0640202
     537.0000000        7.1524421
     538.0000000        7.2252669
     539.0000000        7.3073574
     540.0000000        7.3774244
     541.0000000        7.4341215
     542.0000000        7.4850368
     543.0000000        7.4850514
     544.0000000        7.4412568
     545.0000000        7.3641786
     546.0000000        7.3162905
     547.0000000        7.2450699
     548.0000000        7.1000224
     549.0000000        6.9729846
     550.0000000        6.8399231
     551.0000000        6.7049959
     552.0000000        6.5882625
     553.0000000        6.4447498
     554.0000000        6.3024125
     555.0000000        6.2182874
     556.0000000        6.1527028
     557.0000000        6.0915146
     558.0000000        6.0795210
     559.0000000        6.0892465
     560.0000000        6.0599155
     561.0000000        6.0214827
     562.0000000        5.9961346
     563.0000000        5.9817143
     564.0000000        5.9957004
     565.0000000        6.0153221
     566.0000000        6.0341637
     567.0000000        6.0173986
     568.0000000        5.9835993
     569.0000000        5.9565875
     570.0000000        5.9535038
     571.0000000        5.9294796
     572.0000000        5.9291769
     573.0000000        5.9516356
     574.0000000        5.9886760
     575.0000000        6.0541355
     576.0000000        6.1523496
     577.0000000        6.2268808
     578.0000000        6.3064299
     579.0000000        6.3731040
     580.0000000        6.4710452
     581.0000000        6.5525691
     582.0000000        6.6392350
     583.0000000        6.7112602
     584.0000000        6.7803379
     585.0000000        6.8731010
     586.0000000        6.9489657
     587.0000000        7.0473608
     588.0000000        7.1635799
     589.0000000        7.2517240
     590.0000000        7.3316713
     591.0000000        7.4242796
     592.0000000        7.5326362
     593.0000000        7.6026759
     594.0000000        7.6869769
     595.0000000        7.7304046
     596.0000000        7.7359432
     597.0000000        7.7869032
     598.0000000        7.8678324
     599.0000000        7.9754284
     600.0000000        8.0800318
