       1.0000000        5.1635227
       2.0000000        5.1045997
       3.0000000        5.1043452
       4.0000000        5.1120619
       5.0000000        5.1064555
       6.0000000        5.1115364
       7.0000000        5.1162615
       8.0000000        5.1436855
       9.0000000        5.1279868
      10.0000000        5.1136661
      11.0000000        5.1104312
      12.0000000        5.0730121
      13.0000000        5.0616458
      14.0000000        5.0486832
      15.0000000        5.0535400
      16.0000000        5.0843768
      17.0000000        5.1080072
      18.0000000        5.1749757
      19.0000000        5.2114989
      20.0000000        5.2350125
      21.0000000        5.2419026
      22.0000000        5.2791474
      23.0000000        5.3387369
      24.0000000        5.4025788
      25.0000000        5.4224653
      26.0000000        5.4262285
      27.0000000        5.3978965
      28.0000000        5.3534602
      29.0000000        5.2874119
      30.0000000        5.2340744
      31.0000000        5.1299131
      32.0000000        5.0801965
      33.0000000        5.0626277
      34.0000000        5.0422649
      35.0000000        5.0192814
      36.0000000        4.9975817
      37.0000000        5.0047702
      38.0000000        5.0358183
      39.0000000        5.0841282
      40.0000000        5.0733826
      41.0000000        5.0369973
      42.0000000        5.0177928
      43.0000000        4.9641755
      44.0000000        4.9256964
      45.0000000        4.9133481
      46.0000000        4.9328973
      47.0000000        4.9536585
      48.0000000        4.9309585
      49.0000000        4.9127047
      50.0000000        4.9052027
      51.0000000        4.8931380
      52.0000000        4.8668751
      53.0000000        4.8617883
      54.0000000        4.8470770
      55.0000000        4.8324370
      56.0000000        4.8071837
      57.0000000        4.8100336
      58.0000000        4.8134339
      59.0000000        4.7846502
      60.0000000        4.7773198
      61.0000000        4.7828404
      62.0000000        4.7782867
      63.0000000        4.7290652
      64.0000000        4.6673126
      65.0000000        4.6424307
      66.0000000        4.6986277
      67.0000000        4.7489090
      68.0000000        4.8058436
      69.0000000        4.8747127
      70.0000000        4.9190872
      71.0000000        4.9612087
      72.0000000        4.9676899
      73.0000000        4.9631854
      74.0000000        4.9812823
      75.0000000        5.0010481
      76.0000000        5.0247752
      77.0000000        5.0662174
      78.0000000        5.0983573
      79.0000000        5.1044855
      80.0000000        5.1389063
      81.0000000        5.1625620
      82.0000000        5.1632798
      83.0000000        5.1380342
      84.0000000        5.1397517
      85.0000000        5.1004046
      86.0000000        5.0765921
      87.0000000        5.0794223
      88.0000000        5.1076693
      89.0000000        5.1180503
      90.0000000        5.1544406
      91.0000000        5.1741946
      92.0000000        5.1992804
      93.0000000        5.2078149
      94.0000000        5.2541900
      95.0000000        5.2844626
      96.0000000        5.3227062
      97.0000000        5.3544245
      98.0000000        5.3538048
      99.0000000        5.3557699
     100.0000000        5.3025040
     101.0000000        5.2722558
     102.0000000        5.2506473
     103.0000000        5.2281460
     104.0000000        5.2125773
     105.0000000        5.2308448
     106.0000000        5.2654693
     107.0000000        5.2915064
     108.0000000        5.3082831
     109.0000000        5.3202361
     110.0000000        5.3522853
     111.0000000        5.3949960
     112.0000000        5.4165111
     113.0000000        5.4004269
     114.0000000        5.3193774
     115.0000000        5.2308224
     116.0000000        5.1708437
     117.0000000        5.1134338
     118.0000000        5.0782839
     119.0000000        5.0596259
     120.0000000        5.0423580
     121.0000000        5.0024684
     122.0000000        4.9957234
     123.0000000        4.9840425
     124.0000000        4.9846106
     125.0000000        5.0065597
     126.0000000        5.0016123
     127.0000000        5.0413465
     128.0000000        5.0758463
     129.0000000        5.0887488
     130.0000000        5.1180862
     131.0000000        5.1479215
     132.0000000        5.1447479
     133.0000000        5.1564747
     134.0000000        5.1915153
     135.0000000        5.1935605
     136.0000000        5.1891376
     137.0000000        5.2036521
     138.0000000        5.2105894
     139.0000000        5.1550321
     140.0000000        5.1310033
     141.0000000        5.1131045
     142.0000000        5.1022453
     143.0000000        5.0889477
     144.0000000        5.0916880
     145.0000000        5.1052189
     146.0000000        5.1016644
     147.0000000        5.0815019
     148.0000000        5.0246449
     149.0000000        4.9542373
     150.0000000        4.9106672
     151.0000000        4.8649348
     152.0000000        4.8145105
     153.0000000        4.7581742
     154.0000000        4.7223817
     155.0000000        4.7175394
     156.0000000        4.7706986
     157.0000000        4.8149448
     158.0000000        4.8378414
     159.0000000        4.8524631
     160.0000000        4.8652144
     161.0000000        4.8757299
     162.0000000        4.8506670
     163.0000000        4.8732862
     164.0000000        4.8811481
     165.0000000        4.8848240
     166.0000000        4.8731188
     167.0000000        4.8672313
     168.0000000        4.8849045
     169.0000000        4.9059783
     170.0000000        4.9413668
     171.0000000        4.9610992
     172.0000000        4.9870356
     173.0000000        5.0125745
     174.0000000        5.0790875
     175.0000000        5.1135367
     176.0000000        5.1648434
     177.0000000        5.1938330
     178.0000000        5.2221805
     179.0000000        5.2520813
     180.0000000        5.2609387
     181.0000000        5.2454804
     182.0000000        5.2514811
     183.0000000        5.2661128
     184.0000000        5.2675392
     185.0000000        5.2690126
     186.0000000        5.2814703
     187.0000000        5.3157171
     188.0000000        5.3223482
     189.0000000        5.3559342
     190.0000000        5.3855588
     191.0000000        5.3831995
     192.0000000        5.3666474
     193.0000000        5.4246267
     194.0000000        5.4844670
     195.0000000        5.5211520
     196.0000000        5.5289176
     197.0000000        5.5532071
     198.0000000        5.5380355
     199.0000000        5.5083173
     200.0000000        5.4785640
     201.0000000        5.4904940
     202.0000000        5.5085091
     203.0000000        5.5416849
     204.0000000        5.5024377
     205.0000000        5.4429662
     206.0000000        5.4147925
     207.0000000        5.3487297
     208.0000000        5.2689046
     209.0000000        5.2425013
     210.0000000        5.2730705
     211.0000000        5.3139449
     212.0000000        5.3580545
     213.0000000        5.4002504
     214.0000000        5.3650780
     215.0000000        5.3363432
     216.0000000        5.3022052
     217.0000000        5.3124532
     218.0000000        5.3217664
     219.0000000        5.3810523
     220.0000000        5.4275837
     221.0000000        5.4269822
     222.0000000        5.4422396
     223.0000000        5.4481560
     224.0000000        5.4201548
     225.0000000        5.3629169
     226.0000000        5.2834395
     227.0000000        5.2317891
     228.0000000        5.1628473
     229.0000000        5.0877859
     230.0000000        5.0340990
     231.0000000        5.0259667
     232.0000000        4.9897830
     233.0000000        5.0190474
     234.0000000        4.9960620
     235.0000000        4.9987591
     236.0000000        5.0213484
     237.0000000        5.0427246
     238.0000000        5.0746637
     239.0000000        5.1025896
     240.0000000        5.1130324
     241.0000000        5.1268879
     242.0000000        5.1051611
     243.0000000        5.0865635
     244.0000000        5.0310418
     245.0000000        4.9849841
     246.0000000        4.9403512
     247.0000000        4.9159890
     248.0000000        4.9113609
     249.0000000        4.9335378
     250.0000000        5.0074515
     251.0000000        5.0955707
     252.0000000        5.1639114
     253.0000000        5.2067574
     254.0000000        5.2423894
     255.0000000        5.2825152
     256.0000000        5.2959483
     257.0000000        5.2866173
     258.0000000        5.2450285
     259.0000000        5.1932402
     260.0000000        5.1404987
     261.0000000        5.1023422
     262.0000000        5.0949688
     263.0000000        5.0663614
     264.0000000        5.0234694
     265.0000000        5.0004109
     266.0000000        4.9933264
     267.0000000        4.9763745
     268.0000000        4.9577262
     269.0000000        4.9819551
     270.0000000        4.9696111
     271.0000000        4.9283080
     272.0000000        4.9060325
     273.0000000        4.9283125
     274.0000000        4.9492368
     275.0000000        4.9536940
     276.0000000        4.9294147
     277.0000000        4.9392056
     278.0000000        4.9035318
     279.0000000        4.8854803
     280.0000000        4.8958303
     281.0000000        4.9322963
     282.0000000        4.9917088
     283.0000000        5.0919366
     284.0000000        5.1914504
     285.0000000        5.2497874
     286.0000000        5.2702598
     287.0000000        5.2573892
     288.0000000        5.2409467
     289.0000000        5.2134856
     290.0000000        5.2274436
     291.0000000        5.2625479
     292.0000000        5.3004398
     293.0000000        5.3334883
     294.0000000        5.3880469
     295.0000000        5.4415614
     296.0000000        5.5211392
     297.0000000        5.5485270
     298.0000000        5.5518200
     299.0000000        5.5452241
     300.0000000        5.5144826
     301.0000000        5.4634663
     302.0000000        5.4247605
     303.0000000        5.3761369
     304.0000000        5.2752777
     305.0000000        5.1662210
     306.0000000        5.0640014
     307.0000000        4.9955742
     308.0000000        4.9528378
     309.0000000        4.9665454
     310.0000000        4.9953041
     311.0000000        5.0187461
     312.0000000        5.0188413
     313.0000000        4.9716406
     314.0000000        4.9696674
     315.0000000        4.9854866
     316.0000000        4.9503633
     317.0000000        4.9249119
     318.0000000        4.8748203
     319.0000000        4.8679535
     320.0000000        4.8738434
     321.0000000        4.8905506
     322.0000000        4.8858043
     323.0000000        4.8636715
     324.0000000        4.8448175
     325.0000000        4.8507124
     326.0000000        4.8220913
     327.0000000        4.8064221
     328.0000000        4.8059674
     329.0000000        4.8425430
     330.0000000        4.8405939
     331.0000000        4.8420604
     332.0000000        4.8377512
     333.0000000        4.8443883
     334.0000000        4.8607160
     335.0000000        4.8934689
     336.0000000        4.9362515
     337.0000000        5.0176907
     338.0000000        5.0715021
     339.0000000        5.1483611
     340.0000000        5.2210521
     341.0000000        5.2692854
     342.0000000        5.2667368
     343.0000000        5.2323385
     344.0000000        5.2441454
     345.0000000        5.2292358
     346.0000000        5.1797888
     347.0000000        5.1152896
     348.0000000        5.0550504
     349.0000000        4.9546120
     350.0000000        4.8826206
     351.0000000        4.8389630
     352.0000000        4.8205162
     353.0000000        4.8485209
     354.0000000        4.8848322
     355.0000000        4.8752889
     356.0000000        4.9086225
     357.0000000        4.9373275
     358.0000000        4.9323800
     359.0000000        4.9281701
     360.0000000        4.9328688
     361.0000000        4.9403864
     362.0000000        4.9690937
     363.0000000        5.0193753
     364.0000000        5.0860788
     365.0000000        5.1001933
     366.0000000        5.0922155
     367.0000000        5.0536614
     368.0000000        5.0573447
     369.0000000        5.0862421
     370.0000000        5.1172320
     371.0000000        5.1411219
     372.0000000        5.2068876
     373.0000000        5.2108319
     374.0000000        5.1782485
     375.0000000        5.1331534
     376.0000000        5.1167768
     377.0000000        5.0628734
     378.0000000        5.0573930
     379.0000000        5.0757190
     380.0000000        5.0651346
     381.0000000        5.0401066
     382.0000000        5.0115838
     383.0000000        4.9608404
     384.0000000        4.9336571
     385.0000000        4.8767921
     386.0000000        4.8428371
     387.0000000        4.8419162
     388.0000000        4.8308235
     389.0000000        4.8763210
     390.0000000        4.9455918
     391.0000000        4.9991029
     392.0000000        5.0421568
     393.0000000        5.0857546
     394.0000000        5.1256017
     395.0000000        5.1135634
     396.0000000        5.0999989
     397.0000000        5.0949559
     398.0000000        5.1173581
     399.0000000        5.1594621
     400.0000000        5.1979095
     401.0000000        5.2194694
     402.0000000        5.1954150
     403.0000000        5.1774380
     404.0000000        5.1369507
     405.0000000        5.0556907
     406.0000000        5.0051258
     407.0000000        4.9476438
     408.0000000        4.9215555
     409.0000000        4.9165851
     410.0000000        4.9411271
     411.0000000        4.9712468
     412.0000000        5.0380467
     413.0000000        5.0968813
     414.0000000        5.1782227
     415.0000000        5.2349813
     416.0000000        5.2820933
     417.0000000        5.2590208
     418.0000000        5.2648905
     419.0000000        5.2712143
     420.0000000        5.3192073
     421.0000000        5.3785645
     422.0000000        5.4008963
     423.0000000        5.3927836
     424.0000000        5.3764014
     425.0000000        5.3069283
     426.0000000        5.2487353
     427.0000000        5.2396124
     428.0000000        5.2542241
     429.0000000        5.2787853
     430.0000000        5.2394433
     431.0000000        5.2077788
     432.0000000        5.1897845
     433.0000000        5.1733632
     434.0000000        5.1792202
     435.0000000        5.2358239
     436.0000000        5.2867253
     437.0000000        5.3059546
     438.0000000        5.3199276
     439.0000000        5.3172086
     440.0000000        5.2849487
     441.0000000        5.2603547
     442.0000000        5.2385516
     443.0000000        5.2044423
     444.0000000        5.1831116
     445.0000000        5.1722421
     446.0000000        5.1814529
     447.0000000        5.1439927
     448.0000000        5.1510332
     449.0000000        5.1531055
     450.0000000        5.1481880
     451.0000000        5.1381677
     452.0000000        5.1041953
     453.0000000        5.0762460
     454.0000000        5.0551583
     455.0000000        5.0442676
     456.0000000        5.0533764
     457.0000000        5.0411601
     458.0000000        5.0159494
     459.0000000        5.0106400
     460.0000000        5.0161951
     461.0000000        5.0363717
     462.0000000        5.0757524
     463.0000000        5.0845492
     464.0000000        5.1064537
     465.0000000        5.1173590
     466.0000000        5.1198751
     467.0000000        5.0906166
     468.0000000        5.0852207
     469.0000000        5.1120482
     470.0000000        5.1411348
     471.0000000        5.1463374
     472.0000000        5.1785272
     473.0000000        5.1508513
     474.0000000        5.1499216
     475.0000000        5.1831367
     476.0000000        5.1784173
     477.0000000        5.1636731
     478.0000000        5.1042681
     479.0000000        5.0347011
     480.0000000        5.0118962
     481.0000000        5.0460397
     482.0000000        5.1133089
     483.0000000        5.1336502
     484.0000000        5.1493939
     485.0000000        5.1941333
     486.0000000        5.2501979
     487.0000000        5.2520855
     488.0000000        5.2315976
     489.0000000        5.2192997
     490.0000000        5.2087977
     491.0000000        5.1684330
     492.0000000        5.1252384
     493.0000000        5.1042782
     494.0000000        5.0866379
     495.0000000        5.0795796
     496.0000000        5.0711805
     497.0000000        5.0683372
     498.0000000        5.0578003
     499.0000000        5.0844874
     500.0000000        5.1118006
     501.0000000        5.1486585
     502.0000000        5.1603101
     503.0000000        5.1930416
     504.0000000        5.2120975
     505.0000000        5.1951985
     506.0000000        5.1819382
     507.0000000        5.1869924
     508.0000000        5.2082048
     509.0000000        5.1906485
     510.0000000        5.1549712
     511.0000000        5.1501619
     512.0000000        5.1175349
     513.0000000        5.0829252
     514.0000000        5.0613188
     515.0000000        5.0753428
     516.0000000        5.0628652
     517.0000000        5.0746865
     518.0000000        5.1305250
     519.0000000        5.1349274
     520.0000000        5.1676512
     521.0000000        5.1462336
     522.0000000        5.1036937
     523.0000000        5.0878170
     524.0000000        5.0720898
     525.0000000        5.0814538
     526.0000000        5.0792980
     527.0000000        5.0962218
     528.0000000        5.1503602
     529.0000000        5.1979382
     530.0000000        5.2295318
     531.0000000        5.2175970
     532.0000000        5.1801050
     533.0000000        5.1819313
     534.0000000        5.2051051
     535.0000000        5.2124024
     536.0000000        5.1955452
     537.0000000        5.1572043
     538.0000000        5.0944470
     539.0000000        5.0426635
     540.0000000        5.0352123
     541.0000000        5.0379252
     542.0000000        5.0268117
     543.0000000        4.9981276
     544.0000000        5.0087964
     545.0000000        5.0382734
     546.0000000        5.0571987
     547.0000000        5.1052955
     548.0000000        5.1425630
     549.0000000        5.1627323
     550.0000000        5.1775410
     551.0000000        5.1353794
     552.0000000        5.1223730
     553.0000000        5.0970594
     554.0000000        5.0668360
     555.0000000        5.0425172
     556.0000000        4.9961563
     557.0000000        4.9599597
     558.0000000        4.9822115
     559.0000000        4.9984420
     560.0000000        5.0380580
     561.0000000        5.0621362
     562.0000000        5.0763070
     563.0000000        5.0607810
     564.0000000        5.0323743
     565.0000000        4.9480000
     566.0000000        4.8792644
     567.0000000        4.8136020
     568.0000000        4.8090787
     569.0000000        4.8862822
     570.0000000        4.9048339
     571.0000000        4.9485484
     572.0000000        5.0630503
     573.0000000        5.1781841
     574.0000000        5.2708109
     575.0000000        5.3881692
     576.0000000        5.4672661
     577.0000000        5.5006069
     578.0000000        5.5012250
     579.0000000        5.4740087
     580.0000000        5.3873397
     581.0000000        5.2792367
     582.0000000        5.2607367
     583.0000000        5.2369360
     584.0000000        5.2434252
     585.0000000        5.2506545
     586.0000000        5.2380738
     587.0000000        5.2294427
     588.0000000        5.2139740
     589.0000000        5.2053037
     590.0000000        5.1591748
     591.0000000        5.1156719
     592.0000000        5.1078224
     593.0000000        5.0928330
     594.0000000        5.1236736
     595.0000000        5.1383975
     596.0000000        5.1576018
     597.0000000        5.1960189
     598.0000000        5.1626111
     599.0000000        5.0906548
     600.0000000        5.0341010
