       1.0000000        2.9764409
       2.0000000        2.7652557
       3.0000000        2.5903351
       4.0000000        2.4664938
       5.0000000        2.3798070
       6.0000000        2.3117783
       7.0000000        2.2632854
       8.0000000        2.2327001
       9.0000000        2.2136421
      10.0000000        2.1963372
      11.0000000        2.1836767
      12.0000000        2.1738706
      13.0000000        2.1651762
      14.0000000        2.1533847
      15.0000000        2.1417670
      16.0000000        2.1341870
      17.0000000        2.1317959
      18.0000000        2.1324196
      19.0000000        2.1316271
      20.0000000        2.1276879
      21.0000000        2.1246285
      22.0000000        2.1198611
      23.0000000        2.1118326
      24.0000000        2.1026320
      25.0000000        2.0973818
      26.0000000        2.0950766
      27.0000000        2.0942688
      28.0000000        2.0951157
      29.0000000        2.0945494
      30.0000000        2.0945179
      31.0000000        2.0970573
      32.0000000        2.1040702
      33.0000000        2.1161802
      34.0000000        2.1288700
      35.0000000        2.1354733
      36.0000000        2.1391404
      37.0000000        2.1440625
      38.0000000        2.1455321
      39.0000000        2.1399219
      40.0000000        2.1278143
      41.0000000        2.1123383
      42.0000000        2.1030219
      43.0000000        2.1009905
      44.0000000        2.1020095
      45.0000000        2.1025295
      46.0000000        2.1031160
      47.0000000        2.1027908
      48.0000000        2.1032276
      49.0000000        2.1032810
      50.0000000        2.1078033
      51.0000000        2.1157265
      52.0000000        2.1220322
      53.0000000        2.1233273
      54.0000000        2.1246505
      55.0000000        2.1278586
      56.0000000        2.1341076
      57.0000000        2.1373737
      58.0000000        2.1351852
      59.0000000        2.1304414
      60.0000000        2.1252422
      61.0000000        2.1186132
      62.0000000        2.1123245
      63.0000000        2.1039779
      64.0000000        2.0976374
      65.0000000        2.0908310
      66.0000000        2.0831735
      67.0000000        2.0782373
      68.0000000        2.0793917
      69.0000000        2.0874264
      70.0000000        2.1024244
      71.0000000        2.1170881
      72.0000000        2.1272657
      73.0000000        2.1332016
      74.0000000        2.1389186
      75.0000000        2.1442075
      76.0000000        2.1482768
      77.0000000        2.1501343
      78.0000000        2.1526802
      79.0000000        2.1559153
      80.0000000        2.1569672
      81.0000000        2.1532505
      82.0000000        2.1446302
      83.0000000        2.1353207
      84.0000000        2.1283224
      85.0000000        2.1274965
      86.0000000        2.1297455
      87.0000000        2.1336427
      88.0000000        2.1370082
      89.0000000        2.1414151
      90.0000000        2.1463230
      91.0000000        2.1461902
      92.0000000        2.1456144
      93.0000000        2.1458273
      94.0000000        2.1506259
      95.0000000        2.1583946
      96.0000000        2.1687810
      97.0000000        2.1745672
      98.0000000        2.1715529
      99.0000000        2.1633842
     100.0000000        2.1568775
     101.0000000        2.1512148
     102.0000000        2.1465406
     103.0000000        2.1414955
     104.0000000        2.1392701
     105.0000000        2.1399193
     106.0000000        2.1421273
     107.0000000        2.1417127
     108.0000000        2.1417568
     109.0000000        2.1400888
     110.0000000        2.1341801
     111.0000000        2.1235142
     112.0000000        2.1104090
     113.0000000        2.0985346
     114.0000000        2.0946393
     115.0000000        2.0990300
     116.0000000        2.1118314
     117.0000000        2.1269319
     118.0000000        2.1345289
     119.0000000        2.1359844
     120.0000000        2.1344011
     121.0000000        2.1327884
     122.0000000        2.1312730
     123.0000000        2.1307178
     124.0000000        2.1317503
     125.0000000        2.1308324
     126.0000000        2.1294754
     127.0000000        2.1336758
     128.0000000        2.1412833
     129.0000000        2.1496630
     130.0000000        2.1577895
     131.0000000        2.1647623
     132.0000000        2.1592650
     133.0000000        2.1480279
     134.0000000        2.1397243
     135.0000000        2.1342025
     136.0000000        2.1293545
     137.0000000        2.1215992
     138.0000000        2.1146779
     139.0000000        2.1125836
     140.0000000        2.1165705
     141.0000000        2.1218827
     142.0000000        2.1252761
     143.0000000        2.1289208
     144.0000000        2.1362777
     145.0000000        2.1431239
     146.0000000        2.1450374
     147.0000000        2.1458724
     148.0000000        2.1444538
     149.0000000        2.1400588
     150.0000000        2.1353037
     151.0000000        2.1356564
     152.0000000        2.1367812
     153.0000000        2.1400764
     154.0000000        2.1421309
     155.0000000        2.1447268
     156.0000000        2.1464210
     157.0000000        2.1487157
     158.0000000        2.1491137
     159.0000000        2.1487508
     160.0000000        2.1514945
     161.0000000        2.1547782
     162.0000000        2.1572466
     163.0000000        2.1579852
     164.0000000        2.1591070
     165.0000000        2.1581905
     166.0000000        2.1564083
     167.0000000        2.1538532
     168.0000000        2.1527216
     169.0000000        2.1519837
     170.0000000        2.1490908
     171.0000000        2.1425874
     172.0000000        2.1332889
     173.0000000        2.1283817
     174.0000000        2.1285121
     175.0000000        2.1350417
     176.0000000        2.1385968
     177.0000000        2.1350718
     178.0000000        2.1303422
     179.0000000        2.1239786
     180.0000000        2.1177163
     181.0000000        2.1148102
     182.0000000        2.1132116
     183.0000000        2.1123800
     184.0000000        2.1190517
     185.0000000        2.1340644
     186.0000000        2.1451211
     187.0000000        2.1513441
     188.0000000        2.1554110
     189.0000000        2.1552150
     190.0000000        2.1521878
     191.0000000        2.1487300
     192.0000000        2.1435966
     193.0000000        2.1372843
     194.0000000        2.1311257
     195.0000000        2.1261094
     196.0000000        2.1255186
     197.0000000        2.1282673
     198.0000000        2.1328149
     199.0000000        2.1372304
     200.0000000        2.1398971
     201.0000000        2.1403260
     202.0000000        2.1372497
     203.0000000        2.1363614
     204.0000000        2.1400232
     205.0000000        2.1448176
     206.0000000        2.1476557
     207.0000000        2.1525657
     208.0000000        2.1568301
     209.0000000        2.1624477
     210.0000000        2.1688473
     211.0000000        2.1736622
     212.0000000        2.1731606
     213.0000000        2.1706407
     214.0000000        2.1705461
     215.0000000        2.1751182
     216.0000000        2.1788137
     217.0000000        2.1774268
     218.0000000        2.1735785
     219.0000000        2.1685984
     220.0000000        2.1574202
     221.0000000        2.1443923
     222.0000000        2.1267736
     223.0000000        2.1121085
     224.0000000        2.1054773
     225.0000000        2.1025434
     226.0000000        2.1046357
     227.0000000        2.1131010
     228.0000000        2.1247065
     229.0000000        2.1361258
     230.0000000        2.1417918
     231.0000000        2.1454151
     232.0000000        2.1485698
     233.0000000        2.1559796
     234.0000000        2.1670756
     235.0000000        2.1754899
     236.0000000        2.1760013
     237.0000000        2.1703494
     238.0000000        2.1627901
     239.0000000        2.1629272
     240.0000000        2.1684341
     241.0000000        2.1744893
     242.0000000        2.1813495
     243.0000000        2.1892033
     244.0000000        2.1982298
     245.0000000        2.2033792
     246.0000000        2.2003870
     247.0000000        2.1921241
     248.0000000        2.1827803
     249.0000000        2.1723812
     250.0000000        2.1603539
     251.0000000        2.1532929
     252.0000000        2.1496255
     253.0000000        2.1459663
     254.0000000        2.1435251
     255.0000000        2.1395092
     256.0000000        2.1315007
     257.0000000        2.1241343
     258.0000000        2.1160448
     259.0000000        2.1114345
     260.0000000        2.1136227
     261.0000000        2.1186526
     262.0000000        2.1194079
     263.0000000        2.1161468
     264.0000000        2.1161826
     265.0000000        2.1188438
     266.0000000        2.1245248
     267.0000000        2.1318815
     268.0000000        2.1418383
     269.0000000        2.1517620
     270.0000000        2.1604805
     271.0000000        2.1634665
     272.0000000        2.1615067
     273.0000000        2.1580842
     274.0000000        2.1620076
     275.0000000        2.1692512
     276.0000000        2.1739998
     277.0000000        2.1694427
     278.0000000        2.1610796
     279.0000000        2.1564062
     280.0000000        2.1573701
     281.0000000        2.1611300
     282.0000000        2.1598425
     283.0000000        2.1570945
     284.0000000        2.1562819
     285.0000000        2.1543276
     286.0000000        2.1527088
     287.0000000        2.1544414
     288.0000000        2.1578674
     289.0000000        2.1573310
     290.0000000        2.1564510
     291.0000000        2.1566293
     292.0000000        2.1552691
     293.0000000        2.1458826
     294.0000000        2.1369274
     295.0000000        2.1336584
     296.0000000        2.1356103
     297.0000000        2.1365137
     298.0000000        2.1345248
     299.0000000        2.1308434
     300.0000000        2.1267431
     301.0000000        2.1259413
     302.0000000        2.1244996
     303.0000000        2.1249871
     304.0000000        2.1278872
     305.0000000        2.1302209
     306.0000000        2.1305051
     307.0000000        2.1301157
     308.0000000        2.1242073
     309.0000000        2.1162560
     310.0000000        2.1094623
     311.0000000        2.1030095
     312.0000000        2.0976171
     313.0000000        2.0991600
     314.0000000        2.1025517
     315.0000000        2.1067920
     316.0000000        2.1146376
     317.0000000        2.1230757
     318.0000000        2.1302388
     319.0000000        2.1372254
     320.0000000        2.1379271
     321.0000000        2.1401346
     322.0000000        2.1424885
     323.0000000        2.1417859
     324.0000000        2.1425765
     325.0000000        2.1464393
     326.0000000        2.1482701
     327.0000000        2.1474910
     328.0000000        2.1456230
     329.0000000        2.1455276
     330.0000000        2.1424923
     331.0000000        2.1423976
     332.0000000        2.1422877
     333.0000000        2.1400199
     334.0000000        2.1350572
     335.0000000        2.1292925
     336.0000000        2.1287305
     337.0000000        2.1340985
     338.0000000        2.1378267
     339.0000000        2.1353829
     340.0000000        2.1344347
     341.0000000        2.1359899
     342.0000000        2.1406200
     343.0000000        2.1472995
     344.0000000        2.1520658
     345.0000000        2.1539752
     346.0000000        2.1521595
     347.0000000        2.1485176
     348.0000000        2.1513913
     349.0000000        2.1570396
     350.0000000        2.1601119
     351.0000000        2.1605599
     352.0000000        2.1570196
     353.0000000        2.1509674
     354.0000000        2.1424823
     355.0000000        2.1314793
     356.0000000        2.1174424
     357.0000000        2.1021726
     358.0000000        2.0908198
     359.0000000        2.0852919
     360.0000000        2.0860510
     361.0000000        2.0917194
     362.0000000        2.0976286
     363.0000000        2.1020076
     364.0000000        2.1062155
     365.0000000        2.1096399
     366.0000000        2.1141393
     367.0000000        2.1179643
     368.0000000        2.1235321
     369.0000000        2.1295588
     370.0000000        2.1343505
     371.0000000        2.1397545
     372.0000000        2.1442027
     373.0000000        2.1492698
     374.0000000        2.1577344
     375.0000000        2.1655204
     376.0000000        2.1705265
     377.0000000        2.1726182
     378.0000000        2.1728780
     379.0000000        2.1740780
     380.0000000        2.1735697
     381.0000000        2.1744311
     382.0000000        2.1729236
     383.0000000        2.1708748
     384.0000000        2.1687133
     385.0000000        2.1602867
     386.0000000        2.1503129
     387.0000000        2.1407838
     388.0000000        2.1322067
     389.0000000        2.1245279
     390.0000000        2.1208138
     391.0000000        2.1182044
     392.0000000        2.1201398
     393.0000000        2.1245170
     394.0000000        2.1277943
     395.0000000        2.1297607
     396.0000000        2.1321254
     397.0000000        2.1344247
     398.0000000        2.1351075
     399.0000000        2.1344800
     400.0000000        2.1327636
     401.0000000        2.1304171
     402.0000000        2.1274033
     403.0000000        2.1262534
     404.0000000        2.1260655
     405.0000000        2.1244881
     406.0000000        2.1209965
     407.0000000        2.1166022
     408.0000000        2.1118073
     409.0000000        2.1089346
     410.0000000        2.1073442
     411.0000000        2.1064622
     412.0000000        2.1068876
     413.0000000        2.1075792
     414.0000000        2.1102197
     415.0000000        2.1148136
     416.0000000        2.1216638
     417.0000000        2.1333990
     418.0000000        2.1478548
     419.0000000        2.1593130
     420.0000000        2.1643457
     421.0000000        2.1684585
     422.0000000        2.1732481
     423.0000000        2.1838422
     424.0000000        2.1948507
     425.0000000        2.2006781
     426.0000000        2.1988025
     427.0000000        2.1919727
     428.0000000        2.1842844
     429.0000000        2.1779644
     430.0000000        2.1730008
     431.0000000        2.1642349
     432.0000000        2.1529860
     433.0000000        2.1430156
     434.0000000        2.1369324
     435.0000000        2.1305637
     436.0000000        2.1220541
     437.0000000        2.1136265
     438.0000000        2.1075504
     439.0000000        2.1018584
     440.0000000        2.0956547
     441.0000000        2.0941021
     442.0000000        2.0983093
     443.0000000        2.1086590
     444.0000000        2.1169927
     445.0000000        2.1198654
     446.0000000        2.1201143
     447.0000000        2.1169832
     448.0000000        2.1149545
     449.0000000        2.1172915
     450.0000000        2.1245081
     451.0000000        2.1348658
     452.0000000        2.1435027
     453.0000000        2.1482317
     454.0000000        2.1502752
     455.0000000        2.1494176
     456.0000000        2.1441097
     457.0000000        2.1364439
     458.0000000        2.1344078
     459.0000000        2.1354363
     460.0000000        2.1362686
     461.0000000        2.1323392
     462.0000000        2.1256993
     463.0000000        2.1193769
     464.0000000        2.1148841
     465.0000000        2.1160948
     466.0000000        2.1178079
     467.0000000        2.1142204
     468.0000000        2.1057534
     469.0000000        2.0970747
     470.0000000        2.0901256
     471.0000000        2.0861363
     472.0000000        2.0897527
     473.0000000        2.1025045
     474.0000000        2.1174493
     475.0000000        2.1286817
     476.0000000        2.1383121
     477.0000000        2.1490304
     478.0000000        2.1613121
     479.0000000        2.1744184
     480.0000000        2.1837108
     481.0000000        2.1875017
     482.0000000        2.1866448
     483.0000000        2.1862509
     484.0000000        2.1874859
     485.0000000        2.1883292
     486.0000000        2.1830385
     487.0000000        2.1800511
     488.0000000        2.1768436
     489.0000000        2.1727967
     490.0000000        2.1641235
     491.0000000        2.1571767
     492.0000000        2.1578162
     493.0000000        2.1593201
     494.0000000        2.1565609
     495.0000000        2.1537764
     496.0000000        2.1489360
     497.0000000        2.1429057
     498.0000000        2.1355050
     499.0000000        2.1347241
     500.0000000        2.1400125
     501.0000000        2.1484487
     502.0000000        2.1524053
     503.0000000        2.1502182
     504.0000000        2.1455755
     505.0000000        2.1437850
     506.0000000        2.1505487
     507.0000000        2.1580915
     508.0000000        2.1612043
     509.0000000        2.1616030
     510.0000000        2.1599371
     511.0000000        2.1550775
     512.0000000        2.1464477
     513.0000000        2.1371491
     514.0000000        2.1287758
     515.0000000        2.1246166
     516.0000000        2.1259096
     517.0000000        2.1286776
     518.0000000        2.1322048
     519.0000000        2.1314805
     520.0000000        2.1289487
     521.0000000        2.1258721
     522.0000000        2.1229897
     523.0000000        2.1218779
     524.0000000        2.1238968
     525.0000000        2.1259308
     526.0000000        2.1284368
     527.0000000        2.1289279
     528.0000000        2.1263790
     529.0000000        2.1245544
     530.0000000        2.1249714
     531.0000000        2.1239400
     532.0000000        2.1223259
     533.0000000        2.1229022
     534.0000000        2.1277652
     535.0000000        2.1353679
     536.0000000        2.1440079
     537.0000000        2.1513779
     538.0000000        2.1579225
     539.0000000        2.1600711
     540.0000000        2.1560435
     541.0000000        2.1534381
     542.0000000        2.1527808
     543.0000000        2.1512201
     544.0000000        2.1464756
     545.0000000        2.1425080
     546.0000000        2.1381459
     547.0000000        2.1336379
     548.0000000        2.1343050
     549.0000000        2.1385384
     550.0000000        2.1437838
     551.0000000        2.1464317
     552.0000000        2.1483028
     553.0000000        2.1477921
     554.0000000        2.1453795
     555.0000000        2.1451907
     556.0000000        2.1447887
     557.0000000        2.1408808
     558.0000000        2.1364613
     559.0000000        2.1368423
     560.0000000        2.1410055
     561.0000000        2.1455121
     562.0000000        2.1444969
     563.0000000        2.1352589
     564.0000000        2.1227565
     565.0000000        2.1137300
     566.0000000        2.1146994
     567.0000000        2.1240737
     568.0000000        2.1360133
     569.0000000        2.1443257
     570.0000000        2.1526549
     571.0000000        2.1637576
     572.0000000        2.1727087
     573.0000000        2.1763933
     574.0000000        2.1793747
     575.0000000        2.1868081
     576.0000000        2.2032206
     577.0000000        2.2165067
     578.0000000        2.2207053
     579.0000000        2.2136397
     580.0000000        2.2012014
     581.0000000        2.1859555
     582.0000000        2.1717932
     583.0000000        2.1553078
     584.0000000        2.1417634
     585.0000000        2.1333280
     586.0000000        2.1263306
     587.0000000        2.1181302
     588.0000000        2.1109130
     589.0000000        2.1079698
     590.0000000        2.1074178
     591.0000000        2.1094210
     592.0000000        2.1144185
     593.0000000        2.1172233
     594.0000000        2.1184819
     595.0000000        2.1217551
     596.0000000        2.1232879
     597.0000000        2.1220875
     598.0000000        2.1197534
     599.0000000        2.1217237
     600.0000000        2.1276066
