       1.0000000        8.7771921
       2.0000000        8.9517326
       3.0000000        8.7817812
       4.0000000        8.5918592
       5.0000000        8.3905109
       6.0000000        8.2710894
       7.0000000        8.1814191
       8.0000000        8.1570233
       9.0000000        8.0357239
      10.0000000        7.9303481
      11.0000000        7.8605353
      12.0000000        7.7736100
      13.0000000        7.6811575
      14.0000000        7.6167435
      15.0000000        7.5628214
      16.0000000        7.5140834
      17.0000000        7.4835713
      18.0000000        7.4687959
      19.0000000        7.4764115
      20.0000000        7.4958396
      21.0000000        7.5115591
      22.0000000        7.4965736
      23.0000000        7.4996611
      24.0000000        7.4598426
      25.0000000        7.4070566
      26.0000000        7.3295391
      27.0000000        7.2760293
      28.0000000        7.2552446
      29.0000000        7.2481556
      30.0000000        7.2457763
      31.0000000        7.2803640
      32.0000000        7.3127599
      33.0000000        7.3333488
      34.0000000        7.3551579
      35.0000000        7.3789879
      36.0000000        7.4353377
      37.0000000        7.4850833
      38.0000000        7.5331008
      39.0000000        7.5941180
      40.0000000        7.6308487
      41.0000000        7.6994038
      42.0000000        7.7675080
      43.0000000        7.8383750
      44.0000000        7.9036507
      45.0000000        7.9507775
      46.0000000        7.9557516
      47.0000000        7.8945715
      48.0000000        7.8291979
      49.0000000        7.7552201
      50.0000000        7.7123612
      51.0000000        7.6928092
      52.0000000        7.6986501
      53.0000000        7.6766738
      54.0000000        7.6140657
      55.0000000        7.5078102
      56.0000000        7.4415856
      57.0000000        7.4504323
      58.0000000        7.4830137
      59.0000000        7.4995835
      60.0000000        7.5373095
      61.0000000        7.5154988
      62.0000000        7.4894152
      63.0000000        7.4098831
      64.0000000        7.3576796
      65.0000000        7.3098083
      66.0000000        7.2957289
      67.0000000        7.3152430
      68.0000000        7.3480449
      69.0000000        7.4462921
      70.0000000        7.5659943
      71.0000000        7.6901312
      72.0000000        7.7706991
      73.0000000        7.8501943
      74.0000000        7.8812762
      75.0000000        7.8638512
      76.0000000        7.8548149
      77.0000000        7.8625302
      78.0000000        7.8851584
      79.0000000        7.8701133
      80.0000000        7.8307666
      81.0000000        7.7577459
      82.0000000        7.7034480
      83.0000000        7.6682766
      84.0000000        7.6482564
      85.0000000        7.6191169
      86.0000000        7.5937187
      87.0000000        7.5748623
      88.0000000        7.4833765
      89.0000000        7.4082674
      90.0000000        7.3078413
      91.0000000        7.2512884
      92.0000000        7.2136865
      93.0000000        7.1985000
      94.0000000        7.2246333
      95.0000000        7.2424897
      96.0000000        7.2646874
      97.0000000        7.2457693
      98.0000000        7.1898866
      99.0000000        7.1443146
     100.0000000        7.1379822
     101.0000000        7.1585636
     102.0000000        7.2019354
     103.0000000        7.2833488
     104.0000000        7.3678223
     105.0000000        7.4807822
     106.0000000        7.5381172
     107.0000000        7.5691728
     108.0000000        7.6121603
     109.0000000        7.6557052
     110.0000000        7.7075716
     111.0000000        7.7564313
     112.0000000        7.7805034
     113.0000000        7.7631476
     114.0000000        7.7239206
     115.0000000        7.7276210
     116.0000000        7.7426005
     117.0000000        7.8055893
     118.0000000        7.8661595
     119.0000000        7.8980685
     120.0000000        7.9099035
     121.0000000        7.8969194
     122.0000000        7.8412739
     123.0000000        7.7565410
     124.0000000        7.6691200
     125.0000000        7.5785500
     126.0000000        7.5275044
     127.0000000        7.5167377
     128.0000000        7.5410143
     129.0000000        7.6007085
     130.0000000        7.6506356
     131.0000000        7.7168755
     132.0000000        7.7387164
     133.0000000        7.7805678
     134.0000000        7.7987853
     135.0000000        7.8398978
     136.0000000        7.8220620
     137.0000000        7.7979664
     138.0000000        7.7595867
     139.0000000        7.7115754
     140.0000000        7.6351409
     141.0000000        7.6038509
     142.0000000        7.5767631
     143.0000000        7.5660891
     144.0000000        7.5445034
     145.0000000        7.5427219
     146.0000000        7.5927108
     147.0000000        7.6253680
     148.0000000        7.6262370
     149.0000000        7.6338989
     150.0000000        7.6146338
     151.0000000        7.6022146
     152.0000000        7.5330867
     153.0000000        7.4400771
     154.0000000        7.3743273
     155.0000000        7.3670226
     156.0000000        7.3747951
     157.0000000        7.4521951
     158.0000000        7.5317762
     159.0000000        7.6266840
     160.0000000        7.6302566
     161.0000000        7.5863121
     162.0000000        7.5218453
     163.0000000        7.4401123
     164.0000000        7.3806450
     165.0000000        7.3460760
     166.0000000        7.3181377
     167.0000000        7.2988549
     168.0000000        7.2903295
     169.0000000        7.2992427
     170.0000000        7.2823693
     171.0000000        7.2719970
     172.0000000        7.2665957
     173.0000000        7.2315411
     174.0000000        7.2121945
     175.0000000        7.1851398
     176.0000000        7.1748455
     177.0000000        7.1363458
     178.0000000        7.0932278
     179.0000000        7.1192061
     180.0000000        7.1248528
     181.0000000        7.1161684
     182.0000000        7.1085895
     183.0000000        7.0930443
     184.0000000        7.1380539
     185.0000000        7.2210767
     186.0000000        7.3470880
     187.0000000        7.4405055
     188.0000000        7.4989126
     189.0000000        7.5599552
     190.0000000        7.6018301
     191.0000000        7.6357053
     192.0000000        7.6962524
     193.0000000        7.7651335
     194.0000000        7.8067512
     195.0000000        7.8293511
     196.0000000        7.8744165
     197.0000000        7.8919120
     198.0000000        7.8827072
     199.0000000        7.8802546
     200.0000000        7.9048160
     201.0000000        7.9754545
     202.0000000        8.0154760
     203.0000000        8.0282599
     204.0000000        8.0072685
     205.0000000        8.0159037
     206.0000000        8.0467724
     207.0000000        7.9758386
     208.0000000        7.8728496
     209.0000000        7.8233669
     210.0000000        7.8194804
     211.0000000        7.7904284
     212.0000000        7.7865666
     213.0000000        7.7967617
     214.0000000        7.7971118
     215.0000000        7.7176907
     216.0000000        7.6456895
     217.0000000        7.6209072
     218.0000000        7.6379651
     219.0000000        7.6294584
     220.0000000        7.6665749
     221.0000000        7.7433975
     222.0000000        7.7196412
     223.0000000        7.6711470
     224.0000000        7.6325666
     225.0000000        7.6006015
     226.0000000        7.5357599
     227.0000000        7.4891209
     228.0000000        7.4552787
     229.0000000        7.4208910
     230.0000000        7.3994471
     231.0000000        7.2986484
     232.0000000        7.2165126
     233.0000000        7.1269534
     234.0000000        7.0587323
     235.0000000        7.0151248
     236.0000000        6.9892573
     237.0000000        7.0027578
     238.0000000        7.0227524
     239.0000000        7.0471714
     240.0000000        7.0975998
     241.0000000        7.1777572
     242.0000000        7.2649783
     243.0000000        7.3514364
     244.0000000        7.4546996
     245.0000000        7.5743156
     246.0000000        7.7211160
     247.0000000        7.8747858
     248.0000000        7.9703732
     249.0000000        8.0028948
     250.0000000        7.9944781
     251.0000000        7.9229441
     252.0000000        7.8438794
     253.0000000        7.7702756
     254.0000000        7.7226679
     255.0000000        7.7179542
     256.0000000        7.7383099
     257.0000000        7.7346936
     258.0000000        7.7091850
     259.0000000        7.7337194
     260.0000000        7.7315719
     261.0000000        7.7572776
     262.0000000        7.7697717
     263.0000000        7.7793267
     264.0000000        7.8303851
     265.0000000        7.8813789
     266.0000000        7.8969975
     267.0000000        7.9197196
     268.0000000        7.9149194
     269.0000000        7.9025520
     270.0000000        7.8896807
     271.0000000        7.8560453
     272.0000000        7.8438202
     273.0000000        7.8073546
     274.0000000        7.7831508
     275.0000000        7.7471534
     276.0000000        7.6787241
     277.0000000        7.6291325
     278.0000000        7.5526847
     279.0000000        7.4264512
     280.0000000        7.3062014
     281.0000000        7.1975818
     282.0000000        7.1652923
     283.0000000        7.1391827
     284.0000000        7.1095379
     285.0000000        7.0844485
     286.0000000        7.0817098
     287.0000000        7.1041527
     288.0000000        7.1760805
     289.0000000        7.2625276
     290.0000000        7.3284915
     291.0000000        7.3987588
     292.0000000        7.3978934
     293.0000000        7.4024487
     294.0000000        7.4134784
     295.0000000        7.4381568
     296.0000000        7.4689686
     297.0000000        7.4917454
     298.0000000        7.5482857
     299.0000000        7.6277936
     300.0000000        7.6613882
     301.0000000        7.6729730
     302.0000000        7.7078009
     303.0000000        7.7234699
     304.0000000        7.6818796
     305.0000000        7.6119123
     306.0000000        7.5490787
     307.0000000        7.4796562
     308.0000000        7.4507322
     309.0000000        7.4550628
     310.0000000        7.4646259
     311.0000000        7.4962589
     312.0000000        7.5451189
     313.0000000        7.6204921
     314.0000000        7.7033346
     315.0000000        7.7856322
     316.0000000        7.8699579
     317.0000000        7.8991037
     318.0000000        7.9179157
     319.0000000        7.9167975
     320.0000000        7.8705630
     321.0000000        7.8328752
     322.0000000        7.8001314
     323.0000000        7.7563087
     324.0000000        7.7235713
     325.0000000        7.7078670
     326.0000000        7.6965281
     327.0000000        7.7357318
     328.0000000        7.7962806
     329.0000000        7.8155413
     330.0000000        7.7738419
     331.0000000        7.7090881
     332.0000000        7.6701805
     333.0000000        7.6312798
     334.0000000        7.5914958
     335.0000000        7.5437096
     336.0000000        7.4969457
     337.0000000        7.4165082
     338.0000000        7.4050256
     339.0000000        7.4173612
     340.0000000        7.4478614
     341.0000000        7.4753683
     342.0000000        7.5206719
     343.0000000        7.5728862
     344.0000000        7.6233703
     345.0000000        7.6584387
     346.0000000        7.6337246
     347.0000000        7.6134415
     348.0000000        7.5779705
     349.0000000        7.5560318
     350.0000000        7.5313662
     351.0000000        7.5063814
     352.0000000        7.4745590
     353.0000000        7.4840173
     354.0000000        7.4711838
     355.0000000        7.3994077
     356.0000000        7.3311177
     357.0000000        7.2820761
     358.0000000        7.2607367
     359.0000000        7.2859396
     360.0000000        7.3311784
     361.0000000        7.3685087
     362.0000000        7.4025005
     363.0000000        7.4904568
     364.0000000        7.5673983
     365.0000000        7.6692117
     366.0000000        7.7156724
     367.0000000        7.7122582
     368.0000000        7.7481481
     369.0000000        7.7717692
     370.0000000        7.7873164
     371.0000000        7.7806331
     372.0000000        7.7205502
     373.0000000        7.6747923
     374.0000000        7.6002808
     375.0000000        7.5357049
     376.0000000        7.5096762
     377.0000000        7.4589045
     378.0000000        7.4519044
     379.0000000        7.4038194
     380.0000000        7.3567329
     381.0000000        7.3518221
     382.0000000        7.3867899
     383.0000000        7.4064995
     384.0000000        7.4167810
     385.0000000        7.4229086
     386.0000000        7.4097041
     387.0000000        7.4022649
     388.0000000        7.3792715
     389.0000000        7.3925689
     390.0000000        7.3912550
     391.0000000        7.4084112
     392.0000000        7.4366709
     393.0000000        7.4592244
     394.0000000        7.4545889
     395.0000000        7.4400610
     396.0000000        7.4201259
     397.0000000        7.4465738
     398.0000000        7.4632341
     399.0000000        7.4806379
     400.0000000        7.5145838
     401.0000000        7.5492856
     402.0000000        7.5477175
     403.0000000        7.5447370
     404.0000000        7.5297509
     405.0000000        7.5080807
     406.0000000        7.4937267
     407.0000000        7.4989168
     408.0000000        7.5015437
     409.0000000        7.4901965
     410.0000000        7.4593548
     411.0000000        7.4259544
     412.0000000        7.4137134
     413.0000000        7.4380591
     414.0000000        7.4086796
     415.0000000        7.3381421
     416.0000000        7.2809368
     417.0000000        7.2091503
     418.0000000        7.1573824
     419.0000000        7.1070674
     420.0000000        7.0559736
     421.0000000        7.0150300
     422.0000000        6.9650767
     423.0000000        6.9326763
     424.0000000        6.9610568
     425.0000000        7.0169217
     426.0000000        7.1063392
     427.0000000        7.1730201
     428.0000000        7.2316551
     429.0000000        7.3152741
     430.0000000        7.3672480
     431.0000000        7.4015356
     432.0000000        7.4234744
     433.0000000        7.4575991
     434.0000000        7.5028499
     435.0000000        7.5345635
     436.0000000        7.5630163
     437.0000000        7.5656096
     438.0000000        7.5565169
     439.0000000        7.5042640
     440.0000000        7.4973838
     441.0000000        7.4905744
     442.0000000        7.4235428
     443.0000000        7.3813922
     444.0000000        7.3638466
     445.0000000        7.3355780
     446.0000000        7.3260933
     447.0000000        7.3215890
     448.0000000        7.3298831
     449.0000000        7.3548074
     450.0000000        7.3654494
     451.0000000        7.3799981
     452.0000000        7.3682446
     453.0000000        7.3309705
     454.0000000        7.2960167
     455.0000000        7.2528429
     456.0000000        7.2195181
     457.0000000        7.1798783
     458.0000000        7.1252988
     459.0000000        7.0918521
     460.0000000        7.0745620
     461.0000000        7.0891870
     462.0000000        7.1053935
     463.0000000        7.1013572
     464.0000000        7.1197171
     465.0000000        7.1700597
     466.0000000        7.2325524
     467.0000000        7.3156964
     468.0000000        7.3929360
     469.0000000        7.4287288
     470.0000000        7.4647799
     471.0000000        7.4614223
     472.0000000        7.4691290
     473.0000000        7.4177282
     474.0000000        7.3330231
     475.0000000        7.2969855
     476.0000000        7.2389474
     477.0000000        7.1772492
     478.0000000        7.1808161
     479.0000000        7.2174146
     480.0000000        7.2431216
     481.0000000        7.2275629
     482.0000000        7.2464315
     483.0000000        7.2481411
     484.0000000        7.2740952
     485.0000000        7.2915972
     486.0000000        7.2735215
     487.0000000        7.2417177
     488.0000000        7.2882378
     489.0000000        7.3179775
     490.0000000        7.3349804
     491.0000000        7.3564108
     492.0000000        7.3754222
     493.0000000        7.4115391
     494.0000000        7.4906156
     495.0000000        7.5894985
     496.0000000        7.6328113
     497.0000000        7.6373209
     498.0000000        7.6339427
     499.0000000        7.6340349
     500.0000000        7.6386078
     501.0000000        7.6422325
     502.0000000        7.6128826
     503.0000000        7.5996135
     504.0000000        7.5963964
     505.0000000        7.5913514
     506.0000000        7.5752182
     507.0000000        7.5234662
     508.0000000        7.4520252
     509.0000000        7.3885217
     510.0000000        7.3527494
     511.0000000        7.3617313
     512.0000000        7.3999771
     513.0000000        7.4427788
     514.0000000        7.4781355
     515.0000000        7.4865805
     516.0000000        7.4980932
     517.0000000        7.5435359
     518.0000000        7.6048672
     519.0000000        7.6387141
     520.0000000        7.6586479
     521.0000000        7.6825980
     522.0000000        7.6855910
     523.0000000        7.6631016
     524.0000000        7.6351711
     525.0000000        7.5837803
     526.0000000        7.5004242
     527.0000000        7.4246421
     528.0000000        7.3681070
     529.0000000        7.3481805
     530.0000000        7.3555950
     531.0000000        7.4152037
     532.0000000        7.4961255
     533.0000000        7.5439689
     534.0000000        7.5568023
     535.0000000        7.5343875
     536.0000000        7.4986477
     537.0000000        7.4542555
     538.0000000        7.4512758
     539.0000000        7.4436316
     540.0000000        7.4134266
     541.0000000        7.3422141
     542.0000000        7.3032788
     543.0000000        7.2427315
     544.0000000        7.2378659
     545.0000000        7.2781647
     546.0000000        7.2981227
     547.0000000        7.2919670
     548.0000000        7.2773241
     549.0000000        7.2678364
     550.0000000        7.2849354
     551.0000000        7.3084094
     552.0000000        7.3170094
     553.0000000        7.3630497
     554.0000000        7.3831968
     555.0000000        7.3854033
     556.0000000        7.4057133
     557.0000000        7.4339351
     558.0000000        7.4724935
     559.0000000        7.5150156
     560.0000000        7.6001561
     561.0000000        7.6698735
     562.0000000        7.7239121
     563.0000000        7.7534268
     564.0000000        7.7772564
     565.0000000        7.8213788
     566.0000000        7.8237470
     567.0000000        7.8871624
     568.0000000        7.9459795
     569.0000000        7.9743946
     570.0000000        8.0006079
     571.0000000        7.9670866
     572.0000000        7.9391709
     573.0000000        7.9292856
     574.0000000        7.9001273
     575.0000000        7.8740589
     576.0000000        7.8707962
     577.0000000        7.8482007
     578.0000000        7.8216850
     579.0000000        7.7664663
     580.0000000        7.7310198
     581.0000000        7.7446664
     582.0000000        7.7815787
     583.0000000        7.7980373
     584.0000000        7.7938308
     585.0000000        7.7748002
     586.0000000        7.7279785
     587.0000000        7.7192106
     588.0000000        7.7449691
     589.0000000        7.7937788
     590.0000000        7.8624301
     591.0000000        7.9426913
     592.0000000        8.0471630
     593.0000000        8.0475744
     594.0000000        8.0218771
     595.0000000        7.9549887
     596.0000000        7.9022035
     597.0000000        7.8323829
     598.0000000        7.8054084
     599.0000000        7.7633917
     600.0000000        7.7347706
