       1.0000000        2.2568162
       2.0000000        2.2477253
       3.0000000        2.2504945
       4.0000000        2.2586798
       5.0000000        2.2681747
       6.0000000        2.2757450
       7.0000000        2.2874226
       8.0000000        2.3029458
       9.0000000        2.3253011
      10.0000000        2.3540969
      11.0000000        2.3833794
      12.0000000        2.4072049
      13.0000000        2.4355299
      14.0000000        2.4680083
      15.0000000        2.4970396
      16.0000000        2.5179668
      17.0000000        2.5313629
      18.0000000        2.5411650
      19.0000000        2.5343616
      20.0000000        2.5142589
      21.0000000        2.4957917
      22.0000000        2.4830903
      23.0000000        2.4691365
      24.0000000        2.4612247
      25.0000000        2.4514552
      26.0000000        2.4325966
      27.0000000        2.4224657
      28.0000000        2.4170099
      29.0000000        2.4014751
      30.0000000        2.3773193
      31.0000000        2.3528779
      32.0000000        2.3379787
      33.0000000        2.3367221
      34.0000000        2.3488712
      35.0000000        2.3585761
      36.0000000        2.3633022
      37.0000000        2.3735059
      38.0000000        2.3809201
      39.0000000        2.3732873
      40.0000000        2.3582198
      41.0000000        2.3468047
      42.0000000        2.3406830
      43.0000000        2.3405040
      44.0000000        2.3502098
      45.0000000        2.3658667
      46.0000000        2.3768338
      47.0000000        2.3775821
      48.0000000        2.3815154
      49.0000000        2.4019513
      50.0000000        2.4231272
      51.0000000        2.4326465
      52.0000000        2.4261465
      53.0000000        2.4169719
      54.0000000        2.4096713
      55.0000000        2.4030516
      56.0000000        2.4092789
      57.0000000        2.4226149
      58.0000000        2.4356373
      59.0000000        2.4334056
      60.0000000        2.4159983
      61.0000000        2.3960832
      62.0000000        2.3806297
      63.0000000        2.3769958
      64.0000000        2.3772661
      65.0000000        2.3766553
      66.0000000        2.3698682
      67.0000000        2.3705296
      68.0000000        2.3878517
      69.0000000        2.4148088
      70.0000000        2.4339253
      71.0000000        2.4427306
      72.0000000        2.4378406
      73.0000000        2.4235805
      74.0000000        2.4084308
      75.0000000        2.3920440
      76.0000000        2.3835343
      77.0000000        2.3879290
      78.0000000        2.4096765
      79.0000000        2.4319433
      80.0000000        2.4514458
      81.0000000        2.4764671
      82.0000000        2.5013771
      83.0000000        2.5195614
      84.0000000        2.5333047
      85.0000000        2.5343775
      86.0000000        2.5187723
      87.0000000        2.4928239
      88.0000000        2.4691607
      89.0000000        2.4504411
      90.0000000        2.4309937
      91.0000000        2.4124770
      92.0000000        2.4031935
      93.0000000        2.4123817
      94.0000000        2.4222374
      95.0000000        2.4192861
      96.0000000        2.4073428
      97.0000000        2.3983720
      98.0000000        2.3915976
      99.0000000        2.3780728
     100.0000000        2.3613032
     101.0000000        2.3484113
     102.0000000        2.3409606
     103.0000000        2.3329027
     104.0000000        2.3219265
     105.0000000        2.3140407
     106.0000000        2.3120922
     107.0000000        2.3148108
     108.0000000        2.3156957
     109.0000000        2.3218945
     110.0000000        2.3254690
     111.0000000        2.3327951
     112.0000000        2.3446631
     113.0000000        2.3592816
     114.0000000        2.3810170
     115.0000000        2.3985910
     116.0000000        2.4102692
     117.0000000        2.4207779
     118.0000000        2.4340168
     119.0000000        2.4451069
     120.0000000        2.4562925
     121.0000000        2.4651250
     122.0000000        2.4709839
     123.0000000        2.4779273
     124.0000000        2.4863655
     125.0000000        2.4945262
     126.0000000        2.5016221
     127.0000000        2.5071341
     128.0000000        2.5121898
     129.0000000        2.5122566
     130.0000000        2.5203866
     131.0000000        2.5301057
     132.0000000        2.5213250
     133.0000000        2.5005204
     134.0000000        2.4816530
     135.0000000        2.4706184
     136.0000000        2.4528740
     137.0000000        2.4241424
     138.0000000        2.3977833
     139.0000000        2.3753135
     140.0000000        2.3634896
     141.0000000        2.3568683
     142.0000000        2.3557145
     143.0000000        2.3618440
     144.0000000        2.3733280
     145.0000000        2.3750184
     146.0000000        2.3652813
     147.0000000        2.3618703
     148.0000000        2.3733239
     149.0000000        2.3810024
     150.0000000        2.3825680
     151.0000000        2.4012715
     152.0000000        2.4430008
     153.0000000        2.4821749
     154.0000000        2.5023269
     155.0000000        2.5033523
     156.0000000        2.4909490
     157.0000000        2.4918697
     158.0000000        2.5141327
     159.0000000        2.5385494
     160.0000000        2.5457634
     161.0000000        2.5452677
     162.0000000        2.5477236
     163.0000000        2.5425277
     164.0000000        2.5223866
     165.0000000        2.4970919
     166.0000000        2.4686631
     167.0000000        2.4451930
     168.0000000        2.4176515
     169.0000000        2.3969806
     170.0000000        2.3891247
     171.0000000        2.3803591
     172.0000000        2.3745742
     173.0000000        2.3761781
     174.0000000        2.3759462
     175.0000000        2.3616197
     176.0000000        2.3369289
     177.0000000        2.3154807
     178.0000000        2.3036538
     179.0000000        2.2993416
     180.0000000        2.3019109
     181.0000000        2.3075938
     182.0000000        2.3102929
     183.0000000        2.3106503
     184.0000000        2.3088036
     185.0000000        2.3109679
     186.0000000        2.3241929
     187.0000000        2.3378982
     188.0000000        2.3385780
     189.0000000        2.3259372
     190.0000000        2.3136935
     191.0000000        2.3127331
     192.0000000        2.3157308
     193.0000000        2.3155582
     194.0000000        2.3144386
     195.0000000        2.3316018
     196.0000000        2.3637750
     197.0000000        2.3927173
     198.0000000        2.3964756
     199.0000000        2.3763664
     200.0000000        2.3528515
     201.0000000        2.3459377
     202.0000000        2.3505234
     203.0000000        2.3505324
     204.0000000        2.3539840
     205.0000000        2.3588960
     206.0000000        2.3564324
     207.0000000        2.3567896
     208.0000000        2.3782186
     209.0000000        2.4050811
     210.0000000        2.4141525
     211.0000000        2.4190818
     212.0000000        2.4272764
     213.0000000        2.4370312
     214.0000000        2.4463705
     215.0000000        2.4546992
     216.0000000        2.4618795
     217.0000000        2.4548805
     218.0000000        2.4341278
     219.0000000        2.4228967
     220.0000000        2.4279871
     221.0000000        2.4357816
     222.0000000        2.4378449
     223.0000000        2.4315498
     224.0000000        2.4209525
     225.0000000        2.4259959
     226.0000000        2.4476707
     227.0000000        2.4760632
     228.0000000        2.4962145
     229.0000000        2.4948227
     230.0000000        2.4792043
     231.0000000        2.4576780
     232.0000000        2.4300483
     233.0000000        2.3880737
     234.0000000        2.3576827
     235.0000000        2.3379502
     236.0000000        2.3221032
     237.0000000        2.3075976
     238.0000000        2.3064489
     239.0000000        2.3155601
     240.0000000        2.3239897
     241.0000000        2.3375536
     242.0000000        2.3513075
     243.0000000        2.3631732
     244.0000000        2.3751395
     245.0000000        2.3788814
     246.0000000        2.3795277
     247.0000000        2.3667105
     248.0000000        2.3490178
     249.0000000        2.3527455
     250.0000000        2.3725870
     251.0000000        2.3822148
     252.0000000        2.3718998
     253.0000000        2.3511575
     254.0000000        2.3337717
     255.0000000        2.3237506
     256.0000000        2.3254195
     257.0000000        2.3344299
     258.0000000        2.3367042
     259.0000000        2.3345108
     260.0000000        2.3453197
     261.0000000        2.3658409
     262.0000000        2.3851137
     263.0000000        2.3930023
     264.0000000        2.3948353
     265.0000000        2.3900608
     266.0000000        2.3882162
     267.0000000        2.3971219
     268.0000000        2.4079110
     269.0000000        2.4142855
     270.0000000        2.4133399
     271.0000000        2.4107523
     272.0000000        2.4041139
     273.0000000        2.3980159
     274.0000000        2.3964080
     275.0000000        2.4084787
     276.0000000        2.4284655
     277.0000000        2.4391829
     278.0000000        2.4456563
     279.0000000        2.4502462
     280.0000000        2.4419595
     281.0000000        2.4278565
     282.0000000        2.4093564
     283.0000000        2.3879458
     284.0000000        2.3704818
     285.0000000        2.3600028
     286.0000000        2.3598479
     287.0000000        2.3655154
     288.0000000        2.3710730
     289.0000000        2.3865212
     290.0000000        2.4033574
     291.0000000        2.4136666
     292.0000000        2.4191581
     293.0000000        2.4270403
     294.0000000        2.4419900
     295.0000000        2.4611727
     296.0000000        2.4853200
     297.0000000        2.5200411
     298.0000000        2.5545754
     299.0000000        2.5624924
     300.0000000        2.5404579
     301.0000000        2.5166402
     302.0000000        2.4971821
     303.0000000        2.4918764
     304.0000000        2.4893108
     305.0000000        2.4906276
     306.0000000        2.4984655
     307.0000000        2.5075407
     308.0000000        2.4996753
     309.0000000        2.4892964
     310.0000000        2.4892488
     311.0000000        2.4835074
     312.0000000        2.4701551
     313.0000000        2.4588635
     314.0000000        2.4657661
     315.0000000        2.4813301
     316.0000000        2.4847217
     317.0000000        2.4910788
     318.0000000        2.5142476
     319.0000000        2.5452223
     320.0000000        2.5566949
     321.0000000        2.5409321
     322.0000000        2.5180633
     323.0000000        2.4953462
     324.0000000        2.4729587
     325.0000000        2.4444924
     326.0000000        2.4189032
     327.0000000        2.4157533
     328.0000000        2.4206136
     329.0000000        2.4268990
     330.0000000        2.4331080
     331.0000000        2.4296615
     332.0000000        2.4123348
     333.0000000        2.3908500
     334.0000000        2.3665942
     335.0000000        2.3398445
     336.0000000        2.3159463
     337.0000000        2.3026137
     338.0000000        2.2945657
     339.0000000        2.2833604
     340.0000000        2.2814615
     341.0000000        2.2959316
     342.0000000        2.3155367
     343.0000000        2.3354080
     344.0000000        2.3619435
     345.0000000        2.3839247
     346.0000000        2.3933971
     347.0000000        2.3999434
     348.0000000        2.4043902
     349.0000000        2.4042399
     350.0000000        2.3960843
     351.0000000        2.3725226
     352.0000000        2.3418436
     353.0000000        2.3183028
     354.0000000        2.3117350
     355.0000000        2.3130656
     356.0000000        2.3132479
     357.0000000        2.3137413
     358.0000000        2.3199249
     359.0000000        2.3292418
     360.0000000        2.3325626
     361.0000000        2.3312350
     362.0000000        2.3354102
     363.0000000        2.3539148
     364.0000000        2.3832591
     365.0000000        2.4103034
     366.0000000        2.4299869
     367.0000000        2.4406643
     368.0000000        2.4524718
     369.0000000        2.4675855
     370.0000000        2.4816140
     371.0000000        2.4892575
     372.0000000        2.4933026
     373.0000000        2.4856904
     374.0000000        2.4777196
     375.0000000        2.4742448
     376.0000000        2.4725771
     377.0000000        2.4710723
     378.0000000        2.4717303
     379.0000000        2.4684538
     380.0000000        2.4682233
     381.0000000        2.4632066
     382.0000000        2.4564635
     383.0000000        2.4479332
     384.0000000        2.4351069
     385.0000000        2.4216824
     386.0000000        2.4084314
     387.0000000        2.3994725
     388.0000000        2.3887811
     389.0000000        2.3870934
     390.0000000        2.3957546
     391.0000000        2.3983241
     392.0000000        2.3933552
     393.0000000        2.3786133
     394.0000000        2.3532154
     395.0000000        2.3403108
     396.0000000        2.3445383
     397.0000000        2.3541962
     398.0000000        2.3551302
     399.0000000        2.3533760
     400.0000000        2.3535893
     401.0000000        2.3573970
     402.0000000        2.3661929
     403.0000000        2.3778528
     404.0000000        2.3940291
     405.0000000        2.4002556
     406.0000000        2.3930990
     407.0000000        2.3822282
     408.0000000        2.3738433
     409.0000000        2.3704511
     410.0000000        2.3646076
     411.0000000        2.3637304
     412.0000000        2.3716392
     413.0000000        2.3795164
     414.0000000        2.3792523
     415.0000000        2.3800282
     416.0000000        2.3829438
     417.0000000        2.3834152
     418.0000000        2.3807852
     419.0000000        2.3783525
     420.0000000        2.3812784
     421.0000000        2.3907175
     422.0000000        2.4023048
     423.0000000        2.4111639
     424.0000000        2.4075531
     425.0000000        2.3926176
     426.0000000        2.3784541
     427.0000000        2.3740853
     428.0000000        2.3768904
     429.0000000        2.3818684
     430.0000000        2.3887726
     431.0000000        2.3931108
     432.0000000        2.4027287
     433.0000000        2.4125178
     434.0000000        2.4083085
     435.0000000        2.3928013
     436.0000000        2.3822171
     437.0000000        2.3856680
     438.0000000        2.3879070
     439.0000000        2.3915018
     440.0000000        2.4039620
     441.0000000        2.4176007
     442.0000000        2.4197001
     443.0000000        2.4240530
     444.0000000        2.4350615
     445.0000000        2.4426884
     446.0000000        2.4392052
     447.0000000        2.4292238
     448.0000000        2.4178706
     449.0000000        2.3992620
     450.0000000        2.3823695
     451.0000000        2.3665687
     452.0000000        2.3565913
     453.0000000        2.3581709
     454.0000000        2.3615925
     455.0000000        2.3617432
     456.0000000        2.3608759
     457.0000000        2.3614048
     458.0000000        2.3605106
     459.0000000        2.3568208
     460.0000000        2.3525625
     461.0000000        2.3482099
     462.0000000        2.3515731
     463.0000000        2.3581768
     464.0000000        2.3610470
     465.0000000        2.3532603
     466.0000000        2.3415296
     467.0000000        2.3387920
     468.0000000        2.3377182
     469.0000000        2.3311633
     470.0000000        2.3245053
     471.0000000        2.3203552
     472.0000000        2.3234474
     473.0000000        2.3337024
     474.0000000        2.3417746
     475.0000000        2.3421013
     476.0000000        2.3404677
     477.0000000        2.3485724
     478.0000000        2.3695577
     479.0000000        2.3885319
     480.0000000        2.3898877
     481.0000000        2.3822930
     482.0000000        2.3780654
     483.0000000        2.3839428
     484.0000000        2.3905325
     485.0000000        2.3863134
     486.0000000        2.3747112
     487.0000000        2.3525461
     488.0000000        2.3339114
     489.0000000        2.3380560
     490.0000000        2.3585336
     491.0000000        2.3838613
     492.0000000        2.4002982
     493.0000000        2.3969780
     494.0000000        2.3812895
     495.0000000        2.3654269
     496.0000000        2.3500663
     497.0000000        2.3423559
     498.0000000        2.3504820
     499.0000000        2.3720697
     500.0000000        2.3971722
     501.0000000        2.4182638
     502.0000000        2.4267080
     503.0000000        2.4297529
     504.0000000        2.4358739
     505.0000000        2.4364751
     506.0000000        2.4288844
     507.0000000        2.4208304
     508.0000000        2.4161270
     509.0000000        2.4152690
     510.0000000        2.4164239
     511.0000000        2.4281258
     512.0000000        2.4383372
     513.0000000        2.4346136
     514.0000000        2.4287701
     515.0000000        2.4051392
     516.0000000        2.3750875
     517.0000000        2.3615393
     518.0000000        2.3603802
     519.0000000        2.3637108
     520.0000000        2.3698796
     521.0000000        2.3733491
     522.0000000        2.3671789
     523.0000000        2.3584044
     524.0000000        2.3511501
     525.0000000        2.3515393
     526.0000000        2.3500747
     527.0000000        2.3471136
     528.0000000        2.3387379
     529.0000000        2.3361930
     530.0000000        2.3480709
     531.0000000        2.3648642
     532.0000000        2.3825267
     533.0000000        2.3941252
     534.0000000        2.3937759
     535.0000000        2.3851325
     536.0000000        2.3697174
     537.0000000        2.3591520
     538.0000000        2.3595468
     539.0000000        2.3702182
     540.0000000        2.3797727
     541.0000000        2.3875692
     542.0000000        2.3957667
     543.0000000        2.3987370
     544.0000000        2.4006203
     545.0000000        2.4075981
     546.0000000        2.4216320
     547.0000000        2.4412979
     548.0000000        2.4552732
     549.0000000        2.4614534
     550.0000000        2.4644495
     551.0000000        2.4704340
     552.0000000        2.4841668
     553.0000000        2.4848050
     554.0000000        2.4725347
     555.0000000        2.4602774
     556.0000000        2.4333981
     557.0000000        2.4015956
     558.0000000        2.3779687
     559.0000000        2.3660596
     560.0000000        2.3522062
     561.0000000        2.3311892
     562.0000000        2.3151588
     563.0000000        2.3087887
     564.0000000        2.3100148
     565.0000000        2.3189512
     566.0000000        2.3238910
     567.0000000        2.3199857
     568.0000000        2.3077623
     569.0000000        2.2946560
     570.0000000        2.2888338
     571.0000000        2.2879650
     572.0000000        2.2899470
     573.0000000        2.3013127
     574.0000000        2.3240077
     575.0000000        2.3586369
     576.0000000        2.3854744
     577.0000000        2.3944825
     578.0000000        2.3959643
     579.0000000        2.4038815
     580.0000000        2.4050337
     581.0000000        2.3922113
     582.0000000        2.3799964
     583.0000000        2.3699254
     584.0000000        2.3567907
     585.0000000        2.3415145
     586.0000000        2.3314688
     587.0000000        2.3317045
     588.0000000        2.3465782
     589.0000000        2.3662639
     590.0000000        2.3717225
     591.0000000        2.3663068
     592.0000000        2.3650756
     593.0000000        2.3775715
     594.0000000        2.3795556
     595.0000000        2.3733796
     596.0000000        2.3673975
     597.0000000        2.3605078
     598.0000000        2.3570729
     599.0000000        2.3580577
     600.0000000        2.3676828
