       1.0000000        2.2082746
       2.0000000        2.2031190
       3.0000000        2.1984801
       4.0000000        2.1941063
       5.0000000        2.1894624
       6.0000000        2.1845741
       7.0000000        2.1808934
       8.0000000        2.1804118
       9.0000000        2.1848593
      10.0000000        2.1945658
      11.0000000        2.2053895
      12.0000000        2.2158935
      13.0000000        2.2256641
      14.0000000        2.2357557
      15.0000000        2.2443438
      16.0000000        2.2503281
      17.0000000        2.2520075
      18.0000000        2.2498517
      19.0000000        2.2446461
      20.0000000        2.2386091
      21.0000000        2.2309966
      22.0000000        2.2211664
      23.0000000        2.2116194
      24.0000000        2.2024627
      25.0000000        2.1923048
      26.0000000        2.1797838
      27.0000000        2.1642480
      28.0000000        2.1474035
      29.0000000        2.1286898
      30.0000000        2.1107140
      31.0000000        2.0954533
      32.0000000        2.0832503
      33.0000000        2.0705333
      34.0000000        2.0595515
      35.0000000        2.0516663
      36.0000000        2.0444119
      37.0000000        2.0377948
      38.0000000        2.0333884
      39.0000000        2.0268772
      40.0000000        2.0177431
      41.0000000        2.0072854
      42.0000000        1.9973745
      43.0000000        1.9854841
      44.0000000        1.9717706
      45.0000000        1.9567580
      46.0000000        1.9406397
      47.0000000        1.9243162
      48.0000000        1.9076247
      49.0000000        1.8928266
      50.0000000        1.8795885
      51.0000000        1.8723718
      52.0000000        1.8696542
      53.0000000        1.8724642
      54.0000000        1.8796960
      55.0000000        1.8892769
      56.0000000        1.9015225
      57.0000000        1.9102535
      58.0000000        1.9162943
      59.0000000        1.9256212
      60.0000000        1.9352852
      61.0000000        1.9465706
      62.0000000        1.9579839
      63.0000000        1.9705038
      64.0000000        1.9797583
      65.0000000        1.9936348
      66.0000000        2.0110083
      67.0000000        2.0257444
      68.0000000        2.0352335
      69.0000000        2.0408130
      70.0000000        2.0414994
      71.0000000        2.0363619
      72.0000000        2.0273259
      73.0000000        2.0170410
      74.0000000        2.0059319
      75.0000000        1.9941202
      76.0000000        1.9815711
      77.0000000        1.9687219
      78.0000000        1.9565729
      79.0000000        1.9462701
      80.0000000        1.9371101
      81.0000000        1.9283679
      82.0000000        1.9223491
      83.0000000        1.9187717
      84.0000000        1.9173034
      85.0000000        1.9155191
      86.0000000        1.9129013
      87.0000000        1.9104784
      88.0000000        1.9089208
      89.0000000        1.9057275
      90.0000000        1.9008194
      91.0000000        1.8932854
      92.0000000        1.8840988
      93.0000000        1.8729720
      94.0000000        1.8608449
      95.0000000        1.8471948
      96.0000000        1.8343799
      97.0000000        1.8244156
      98.0000000        1.8194953
      99.0000000        1.8212188
     100.0000000        1.8240778
     101.0000000        1.8259674
     102.0000000        1.8247334
     103.0000000        1.8191782
     104.0000000        1.8123381
     105.0000000        1.8086277
     106.0000000        1.8073713
     107.0000000        1.8090003
     108.0000000        1.8123231
     109.0000000        1.8150489
     110.0000000        1.8166513
     111.0000000        1.8204250
     112.0000000        1.8341850
     113.0000000        1.8513247
     114.0000000        1.8709697
     115.0000000        1.8912860
     116.0000000        1.9101095
     117.0000000        1.9258240
     118.0000000        1.9398024
     119.0000000        1.9512097
     120.0000000        1.9634340
     121.0000000        1.9746747
     122.0000000        1.9816539
     123.0000000        1.9875718
     124.0000000        1.9928445
     125.0000000        1.9975258
     126.0000000        2.0031085
     127.0000000        2.0069060
     128.0000000        2.0095453
     129.0000000        2.0125470
     130.0000000        2.0165365
     131.0000000        2.0187385
     132.0000000        2.0214887
     133.0000000        2.0244553
     134.0000000        2.0280335
     135.0000000        2.0314720
     136.0000000        2.0353050
     137.0000000        2.0375478
     138.0000000        2.0384848
     139.0000000        2.0378289
     140.0000000        2.0378931
     141.0000000        2.0407157
     142.0000000        2.0465112
     143.0000000        2.0529625
     144.0000000        2.0603890
     145.0000000        2.0679886
     146.0000000        2.0769677
     147.0000000        2.0849578
     148.0000000        2.0913286
     149.0000000        2.0977077
     150.0000000        2.1028938
     151.0000000        2.1053722
     152.0000000        2.1062813
     153.0000000        2.1058137
     154.0000000        2.1019945
     155.0000000        2.0962255
     156.0000000        2.0872998
     157.0000000        2.0744150
     158.0000000        2.0609713
     159.0000000        2.0461938
     160.0000000        2.0326872
     161.0000000        2.0207179
     162.0000000        2.0077429
     163.0000000        1.9953007
     164.0000000        1.9830835
     165.0000000        1.9693884
     166.0000000        1.9558600
     167.0000000        1.9424464
     168.0000000        1.9291645
     169.0000000        1.9178016
     170.0000000        1.9068840
     171.0000000        1.8973150
     172.0000000        1.8901296
     173.0000000        1.8842562
     174.0000000        1.8817058
     175.0000000        1.8814828
     176.0000000        1.8821621
     177.0000000        1.8862004
     178.0000000        1.8940096
     179.0000000        1.9029047
     180.0000000        1.9129614
     181.0000000        1.9232540
     182.0000000        1.9343731
     183.0000000        1.9453875
     184.0000000        1.9559600
     185.0000000        1.9670790
     186.0000000        1.9768002
     187.0000000        1.9854134
     188.0000000        1.9929065
     189.0000000        1.9999439
     190.0000000        2.0076716
     191.0000000        2.0162597
     192.0000000        2.0256741
     193.0000000        2.0378060
     194.0000000        2.0521734
     195.0000000        2.0671072
     196.0000000        2.0821447
     197.0000000        2.0969951
     198.0000000        2.1117978
     199.0000000        2.1264632
     200.0000000        2.1402221
     201.0000000        2.1543014
     202.0000000        2.1690991
     203.0000000        2.1845183
     204.0000000        2.1974261
     205.0000000        2.2045555
     206.0000000        2.2076283
     207.0000000        2.2053759
     208.0000000        2.1990767
     209.0000000        2.1871843
     210.0000000        2.1734478
     211.0000000        2.1608987
     212.0000000        2.1493926
     213.0000000        2.1398463
     214.0000000        2.1305025
     215.0000000        2.1219041
     216.0000000        2.1144087
     217.0000000        2.1054437
     218.0000000        2.0948310
     219.0000000        2.0838346
     220.0000000        2.0730879
     221.0000000        2.0605447
     222.0000000        2.0464575
     223.0000000        2.0333393
     224.0000000        2.0180559
     225.0000000        2.0013831
     226.0000000        1.9852233
     227.0000000        1.9724195
     228.0000000        1.9614798
     229.0000000        1.9515680
     230.0000000        1.9416037
     231.0000000        1.9302750
     232.0000000        1.9185714
     233.0000000        1.9052570
     234.0000000        1.8909107
     235.0000000        1.8786569
     236.0000000        1.8696560
     237.0000000        1.8655739
     238.0000000        1.8653656
     239.0000000        1.8676102
     240.0000000        1.8708045
     241.0000000        1.8739873
     242.0000000        1.8743482
     243.0000000        1.8780643
     244.0000000        1.8867697
     245.0000000        1.8951924
     246.0000000        1.9017979
     247.0000000        1.9071783
     248.0000000        1.9125980
     249.0000000        1.9177895
     250.0000000        1.9220457
     251.0000000        1.9239237
     252.0000000        1.9241198
     253.0000000        1.9236333
     254.0000000        1.9219583
     255.0000000        1.9214441
     256.0000000        1.9212277
     257.0000000        1.9194295
     258.0000000        1.9155959
     259.0000000        1.9099076
     260.0000000        1.9063205
     261.0000000        1.9066823
     262.0000000        1.9074149
     263.0000000        1.9082670
     264.0000000        1.9101186
     265.0000000        1.9116114
     266.0000000        1.9141603
     267.0000000        1.9164338
     268.0000000        1.9183626
     269.0000000        1.9202621
     270.0000000        1.9252574
     271.0000000        1.9335101
     272.0000000        1.9428210
     273.0000000        1.9565358
     274.0000000        1.9672887
     275.0000000        1.9759946
     276.0000000        1.9827133
     277.0000000        1.9870188
     278.0000000        1.9909077
     279.0000000        1.9939022
     280.0000000        1.9962898
     281.0000000        1.9981744
     282.0000000        2.0005898
     283.0000000        2.0054123
     284.0000000        2.0121374
     285.0000000        2.0208106
     286.0000000        2.0322926
     287.0000000        2.0438449
     288.0000000        2.0556669
     289.0000000        2.0678930
     290.0000000        2.0798090
     291.0000000        2.0907283
     292.0000000        2.1004102
     293.0000000        2.1088476
     294.0000000        2.1153266
     295.0000000        2.1195147
     296.0000000        2.1188843
     297.0000000        2.1124845
     298.0000000        2.1002734
     299.0000000        2.0824614
     300.0000000        2.0606134
     301.0000000        2.0361657
     302.0000000        2.0103858
     303.0000000        1.9845396
     304.0000000        1.9594929
     305.0000000        1.9349345
     306.0000000        1.9125856
     307.0000000        1.8904593
     308.0000000        1.8685988
     309.0000000        1.8482761
     310.0000000        1.8276166
     311.0000000        1.8079896
     312.0000000        1.7895210
     313.0000000        1.7720798
     314.0000000        1.7549899
     315.0000000        1.7342627
     316.0000000        1.7198466
     317.0000000        1.7109421
     318.0000000        1.7079480
     319.0000000        1.7060840
     320.0000000        1.7012892
     321.0000000        1.6942849
     322.0000000        1.6901386
     323.0000000        1.6894023
     324.0000000        1.6902661
     325.0000000        1.6879203
     326.0000000        1.6826969
     327.0000000        1.6785789
     328.0000000        1.6763921
     329.0000000        1.6786284
     330.0000000        1.6824675
     331.0000000        1.6858830
     332.0000000        1.6857896
     333.0000000        1.6823828
     334.0000000        1.6754922
     335.0000000        1.6736417
     336.0000000        1.6740755
     337.0000000        1.6751289
     338.0000000        1.6787148
     339.0000000        1.6863091
     340.0000000        1.6965606
     341.0000000        1.7110090
     342.0000000        1.7230586
     343.0000000        1.7291299
     344.0000000        1.7373834
     345.0000000        1.7500865
     346.0000000        1.7633554
     347.0000000        1.7785461
     348.0000000        1.7984130
     349.0000000        1.8201083
     350.0000000        1.8430719
     351.0000000        1.8717620
     352.0000000        1.8995569
     353.0000000        1.9273694
     354.0000000        1.9577080
     355.0000000        1.9834220
     356.0000000        2.0128169
     357.0000000        2.0462983
     358.0000000        2.0804825
     359.0000000        2.1130047
     360.0000000        2.1464450
     361.0000000        2.1790733
     362.0000000        2.2083535
     363.0000000        2.2319715
     364.0000000        2.2472456
     365.0000000        2.2553098
     366.0000000        2.2579134
     367.0000000        2.2578523
     368.0000000        2.2527461
     369.0000000        2.2424793
     370.0000000        2.2287509
     371.0000000        2.2106385
     372.0000000        2.1874714
     373.0000000        2.1642711
     374.0000000        2.1408522
     375.0000000        2.1151481
     376.0000000        2.0855491
     377.0000000        2.0562844
     378.0000000        2.0272908
     379.0000000        2.0003295
     380.0000000        1.9746132
     381.0000000        1.9506695
     382.0000000        1.9319121
     383.0000000        1.9167482
     384.0000000        1.9033149
     385.0000000        1.8921174
     386.0000000        1.8837333
     387.0000000        1.8771547
     388.0000000        1.8729571
     389.0000000        1.8724654
     390.0000000        1.8757203
     391.0000000        1.8816098
     392.0000000        1.8909982
     393.0000000        1.9031904
     394.0000000        1.9160746
     395.0000000        1.9301695
     396.0000000        1.9474483
     397.0000000        1.9721501
     398.0000000        1.9956427
     399.0000000        2.0167537
     400.0000000        2.0339947
     401.0000000        2.0535467
     402.0000000        2.0724711
     403.0000000        2.0885913
     404.0000000        2.1041870
     405.0000000        2.1178069
     406.0000000        2.1299088
     407.0000000        2.1402931
     408.0000000        2.1487901
     409.0000000        2.1541810
     410.0000000        2.1576371
     411.0000000        2.1585138
     412.0000000        2.1581728
     413.0000000        2.1557686
     414.0000000        2.1499858
     415.0000000        2.1420138
     416.0000000        2.1319301
     417.0000000        2.1176639
     418.0000000        2.0998664
     419.0000000        2.0800986
     420.0000000        2.0601888
     421.0000000        2.0400445
     422.0000000        2.0218980
     423.0000000        2.0066483
     424.0000000        1.9942759
     425.0000000        1.9866475
     426.0000000        1.9821676
     427.0000000        1.9792320
     428.0000000        1.9785154
     429.0000000        1.9810616
     430.0000000        1.9847044
     431.0000000        1.9892327
     432.0000000        1.9964503
     433.0000000        2.0056024
     434.0000000        2.0164211
     435.0000000        2.0295105
     436.0000000        2.0428557
     437.0000000        2.0564013
     438.0000000        2.0681965
     439.0000000        2.0771775
     440.0000000        2.0845063
     441.0000000        2.0898485
     442.0000000        2.0943778
     443.0000000        2.0982437
     444.0000000        2.0993145
     445.0000000        2.0970306
     446.0000000        2.0963674
     447.0000000        2.0951126
     448.0000000        2.0920897
     449.0000000        2.0891461
     450.0000000        2.0852060
     451.0000000        2.0796571
     452.0000000        2.0741661
     453.0000000        2.0718238
     454.0000000        2.0732691
     455.0000000        2.0774455
     456.0000000        2.0831707
     457.0000000        2.0919590
     458.0000000        2.1019726
     459.0000000        2.1138117
     460.0000000        2.1256588
     461.0000000        2.1370666
     462.0000000        2.1465063
     463.0000000        2.1541457
     464.0000000        2.1621404
     465.0000000        2.1694119
     466.0000000        2.1755970
     467.0000000        2.1783969
     468.0000000        2.1765125
     469.0000000        2.1734068
     470.0000000        2.1710532
     471.0000000        2.1716220
     472.0000000        2.1721103
     473.0000000        2.1723487
     474.0000000        2.1675086
     475.0000000        2.1614935
     476.0000000        2.1535747
     477.0000000        2.1449559
     478.0000000        2.1368163
     479.0000000        2.1301212
     480.0000000        2.1256008
     481.0000000        2.1220031
     482.0000000        2.1177294
     483.0000000        2.1111729
     484.0000000        2.1034698
     485.0000000        2.0950708
     486.0000000        2.0855494
     487.0000000        2.0771544
     488.0000000        2.0678685
     489.0000000        2.0568318
     490.0000000        2.0470905
     491.0000000        2.0396426
     492.0000000        2.0313513
     493.0000000        2.0232334
     494.0000000        2.0149698
     495.0000000        2.0054703
     496.0000000        1.9939225
     497.0000000        1.9834107
     498.0000000        1.9746492
     499.0000000        1.9680505
     500.0000000        1.9645286
     501.0000000        1.9637152
     502.0000000        1.9673282
     503.0000000        1.9741594
     504.0000000        1.9826157
     505.0000000        1.9935995
     506.0000000        2.0076067
     507.0000000        2.0254786
     508.0000000        2.0461936
     509.0000000        2.0692019
     510.0000000        2.0948153
     511.0000000        2.1208718
     512.0000000        2.1475658
     513.0000000        2.1737757
     514.0000000        2.1997290
     515.0000000        2.2240932
     516.0000000        2.2459352
     517.0000000        2.2636018
     518.0000000        2.2738347
     519.0000000        2.2795761
     520.0000000        2.2809362
     521.0000000        2.2775035
     522.0000000        2.2663617
     523.0000000        2.2498651
     524.0000000        2.2313788
     525.0000000        2.2144256
     526.0000000        2.1982193
     527.0000000        2.1833870
     528.0000000        2.1676261
     529.0000000        2.1503546
     530.0000000        2.1298923
     531.0000000        2.1074338
     532.0000000        2.0877059
     533.0000000        2.0695159
     534.0000000        2.0535154
     535.0000000        2.0408390
     536.0000000        2.0321116
     537.0000000        2.0270181
     538.0000000        2.0226493
     539.0000000        2.0183096
     540.0000000        2.0139015
     541.0000000        2.0102749
     542.0000000        2.0051804
     543.0000000        1.9998251
     544.0000000        1.9949281
     545.0000000        1.9898801
     546.0000000        1.9845672
     547.0000000        1.9789413
     548.0000000        1.9740425
     549.0000000        1.9693387
     550.0000000        1.9620024
     551.0000000        1.9535289
     552.0000000        1.9439043
     553.0000000        1.9328426
     554.0000000        1.9236236
     555.0000000        1.9169329
     556.0000000        1.9094436
     557.0000000        1.9017204
     558.0000000        1.8954427
     559.0000000        1.8909811
     560.0000000        1.8866652
     561.0000000        1.8813916
     562.0000000        1.8757905
     563.0000000        1.8692224
     564.0000000        1.8620590
     565.0000000        1.8530511
     566.0000000        1.8410033
     567.0000000        1.8266678
     568.0000000        1.8085746
     569.0000000        1.7912295
     570.0000000        1.7743162
     571.0000000        1.7565801
     572.0000000        1.7393740
     573.0000000        1.7261566
     574.0000000        1.7134929
     575.0000000        1.7002711
     576.0000000        1.6873760
     577.0000000        1.6804711
     578.0000000        1.6807427
     579.0000000        1.6853027
     580.0000000        1.6882341
     581.0000000        1.6927736
     582.0000000        1.7027776
     583.0000000        1.7151561
     584.0000000        1.7226607
     585.0000000        1.7275769
     586.0000000        1.7363697
     587.0000000        1.7471596
     588.0000000        1.7559247
     589.0000000        1.7669228
     590.0000000        1.7792778
     591.0000000        1.7902939
     592.0000000        1.8003277
     593.0000000        1.8133898
     594.0000000        1.8290093
     595.0000000        1.8482239
     596.0000000        1.8640554
     597.0000000        1.8764973
     598.0000000        1.8872910
     599.0000000        1.9004349
     600.0000000        1.9085003
