       1.0000000        8.0433612
       2.0000000        8.2660486
       3.0000000        8.1813892
       4.0000000        8.0837336
       5.0000000        7.9736047
       6.0000000        7.9148559
       7.0000000        7.8897153
       8.0000000        7.9356412
       9.0000000        7.8982385
      10.0000000        7.8638096
      11.0000000        7.8127726
      12.0000000        7.7657209
      13.0000000        7.6904849
      14.0000000        7.6302386
      15.0000000        7.5543054
      16.0000000        7.5231029
      17.0000000        7.5104884
      18.0000000        7.4671696
      19.0000000        7.4805043
      20.0000000        7.5411563
      21.0000000        7.6370785
      22.0000000        7.7437969
      23.0000000        7.8182245
      24.0000000        7.8534748
      25.0000000        7.8433829
      26.0000000        7.8295297
      27.0000000        7.7564541
      28.0000000        7.6881348
      29.0000000        7.6295553
      30.0000000        7.5772118
      31.0000000        7.5203445
      32.0000000        7.4406366
      33.0000000        7.3873599
      34.0000000        7.3276477
      35.0000000        7.2929812
      36.0000000        7.2733171
      37.0000000        7.2473931
      38.0000000        7.2850682
      39.0000000        7.3231811
      40.0000000        7.3281844
      41.0000000        7.3229867
      42.0000000        7.2916954
      43.0000000        7.2161493
      44.0000000        7.1833358
      45.0000000        7.1961941
      46.0000000        7.2087880
      47.0000000        7.2339778
      48.0000000        7.2830367
      49.0000000        7.3478705
      50.0000000        7.4305862
      51.0000000        7.4726337
      52.0000000        7.5087059
      53.0000000        7.5027690
      54.0000000        7.4976377
      55.0000000        7.5198882
      56.0000000        7.5295934
      57.0000000        7.5722553
      58.0000000        7.6170017
      59.0000000        7.6479688
      60.0000000        7.6941078
      61.0000000        7.7676782
      62.0000000        7.8305276
      63.0000000        7.8926940
      64.0000000        7.9314885
      65.0000000        7.9348881
      66.0000000        7.9281608
      67.0000000        7.8856503
      68.0000000        7.8190645
      69.0000000        7.7831457
      70.0000000        7.7752376
      71.0000000        7.7616878
      72.0000000        7.7595226
      73.0000000        7.7609039
      74.0000000        7.7156263
      75.0000000        7.6822553
      76.0000000        7.6400480
      77.0000000        7.6214476
      78.0000000        7.5993838
      79.0000000        7.6062678
      80.0000000        7.6129465
      81.0000000        7.6103480
      82.0000000        7.5547872
      83.0000000        7.4933055
      84.0000000        7.4348271
      85.0000000        7.4036379
      86.0000000        7.3812388
      87.0000000        7.3807392
      88.0000000        7.3991718
      89.0000000        7.3932924
      90.0000000        7.3878973
      91.0000000        7.3992765
      92.0000000        7.4136025
      93.0000000        7.4226244
      94.0000000        7.4063828
      95.0000000        7.4224617
      96.0000000        7.4534364
      97.0000000        7.4884139
      98.0000000        7.4959351
      99.0000000        7.5006360
     100.0000000        7.5335201
     101.0000000        7.5381045
     102.0000000        7.5568231
     103.0000000        7.5777956
     104.0000000        7.6473091
     105.0000000        7.7113884
     106.0000000        7.7917440
     107.0000000        7.8168462
     108.0000000        7.7986071
     109.0000000        7.7802081
     110.0000000        7.7688649
     111.0000000        7.7645512
     112.0000000        7.7531957
     113.0000000        7.7417546
     114.0000000        7.7246155
     115.0000000        7.6890984
     116.0000000        7.6486665
     117.0000000        7.5979964
     118.0000000        7.5756645
     119.0000000        7.5422210
     120.0000000        7.5557007
     121.0000000        7.5223344
     122.0000000        7.4770760
     123.0000000        7.4333495
     124.0000000        7.4039257
     125.0000000        7.4097963
     126.0000000        7.4656537
     127.0000000        7.5009077
     128.0000000        7.4738798
     129.0000000        7.4201733
     130.0000000        7.3507100
     131.0000000        7.2753948
     132.0000000        7.2165197
     133.0000000        7.1653511
     134.0000000        7.1190494
     135.0000000        7.1033958
     136.0000000        7.0913737
     137.0000000        7.0730988
     138.0000000        7.0736950
     139.0000000        7.1345916
     140.0000000        7.2349882
     141.0000000        7.3345416
     142.0000000        7.4210067
     143.0000000        7.4636382
     144.0000000        7.4397107
     145.0000000        7.3757853
     146.0000000        7.3230644
     147.0000000        7.2654020
     148.0000000        7.2150203
     149.0000000        7.2020937
     150.0000000        7.2108523
     151.0000000        7.2241021
     152.0000000        7.2695287
     153.0000000        7.3052059
     154.0000000        7.3478632
     155.0000000        7.4120905
     156.0000000        7.5029109
     157.0000000        7.5796151
     158.0000000        7.6319557
     159.0000000        7.6619624
     160.0000000        7.6798030
     161.0000000        7.6643524
     162.0000000        7.6262736
     163.0000000        7.5699470
     164.0000000        7.5163981
     165.0000000        7.4727799
     166.0000000        7.4290249
     167.0000000        7.4320536
     168.0000000        7.4228263
     169.0000000        7.4177364
     170.0000000        7.4340604
     171.0000000        7.4728294
     172.0000000        7.5006396
     173.0000000        7.4759334
     174.0000000        7.4623424
     175.0000000        7.4096804
     176.0000000        7.3549939
     177.0000000        7.2908230
     178.0000000        7.2174847
     179.0000000        7.1637226
     180.0000000        7.1554268
     181.0000000        7.2138164
     182.0000000        7.2566976
     183.0000000        7.3081273
     184.0000000        7.3567488
     185.0000000        7.3738511
     186.0000000        7.4076626
     187.0000000        7.4356623
     188.0000000        7.4234745
     189.0000000        7.3988660
     190.0000000        7.3615742
     191.0000000        7.3339777
     192.0000000        7.3072132
     193.0000000        7.3233607
     194.0000000        7.3780465
     195.0000000        7.4409316
     196.0000000        7.5014951
     197.0000000        7.5596054
     198.0000000        7.6430073
     199.0000000        7.7334049
     200.0000000        7.8215993
     201.0000000        7.8848488
     202.0000000        7.9609293
     203.0000000        8.0092044
     204.0000000        8.0101989
     205.0000000        8.0069008
     206.0000000        7.9781213
     207.0000000        7.9597277
     208.0000000        7.9532245
     209.0000000        7.9379834
     210.0000000        7.8427494
     211.0000000        7.7529203
     212.0000000        7.6409969
     213.0000000        7.5456639
     214.0000000        7.4506867
     215.0000000        7.4102353
     216.0000000        7.4031140
     217.0000000        7.4160425
     218.0000000        7.4527376
     219.0000000        7.4986294
     220.0000000        7.5450789
     221.0000000        7.5960336
     222.0000000        7.6376140
     223.0000000        7.6552481
     224.0000000        7.6727494
     225.0000000        7.7197198
     226.0000000        7.7419136
     227.0000000        7.7810490
     228.0000000        7.8353438
     229.0000000        7.8955641
     230.0000000        7.9335739
     231.0000000        7.9354888
     232.0000000        7.9000494
     233.0000000        7.8107848
     234.0000000        7.7249977
     235.0000000        7.5994433
     236.0000000        7.4904081
     237.0000000        7.4016551
     238.0000000        7.3125567
     239.0000000        7.2516208
     240.0000000        7.2263250
     241.0000000        7.2065236
     242.0000000        7.1718711
     243.0000000        7.1905232
     244.0000000        7.2276524
     245.0000000        7.2528571
     246.0000000        7.3582853
     247.0000000        7.4653369
     248.0000000        7.5468313
     249.0000000        7.6591283
     250.0000000        7.7366038
     251.0000000        7.8414527
     252.0000000        7.9401912
     253.0000000        8.0276890
     254.0000000        8.0605014
     255.0000000        8.0769833
     256.0000000        8.0787754
     257.0000000        8.1013084
     258.0000000        8.0614729
     259.0000000        8.0669456
     260.0000000        8.0516735
     261.0000000        8.0499593
     262.0000000        7.9906160
     263.0000000        7.9173793
     264.0000000        7.8641406
     265.0000000        7.8217785
     266.0000000        7.7818390
     267.0000000        7.7399804
     268.0000000        7.6271145
     269.0000000        7.5489507
     270.0000000        7.5167626
     271.0000000        7.5090601
     272.0000000        7.5546461
     273.0000000        7.5793690
     274.0000000        7.6176443
     275.0000000        7.6806674
     276.0000000        7.7610528
     277.0000000        7.7861889
     278.0000000        7.8188109
     279.0000000        7.8329088
     280.0000000        7.8658055
     281.0000000        7.8882975
     282.0000000        7.8084295
     283.0000000        7.7227352
     284.0000000        7.6929211
     285.0000000        7.6583914
     286.0000000        7.5893518
     287.0000000        7.5350431
     288.0000000        7.5408072
     289.0000000        7.6103308
     290.0000000        7.6894319
     291.0000000        7.7527771
     292.0000000        7.8116370
     293.0000000        7.8265212
     294.0000000        7.8350590
     295.0000000        7.7992106
     296.0000000        7.7699171
     297.0000000        7.7117791
     298.0000000        7.6441537
     299.0000000        7.6031168
     300.0000000        7.5424358
     301.0000000        7.5201075
     302.0000000        7.5044897
     303.0000000        7.4913826
     304.0000000        7.4568330
     305.0000000        7.4439898
     306.0000000        7.4410173
     307.0000000        7.4289119
     308.0000000        7.4037709
     309.0000000        7.3800395
     310.0000000        7.3759179
     311.0000000        7.3921496
     312.0000000        7.4187175
     313.0000000        7.4447618
     314.0000000        7.5046568
     315.0000000        7.5333190
     316.0000000        7.5450243
     317.0000000        7.5433899
     318.0000000        7.5504697
     319.0000000        7.5516783
     320.0000000        7.5363785
     321.0000000        7.4819489
     322.0000000        7.4405727
     323.0000000        7.4199883
     324.0000000        7.4170139
     325.0000000        7.4086484
     326.0000000        7.4068562
     327.0000000        7.4414812
     328.0000000        7.5008554
     329.0000000        7.5998599
     330.0000000        7.6657992
     331.0000000        7.7205317
     332.0000000        7.7279496
     333.0000000        7.7265197
     334.0000000        7.7602724
     335.0000000        7.8068408
     336.0000000        7.8462735
     337.0000000        7.8649381
     338.0000000        7.8234194
     339.0000000        7.7431074
     340.0000000        7.6845968
     341.0000000        7.5777145
     342.0000000        7.4977356
     343.0000000        7.4172877
     344.0000000        7.2846664
     345.0000000        7.1803307
     346.0000000        7.1000842
     347.0000000        7.0504919
     348.0000000        7.0448315
     349.0000000        7.0636298
     350.0000000        7.1091904
     351.0000000        7.1983451
     352.0000000        7.3034989
     353.0000000        7.4357050
     354.0000000        7.5597560
     355.0000000        7.6606354
     356.0000000        7.7138729
     357.0000000        7.7260797
     358.0000000        7.6821817
     359.0000000        7.6468755
     360.0000000        7.6265223
     361.0000000        7.5754748
     362.0000000        7.5435438
     363.0000000        7.5308240
     364.0000000        7.5439929
     365.0000000        7.5473765
     366.0000000        7.5192770
     367.0000000        7.4715686
     368.0000000        7.3878283
     369.0000000        7.3184385
     370.0000000        7.2898230
     371.0000000        7.2739232
     372.0000000        7.2588418
     373.0000000        7.2670618
     374.0000000        7.2284442
     375.0000000        7.2079330
     376.0000000        7.1873723
     377.0000000        7.1765968
     378.0000000        7.1697955
     379.0000000        7.1861056
     380.0000000        7.2169802
     381.0000000        7.2765048
     382.0000000        7.3570180
     383.0000000        7.4255235
     384.0000000        7.5402593
     385.0000000        7.5947879
     386.0000000        7.6002423
     387.0000000        7.6211924
     388.0000000        7.6315353
     389.0000000        7.6117431
     390.0000000        7.5725866
     391.0000000        7.4881489
     392.0000000        7.3756332
     393.0000000        7.3256270
     394.0000000        7.2834749
     395.0000000        7.2222368
     396.0000000        7.2208759
     397.0000000        7.2012859
     398.0000000        7.1750995
     399.0000000        7.1382052
     400.0000000        7.1161290
     401.0000000        7.1157642
     402.0000000        7.1182470
     403.0000000        7.1334931
     404.0000000        7.1948270
     405.0000000        7.2965156
     406.0000000        7.3995085
     407.0000000        7.4700954
     408.0000000        7.5353595
     409.0000000        7.6288392
     410.0000000        7.7350133
     411.0000000        7.8399457
     412.0000000        7.8524024
     413.0000000        7.8767539
     414.0000000        7.8339034
     415.0000000        7.7980582
     416.0000000        7.7233395
     417.0000000        7.6648649
     418.0000000        7.6120193
     419.0000000        7.5609202
     420.0000000        7.4781088
     421.0000000        7.4399110
     422.0000000        7.4511350
     423.0000000        7.4168211
     424.0000000        7.3750250
     425.0000000        7.3427471
     426.0000000        7.3186165
     427.0000000        7.2836447
     428.0000000        7.2042734
     429.0000000        7.1195798
     430.0000000        7.0533452
     431.0000000        7.0489050
     432.0000000        7.1032759
     433.0000000        7.1562019
     434.0000000        7.2094322
     435.0000000        7.2812388
     436.0000000        7.2941119
     437.0000000        7.3193888
     438.0000000        7.3780389
     439.0000000        7.4589523
     440.0000000        7.5345944
     441.0000000        7.5736110
     442.0000000        7.6246515
     443.0000000        7.6780139
     444.0000000        7.7067949
     445.0000000        7.7193401
     446.0000000        7.7509224
     447.0000000        7.7530771
     448.0000000        7.7226609
     449.0000000        7.6919502
     450.0000000        7.6186387
     451.0000000        7.5465176
     452.0000000        7.4994382
     453.0000000        7.4871219
     454.0000000        7.4856064
     455.0000000        7.4915382
     456.0000000        7.5102646
     457.0000000        7.5300089
     458.0000000        7.5340579
     459.0000000        7.5973685
     460.0000000        7.6629713
     461.0000000        7.7275979
     462.0000000        7.7976256
     463.0000000        7.8000050
     464.0000000        7.7800884
     465.0000000        7.7871722
     466.0000000        7.8158060
     467.0000000        7.8465373
     468.0000000        7.8320020
     469.0000000        7.7965822
     470.0000000        7.7805447
     471.0000000        7.7460677
     472.0000000        7.7395063
     473.0000000        7.7036346
     474.0000000        7.6733364
     475.0000000        7.6302705
     476.0000000        7.6292593
     477.0000000        7.6560912
     478.0000000        7.6908230
     479.0000000        7.7141980
     480.0000000        7.7672075
     481.0000000        7.7990899
     482.0000000        7.8421942
     483.0000000        7.8894919
     484.0000000        7.9023488
     485.0000000        7.8616253
     486.0000000        7.8497893
     487.0000000        7.8402203
     488.0000000        7.7835282
     489.0000000        7.7019629
     490.0000000        7.6348522
     491.0000000        7.6056330
     492.0000000        7.6399685
     493.0000000        7.6709834
     494.0000000        7.7107114
     495.0000000        7.7526075
     496.0000000        7.7471657
     497.0000000        7.7098823
     498.0000000        7.6719543
     499.0000000        7.6607336
     500.0000000        7.7284733
     501.0000000        7.7764588
     502.0000000        7.7704219
     503.0000000        7.7092658
     504.0000000        7.6708830
     505.0000000        7.6317075
     506.0000000        7.5913974
     507.0000000        7.5968402
     508.0000000        7.6416680
     509.0000000        7.6849386
     510.0000000        7.6881405
     511.0000000        7.7128329
     512.0000000        7.7479647
     513.0000000        7.7706311
     514.0000000        7.7782560
     515.0000000        7.7814836
     516.0000000        7.7715011
     517.0000000        7.7591964
     518.0000000        7.7175618
     519.0000000        7.7377769
     520.0000000        7.7229190
     521.0000000        7.6744888
     522.0000000        7.6382941
     523.0000000        7.6048627
     524.0000000        7.5623324
     525.0000000        7.5246728
     526.0000000        7.4995132
     527.0000000        7.4512074
     528.0000000        7.3986964
     529.0000000        7.3883009
     530.0000000        7.3337969
     531.0000000        7.3017331
     532.0000000        7.2883260
     533.0000000        7.2950555
     534.0000000        7.3131315
     535.0000000        7.2929142
     536.0000000        7.2574507
     537.0000000        7.2320684
     538.0000000        7.2078867
     539.0000000        7.2172046
     540.0000000        7.2008798
     541.0000000        7.1576912
     542.0000000        7.0904797
     543.0000000        7.0453495
     544.0000000        7.0293701
     545.0000000        7.0460152
     546.0000000        7.0532607
     547.0000000        7.0754958
     548.0000000        7.1258246
     549.0000000        7.1678187
     550.0000000        7.2129792
     551.0000000        7.2093642
     552.0000000        7.2101810
     553.0000000        7.2332268
     554.0000000        7.2950763
     555.0000000        7.3712972
     556.0000000        7.4351444
     557.0000000        7.4786512
     558.0000000        7.5006690
     559.0000000        7.4957070
     560.0000000        7.4882911
     561.0000000        7.4986448
     562.0000000        7.4566885
     563.0000000        7.4240512
     564.0000000        7.4014126
     565.0000000        7.3670599
     566.0000000        7.3642757
     567.0000000        7.3634612
     568.0000000        7.3883432
     569.0000000        7.3803511
     570.0000000        7.3666428
     571.0000000        7.3340158
     572.0000000        7.2689994
     573.0000000        7.2380550
     574.0000000        7.2318531
     575.0000000        7.2419427
     576.0000000        7.2681518
     577.0000000        7.3043790
     578.0000000        7.3692592
     579.0000000        7.4450797
     580.0000000        7.4452506
     581.0000000        7.4617697
     582.0000000        7.4792795
     583.0000000        7.5170266
     584.0000000        7.5460370
     585.0000000        7.5528529
     586.0000000        7.5562584
     587.0000000        7.5619260
     588.0000000        7.5702255
     589.0000000        7.5612335
     590.0000000        7.5838916
     591.0000000        7.6255478
     592.0000000        7.6582847
     593.0000000        7.6493562
     594.0000000        7.6804599
     595.0000000        7.7075644
     596.0000000        7.7530114
     597.0000000        7.8259808
     598.0000000        7.8962307
     599.0000000        7.9664141
     600.0000000        7.9541319
