       1.0000000        0.9267157
       2.0000000        0.8326553
       3.0000000        0.7451187
       4.0000000        0.6612487
       5.0000000        0.5795131
       6.0000000        0.5079524
       7.0000000        0.4540756
       8.0000000        0.4088866
       9.0000000        0.3831853
      10.0000000        0.3632830
      11.0000000        0.3472892
      12.0000000        0.3337707
      13.0000000        0.3223767
      14.0000000        0.3167412
      15.0000000        0.3113573
      16.0000000        0.3132836
      17.0000000        0.3107674
      18.0000000        0.3155548
      19.0000000        0.3132446
      20.0000000        0.3094234
      21.0000000        0.3028092
      22.0000000        0.2963087
      23.0000000        0.2911803
      24.0000000        0.2894273
      25.0000000        0.2918921
      26.0000000        0.2937104
      27.0000000        0.2904921
      28.0000000        0.2871258
      29.0000000        0.2910601
      30.0000000        0.2908011
      31.0000000        0.2884987
      32.0000000        0.2876224
      33.0000000        0.2935574
      34.0000000        0.2961538
      35.0000000        0.2987909
      36.0000000        0.2985174
      37.0000000        0.3033457
      38.0000000        0.3059378
      39.0000000        0.3084602
      40.0000000        0.3073040
      41.0000000        0.3054649
      42.0000000        0.3037333
      43.0000000        0.3026951
      44.0000000        0.2997577
      45.0000000        0.2982806
      46.0000000        0.2949101
      47.0000000        0.2964261
      48.0000000        0.3016203
      49.0000000        0.3014172
      50.0000000        0.2948292
      51.0000000        0.2939223
      52.0000000        0.2969829
      53.0000000        0.3071206
      54.0000000        0.3163424
      55.0000000        0.3237533
      56.0000000        0.3273828
      57.0000000        0.3368117
      58.0000000        0.3451285
      59.0000000        0.3499553
      60.0000000        0.3486460
      61.0000000        0.3453333
      62.0000000        0.3432527
      63.0000000        0.3405706
      64.0000000        0.3343766
      65.0000000        0.3329481
      66.0000000        0.3257092
      67.0000000        0.3198030
      68.0000000        0.3125958
      69.0000000        0.3067499
      70.0000000        0.3053774
      71.0000000        0.3052826
      72.0000000        0.3062827
      73.0000000        0.3025759
      74.0000000        0.3005255
      75.0000000        0.3014199
      76.0000000        0.2957410
      77.0000000        0.2916763
      78.0000000        0.2947715
      79.0000000        0.2938043
      80.0000000        0.2938425
      81.0000000        0.2948319
      82.0000000        0.2925587
      83.0000000        0.2901188
      84.0000000        0.2902052
      85.0000000        0.2910081
      86.0000000        0.2931998
      87.0000000        0.2910965
      88.0000000        0.2889121
      89.0000000        0.2878355
      90.0000000        0.2865747
      91.0000000        0.2869484
      92.0000000        0.2897494
      93.0000000        0.2910864
      94.0000000        0.2922187
      95.0000000        0.2934383
      96.0000000        0.2929007
      97.0000000        0.2924034
      98.0000000        0.2932125
      99.0000000        0.2917139
     100.0000000        0.2853375
     101.0000000        0.2832842
     102.0000000        0.2816826
     103.0000000        0.2762703
     104.0000000        0.2766494
     105.0000000        0.2776047
     106.0000000        0.2772656
     107.0000000        0.2696835
     108.0000000        0.2608501
     109.0000000        0.2599015
     110.0000000        0.2614636
     111.0000000        0.2670572
     112.0000000        0.2738442
     113.0000000        0.2797229
     114.0000000        0.2850045
     115.0000000        0.2884130
     116.0000000        0.2942390
     117.0000000        0.2943798
     118.0000000        0.2896644
     119.0000000        0.2859455
     120.0000000        0.2813261
     121.0000000        0.2708807
     122.0000000        0.2680128
     123.0000000        0.2698140
     124.0000000        0.2677672
     125.0000000        0.2642274
     126.0000000        0.2563583
     127.0000000        0.2544055
     128.0000000        0.2515161
     129.0000000        0.2493152
     130.0000000        0.2504060
     131.0000000        0.2474487
     132.0000000        0.2472377
     133.0000000        0.2497908
     134.0000000        0.2543610
     135.0000000        0.2578473
     136.0000000        0.2608783
     137.0000000        0.2652753
     138.0000000        0.2667303
     139.0000000        0.2676101
     140.0000000        0.2684141
     141.0000000        0.2726238
     142.0000000        0.2773161
     143.0000000        0.2816670
     144.0000000        0.2845843
     145.0000000        0.2817245
     146.0000000        0.2781862
     147.0000000        0.2760071
     148.0000000        0.2760507
     149.0000000        0.2779321
     150.0000000        0.2846952
     151.0000000        0.2852079
     152.0000000        0.2868062
     153.0000000        0.2883462
     154.0000000        0.2924781
     155.0000000        0.2955461
     156.0000000        0.2949585
     157.0000000        0.2918912
     158.0000000        0.2960427
     159.0000000        0.2952728
     160.0000000        0.2946899
     161.0000000        0.2923219
     162.0000000        0.2853963
     163.0000000        0.2773162
     164.0000000        0.2707285
     165.0000000        0.2641463
     166.0000000        0.2634450
     167.0000000        0.2629913
     168.0000000        0.2608154
     169.0000000        0.2649794
     170.0000000        0.2689101
     171.0000000        0.2728081
     172.0000000        0.2762252
     173.0000000        0.2785414
     174.0000000        0.2796315
     175.0000000        0.2753745
     176.0000000        0.2748099
     177.0000000        0.2764652
     178.0000000        0.2775522
     179.0000000        0.2782539
     180.0000000        0.2764547
     181.0000000        0.2747742
     182.0000000        0.2754272
     183.0000000        0.2767998
     184.0000000        0.2852713
     185.0000000        0.2954199
     186.0000000        0.2995896
     187.0000000        0.2994148
     188.0000000        0.3019161
     189.0000000        0.3057689
     190.0000000        0.3070976
     191.0000000        0.3164656
     192.0000000        0.3263069
     193.0000000        0.3313030
     194.0000000        0.3284504
     195.0000000        0.3205408
     196.0000000        0.3076488
     197.0000000        0.2953429
     198.0000000        0.2880273
     199.0000000        0.2814578
     200.0000000        0.2762718
     201.0000000        0.2749360
     202.0000000        0.2773140
     203.0000000        0.2811704
     204.0000000        0.2824303
     205.0000000        0.2823849
     206.0000000        0.2819381
     207.0000000        0.2765987
     208.0000000        0.2767625
     209.0000000        0.2831066
     210.0000000        0.2892834
     211.0000000        0.2933417
     212.0000000        0.2939977
     213.0000000        0.2944741
     214.0000000        0.2933103
     215.0000000        0.2939309
     216.0000000        0.2945615
     217.0000000        0.2962829
     218.0000000        0.2990331
     219.0000000        0.3007776
     220.0000000        0.3066389
     221.0000000        0.3117266
     222.0000000        0.3118713
     223.0000000        0.3085537
     224.0000000        0.3087027
     225.0000000        0.3080673
     226.0000000        0.3079532
     227.0000000        0.3107176
     228.0000000        0.3112051
     229.0000000        0.3097181
     230.0000000        0.3056316
     231.0000000        0.2989142
     232.0000000        0.2998673
     233.0000000        0.3053051
     234.0000000        0.3092687
     235.0000000        0.3114848
     236.0000000        0.3153625
     237.0000000        0.3217000
     238.0000000        0.3246100
     239.0000000        0.3241123
     240.0000000        0.3265618
     241.0000000        0.3262282
     242.0000000        0.3235416
     243.0000000        0.3208352
     244.0000000        0.3164673
     245.0000000        0.3147478
     246.0000000        0.3173715
     247.0000000        0.3214574
     248.0000000        0.3271491
     249.0000000        0.3357993
     250.0000000        0.3406628
     251.0000000        0.3462433
     252.0000000        0.3433224
     253.0000000        0.3349050
     254.0000000        0.3257369
     255.0000000        0.3154521
     256.0000000        0.3084526
     257.0000000        0.3000194
     258.0000000        0.2991108
     259.0000000        0.3008478
     260.0000000        0.3024948
     261.0000000        0.3077867
     262.0000000        0.3083073
     263.0000000        0.3121019
     264.0000000        0.3182510
     265.0000000        0.3263241
     266.0000000        0.3311361
     267.0000000        0.3367063
     268.0000000        0.3410310
     269.0000000        0.3414967
     270.0000000        0.3386746
     271.0000000        0.3371419
     272.0000000        0.3349186
     273.0000000        0.3270430
     274.0000000        0.3165402
     275.0000000        0.3127693
     276.0000000        0.3145378
     277.0000000        0.3149299
     278.0000000        0.3080440
     279.0000000        0.2989986
     280.0000000        0.2984260
     281.0000000        0.2961472
     282.0000000        0.2919557
     283.0000000        0.2894975
     284.0000000        0.2874539
     285.0000000        0.2890336
     286.0000000        0.2880656
     287.0000000        0.2868758
     288.0000000        0.2810286
     289.0000000        0.2701260
     290.0000000        0.2681813
     291.0000000        0.2720994
     292.0000000        0.2801034
     293.0000000        0.2855743
     294.0000000        0.2894470
     295.0000000        0.2946785
     296.0000000        0.2953694
     297.0000000        0.2955303
     298.0000000        0.2994953
     299.0000000        0.3029178
     300.0000000        0.3079900
     301.0000000        0.3056563
     302.0000000        0.2997026
     303.0000000        0.2884364
     304.0000000        0.2801558
     305.0000000        0.2743590
     306.0000000        0.2680600
     307.0000000        0.2655258
     308.0000000        0.2648340
     309.0000000        0.2682596
     310.0000000        0.2737564
     311.0000000        0.2813727
     312.0000000        0.2882532
     313.0000000        0.2864877
     314.0000000        0.2810561
     315.0000000        0.2730532
     316.0000000        0.2747503
     317.0000000        0.2789115
     318.0000000        0.2864479
     319.0000000        0.2961306
     320.0000000        0.3004717
     321.0000000        0.2982620
     322.0000000        0.2994362
     323.0000000        0.2992545
     324.0000000        0.2938874
     325.0000000        0.2883655
     326.0000000        0.2856371
     327.0000000        0.2861956
     328.0000000        0.2898808
     329.0000000        0.2925264
     330.0000000        0.2961936
     331.0000000        0.2996516
     332.0000000        0.2995683
     333.0000000        0.3005297
     334.0000000        0.3070484
     335.0000000        0.3194643
     336.0000000        0.3271141
     337.0000000        0.3294751
     338.0000000        0.3312846
     339.0000000        0.3315218
     340.0000000        0.3282101
     341.0000000        0.3217709
     342.0000000        0.3161761
     343.0000000        0.3111173
     344.0000000        0.3013714
     345.0000000        0.2967263
     346.0000000        0.2964768
     347.0000000        0.2990951
     348.0000000        0.2987888
     349.0000000        0.2986332
     350.0000000        0.3010351
     351.0000000        0.2995803
     352.0000000        0.2912234
     353.0000000        0.2839959
     354.0000000        0.2844054
     355.0000000        0.2835590
     356.0000000        0.2821880
     357.0000000        0.2837476
     358.0000000        0.2871790
     359.0000000        0.2857218
     360.0000000        0.2836509
     361.0000000        0.2825146
     362.0000000        0.2830698
     363.0000000        0.2886877
     364.0000000        0.2889353
     365.0000000        0.2849176
     366.0000000        0.2856831
     367.0000000        0.2885055
     368.0000000        0.2857991
     369.0000000        0.2831379
     370.0000000        0.2846539
     371.0000000        0.2871585
     372.0000000        0.2910165
     373.0000000        0.2935864
     374.0000000        0.2964654
     375.0000000        0.2977260
     376.0000000        0.2963356
     377.0000000        0.2939645
     378.0000000        0.2911196
     379.0000000        0.2958864
     380.0000000        0.2986438
     381.0000000        0.3040687
     382.0000000        0.3074982
     383.0000000        0.3098926
     384.0000000        0.3115475
     385.0000000        0.3092162
     386.0000000        0.3070286
     387.0000000        0.3056828
     388.0000000        0.3102470
     389.0000000        0.3128197
     390.0000000        0.3177476
     391.0000000        0.3127661
     392.0000000        0.3079062
     393.0000000        0.3057744
     394.0000000        0.3007377
     395.0000000        0.2929992
     396.0000000        0.2793510
     397.0000000        0.2719250
     398.0000000        0.2643505
     399.0000000        0.2587011
     400.0000000        0.2557681
     401.0000000        0.2532923
     402.0000000        0.2510301
     403.0000000        0.2525713
     404.0000000        0.2563490
     405.0000000        0.2591594
     406.0000000        0.2618644
     407.0000000        0.2650942
     408.0000000        0.2643101
     409.0000000        0.2605436
     410.0000000        0.2559713
     411.0000000        0.2507386
     412.0000000        0.2510863
     413.0000000        0.2593955
     414.0000000        0.2684658
     415.0000000        0.2758190
     416.0000000        0.2830112
     417.0000000        0.2863958
     418.0000000        0.2870680
     419.0000000        0.2888489
     420.0000000        0.2929241
     421.0000000        0.3002265
     422.0000000        0.3073420
     423.0000000        0.3092478
     424.0000000        0.3085768
     425.0000000        0.3067306
     426.0000000        0.3026565
     427.0000000        0.3015462
     428.0000000        0.3033431
     429.0000000        0.3047010
     430.0000000        0.3044919
     431.0000000        0.3019284
     432.0000000        0.3003031
     433.0000000        0.2960987
     434.0000000        0.2910623
     435.0000000        0.2866889
     436.0000000        0.2917168
     437.0000000        0.2969784
     438.0000000        0.2976594
     439.0000000        0.2991151
     440.0000000        0.3047749
     441.0000000        0.3134265
     442.0000000        0.3218639
     443.0000000        0.3244857
     444.0000000        0.3219822
     445.0000000        0.3189451
     446.0000000        0.3148599
     447.0000000        0.3147906
     448.0000000        0.3205543
     449.0000000        0.3339699
     450.0000000        0.3519268
     451.0000000        0.3580044
     452.0000000        0.3555378
     453.0000000        0.3510763
     454.0000000        0.3445730
     455.0000000        0.3398868
     456.0000000        0.3304766
     457.0000000        0.3230138
     458.0000000        0.3150055
     459.0000000        0.3058555
     460.0000000        0.3007058
     461.0000000        0.2973135
     462.0000000        0.2925608
     463.0000000        0.2860421
     464.0000000        0.2827077
     465.0000000        0.2807319
     466.0000000        0.2783448
     467.0000000        0.2770259
     468.0000000        0.2785818
     469.0000000        0.2788163
     470.0000000        0.2708033
     471.0000000        0.2600494
     472.0000000        0.2488170
     473.0000000        0.2440947
     474.0000000        0.2455339
     475.0000000        0.2467332
     476.0000000        0.2457986
     477.0000000        0.2490189
     478.0000000        0.2580060
     479.0000000        0.2626126
     480.0000000        0.2692731
     481.0000000        0.2732210
     482.0000000        0.2783791
     483.0000000        0.2841924
     484.0000000        0.2903566
     485.0000000        0.2939669
     486.0000000        0.2958867
     487.0000000        0.2959168
     488.0000000        0.2914429
     489.0000000        0.2872795
     490.0000000        0.2833206
     491.0000000        0.2799280
     492.0000000        0.2753043
     493.0000000        0.2783977
     494.0000000        0.2788235
     495.0000000        0.2760401
     496.0000000        0.2748432
     497.0000000        0.2761970
     498.0000000        0.2803094
     499.0000000        0.2837433
     500.0000000        0.2865217
     501.0000000        0.2909042
     502.0000000        0.2974443
     503.0000000        0.3019061
     504.0000000        0.3018396
     505.0000000        0.2983747
     506.0000000        0.2977626
     507.0000000        0.3014093
     508.0000000        0.3067894
     509.0000000        0.3101376
     510.0000000        0.3103178
     511.0000000        0.3071493
     512.0000000        0.3054103
     513.0000000        0.3051676
     514.0000000        0.3104836
     515.0000000        0.3119031
     516.0000000        0.3118293
     517.0000000        0.3094363
     518.0000000        0.3083822
     519.0000000        0.3070721
     520.0000000        0.3061790
     521.0000000        0.3029423
     522.0000000        0.3024463
     523.0000000        0.3034670
     524.0000000        0.3087060
     525.0000000        0.3080563
     526.0000000        0.3118651
     527.0000000        0.3202225
     528.0000000        0.3278305
     529.0000000        0.3276169
     530.0000000        0.3237078
     531.0000000        0.3191493
     532.0000000        0.3129939
     533.0000000        0.3062222
     534.0000000        0.3025858
     535.0000000        0.3060830
     536.0000000        0.3038748
     537.0000000        0.3042167
     538.0000000        0.3083495
     539.0000000        0.3041632
     540.0000000        0.3001262
     541.0000000        0.2960137
     542.0000000        0.2923322
     543.0000000        0.2857310
     544.0000000        0.2838250
     545.0000000        0.2826902
     546.0000000        0.2804483
     547.0000000        0.2805192
     548.0000000        0.2826023
     549.0000000        0.2850885
     550.0000000        0.2824785
     551.0000000        0.2793567
     552.0000000        0.2772463
     553.0000000        0.2755014
     554.0000000        0.2747565
     555.0000000        0.2779088
     556.0000000        0.2854841
     557.0000000        0.2926681
     558.0000000        0.3005118
     559.0000000        0.3004613
     560.0000000        0.3026937
     561.0000000        0.3015906
     562.0000000        0.3018934
     563.0000000        0.3046921
     564.0000000        0.3105569
     565.0000000        0.3112483
     566.0000000        0.3084370
     567.0000000        0.3050182
     568.0000000        0.2998997
     569.0000000        0.3017471
     570.0000000        0.3040488
     571.0000000        0.3077195
     572.0000000        0.3121080
     573.0000000        0.3154417
     574.0000000        0.3106082
     575.0000000        0.3062190
     576.0000000        0.3029248
     577.0000000        0.2939687
     578.0000000        0.2881180
     579.0000000        0.2884726
     580.0000000        0.2854610
     581.0000000        0.2827685
     582.0000000        0.2813573
     583.0000000        0.2821259
     584.0000000        0.2763682
     585.0000000        0.2750457
     586.0000000        0.2732458
     587.0000000        0.2733061
     588.0000000        0.2709925
     589.0000000        0.2707293
     590.0000000        0.2677763
     591.0000000        0.2629438
     592.0000000        0.2583578
     593.0000000        0.2544114
     594.0000000        0.2540446
     595.0000000        0.2565268
     596.0000000        0.2588707
     597.0000000        0.2666557
     598.0000000        0.2745080
     599.0000000        0.2817449
     600.0000000        0.2898217
