       1.0000000        4.5143785
       2.0000000        3.8941588
       3.0000000        3.5794203
       4.0000000        3.3667727
       5.0000000        3.2110145
       6.0000000        3.0794768
       7.0000000        2.9743555
       8.0000000        2.8763783
       9.0000000        2.8053241
      10.0000000        2.7357912
      11.0000000        2.6737354
      12.0000000        2.6322746
      13.0000000        2.6032314
      14.0000000        2.5760009
      15.0000000        2.5451391
      16.0000000        2.5131817
      17.0000000        2.4955683
      18.0000000        2.4891250
      19.0000000        2.4885767
      20.0000000        2.4868031
      21.0000000        2.4877858
      22.0000000        2.4911757
      23.0000000        2.4846835
      24.0000000        2.4834788
      25.0000000        2.4799848
      26.0000000        2.4750960
      27.0000000        2.4714971
      28.0000000        2.4647033
      29.0000000        2.4599748
      30.0000000        2.4570513
      31.0000000        2.4481792
      32.0000000        2.4499450
      33.0000000        2.4518464
      34.0000000        2.4603450
      35.0000000        2.4578149
      36.0000000        2.4500380
      37.0000000        2.4402847
      38.0000000        2.4248760
      39.0000000        2.4081397
      40.0000000        2.3980489
      41.0000000        2.3839593
      42.0000000        2.3707576
      43.0000000        2.3608065
      44.0000000        2.3533072
      45.0000000        2.3446746
      46.0000000        2.3487356
      47.0000000        2.3561749
      48.0000000        2.3693297
      49.0000000        2.3864181
      50.0000000        2.3995900
      51.0000000        2.4150398
      52.0000000        2.4357719
      53.0000000        2.4536955
      54.0000000        2.4692163
      55.0000000        2.4658720
      56.0000000        2.4637051
      57.0000000        2.4704361
      58.0000000        2.4892793
      59.0000000        2.5043390
      60.0000000        2.5148499
      61.0000000        2.5249369
      62.0000000        2.5347950
      63.0000000        2.5447500
      64.0000000        2.5537763
      65.0000000        2.5627649
      66.0000000        2.5687518
      67.0000000        2.5742233
      68.0000000        2.5853260
      69.0000000        2.5906510
      70.0000000        2.5815024
      71.0000000        2.5809293
      72.0000000        2.5769792
      73.0000000        2.5625584
      74.0000000        2.5463159
      75.0000000        2.5484524
      76.0000000        2.5571270
      77.0000000        2.5606356
      78.0000000        2.5643728
      79.0000000        2.5598800
      80.0000000        2.5417638
      81.0000000        2.5330338
      82.0000000        2.5284822
      83.0000000        2.5221431
      84.0000000        2.5242157
      85.0000000        2.5196917
      86.0000000        2.5218782
      87.0000000        2.5217710
      88.0000000        2.5208385
      89.0000000        2.5245669
      90.0000000        2.5298908
      91.0000000        2.5349383
      92.0000000        2.5341234
      93.0000000        2.5382338
      94.0000000        2.5371346
      95.0000000        2.5291479
      96.0000000        2.5213397
      97.0000000        2.5219727
      98.0000000        2.5125926
      99.0000000        2.4996815
     100.0000000        2.4773777
     101.0000000        2.4564068
     102.0000000        2.4435530
     103.0000000        2.4384108
     104.0000000        2.4415100
     105.0000000        2.4479799
     106.0000000        2.4561417
     107.0000000        2.4580960
     108.0000000        2.4603491
     109.0000000        2.4654765
     110.0000000        2.4717300
     111.0000000        2.4721308
     112.0000000        2.4742808
     113.0000000        2.4761250
     114.0000000        2.4738452
     115.0000000        2.4853327
     116.0000000        2.4889536
     117.0000000        2.4840810
     118.0000000        2.4694011
     119.0000000        2.4563210
     120.0000000        2.4499986
     121.0000000        2.4464817
     122.0000000        2.4447966
     123.0000000        2.4355218
     124.0000000        2.4318988
     125.0000000        2.4416893
     126.0000000        2.4529855
     127.0000000        2.4540079
     128.0000000        2.4458692
     129.0000000        2.4403069
     130.0000000        2.4364731
     131.0000000        2.4394774
     132.0000000        2.4508357
     133.0000000        2.4613218
     134.0000000        2.4699922
     135.0000000        2.4753938
     136.0000000        2.4789310
     137.0000000        2.4786439
     138.0000000        2.4762888
     139.0000000        2.4798071
     140.0000000        2.4872024
     141.0000000        2.4957001
     142.0000000        2.5102196
     143.0000000        2.5244334
     144.0000000        2.5278485
     145.0000000        2.5261111
     146.0000000        2.5386930
     147.0000000        2.5500252
     148.0000000        2.5560849
     149.0000000        2.5576787
     150.0000000        2.5537167
     151.0000000        2.5503330
     152.0000000        2.5456316
     153.0000000        2.5387976
     154.0000000        2.5297351
     155.0000000        2.5272009
     156.0000000        2.5160484
     157.0000000        2.5037491
     158.0000000        2.4973435
     159.0000000        2.4960985
     160.0000000        2.4939818
     161.0000000        2.4948399
     162.0000000        2.4909420
     163.0000000        2.4828432
     164.0000000        2.4759212
     165.0000000        2.4574709
     166.0000000        2.4470768
     167.0000000        2.4464250
     168.0000000        2.4505665
     169.0000000        2.4528935
     170.0000000        2.4454486
     171.0000000        2.4415243
     172.0000000        2.4391232
     173.0000000        2.4370370
     174.0000000        2.4371898
     175.0000000        2.4353535
     176.0000000        2.4381442
     177.0000000        2.4471414
     178.0000000        2.4614902
     179.0000000        2.4667165
     180.0000000        2.4727461
     181.0000000        2.4710960
     182.0000000        2.4698038
     183.0000000        2.4776230
     184.0000000        2.4788935
     185.0000000        2.4766235
     186.0000000        2.4665420
     187.0000000        2.4624007
     188.0000000        2.4660268
     189.0000000        2.4684212
     190.0000000        2.4754291
     191.0000000        2.4750021
     192.0000000        2.4763551
     193.0000000        2.4797158
     194.0000000        2.4829617
     195.0000000        2.4946971
     196.0000000        2.4956076
     197.0000000        2.4998612
     198.0000000        2.4990249
     199.0000000        2.4940374
     200.0000000        2.4875007
     201.0000000        2.4793923
     202.0000000        2.4662423
     203.0000000        2.4645150
     204.0000000        2.4640415
     205.0000000        2.4648352
     206.0000000        2.4685988
     207.0000000        2.4795251
     208.0000000        2.4816518
     209.0000000        2.4765315
     210.0000000        2.4781330
     211.0000000        2.4699500
     212.0000000        2.4629276
     213.0000000        2.4644303
     214.0000000        2.4672074
     215.0000000        2.4744306
     216.0000000        2.4809875
     217.0000000        2.4869075
     218.0000000        2.4968235
     219.0000000        2.5107417
     220.0000000        2.5310616
     221.0000000        2.5423157
     222.0000000        2.5461495
     223.0000000        2.5533450
     224.0000000        2.5546038
     225.0000000        2.5502393
     226.0000000        2.5431371
     227.0000000        2.5292804
     228.0000000        2.5300272
     229.0000000        2.5445182
     230.0000000        2.5572307
     231.0000000        2.5665884
     232.0000000        2.5694547
     233.0000000        2.5643585
     234.0000000        2.5565195
     235.0000000        2.5383930
     236.0000000        2.5214288
     237.0000000        2.5135958
     238.0000000        2.5064962
     239.0000000        2.5049512
     240.0000000        2.5031755
     241.0000000        2.5036213
     242.0000000        2.5019205
     243.0000000        2.4962962
     244.0000000        2.4881783
     245.0000000        2.4866414
     246.0000000        2.4849048
     247.0000000        2.4747593
     248.0000000        2.4648142
     249.0000000        2.4580100
     250.0000000        2.4458270
     251.0000000        2.4389012
     252.0000000        2.4346607
     253.0000000        2.4286258
     254.0000000        2.4331212
     255.0000000        2.4287934
     256.0000000        2.4265683
     257.0000000        2.4353271
     258.0000000        2.4375331
     259.0000000        2.4297612
     260.0000000        2.4264112
     261.0000000        2.4377832
     262.0000000        2.4519365
     263.0000000        2.4586442
     264.0000000        2.4635906
     265.0000000        2.4708836
     266.0000000        2.4691448
     267.0000000        2.4637313
     268.0000000        2.4703982
     269.0000000        2.4753952
     270.0000000        2.4821849
     271.0000000        2.4890814
     272.0000000        2.4928460
     273.0000000        2.4905303
     274.0000000        2.4763970
     275.0000000        2.4588082
     276.0000000        2.4521115
     277.0000000        2.4449863
     278.0000000        2.4244881
     279.0000000        2.4105749
     280.0000000        2.3985720
     281.0000000        2.3929060
     282.0000000        2.3890913
     283.0000000        2.3887415
     284.0000000        2.3953998
     285.0000000        2.4010196
     286.0000000        2.4127705
     287.0000000        2.4269333
     288.0000000        2.4345822
     289.0000000        2.4411576
     290.0000000        2.4394286
     291.0000000        2.4420578
     292.0000000        2.4372704
     293.0000000        2.4500587
     294.0000000        2.4723709
     295.0000000        2.4907875
     296.0000000        2.4951243
     297.0000000        2.4981258
     298.0000000        2.4981339
     299.0000000        2.4892154
     300.0000000        2.4884715
     301.0000000        2.5065839
     302.0000000        2.5309563
     303.0000000        2.5589445
     304.0000000        2.5671427
     305.0000000        2.5528035
     306.0000000        2.5344994
     307.0000000        2.5129244
     308.0000000        2.5037704
     309.0000000        2.5051329
     310.0000000        2.5083406
     311.0000000        2.5150342
     312.0000000        2.5233305
     313.0000000        2.5365736
     314.0000000        2.5547650
     315.0000000        2.5635450
     316.0000000        2.5627022
     317.0000000        2.5577540
     318.0000000        2.5492022
     319.0000000        2.5414984
     320.0000000        2.5267162
     321.0000000        2.5152369
     322.0000000        2.5079985
     323.0000000        2.4920583
     324.0000000        2.4788496
     325.0000000        2.4748504
     326.0000000        2.4740016
     327.0000000        2.4770513
     328.0000000        2.4724226
     329.0000000        2.4767210
     330.0000000        2.4748342
     331.0000000        2.4729893
     332.0000000        2.4730663
     333.0000000        2.4819412
     334.0000000        2.4905982
     335.0000000        2.4960706
     336.0000000        2.5000427
     337.0000000        2.5067410
     338.0000000        2.5105131
     339.0000000        2.5102532
     340.0000000        2.5018232
     341.0000000        2.4991086
     342.0000000        2.4964507
     343.0000000        2.4929304
     344.0000000        2.4970040
     345.0000000        2.5008917
     346.0000000        2.5048060
     347.0000000        2.4972520
     348.0000000        2.4891236
     349.0000000        2.4741244
     350.0000000        2.4544010
     351.0000000        2.4362113
     352.0000000        2.4372022
     353.0000000        2.4551132
     354.0000000        2.4665010
     355.0000000        2.4764316
     356.0000000        2.4839809
     357.0000000        2.4828048
     358.0000000        2.4773083
     359.0000000        2.4765532
     360.0000000        2.4790916
     361.0000000        2.4832554
     362.0000000        2.4825611
     363.0000000        2.4816289
     364.0000000        2.4861836
     365.0000000        2.4883940
     366.0000000        2.4874434
     367.0000000        2.4877992
     368.0000000        2.4906521
     369.0000000        2.4901004
     370.0000000        2.4895606
     371.0000000        2.5022140
     372.0000000        2.5102248
     373.0000000        2.5138361
     374.0000000        2.5123224
     375.0000000        2.4995396
     376.0000000        2.5026178
     377.0000000        2.5002484
     378.0000000        2.4966671
     379.0000000        2.5070221
     380.0000000        2.5096142
     381.0000000        2.5055687
     382.0000000        2.4926026
     383.0000000        2.4917042
     384.0000000        2.4880128
     385.0000000        2.4831765
     386.0000000        2.4709973
     387.0000000        2.4585273
     388.0000000        2.4553466
     389.0000000        2.4533424
     390.0000000        2.4536028
     391.0000000        2.4522991
     392.0000000        2.4659228
     393.0000000        2.4902873
     394.0000000        2.5034211
     395.0000000        2.5079412
     396.0000000        2.5054176
     397.0000000        2.4985807
     398.0000000        2.5019214
     399.0000000        2.5006008
     400.0000000        2.5004060
     401.0000000        2.4957221
     402.0000000        2.4852660
     403.0000000        2.4744554
     404.0000000        2.4652491
     405.0000000        2.4597223
     406.0000000        2.4574254
     407.0000000        2.4588764
     408.0000000        2.4626474
     409.0000000        2.4655564
     410.0000000        2.4697134
     411.0000000        2.4782341
     412.0000000        2.4733055
     413.0000000        2.4735546
     414.0000000        2.4754076
     415.0000000        2.4681854
     416.0000000        2.4645414
     417.0000000        2.4752111
     418.0000000        2.4864223
     419.0000000        2.4898210
     420.0000000        2.4963503
     421.0000000        2.4917598
     422.0000000        2.4897127
     423.0000000        2.4929891
     424.0000000        2.4943120
     425.0000000        2.4873924
     426.0000000        2.4696758
     427.0000000        2.4635286
     428.0000000        2.4651480
     429.0000000        2.4529626
     430.0000000        2.4444687
     431.0000000        2.4409139
     432.0000000        2.4405930
     433.0000000        2.4461191
     434.0000000        2.4461813
     435.0000000        2.4478827
     436.0000000        2.4524419
     437.0000000        2.4496353
     438.0000000        2.4454169
     439.0000000        2.4417937
     440.0000000        2.4374633
     441.0000000        2.4449584
     442.0000000        2.4722927
     443.0000000        2.4998415
     444.0000000        2.5221260
     445.0000000        2.5425088
     446.0000000        2.5602207
     447.0000000        2.5771065
     448.0000000        2.5924129
     449.0000000        2.5872729
     450.0000000        2.5773163
     451.0000000        2.5655565
     452.0000000        2.5563827
     453.0000000        2.5447371
     454.0000000        2.5381837
     455.0000000        2.5260775
     456.0000000        2.5139215
     457.0000000        2.5055566
     458.0000000        2.5006368
     459.0000000        2.4804912
     460.0000000        2.4640834
     461.0000000        2.4465268
     462.0000000        2.4339359
     463.0000000        2.4175665
     464.0000000        2.4203563
     465.0000000        2.4277289
     466.0000000        2.4345984
     467.0000000        2.4450111
     468.0000000        2.4540617
     469.0000000        2.4622049
     470.0000000        2.4704726
     471.0000000        2.4774597
     472.0000000        2.4830239
     473.0000000        2.4839990
     474.0000000        2.4843943
     475.0000000        2.4802041
     476.0000000        2.4706192
     477.0000000        2.4623458
     478.0000000        2.4556801
     479.0000000        2.4584463
     480.0000000        2.4612346
     481.0000000        2.4548488
     482.0000000        2.4451184
     483.0000000        2.4442666
     484.0000000        2.4445045
     485.0000000        2.4444487
     486.0000000        2.4432416
     487.0000000        2.4436271
     488.0000000        2.4434223
     489.0000000        2.4492207
     490.0000000        2.4524875
     491.0000000        2.4412446
     492.0000000        2.4349670
     493.0000000        2.4417596
     494.0000000        2.4558249
     495.0000000        2.4730248
     496.0000000        2.4906731
     497.0000000        2.5029993
     498.0000000        2.5123239
     499.0000000        2.5161326
     500.0000000        2.5079806
     501.0000000        2.4989583
     502.0000000        2.4928107
     503.0000000        2.4883981
     504.0000000        2.4869974
     505.0000000        2.4776103
     506.0000000        2.4638307
     507.0000000        2.4538574
     508.0000000        2.4403739
     509.0000000        2.4362040
     510.0000000        2.4273744
     511.0000000        2.4220605
     512.0000000        2.4201934
     513.0000000        2.4184432
     514.0000000        2.4220533
     515.0000000        2.4242008
     516.0000000        2.4191415
     517.0000000        2.4167790
     518.0000000        2.4181209
     519.0000000        2.4146569
     520.0000000        2.4170525
     521.0000000        2.4245520
     522.0000000        2.4250982
     523.0000000        2.4269402
     524.0000000        2.4315240
     525.0000000        2.4299774
     526.0000000        2.4291239
     527.0000000        2.4332349
     528.0000000        2.4353838
     529.0000000        2.4467788
     530.0000000        2.4513750
     531.0000000        2.4562612
     532.0000000        2.4606004
     533.0000000        2.4666729
     534.0000000        2.4674823
     535.0000000        2.4766884
     536.0000000        2.4686508
     537.0000000        2.4606037
     538.0000000        2.4616086
     539.0000000        2.4650145
     540.0000000        2.4721744
     541.0000000        2.4740636
     542.0000000        2.4684839
     543.0000000        2.4560709
     544.0000000        2.4453003
     545.0000000        2.4285183
     546.0000000        2.4251456
     547.0000000        2.4279847
     548.0000000        2.4338610
     549.0000000        2.4315529
     550.0000000        2.4403491
     551.0000000        2.4422629
     552.0000000        2.4412944
     553.0000000        2.4363165
     554.0000000        2.4366882
     555.0000000        2.4448309
     556.0000000        2.4503784
     557.0000000        2.4643393
     558.0000000        2.4803650
     559.0000000        2.4904561
     560.0000000        2.4889901
     561.0000000        2.4914622
     562.0000000        2.4866605
     563.0000000        2.4796362
     564.0000000        2.4848113
     565.0000000        2.4954190
     566.0000000        2.5018015
     567.0000000        2.5071499
     568.0000000        2.5045650
     569.0000000        2.5002401
     570.0000000        2.4802191
     571.0000000        2.4596438
     572.0000000        2.4502869
     573.0000000        2.4414606
     574.0000000        2.4247837
     575.0000000        2.4109089
     576.0000000        2.4013522
     577.0000000        2.4040132
     578.0000000        2.4118133
     579.0000000        2.4214213
     580.0000000        2.4319534
     581.0000000        2.4427083
     582.0000000        2.4564831
     583.0000000        2.4606049
     584.0000000        2.4626582
     585.0000000        2.4685204
     586.0000000        2.4721622
     587.0000000        2.4684033
     588.0000000        2.4642577
     589.0000000        2.4637361
     590.0000000        2.4784398
     591.0000000        2.4812775
     592.0000000        2.4807217
     593.0000000        2.4713120
     594.0000000        2.4516799
     595.0000000        2.4409609
     596.0000000        2.4485416
     597.0000000        2.4537978
     598.0000000        2.4567907
     599.0000000        2.4598205
     600.0000000        2.4537871
