       1.0000000        7.3150420
       2.0000000        7.2934858
       3.0000000        7.2768269
       4.0000000        7.2849184
       5.0000000        7.2778207
       6.0000000        7.2038785
       7.0000000        7.1638511
       8.0000000        7.1098895
       9.0000000        7.0782085
      10.0000000        7.0748919
      11.0000000        7.0743160
      12.0000000        7.0519899
      13.0000000        7.0951648
      14.0000000        7.1353476
      15.0000000        7.1543036
      16.0000000        7.1018575
      17.0000000        7.0436072
      18.0000000        6.9934706
      19.0000000        6.9775014
      20.0000000        6.9141468
      21.0000000        6.8681601
      22.0000000        6.7905747
      23.0000000        6.7635502
      24.0000000        6.7412404
      25.0000000        6.7609698
      26.0000000        6.7736975
      27.0000000        6.8070876
      28.0000000        6.8752163
      29.0000000        6.9761185
      30.0000000        7.0724399
      31.0000000        7.1435254
      32.0000000        7.1975588
      33.0000000        7.2909172
      34.0000000        7.3457437
      35.0000000        7.3508442
      36.0000000        7.3971215
      37.0000000        7.4339508
      38.0000000        7.5248173
      39.0000000        7.5917500
      40.0000000        7.6028671
      41.0000000        7.5531113
      42.0000000        7.5207639
      43.0000000        7.5024736
      44.0000000        7.4466744
      45.0000000        7.3560655
      46.0000000        7.2926036
      47.0000000        7.2782655
      48.0000000        7.2603362
      49.0000000        7.1920999
      50.0000000        7.1328012
      51.0000000        7.0831220
      52.0000000        7.0528232
      53.0000000        7.0127119
      54.0000000        7.0068213
      55.0000000        7.0011681
      56.0000000        6.9892815
      57.0000000        7.0032843
      58.0000000        7.0636594
      59.0000000        7.1285870
      60.0000000        7.1929404
      61.0000000        7.2449113
      62.0000000        7.2747928
      63.0000000        7.3053290
      64.0000000        7.3700849
      65.0000000        7.3955662
      66.0000000        7.3932571
      67.0000000        7.3668278
      68.0000000        7.3345933
      69.0000000        7.3298503
      70.0000000        7.3289124
      71.0000000        7.3485933
      72.0000000        7.3915615
      73.0000000        7.4658908
      74.0000000        7.4444283
      75.0000000        7.3702572
      76.0000000        7.2718248
      77.0000000        7.2200488
      78.0000000        7.1218368
      79.0000000        7.0603651
      80.0000000        6.9634937
      81.0000000        6.9459004
      82.0000000        6.9837991
      83.0000000        7.0056132
      84.0000000        6.9883933
      85.0000000        6.9789800
      86.0000000        6.9854604
      87.0000000        7.1123261
      88.0000000        7.2156539
      89.0000000        7.3353140
      90.0000000        7.4762386
      91.0000000        7.6291025
      92.0000000        7.7504925
      93.0000000        7.7734758
      94.0000000        7.7658258
      95.0000000        7.7151895
      96.0000000        7.6363965
      97.0000000        7.5270485
      98.0000000        7.4132402
      99.0000000        7.3398382
     100.0000000        7.2892850
     101.0000000        7.2899196
     102.0000000        7.2400469
     103.0000000        7.1520692
     104.0000000        7.0964977
     105.0000000        7.0291615
     106.0000000        6.9537154
     107.0000000        6.8817589
     108.0000000        6.8088923
     109.0000000        6.7477122
     110.0000000        6.7062722
     111.0000000        6.7215555
     112.0000000        6.7358226
     113.0000000        6.7458859
     114.0000000        6.7743054
     115.0000000        6.8429865
     116.0000000        6.8295781
     117.0000000        6.8153487
     118.0000000        6.7707425
     119.0000000        6.7352474
     120.0000000        6.7172095
     121.0000000        6.6892046
     122.0000000        6.6761394
     123.0000000        6.6564496
     124.0000000        6.7019015
     125.0000000        6.7693161
     126.0000000        6.8362436
     127.0000000        6.8256278
     128.0000000        6.8594618
     129.0000000        6.9219575
     130.0000000        6.9843909
     131.0000000        6.9726828
     132.0000000        6.9493692
     133.0000000        6.9007813
     134.0000000        6.8104104
     135.0000000        6.7143179
     136.0000000        6.6877347
     137.0000000        6.6950683
     138.0000000        6.7237413
     139.0000000        6.7559558
     140.0000000        6.7655785
     141.0000000        6.7581868
     142.0000000        6.8399825
     143.0000000        6.8887965
     144.0000000        6.9158585
     145.0000000        6.9415017
     146.0000000        6.9909902
     147.0000000        7.0700634
     148.0000000        7.0995758
     149.0000000        7.1699603
     150.0000000        7.2774729
     151.0000000        7.4195526
     152.0000000        7.4911293
     153.0000000        7.5189532
     154.0000000        7.5474177
     155.0000000        7.5826310
     156.0000000        7.5862871
     157.0000000        7.5066651
     158.0000000        7.4531905
     159.0000000        7.3737742
     160.0000000        7.2616952
     161.0000000        7.1982471
     162.0000000        7.1811624
     163.0000000        7.1844102
     164.0000000        7.1823594
     165.0000000        7.1737274
     166.0000000        7.1672248
     167.0000000        7.1187253
     168.0000000        7.0539563
     169.0000000        7.0243967
     170.0000000        7.0309599
     171.0000000        7.0176517
     172.0000000        6.9938520
     173.0000000        6.9594964
     174.0000000        6.9465018
     175.0000000        6.8859428
     176.0000000        6.8419758
     177.0000000        6.7739695
     178.0000000        6.7557559
     179.0000000        6.7670361
     180.0000000        6.8244738
     181.0000000        6.8950085
     182.0000000        6.9717869
     183.0000000        6.9855954
     184.0000000        7.0019475
     185.0000000        7.0421902
     186.0000000        7.0674525
     187.0000000        7.0538950
     188.0000000        7.0592447
     189.0000000        7.0690835
     190.0000000        7.0895587
     191.0000000        7.1125333
     192.0000000        7.0675337
     193.0000000        7.0236353
     194.0000000        6.9432965
     195.0000000        6.9437122
     196.0000000        6.9579143
     197.0000000        6.9391290
     198.0000000        6.9726721
     199.0000000        6.9363324
     200.0000000        6.8627257
     201.0000000        6.7668496
     202.0000000        6.6960842
     203.0000000        6.6432072
     204.0000000        6.6594949
     205.0000000        6.7076431
     206.0000000        6.7216478
     207.0000000        6.7175948
     208.0000000        6.7144554
     209.0000000        6.7408161
     210.0000000        6.7766646
     211.0000000        6.8512933
     212.0000000        6.8377646
     213.0000000        6.8309783
     214.0000000        6.8023335
     215.0000000        6.7914390
     216.0000000        6.8102888
     217.0000000        6.8326073
     218.0000000        6.8014672
     219.0000000        6.8159740
     220.0000000        6.8649039
     221.0000000        6.9500833
     222.0000000        6.9693929
     223.0000000        6.9824032
     224.0000000        7.0330305
     225.0000000        7.0647714
     226.0000000        7.0334971
     227.0000000        6.9324949
     228.0000000        6.8636383
     229.0000000        6.8859547
     230.0000000        6.9202918
     231.0000000        6.9536994
     232.0000000        6.9712047
     233.0000000        6.9974868
     234.0000000        7.0102237
     235.0000000        6.9928389
     236.0000000        6.9557870
     237.0000000        6.9168367
     238.0000000        6.9032553
     239.0000000        6.9570651
     240.0000000        7.0459572
     241.0000000        7.1057745
     242.0000000        7.1440009
     243.0000000        7.1882206
     244.0000000        7.2838151
     245.0000000        7.3371714
     246.0000000        7.3866896
     247.0000000        7.4354339
     248.0000000        7.4836733
     249.0000000        7.4680598
     250.0000000        7.4603924
     251.0000000        7.4082869
     252.0000000        7.3302931
     253.0000000        7.2555575
     254.0000000        7.1927139
     255.0000000        7.2108265
     256.0000000        7.1850016
     257.0000000        7.1708296
     258.0000000        7.2409829
     259.0000000        7.2923066
     260.0000000        7.3266327
     261.0000000        7.2814189
     262.0000000        7.2296498
     263.0000000        7.1779093
     264.0000000        7.1320864
     265.0000000        7.1502648
     266.0000000        7.2088659
     267.0000000        7.2873747
     268.0000000        7.3513070
     269.0000000        7.4621713
     270.0000000        7.6300401
     271.0000000        7.7389004
     272.0000000        7.7567585
     273.0000000        7.7417704
     274.0000000        7.7744298
     275.0000000        7.7179144
     276.0000000        7.7086022
     277.0000000        7.6752679
     278.0000000        7.6042422
     279.0000000        7.5537403
     280.0000000        7.4932631
     281.0000000        7.3833289
     282.0000000        7.2312745
     283.0000000        7.0590944
     284.0000000        6.9921569
     285.0000000        6.9552156
     286.0000000        6.9583153
     287.0000000        6.9267939
     288.0000000        6.9834353
     289.0000000        7.0674299
     290.0000000        7.1602864
     291.0000000        7.2613393
     292.0000000        7.3265912
     293.0000000        7.3206075
     294.0000000        7.3301008
     295.0000000        7.3007879
     296.0000000        7.2692119
     297.0000000        7.2673978
     298.0000000        7.2517986
     299.0000000        7.1501527
     300.0000000        7.0865254
     301.0000000        7.0095438
     302.0000000        6.9135707
     303.0000000        6.8327131
     304.0000000        6.8111096
     305.0000000        6.7925005
     306.0000000        6.8535486
     307.0000000        6.8996160
     308.0000000        6.9655372
     309.0000000        7.0563484
     310.0000000        7.1477147
     311.0000000        7.1764450
     312.0000000        7.1614050
     313.0000000        7.1900964
     314.0000000        7.2045118
     315.0000000        7.2843509
     316.0000000        7.3712509
     317.0000000        7.3770996
     318.0000000        7.3899899
     319.0000000        7.2879375
     320.0000000        7.2457680
     321.0000000        7.2401219
     322.0000000        7.2303303
     323.0000000        7.2299179
     324.0000000        7.2374444
     325.0000000        7.2984349
     326.0000000        7.3715240
     327.0000000        7.3933913
     328.0000000        7.4392949
     329.0000000        7.4559107
     330.0000000        7.4907078
     331.0000000        7.4985905
     332.0000000        7.4666690
     333.0000000        7.4322650
     334.0000000        7.4004612
     335.0000000        7.3760578
     336.0000000        7.3315305
     337.0000000        7.2593955
     338.0000000        7.1557111
     339.0000000        7.0760739
     340.0000000        7.0611812
     341.0000000        7.0216426
     342.0000000        6.9435802
     343.0000000        6.9207526
     344.0000000        6.9287848
     345.0000000        6.9660546
     346.0000000        7.0455283
     347.0000000        7.1799204
     348.0000000        7.2978620
     349.0000000        7.4486970
     350.0000000        7.4938232
     351.0000000        7.6334700
     352.0000000        7.8313563
     353.0000000        7.9431238
     354.0000000        8.0497212
     355.0000000        8.0157385
     356.0000000        7.9349200
     357.0000000        7.8640477
     358.0000000        7.7774720
     359.0000000        7.6983231
     360.0000000        7.5854951
     361.0000000        7.4392578
     362.0000000        7.2740358
     363.0000000        7.1860587
     364.0000000        7.1388325
     365.0000000        7.0970194
     366.0000000        7.0515384
     367.0000000        7.0338320
     368.0000000        7.0511475
     369.0000000        7.0771349
     370.0000000        7.1057955
     371.0000000        7.1250141
     372.0000000        7.1242420
     373.0000000        7.1378215
     374.0000000        7.1470060
     375.0000000        7.1002696
     376.0000000        7.1245008
     377.0000000        7.1188051
     378.0000000        7.0980964
     379.0000000        7.0868646
     380.0000000        7.1043006
     381.0000000        7.1588003
     382.0000000        7.2084866
     383.0000000        7.2527530
     384.0000000        7.3001695
     385.0000000        7.3509639
     386.0000000        7.3507274
     387.0000000        7.3566934
     388.0000000        7.3466355
     389.0000000        7.3649989
     390.0000000        7.4125451
     391.0000000        7.4264848
     392.0000000        7.4227462
     393.0000000        7.3925667
     394.0000000        7.4059070
     395.0000000        7.3790708
     396.0000000        7.3884741
     397.0000000        7.3877285
     398.0000000        7.4107874
     399.0000000        7.4216336
     400.0000000        7.4047867
     401.0000000        7.4560312
     402.0000000        7.4994822
     403.0000000        7.5357971
     404.0000000        7.5710800
     405.0000000        7.6267353
     406.0000000        7.7552767
     407.0000000        7.8281808
     408.0000000        7.8418832
     409.0000000        7.8551650
     410.0000000        7.9039911
     411.0000000        7.9442532
     412.0000000        7.9878169
     413.0000000        7.9644918
     414.0000000        7.8949945
     415.0000000        7.8467859
     416.0000000        7.7812628
     417.0000000        7.7089459
     418.0000000        7.7084242
     419.0000000        7.7353781
     420.0000000        7.7731348
     421.0000000        7.7773742
     422.0000000        7.7038713
     423.0000000        7.6341128
     424.0000000        7.5689759
     425.0000000        7.4402010
     426.0000000        7.3336166
     427.0000000        7.2766111
     428.0000000        7.2728820
     429.0000000        7.2056634
     430.0000000        7.1502050
     431.0000000        7.0749455
     432.0000000        7.0189610
     433.0000000        7.0076045
     434.0000000        7.0145316
     435.0000000        7.0445522
     436.0000000        7.0120834
     437.0000000        7.0201757
     438.0000000        7.0410072
     439.0000000        7.0628032
     440.0000000        7.0758174
     441.0000000        7.1410174
     442.0000000        7.1995731
     443.0000000        7.2529846
     444.0000000        7.2984038
     445.0000000        7.3077859
     446.0000000        7.2897964
     447.0000000        7.2159965
     448.0000000        7.1220199
     449.0000000        7.0568064
     450.0000000        6.9984595
     451.0000000        6.9741809
     452.0000000        7.0024559
     453.0000000        7.0919022
     454.0000000        7.1255934
     455.0000000        7.1008592
     456.0000000        7.0706779
     457.0000000        7.0888629
     458.0000000        7.0905083
     459.0000000        7.0493342
     460.0000000        7.0569044
     461.0000000        7.0451751
     462.0000000        7.0156205
     463.0000000        7.0200058
     464.0000000        7.0038854
     465.0000000        7.0718741
     466.0000000        7.0853031
     467.0000000        7.0504170
     468.0000000        6.9556683
     469.0000000        6.8738275
     470.0000000        6.7981786
     471.0000000        6.7653633
     472.0000000        6.7330959
     473.0000000        6.7399142
     474.0000000        6.7588117
     475.0000000        6.7685012
     476.0000000        6.7755865
     477.0000000        6.7523208
     478.0000000        6.7922209
     479.0000000        6.8334087
     480.0000000        6.9025870
     481.0000000        6.9938268
     482.0000000        7.0232829
     483.0000000        6.9892288
     484.0000000        6.9918570
     485.0000000        6.9782024
     486.0000000        6.9548837
     487.0000000        6.9574797
     488.0000000        6.9512502
     489.0000000        6.9272557
     490.0000000        6.8795435
     491.0000000        6.8269860
     492.0000000        6.7687319
     493.0000000        6.8084122
     494.0000000        6.8488128
     495.0000000        6.8703478
     496.0000000        6.8805775
     497.0000000        6.8852005
     498.0000000        6.9201951
     499.0000000        6.9357246
     500.0000000        6.9514700
     501.0000000        7.0180969
     502.0000000        7.0795554
     503.0000000        7.1097479
     504.0000000        7.1380397
     505.0000000        7.2343430
     506.0000000        7.3402046
     507.0000000        7.4023429
     508.0000000        7.4178971
     509.0000000        7.4402768
     510.0000000        7.4985982
     511.0000000        7.5001482
     512.0000000        7.4442189
     513.0000000        7.3128676
     514.0000000        7.2232015
     515.0000000        7.1509260
     516.0000000        7.0587927
     517.0000000        7.0430885
     518.0000000        7.0041719
     519.0000000        6.9749868
     520.0000000        6.9759093
     521.0000000        6.9816851
     522.0000000        6.9821504
     523.0000000        6.9943892
     524.0000000        7.0069099
     525.0000000        7.0609065
     526.0000000        7.0896215
     527.0000000        7.1421956
     528.0000000        7.1397752
     529.0000000        7.1801004
     530.0000000        7.2153577
     531.0000000        7.2419513
     532.0000000        7.2445772
     533.0000000        7.1985296
     534.0000000        7.1744677
     535.0000000        7.1439317
     536.0000000        7.1314477
     537.0000000        7.1594555
     538.0000000        7.2243953
     539.0000000        7.2862590
     540.0000000        7.2644863
     541.0000000        7.2462691
     542.0000000        7.2210562
     543.0000000        7.1757537
     544.0000000        7.1337993
     545.0000000        7.0851751
     546.0000000        7.0460695
     547.0000000        7.0204217
     548.0000000        7.0094943
     549.0000000        6.9935377
     550.0000000        6.9763359
     551.0000000        6.9592033
     552.0000000        6.9530576
     553.0000000        6.9610087
     554.0000000        6.9496187
     555.0000000        6.9901492
     556.0000000        6.9991490
     557.0000000        7.0182225
     558.0000000        7.0572673
     559.0000000        7.0998026
     560.0000000        7.1070849
     561.0000000        7.0498909
     562.0000000        6.9614526
     563.0000000        6.8825606
     564.0000000        6.8102789
     565.0000000        6.7837348
     566.0000000        6.7943060
     567.0000000        6.8134781
     568.0000000        6.8911985
     569.0000000        6.9741790
     570.0000000        7.0060145
     571.0000000        7.0406535
     572.0000000        7.0746416
     573.0000000        7.1437929
     574.0000000        7.1942896
     575.0000000        7.2245259
     576.0000000        7.2547409
     577.0000000        7.2831594
     578.0000000        7.2965730
     579.0000000        7.3098103
     580.0000000        7.3669971
     581.0000000        7.3485079
     582.0000000        7.3524414
     583.0000000        7.3747575
     584.0000000        7.3781904
     585.0000000        7.4113488
     586.0000000        7.4862619
     587.0000000        7.4901607
     588.0000000        7.5255616
     589.0000000        7.4808903
     590.0000000        7.3648873
     591.0000000        7.3264353
     592.0000000        7.2457198
     593.0000000        7.1887983
     594.0000000        7.1635859
     595.0000000        7.1837604
     596.0000000        7.2060482
     597.0000000        7.2727252
     598.0000000        7.3017246
     599.0000000        7.3240667
     600.0000000        7.3501376
