       1.0000000        2.3687771
       2.0000000        2.3739419
       3.0000000        2.3830203
       4.0000000        2.3941165
       5.0000000        2.4004652
       6.0000000        2.3972578
       7.0000000        2.3846930
       8.0000000        2.3769612
       9.0000000        2.3888477
      10.0000000        2.4040840
      11.0000000        2.4060608
      12.0000000        2.4019932
      13.0000000        2.3974158
      14.0000000        2.3953696
      15.0000000        2.4074187
      16.0000000        2.4235761
      17.0000000        2.4378431
      18.0000000        2.4434104
      19.0000000        2.4451959
      20.0000000        2.4517779
      21.0000000        2.4596212
      22.0000000        2.4604201
      23.0000000        2.4473119
      24.0000000        2.4233985
      25.0000000        2.4040042
      26.0000000        2.4007380
      27.0000000        2.4027152
      28.0000000        2.4068502
      29.0000000        2.4201381
      30.0000000        2.4442018
      31.0000000        2.4518423
      32.0000000        2.4480502
      33.0000000        2.4463455
      34.0000000        2.4422835
      35.0000000        2.4250631
      36.0000000        2.4053301
      37.0000000        2.4053885
      38.0000000        2.4179552
      39.0000000        2.4235612
      40.0000000        2.4160546
      41.0000000        2.4065355
      42.0000000        2.4039601
      43.0000000        2.4224337
      44.0000000        2.4429104
      45.0000000        2.4444873
      46.0000000        2.4307041
      47.0000000        2.4140680
      48.0000000        2.3934887
      49.0000000        2.3846051
      50.0000000        2.3837023
      51.0000000        2.3874215
      52.0000000        2.3961085
      53.0000000        2.3992152
      54.0000000        2.3996741
      55.0000000        2.4110389
      56.0000000        2.4390890
      57.0000000        2.4645865
      58.0000000        2.4729451
      59.0000000        2.4748356
      60.0000000        2.4817654
      61.0000000        2.4865503
      62.0000000        2.4711999
      63.0000000        2.4379800
      64.0000000        2.4011665
      65.0000000        2.3790160
      66.0000000        2.3816795
      67.0000000        2.4004028
      68.0000000        2.4151879
      69.0000000        2.4205799
      70.0000000        2.4199998
      71.0000000        2.4135827
      72.0000000        2.4121370
      73.0000000        2.4182877
      74.0000000        2.4262884
      75.0000000        2.4323350
      76.0000000        2.4408338
      77.0000000        2.4588699
      78.0000000        2.4773579
      79.0000000        2.4879572
      80.0000000        2.4690806
      81.0000000        2.4346638
      82.0000000        2.4061309
      83.0000000        2.3846070
      84.0000000        2.3581873
      85.0000000        2.3338382
      86.0000000        2.3179126
      87.0000000        2.3088091
      88.0000000        2.3051569
      89.0000000        2.3130250
      90.0000000        2.3351735
      91.0000000        2.3656601
      92.0000000        2.3851961
      93.0000000        2.3884277
      94.0000000        2.3879143
      95.0000000        2.3862402
      96.0000000        2.3731859
      97.0000000        2.3597680
      98.0000000        2.3531476
      99.0000000        2.3554063
     100.0000000        2.3646138
     101.0000000        2.3862344
     102.0000000        2.4112523
     103.0000000        2.4183037
     104.0000000        2.4121039
     105.0000000        2.4101332
     106.0000000        2.4252130
     107.0000000        2.4480199
     108.0000000        2.4608067
     109.0000000        2.4649620
     110.0000000        2.4610516
     111.0000000        2.4415154
     112.0000000        2.4168799
     113.0000000        2.3954853
     114.0000000        2.3731264
     115.0000000        2.3494551
     116.0000000        2.3369408
     117.0000000        2.3392706
     118.0000000        2.3452472
     119.0000000        2.3558118
     120.0000000        2.3795826
     121.0000000        2.4123542
     122.0000000        2.4285286
     123.0000000        2.4202505
     124.0000000        2.4002947
     125.0000000        2.3731772
     126.0000000        2.3601562
     127.0000000        2.3645714
     128.0000000        2.3645770
     129.0000000        2.3627908
     130.0000000        2.3769778
     131.0000000        2.3961203
     132.0000000        2.4126421
     133.0000000        2.4279220
     134.0000000        2.4380527
     135.0000000        2.4423676
     136.0000000        2.4462057
     137.0000000        2.4444156
     138.0000000        2.4318698
     139.0000000        2.4094435
     140.0000000        2.3769792
     141.0000000        2.3456171
     142.0000000        2.3237543
     143.0000000        2.3203521
     144.0000000        2.3280885
     145.0000000        2.3321629
     146.0000000        2.3258558
     147.0000000        2.3226449
     148.0000000        2.3308334
     149.0000000        2.3450288
     150.0000000        2.3588040
     151.0000000        2.3702000
     152.0000000        2.3767410
     153.0000000        2.3740738
     154.0000000        2.3654592
     155.0000000        2.3566928
     156.0000000        2.3486892
     157.0000000        2.3533931
     158.0000000        2.3847339
     159.0000000        2.4163741
     160.0000000        2.4290116
     161.0000000        2.4216979
     162.0000000        2.3992872
     163.0000000        2.3806719
     164.0000000        2.3678477
     165.0000000        2.3497473
     166.0000000        2.3313383
     167.0000000        2.3224666
     168.0000000        2.3243846
     169.0000000        2.3265085
     170.0000000        2.3309494
     171.0000000        2.3308978
     172.0000000        2.3317529
     173.0000000        2.3458613
     174.0000000        2.3678155
     175.0000000        2.3869813
     176.0000000        2.4019445
     177.0000000        2.4159318
     178.0000000        2.4395092
     179.0000000        2.4543822
     180.0000000        2.4522112
     181.0000000        2.4460289
     182.0000000        2.4417832
     183.0000000        2.4499054
     184.0000000        2.4591752
     185.0000000        2.4647601
     186.0000000        2.4675230
     187.0000000        2.4591547
     188.0000000        2.4384701
     189.0000000        2.4202080
     190.0000000        2.4062347
     191.0000000        2.4021405
     192.0000000        2.4023709
     193.0000000        2.4123652
     194.0000000        2.4371585
     195.0000000        2.4678512
     196.0000000        2.4935351
     197.0000000        2.5050249
     198.0000000        2.5027299
     199.0000000        2.4988755
     200.0000000        2.4955251
     201.0000000        2.4940651
     202.0000000        2.4948874
     203.0000000        2.4832378
     204.0000000        2.4702086
     205.0000000        2.4729045
     206.0000000        2.4850354
     207.0000000        2.4892997
     208.0000000        2.4720988
     209.0000000        2.4422840
     210.0000000        2.4237945
     211.0000000        2.4134276
     212.0000000        2.3983043
     213.0000000        2.3862574
     214.0000000        2.3758098
     215.0000000        2.3675684
     216.0000000        2.3700271
     217.0000000        2.3885493
     218.0000000        2.4058009
     219.0000000        2.4144048
     220.0000000        2.4193082
     221.0000000        2.4227019
     222.0000000        2.4250183
     223.0000000        2.4236142
     224.0000000        2.4296621
     225.0000000        2.4476539
     226.0000000        2.4687311
     227.0000000        2.4757558
     228.0000000        2.4630805
     229.0000000        2.4404525
     230.0000000        2.4281966
     231.0000000        2.4303413
     232.0000000        2.4358018
     233.0000000        2.4465265
     234.0000000        2.4524766
     235.0000000        2.4517641
     236.0000000        2.4612596
     237.0000000        2.4737826
     238.0000000        2.4662163
     239.0000000        2.4595997
     240.0000000        2.4648444
     241.0000000        2.4718003
     242.0000000        2.4642219
     243.0000000        2.4473805
     244.0000000        2.4294474
     245.0000000        2.4072079
     246.0000000        2.3927522
     247.0000000        2.3899437
     248.0000000        2.3974643
     249.0000000        2.4187852
     250.0000000        2.4453798
     251.0000000        2.4674169
     252.0000000        2.4744285
     253.0000000        2.4640580
     254.0000000        2.4588599
     255.0000000        2.4602072
     256.0000000        2.4507415
     257.0000000        2.4280805
     258.0000000        2.4053931
     259.0000000        2.3848355
     260.0000000        2.3716986
     261.0000000        2.3739007
     262.0000000        2.3870602
     263.0000000        2.4139611
     264.0000000        2.4388019
     265.0000000        2.4515892
     266.0000000        2.4598920
     267.0000000        2.4677128
     268.0000000        2.4668097
     269.0000000        2.4650973
     270.0000000        2.4665547
     271.0000000        2.4671953
     272.0000000        2.4616652
     273.0000000        2.4584014
     274.0000000        2.4565500
     275.0000000        2.4600402
     276.0000000        2.4726807
     277.0000000        2.4891939
     278.0000000        2.4907624
     279.0000000        2.4707277
     280.0000000        2.4496364
     281.0000000        2.4394758
     282.0000000        2.4395772
     283.0000000        2.4539507
     284.0000000        2.4728283
     285.0000000        2.4882113
     286.0000000        2.5018386
     287.0000000        2.5075473
     288.0000000        2.5007817
     289.0000000        2.4745298
     290.0000000        2.4469639
     291.0000000        2.4321653
     292.0000000        2.4269573
     293.0000000        2.4219118
     294.0000000        2.4029987
     295.0000000        2.3740688
     296.0000000        2.3443977
     297.0000000        2.3210304
     298.0000000        2.2940521
     299.0000000        2.2701208
     300.0000000        2.2537090
     301.0000000        2.2450354
     302.0000000        2.2497982
     303.0000000        2.2609189
     304.0000000        2.2734719
     305.0000000        2.2832727
     306.0000000        2.2892696
     307.0000000        2.2886890
     308.0000000        2.2911004
     309.0000000        2.2986581
     310.0000000        2.3089203
     311.0000000        2.3183085
     312.0000000        2.3234896
     313.0000000        2.3244174
     314.0000000        2.3305353
     315.0000000        2.3461224
     316.0000000        2.3610747
     317.0000000        2.3670446
     318.0000000        2.3613508
     319.0000000        2.3520608
     320.0000000        2.3479451
     321.0000000        2.3503350
     322.0000000        2.3599711
     323.0000000        2.3845535
     324.0000000        2.4241353
     325.0000000        2.4634049
     326.0000000        2.4967890
     327.0000000        2.5250733
     328.0000000        2.5309863
     329.0000000        2.5041596
     330.0000000        2.4699211
     331.0000000        2.4376744
     332.0000000        2.4041255
     333.0000000        2.3836324
     334.0000000        2.3696676
     335.0000000        2.3565713
     336.0000000        2.3550533
     337.0000000        2.3584784
     338.0000000        2.3575319
     339.0000000        2.3515663
     340.0000000        2.3436699
     341.0000000        2.3409139
     342.0000000        2.3423777
     343.0000000        2.3568425
     344.0000000        2.3784156
     345.0000000        2.4033117
     346.0000000        2.4263098
     347.0000000        2.4378892
     348.0000000        2.4377365
     349.0000000        2.4382500
     350.0000000        2.4452410
     351.0000000        2.4538549
     352.0000000        2.4598584
     353.0000000        2.4518071
     354.0000000        2.4241153
     355.0000000        2.4044761
     356.0000000        2.3961955
     357.0000000        2.3940896
     358.0000000        2.3878950
     359.0000000        2.3842387
     360.0000000        2.3871520
     361.0000000        2.4038597
     362.0000000        2.4244036
     363.0000000        2.4298517
     364.0000000        2.4200819
     365.0000000        2.4079261
     366.0000000        2.4026977
     367.0000000        2.4022701
     368.0000000        2.3830949
     369.0000000        2.3532487
     370.0000000        2.3385122
     371.0000000        2.3411974
     372.0000000        2.3535285
     373.0000000        2.3736630
     374.0000000        2.3934633
     375.0000000        2.3999812
     376.0000000        2.3988566
     377.0000000        2.3945654
     378.0000000        2.3901037
     379.0000000        2.3794171
     380.0000000        2.3760525
     381.0000000        2.3844531
     382.0000000        2.3894630
     383.0000000        2.3964536
     384.0000000        2.4085252
     385.0000000        2.4202155
     386.0000000        2.4176344
     387.0000000        2.4213422
     388.0000000        2.4333512
     389.0000000        2.4469000
     390.0000000        2.4601774
     391.0000000        2.4679838
     392.0000000        2.4669305
     393.0000000        2.4663201
     394.0000000        2.4684446
     395.0000000        2.4778917
     396.0000000        2.4806963
     397.0000000        2.4707948
     398.0000000        2.4485088
     399.0000000        2.4211537
     400.0000000        2.3991475
     401.0000000        2.3806470
     402.0000000        2.3797926
     403.0000000        2.3894275
     404.0000000        2.3929441
     405.0000000        2.3803780
     406.0000000        2.3615088
     407.0000000        2.3466509
     408.0000000        2.3406308
     409.0000000        2.3390816
     410.0000000        2.3417854
     411.0000000        2.3605506
     412.0000000        2.3905338
     413.0000000        2.4179845
     414.0000000        2.4413356
     415.0000000        2.4636594
     416.0000000        2.4767573
     417.0000000        2.4684195
     418.0000000        2.4524435
     419.0000000        2.4476144
     420.0000000        2.4526177
     421.0000000        2.4570234
     422.0000000        2.4532076
     423.0000000        2.4429986
     424.0000000        2.4322767
     425.0000000        2.4284671
     426.0000000        2.4351377
     427.0000000        2.4452354
     428.0000000        2.4515786
     429.0000000        2.4464812
     430.0000000        2.4318884
     431.0000000        2.4192671
     432.0000000        2.4052152
     433.0000000        2.3832305
     434.0000000        2.3601432
     435.0000000        2.3529966
     436.0000000        2.3574529
     437.0000000        2.3651078
     438.0000000        2.3667269
     439.0000000        2.3696790
     440.0000000        2.3705905
     441.0000000        2.3720478
     442.0000000        2.3762828
     443.0000000        2.3812126
     444.0000000        2.3775211
     445.0000000        2.3678713
     446.0000000        2.3593435
     447.0000000        2.3534933
     448.0000000        2.3526057
     449.0000000        2.3650999
     450.0000000        2.3887219
     451.0000000        2.4228554
     452.0000000        2.4555170
     453.0000000        2.4744265
     454.0000000        2.4916086
     455.0000000        2.5023829
     456.0000000        2.4993786
     457.0000000        2.4777793
     458.0000000        2.4461447
     459.0000000        2.4173235
     460.0000000        2.4019873
     461.0000000        2.3946798
     462.0000000        2.4017070
     463.0000000        2.4324030
     464.0000000        2.4682544
     465.0000000        2.4912848
     466.0000000        2.4902762
     467.0000000        2.4766801
     468.0000000        2.4653139
     469.0000000        2.4513038
     470.0000000        2.4246979
     471.0000000        2.3991668
     472.0000000        2.3799170
     473.0000000        2.3615595
     474.0000000        2.3392106
     475.0000000        2.3210177
     476.0000000        2.3157841
     477.0000000        2.3201097
     478.0000000        2.3242241
     479.0000000        2.3221305
     480.0000000        2.3140328
     481.0000000        2.3066452
     482.0000000        2.3026347
     483.0000000        2.3062540
     484.0000000        2.3204183
     485.0000000        2.3406355
     486.0000000        2.3538885
     487.0000000        2.3566444
     488.0000000        2.3609304
     489.0000000        2.3724647
     490.0000000        2.3822534
     491.0000000        2.3911655
     492.0000000        2.3936439
     493.0000000        2.3882480
     494.0000000        2.3887652
     495.0000000        2.3876977
     496.0000000        2.3863379
     497.0000000        2.3932242
     498.0000000        2.4000338
     499.0000000        2.4064813
     500.0000000        2.4114722
     501.0000000        2.4162901
     502.0000000        2.4182905
     503.0000000        2.4216495
     504.0000000        2.4302156
     505.0000000        2.4339354
     506.0000000        2.4355010
     507.0000000        2.4280692
     508.0000000        2.4124945
     509.0000000        2.4101247
     510.0000000        2.4119723
     511.0000000        2.4043856
     512.0000000        2.3919430
     513.0000000        2.3919489
     514.0000000        2.4002932
     515.0000000        2.3983636
     516.0000000        2.3960379
     517.0000000        2.3882239
     518.0000000        2.3774148
     519.0000000        2.3731301
     520.0000000        2.3897260
     521.0000000        2.4137181
     522.0000000        2.4326676
     523.0000000        2.4487028
     524.0000000        2.4627462
     525.0000000        2.4671927
     526.0000000        2.4602077
     527.0000000        2.4409339
     528.0000000        2.4117312
     529.0000000        2.3881556
     530.0000000        2.3836641
     531.0000000        2.3892485
     532.0000000        2.3933348
     533.0000000        2.3936270
     534.0000000        2.3945462
     535.0000000        2.3948007
     536.0000000        2.4042909
     537.0000000        2.4193347
     538.0000000        2.4197994
     539.0000000        2.4018588
     540.0000000        2.3873110
     541.0000000        2.3831915
     542.0000000        2.3754391
     543.0000000        2.3686042
     544.0000000        2.3634156
     545.0000000        2.3586914
     546.0000000        2.3607350
     547.0000000        2.3705684
     548.0000000        2.3810749
     549.0000000        2.3921720
     550.0000000        2.4006273
     551.0000000        2.3946549
     552.0000000        2.3792404
     553.0000000        2.3698971
     554.0000000        2.3767763
     555.0000000        2.3952698
     556.0000000        2.4048811
     557.0000000        2.4061757
     558.0000000        2.4146868
     559.0000000        2.4282207
     560.0000000        2.4415206
     561.0000000        2.4498071
     562.0000000        2.4578097
     563.0000000        2.4623035
     564.0000000        2.4715965
     565.0000000        2.4885682
     566.0000000        2.4983526
     567.0000000        2.4948311
     568.0000000        2.4916881
     569.0000000        2.4848497
     570.0000000        2.4622699
     571.0000000        2.4405566
     572.0000000        2.4284604
     573.0000000        2.4238606
     574.0000000        2.4236872
     575.0000000        2.4124022
     576.0000000        2.3974702
     577.0000000        2.3937053
     578.0000000        2.4029551
     579.0000000        2.4147616
     580.0000000        2.4263972
     581.0000000        2.4410240
     582.0000000        2.4465612
     583.0000000        2.4463672
     584.0000000        2.4403674
     585.0000000        2.4385541
     586.0000000        2.4497660
     587.0000000        2.4587638
     588.0000000        2.4571818
     589.0000000        2.4526946
     590.0000000        2.4408475
     591.0000000        2.4131758
     592.0000000        2.3809472
     593.0000000        2.3575030
     594.0000000        2.3434524
     595.0000000        2.3459364
     596.0000000        2.3572774
     597.0000000        2.3647407
     598.0000000        2.3606594
     599.0000000        2.3549400
     600.0000000        2.3636668
