       1.0000000        2.4872708
       2.0000000        2.4746885
       3.0000000        2.4667544
       4.0000000        2.4609852
       5.0000000        2.4349046
       6.0000000        2.4201484
       7.0000000        2.4181750
       8.0000000        2.4162469
       9.0000000        2.4081061
      10.0000000        2.4057503
      11.0000000        2.4064820
      12.0000000        2.4130361
      13.0000000        2.4251132
      14.0000000        2.4293704
      15.0000000        2.4349558
      16.0000000        2.4391716
      17.0000000        2.4437416
      18.0000000        2.4471796
      19.0000000        2.4569836
      20.0000000        2.4577572
      21.0000000        2.4611795
      22.0000000        2.4536798
      23.0000000        2.4492023
      24.0000000        2.4435768
      25.0000000        2.4429345
      26.0000000        2.4430547
      27.0000000        2.4486988
      28.0000000        2.4495461
      29.0000000        2.4391797
      30.0000000        2.4334307
      31.0000000        2.4393680
      32.0000000        2.4425623
      33.0000000        2.4530156
      34.0000000        2.4622900
      35.0000000        2.4742646
      36.0000000        2.4908001
      37.0000000        2.5049617
      38.0000000        2.5093722
      39.0000000        2.5140748
      40.0000000        2.5094724
      41.0000000        2.5045660
      42.0000000        2.5065491
      43.0000000        2.4981940
      44.0000000        2.4975493
      45.0000000        2.5001826
      46.0000000        2.4965723
      47.0000000        2.4843328
      48.0000000        2.4816000
      49.0000000        2.4686115
      50.0000000        2.4445457
      51.0000000        2.4276795
      52.0000000        2.4280071
      53.0000000        2.4284434
      54.0000000        2.4244661
      55.0000000        2.4175038
      56.0000000        2.4101796
      57.0000000        2.4022396
      58.0000000        2.4024975
      59.0000000        2.4070632
      60.0000000        2.4111941
      61.0000000        2.4168854
      62.0000000        2.4186778
      63.0000000        2.4221427
      64.0000000        2.4315748
      65.0000000        2.4438367
      66.0000000        2.4464829
      67.0000000        2.4549940
      68.0000000        2.4563625
      69.0000000        2.4507613
      70.0000000        2.4413614
      71.0000000        2.4385955
      72.0000000        2.4415765
      73.0000000        2.4393075
      74.0000000        2.4310544
      75.0000000        2.4265671
      76.0000000        2.4282503
      77.0000000        2.4360960
      78.0000000        2.4405293
      79.0000000        2.4373503
      80.0000000        2.4322925
      81.0000000        2.4336176
      82.0000000        2.4332659
      83.0000000        2.4417994
      84.0000000        2.4452074
      85.0000000        2.4481747
      86.0000000        2.4516594
      87.0000000        2.4528565
      88.0000000        2.4431272
      89.0000000        2.4343891
      90.0000000        2.4383838
      91.0000000        2.4370048
      92.0000000        2.4394515
      93.0000000        2.4405682
      94.0000000        2.4402683
      95.0000000        2.4434471
      96.0000000        2.4404533
      97.0000000        2.4293368
      98.0000000        2.4223161
      99.0000000        2.4152932
     100.0000000        2.4194391
     101.0000000        2.4232118
     102.0000000        2.4221840
     103.0000000        2.4235435
     104.0000000        2.4219761
     105.0000000        2.4157372
     106.0000000        2.4284277
     107.0000000        2.4402173
     108.0000000        2.4558351
     109.0000000        2.4686639
     110.0000000        2.4833081
     111.0000000        2.4831698
     112.0000000        2.4745545
     113.0000000        2.4729171
     114.0000000        2.4833491
     115.0000000        2.4887786
     116.0000000        2.4865105
     117.0000000        2.4851117
     118.0000000        2.4881783
     119.0000000        2.4842749
     120.0000000        2.4833126
     121.0000000        2.4867580
     122.0000000        2.4894612
     123.0000000        2.4882061
     124.0000000        2.4889750
     125.0000000        2.4897187
     126.0000000        2.4912806
     127.0000000        2.4990861
     128.0000000        2.5008187
     129.0000000        2.4940109
     130.0000000        2.4928710
     131.0000000        2.4791875
     132.0000000        2.4612124
     133.0000000        2.4520018
     134.0000000        2.4355514
     135.0000000        2.4290409
     136.0000000        2.4290166
     137.0000000        2.4275036
     138.0000000        2.4257505
     139.0000000        2.4268081
     140.0000000        2.4240854
     141.0000000        2.4182854
     142.0000000        2.4057679
     143.0000000        2.3876452
     144.0000000        2.3694286
     145.0000000        2.3557875
     146.0000000        2.3546367
     147.0000000        2.3565187
     148.0000000        2.3543844
     149.0000000        2.3512917
     150.0000000        2.3478765
     151.0000000        2.3438218
     152.0000000        2.3404758
     153.0000000        2.3390141
     154.0000000        2.3479819
     155.0000000        2.3633015
     156.0000000        2.3807945
     157.0000000        2.3955498
     158.0000000        2.4011371
     159.0000000        2.4070404
     160.0000000        2.4186175
     161.0000000        2.4331295
     162.0000000        2.4428546
     163.0000000        2.4516311
     164.0000000        2.4622529
     165.0000000        2.4753683
     166.0000000        2.4907365
     167.0000000        2.5043814
     168.0000000        2.5142379
     169.0000000        2.5161781
     170.0000000        2.5086496
     171.0000000        2.5077803
     172.0000000        2.5066490
     173.0000000        2.5131364
     174.0000000        2.5203683
     175.0000000        2.5274158
     176.0000000        2.5316200
     177.0000000        2.5240176
     178.0000000        2.5191059
     179.0000000        2.5295405
     180.0000000        2.5359864
     181.0000000        2.5386305
     182.0000000        2.5350423
     183.0000000        2.5323908
     184.0000000        2.5270381
     185.0000000        2.5176253
     186.0000000        2.5068824
     187.0000000        2.4998329
     188.0000000        2.4950149
     189.0000000        2.4975693
     190.0000000        2.5000725
     191.0000000        2.5063658
     192.0000000        2.5020282
     193.0000000        2.4904234
     194.0000000        2.4831119
     195.0000000        2.4774733
     196.0000000        2.4612124
     197.0000000        2.4554124
     198.0000000        2.4555578
     199.0000000        2.4546342
     200.0000000        2.4514525
     201.0000000        2.4460952
     202.0000000        2.4393973
     203.0000000        2.4373207
     204.0000000        2.4490530
     205.0000000        2.4543281
     206.0000000        2.4501874
     207.0000000        2.4515538
     208.0000000        2.4616580
     209.0000000        2.4605436
     210.0000000        2.4596951
     211.0000000        2.4585788
     212.0000000        2.4543788
     213.0000000        2.4454618
     214.0000000        2.4376009
     215.0000000        2.4254045
     216.0000000        2.4215958
     217.0000000        2.4346488
     218.0000000        2.4506180
     219.0000000        2.4595313
     220.0000000        2.4632378
     221.0000000        2.4630787
     222.0000000        2.4636729
     223.0000000        2.4548416
     224.0000000        2.4479020
     225.0000000        2.4441094
     226.0000000        2.4368861
     227.0000000        2.4288633
     228.0000000        2.4161479
     229.0000000        2.4107153
     230.0000000        2.4084315
     231.0000000        2.4083340
     232.0000000        2.4052088
     233.0000000        2.4110391
     234.0000000        2.4192312
     235.0000000        2.4278896
     236.0000000        2.4288325
     237.0000000        2.4260952
     238.0000000        2.4262142
     239.0000000        2.4165840
     240.0000000        2.4064057
     241.0000000        2.4069853
     242.0000000        2.4080474
     243.0000000        2.4151256
     244.0000000        2.4283810
     245.0000000        2.4463170
     246.0000000        2.4514148
     247.0000000        2.4588592
     248.0000000        2.4701664
     249.0000000        2.4859500
     250.0000000        2.4886253
     251.0000000        2.4840758
     252.0000000        2.4910390
     253.0000000        2.4957523
     254.0000000        2.4916029
     255.0000000        2.5018756
     256.0000000        2.5038519
     257.0000000        2.5010681
     258.0000000        2.4996760
     259.0000000        2.4919040
     260.0000000        2.4881771
     261.0000000        2.4893663
     262.0000000        2.4812617
     263.0000000        2.4731932
     264.0000000        2.4686966
     265.0000000        2.4659479
     266.0000000        2.4604397
     267.0000000        2.4633622
     268.0000000        2.4722872
     269.0000000        2.4743106
     270.0000000        2.4818301
     271.0000000        2.4718678
     272.0000000        2.4670563
     273.0000000        2.4674773
     274.0000000        2.4659956
     275.0000000        2.4615419
     276.0000000        2.4593277
     277.0000000        2.4524109
     278.0000000        2.4573147
     279.0000000        2.4617059
     280.0000000        2.4663606
     281.0000000        2.4760647
     282.0000000        2.4812636
     283.0000000        2.4867115
     284.0000000        2.4948876
     285.0000000        2.4971948
     286.0000000        2.4917810
     287.0000000        2.4848187
     288.0000000        2.4789388
     289.0000000        2.4704967
     290.0000000        2.4651918
     291.0000000        2.4566934
     292.0000000        2.4477344
     293.0000000        2.4391820
     294.0000000        2.4361119
     295.0000000        2.4258871
     296.0000000        2.4270141
     297.0000000        2.4358623
     298.0000000        2.4452507
     299.0000000        2.4514601
     300.0000000        2.4437184
     301.0000000        2.4334674
     302.0000000        2.4250801
     303.0000000        2.4185302
     304.0000000        2.4268587
     305.0000000        2.4378982
     306.0000000        2.4525886
     307.0000000        2.4610126
     308.0000000        2.4711311
     309.0000000        2.4854772
     310.0000000        2.4937727
     311.0000000        2.5003877
     312.0000000        2.5062156
     313.0000000        2.5080392
     314.0000000        2.4981179
     315.0000000        2.4799423
     316.0000000        2.4665222
     317.0000000        2.4645877
     318.0000000        2.4617102
     319.0000000        2.4539959
     320.0000000        2.4449034
     321.0000000        2.4447148
     322.0000000        2.4383082
     323.0000000        2.4379988
     324.0000000        2.4397099
     325.0000000        2.4489837
     326.0000000        2.4560046
     327.0000000        2.4549429
     328.0000000        2.4599733
     329.0000000        2.4586520
     330.0000000        2.4590654
     331.0000000        2.4540737
     332.0000000        2.4460273
     333.0000000        2.4302614
     334.0000000        2.4265828
     335.0000000        2.4257274
     336.0000000        2.4277306
     337.0000000        2.4309506
     338.0000000        2.4417090
     339.0000000        2.4590173
     340.0000000        2.4701602
     341.0000000        2.4787765
     342.0000000        2.4928472
     343.0000000        2.4981921
     344.0000000        2.5115638
     345.0000000        2.5117502
     346.0000000        2.5089676
     347.0000000        2.5016289
     348.0000000        2.4859204
     349.0000000        2.4690151
     350.0000000        2.4610901
     351.0000000        2.4554563
     352.0000000        2.4469516
     353.0000000        2.4436681
     354.0000000        2.4488044
     355.0000000        2.4479105
     356.0000000        2.4547994
     357.0000000        2.4603345
     358.0000000        2.4600630
     359.0000000        2.4577625
     360.0000000        2.4612274
     361.0000000        2.4625905
     362.0000000        2.4701815
     363.0000000        2.4763179
     364.0000000        2.4781098
     365.0000000        2.4848602
     366.0000000        2.4845152
     367.0000000        2.4867911
     368.0000000        2.4962654
     369.0000000        2.5017622
     370.0000000        2.5045843
     371.0000000        2.5023780
     372.0000000        2.5091834
     373.0000000        2.5163934
     374.0000000        2.5194263
     375.0000000        2.5215292
     376.0000000        2.5201445
     377.0000000        2.5211334
     378.0000000        2.5225716
     379.0000000        2.5250590
     380.0000000        2.5274243
     381.0000000        2.5280349
     382.0000000        2.5291257
     383.0000000        2.5200462
     384.0000000        2.5063252
     385.0000000        2.5024924
     386.0000000        2.5061615
     387.0000000        2.4996982
     388.0000000        2.5049117
     389.0000000        2.5075438
     390.0000000        2.5156975
     391.0000000        2.5185459
     392.0000000        2.5118239
     393.0000000        2.5033371
     394.0000000        2.5001893
     395.0000000        2.5038495
     396.0000000        2.4989235
     397.0000000        2.4861395
     398.0000000        2.4830360
     399.0000000        2.4825230
     400.0000000        2.4763279
     401.0000000        2.4671385
     402.0000000        2.4484978
     403.0000000        2.4245713
     404.0000000        2.4107578
     405.0000000        2.4055543
     406.0000000        2.4043977
     407.0000000        2.4015882
     408.0000000        2.4029503
     409.0000000        2.3973651
     410.0000000        2.3961964
     411.0000000        2.3905203
     412.0000000        2.3945565
     413.0000000        2.4019747
     414.0000000        2.4103990
     415.0000000        2.4138470
     416.0000000        2.4192877
     417.0000000        2.4227004
     418.0000000        2.4168887
     419.0000000        2.4187961
     420.0000000        2.4213028
     421.0000000        2.4259214
     422.0000000        2.4360516
     423.0000000        2.4408143
     424.0000000        2.4379060
     425.0000000        2.4321549
     426.0000000        2.4338653
     427.0000000        2.4415545
     428.0000000        2.4410594
     429.0000000        2.4294403
     430.0000000        2.4201624
     431.0000000        2.4153373
     432.0000000        2.4201913
     433.0000000        2.4297099
     434.0000000        2.4308558
     435.0000000        2.4376354
     436.0000000        2.4431672
     437.0000000        2.4518199
     438.0000000        2.4511502
     439.0000000        2.4510159
     440.0000000        2.4512002
     441.0000000        2.4481766
     442.0000000        2.4476469
     443.0000000        2.4439764
     444.0000000        2.4388955
     445.0000000        2.4471879
     446.0000000        2.4527133
     447.0000000        2.4583268
     448.0000000        2.4641714
     449.0000000        2.4787686
     450.0000000        2.4874079
     451.0000000        2.4836509
     452.0000000        2.4817190
     453.0000000        2.4819677
     454.0000000        2.4793751
     455.0000000        2.4789948
     456.0000000        2.4721191
     457.0000000        2.4666100
     458.0000000        2.4717782
     459.0000000        2.4794326
     460.0000000        2.4733071
     461.0000000        2.4715738
     462.0000000        2.4647467
     463.0000000        2.4708264
     464.0000000        2.4766345
     465.0000000        2.4764767
     466.0000000        2.4750543
     467.0000000        2.4679072
     468.0000000        2.4625282
     469.0000000        2.4641855
     470.0000000        2.4699667
     471.0000000        2.4764459
     472.0000000        2.4762177
     473.0000000        2.4732947
     474.0000000        2.4700649
     475.0000000        2.4685049
     476.0000000        2.4677460
     477.0000000        2.4617019
     478.0000000        2.4528894
     479.0000000        2.4405136
     480.0000000        2.4349735
     481.0000000        2.4417109
     482.0000000        2.4477477
     483.0000000        2.4491889
     484.0000000        2.4491479
     485.0000000        2.4428699
     486.0000000        2.4422636
     487.0000000        2.4469774
     488.0000000        2.4539018
     489.0000000        2.4550247
     490.0000000        2.4600620
     491.0000000        2.4536555
     492.0000000        2.4531548
     493.0000000        2.4530053
     494.0000000        2.4512739
     495.0000000        2.4569161
     496.0000000        2.4620154
     497.0000000        2.4746807
     498.0000000        2.4872582
     499.0000000        2.5034099
     500.0000000        2.5235314
     501.0000000        2.5238624
     502.0000000        2.5184095
     503.0000000        2.5200336
     504.0000000        2.5158768
     505.0000000        2.5134504
     506.0000000        2.5040135
     507.0000000        2.4972765
     508.0000000        2.4974649
     509.0000000        2.5057580
     510.0000000        2.5113087
     511.0000000        2.5096686
     512.0000000        2.5052316
     513.0000000        2.5133891
     514.0000000        2.5198288
     515.0000000        2.5128503
     516.0000000        2.5055118
     517.0000000        2.5029118
     518.0000000        2.4944537
     519.0000000        2.4865413
     520.0000000        2.4857652
     521.0000000        2.4757159
     522.0000000        2.4644849
     523.0000000        2.4523399
     524.0000000        2.4406784
     525.0000000        2.4400945
     526.0000000        2.4345827
     527.0000000        2.4336085
     528.0000000        2.4361489
     529.0000000        2.4431257
     530.0000000        2.4448438
     531.0000000        2.4379194
     532.0000000        2.4398329
     533.0000000        2.4479251
     534.0000000        2.4521358
     535.0000000        2.4568470
     536.0000000        2.4569252
     537.0000000        2.4555571
     538.0000000        2.4576433
     539.0000000        2.4643743
     540.0000000        2.4753528
     541.0000000        2.4888797
     542.0000000        2.4932075
     543.0000000        2.4951892
     544.0000000        2.4981823
     545.0000000        2.5021431
     546.0000000        2.4979160
     547.0000000        2.4855995
     548.0000000        2.4705293
     549.0000000        2.4656312
     550.0000000        2.4550252
     551.0000000        2.4465501
     552.0000000        2.4364836
     553.0000000        2.4358716
     554.0000000        2.4375575
     555.0000000        2.4445300
     556.0000000        2.4514599
     557.0000000        2.4554148
     558.0000000        2.4570110
     559.0000000        2.4606431
     560.0000000        2.4634311
     561.0000000        2.4662352
     562.0000000        2.4632325
     563.0000000        2.4633563
     564.0000000        2.4690282
     565.0000000        2.4657702
     566.0000000        2.4693727
     567.0000000        2.4617536
     568.0000000        2.4535694
     569.0000000        2.4535041
     570.0000000        2.4508636
     571.0000000        2.4489846
     572.0000000        2.4430323
     573.0000000        2.4272389
     574.0000000        2.4218519
     575.0000000        2.4259884
     576.0000000        2.4279990
     577.0000000        2.4363284
     578.0000000        2.4417050
     579.0000000        2.4463427
     580.0000000        2.4543645
     581.0000000        2.4589975
     582.0000000        2.4632401
     583.0000000        2.4729996
     584.0000000        2.4814625
     585.0000000        2.4855380
     586.0000000        2.4942579
     587.0000000        2.5110338
     588.0000000        2.5162458
     589.0000000        2.5031867
     590.0000000        2.4985704
     591.0000000        2.5023937
     592.0000000        2.5170717
     593.0000000        2.5273299
     594.0000000        2.5388198
     595.0000000        2.5474408
     596.0000000        2.5574610
     597.0000000        2.5515537
     598.0000000        2.5361402
     599.0000000        2.5276558
     600.0000000        2.5344288
