       1.0000000        1.0084485
       2.0000000        0.9223138
       3.0000000        0.8789612
       4.0000000        0.8275060
       5.0000000        0.7913032
       6.0000000        0.7535230
       7.0000000        0.7033241
       8.0000000        0.6730441
       9.0000000        0.6367412
      10.0000000        0.6017113
      11.0000000        0.5724254
      12.0000000        0.5482995
      13.0000000        0.5196145
      14.0000000        0.4964380
      15.0000000        0.4720438
      16.0000000        0.4542501
      17.0000000        0.4322954
      18.0000000        0.4137765
      19.0000000        0.3945966
      20.0000000        0.3823615
      21.0000000        0.3763222
      22.0000000        0.3741025
      23.0000000        0.3673136
      24.0000000        0.3585902
      25.0000000        0.3509760
      26.0000000        0.3411898
      27.0000000        0.3371396
      28.0000000        0.3335238
      29.0000000        0.3303832
      30.0000000        0.3305040
      31.0000000        0.3262960
      32.0000000        0.3208392
      33.0000000        0.3148099
      34.0000000        0.3074158
      35.0000000        0.2980139
      36.0000000        0.2889626
      37.0000000        0.2804793
      38.0000000        0.2706351
      39.0000000        0.2607880
      40.0000000        0.2542945
      41.0000000        0.2562160
      42.0000000        0.2582605
      43.0000000        0.2638682
      44.0000000        0.2704264
      45.0000000        0.2763077
      46.0000000        0.2821791
      47.0000000        0.2876852
      48.0000000        0.2977945
      49.0000000        0.3098002
      50.0000000        0.3185980
      51.0000000        0.3255001
      52.0000000        0.3353461
      53.0000000        0.3499742
      54.0000000        0.3585184
      55.0000000        0.3660710
      56.0000000        0.3711141
      57.0000000        0.3749140
      58.0000000        0.3735079
      59.0000000        0.3718222
      60.0000000        0.3755047
      61.0000000        0.3719587
      62.0000000        0.3696502
      63.0000000        0.3704354
      64.0000000        0.3657757
      65.0000000        0.3535207
      66.0000000        0.3489588
      67.0000000        0.3475726
      68.0000000        0.3439695
      69.0000000        0.3450337
      70.0000000        0.3493154
      71.0000000        0.3527247
      72.0000000        0.3578350
      73.0000000        0.3630553
      74.0000000        0.3643478
      75.0000000        0.3597215
      76.0000000        0.3507893
      77.0000000        0.3532437
      78.0000000        0.3550875
      79.0000000        0.3541680
      80.0000000        0.3535836
      81.0000000        0.3523760
      82.0000000        0.3551833
      83.0000000        0.3570822
      84.0000000        0.3599281
      85.0000000        0.3534283
      86.0000000        0.3408318
      87.0000000        0.3318201
      88.0000000        0.3278579
      89.0000000        0.3272406
      90.0000000        0.3276946
      91.0000000        0.3257768
      92.0000000        0.3243795
      93.0000000        0.3204655
      94.0000000        0.3137071
      95.0000000        0.3077414
      96.0000000        0.3054685
      97.0000000        0.3016043
      98.0000000        0.3037694
      99.0000000        0.3012963
     100.0000000        0.2980550
     101.0000000        0.2934250
     102.0000000        0.2865644
     103.0000000        0.2814351
     104.0000000        0.2772503
     105.0000000        0.2714873
     106.0000000        0.2679163
     107.0000000        0.2642086
     108.0000000        0.2638519
     109.0000000        0.2629435
     110.0000000        0.2611324
     111.0000000        0.2624239
     112.0000000        0.2648726
     113.0000000        0.2690087
     114.0000000        0.2698065
     115.0000000        0.2729803
     116.0000000        0.2830286
     117.0000000        0.2962518
     118.0000000        0.3098880
     119.0000000        0.3194679
     120.0000000        0.3200542
     121.0000000        0.3233943
     122.0000000        0.3307568
     123.0000000        0.3383048
     124.0000000        0.3456332
     125.0000000        0.3481355
     126.0000000        0.3446677
     127.0000000        0.3388432
     128.0000000        0.3373042
     129.0000000        0.3396659
     130.0000000        0.3371373
     131.0000000        0.3352284
     132.0000000        0.3298192
     133.0000000        0.3236549
     134.0000000        0.3164788
     135.0000000        0.3111506
     136.0000000        0.3118255
     137.0000000        0.3077231
     138.0000000        0.3018726
     139.0000000        0.2919933
     140.0000000        0.2801750
     141.0000000        0.2683013
     142.0000000        0.2565910
     143.0000000        0.2460808
     144.0000000        0.2358538
     145.0000000        0.2262616
     146.0000000        0.2194024
     147.0000000        0.2134601
     148.0000000        0.2114354
     149.0000000        0.2094702
     150.0000000        0.2075050
     151.0000000        0.2045839
     152.0000000        0.2003349
     153.0000000        0.1933632
     154.0000000        0.1865881
     155.0000000        0.1816692
     156.0000000        0.1785016
     157.0000000        0.1766702
     158.0000000        0.1771671
     159.0000000        0.1838072
     160.0000000        0.1937416
     161.0000000        0.2043060
     162.0000000        0.2156447
     163.0000000        0.2278206
     164.0000000        0.2426254
     165.0000000        0.2535685
     166.0000000        0.2640528
     167.0000000        0.2811328
     168.0000000        0.2931587
     169.0000000        0.3048544
     170.0000000        0.3164059
     171.0000000        0.3306836
     172.0000000        0.3413993
     173.0000000        0.3469815
     174.0000000        0.3453338
     175.0000000        0.3468924
     176.0000000        0.3556684
     177.0000000        0.3705405
     178.0000000        0.3792202
     179.0000000        0.3836733
     180.0000000        0.3847318
     181.0000000        0.3822683
     182.0000000        0.3820277
     183.0000000        0.3753606
     184.0000000        0.3616631
     185.0000000        0.3529606
     186.0000000        0.3459632
     187.0000000        0.3376365
     188.0000000        0.3320421
     189.0000000        0.3291119
     190.0000000        0.3270991
     191.0000000        0.3229904
     192.0000000        0.3207065
     193.0000000        0.3132203
     194.0000000        0.3002771
     195.0000000        0.2902218
     196.0000000        0.2801365
     197.0000000        0.2697506
     198.0000000        0.2573211
     199.0000000        0.2413544
     200.0000000        0.2281679
     201.0000000        0.2160575
     202.0000000        0.2073917
     203.0000000        0.1987357
     204.0000000        0.1903814
     205.0000000        0.1818382
     206.0000000        0.1749869
     207.0000000        0.1697829
     208.0000000        0.1667611
     209.0000000        0.1654567
     210.0000000        0.1652273
     211.0000000        0.1688890
     212.0000000        0.1755744
     213.0000000        0.1808852
     214.0000000        0.1847393
     215.0000000        0.1867687
     216.0000000        0.1858253
     217.0000000        0.1854979
     218.0000000        0.1852390
     219.0000000        0.1841587
     220.0000000        0.1805006
     221.0000000        0.1796370
     222.0000000        0.1784201
     223.0000000        0.1754015
     224.0000000        0.1711727
     225.0000000        0.1697076
     226.0000000        0.1687753
     227.0000000        0.1684965
     228.0000000        0.1698961
     229.0000000        0.1703487
     230.0000000        0.1695140
     231.0000000        0.1670546
     232.0000000        0.1632769
     233.0000000        0.1597245
     234.0000000        0.1582309
     235.0000000        0.1578944
     236.0000000        0.1561268
     237.0000000        0.1514368
     238.0000000        0.1453799
     239.0000000        0.1404561
     240.0000000        0.1379224
     241.0000000        0.1368137
     242.0000000        0.1363166
     243.0000000        0.1363683
     244.0000000        0.1369209
     245.0000000        0.1350851
     246.0000000        0.1312652
     247.0000000        0.1269282
     248.0000000        0.1238117
     249.0000000        0.1212295
     250.0000000        0.1202296
     251.0000000        0.1180315
     252.0000000        0.1166055
     253.0000000        0.1160962
     254.0000000        0.1133705
     255.0000000        0.1089385
     256.0000000        0.1056697
     257.0000000        0.1035033
     258.0000000        0.1029032
     259.0000000        0.1023400
     260.0000000        0.1023649
     261.0000000        0.1014707
     262.0000000        0.1005802
     263.0000000        0.1013264
     264.0000000        0.1041683
     265.0000000        0.1061652
     266.0000000        0.1067004
     267.0000000        0.1066823
     268.0000000        0.1071874
     269.0000000        0.1098052
     270.0000000        0.1127793
     271.0000000        0.1137172
     272.0000000        0.1151136
     273.0000000        0.1157947
     274.0000000        0.1169686
     275.0000000        0.1186531
     276.0000000        0.1227255
     277.0000000        0.1281354
     278.0000000        0.1333634
     279.0000000        0.1386755
     280.0000000        0.1422096
     281.0000000        0.1464366
     282.0000000        0.1536772
     283.0000000        0.1612287
     284.0000000        0.1696107
     285.0000000        0.1788038
     286.0000000        0.1861973
     287.0000000        0.1920157
     288.0000000        0.1973729
     289.0000000        0.1985935
     290.0000000        0.1967319
     291.0000000        0.1968917
     292.0000000        0.1992047
     293.0000000        0.2013402
     294.0000000        0.2062434
     295.0000000        0.2119577
     296.0000000        0.2150217
     297.0000000        0.2164888
     298.0000000        0.2214956
     299.0000000        0.2272488
     300.0000000        0.2300903
     301.0000000        0.2328234
     302.0000000        0.2404535
     303.0000000        0.2474128
     304.0000000        0.2529520
     305.0000000        0.2593241
     306.0000000        0.2657867
     307.0000000        0.2720484
     308.0000000        0.2775378
     309.0000000        0.2816760
     310.0000000        0.2876994
     311.0000000        0.2965311
     312.0000000        0.3065705
     313.0000000        0.3075138
     314.0000000        0.3058313
     315.0000000        0.3005495
     316.0000000        0.2999042
     317.0000000        0.2996137
     318.0000000        0.2952973
     319.0000000        0.2907843
     320.0000000        0.2866020
     321.0000000        0.2810698
     322.0000000        0.2795807
     323.0000000        0.2759423
     324.0000000        0.2703609
     325.0000000        0.2626893
     326.0000000        0.2559664
     327.0000000        0.2523752
     328.0000000        0.2480610
     329.0000000        0.2404734
     330.0000000        0.2332458
     331.0000000        0.2270869
     332.0000000        0.2197270
     333.0000000        0.2130230
     334.0000000        0.2069590
     335.0000000        0.2004396
     336.0000000        0.1963055
     337.0000000        0.1934535
     338.0000000        0.1891739
     339.0000000        0.1862623
     340.0000000        0.1825284
     341.0000000        0.1803690
     342.0000000        0.1807223
     343.0000000        0.1802379
     344.0000000        0.1779049
     345.0000000        0.1732787
     346.0000000        0.1687572
     347.0000000        0.1648922
     348.0000000        0.1644580
     349.0000000        0.1648866
     350.0000000        0.1657509
     351.0000000        0.1688831
     352.0000000        0.1768433
     353.0000000        0.1891753
     354.0000000        0.2005535
     355.0000000        0.2138420
     356.0000000        0.2314711
     357.0000000        0.2480633
     358.0000000        0.2636438
     359.0000000        0.2747246
     360.0000000        0.2853651
     361.0000000        0.3003125
     362.0000000        0.3180015
     363.0000000        0.3260695
     364.0000000        0.3367583
     365.0000000        0.3434572
     366.0000000        0.3512793
     367.0000000        0.3603671
     368.0000000        0.3723941
     369.0000000        0.3773999
     370.0000000        0.3760620
     371.0000000        0.3765824
     372.0000000        0.3785728
     373.0000000        0.3872939
     374.0000000        0.3919274
     375.0000000        0.3953997
     376.0000000        0.4001126
     377.0000000        0.4006097
     378.0000000        0.4098062
     379.0000000        0.4128926
     380.0000000        0.4170392
     381.0000000        0.4162183
     382.0000000        0.4145633
     383.0000000        0.4128040
     384.0000000        0.3998018
     385.0000000        0.3874008
     386.0000000        0.3721488
     387.0000000        0.3553655
     388.0000000        0.3371925
     389.0000000        0.3222284
     390.0000000        0.3062707
     391.0000000        0.2914361
     392.0000000        0.2769879
     393.0000000        0.2719923
     394.0000000        0.2734111
     395.0000000        0.2735178
     396.0000000        0.2776800
     397.0000000        0.2798307
     398.0000000        0.2808744
     399.0000000        0.2831202
     400.0000000        0.2867053
     401.0000000        0.2937536
     402.0000000        0.3042283
     403.0000000        0.3138045
     404.0000000        0.3273331
     405.0000000        0.3433867
     406.0000000        0.3577692
     407.0000000        0.3731352
     408.0000000        0.3817674
     409.0000000        0.3892022
     410.0000000        0.3996764
     411.0000000        0.4051275
     412.0000000        0.4010615
     413.0000000        0.3991047
     414.0000000        0.3933815
     415.0000000        0.3852217
     416.0000000        0.3779285
     417.0000000        0.3789200
     418.0000000        0.3889160
     419.0000000        0.4050736
     420.0000000        0.4250896
     421.0000000        0.4518145
     422.0000000        0.4616668
     423.0000000        0.4779151
     424.0000000        0.4874055
     425.0000000        0.4948899
     426.0000000        0.5022509
     427.0000000        0.5014781
     428.0000000        0.4851944
     429.0000000        0.4638348
     430.0000000        0.4341500
     431.0000000        0.4041606
     432.0000000        0.3798226
     433.0000000        0.3641214
     434.0000000        0.3505192
     435.0000000        0.3518875
     436.0000000        0.3571108
     437.0000000        0.3610633
     438.0000000        0.3642992
     439.0000000        0.3711425
     440.0000000        0.3745802
     441.0000000        0.3715646
     442.0000000        0.3617845
     443.0000000        0.3505044
     444.0000000        0.3389926
     445.0000000        0.3317857
     446.0000000        0.3276473
     447.0000000        0.3250510
     448.0000000        0.3240740
     449.0000000        0.3198834
     450.0000000        0.3127172
     451.0000000        0.3022836
     452.0000000        0.2963076
     453.0000000        0.2957653
     454.0000000        0.2958185
     455.0000000        0.2867207
     456.0000000        0.2790856
     457.0000000        0.2769900
     458.0000000        0.2774889
     459.0000000        0.2802014
     460.0000000        0.2839526
     461.0000000        0.2917159
     462.0000000        0.2953488
     463.0000000        0.2992775
     464.0000000        0.3031983
     465.0000000        0.3103565
     466.0000000        0.3158120
     467.0000000        0.3191416
     468.0000000        0.3259896
     469.0000000        0.3298023
     470.0000000        0.3321670
     471.0000000        0.3346281
     472.0000000        0.3284626
     473.0000000        0.3213526
     474.0000000        0.3228226
     475.0000000        0.3290685
     476.0000000        0.3327542
     477.0000000        0.3367200
     478.0000000        0.3363321
     479.0000000        0.3342944
     480.0000000        0.3289941
     481.0000000        0.3266030
     482.0000000        0.3262367
     483.0000000        0.3244104
     484.0000000        0.3176656
     485.0000000        0.3103815
     486.0000000        0.3004578
     487.0000000        0.2908658
     488.0000000        0.2786638
     489.0000000        0.2648419
     490.0000000        0.2534024
     491.0000000        0.2424687
     492.0000000        0.2299779
     493.0000000        0.2162077
     494.0000000        0.2055685
     495.0000000        0.1958771
     496.0000000        0.1848923
     497.0000000        0.1763411
     498.0000000        0.1706003
     499.0000000        0.1637318
     500.0000000        0.1590285
     501.0000000        0.1575089
     502.0000000        0.1580631
     503.0000000        0.1578862
     504.0000000        0.1549904
     505.0000000        0.1501923
     506.0000000        0.1444476
     507.0000000        0.1399272
     508.0000000        0.1354053
     509.0000000        0.1313580
     510.0000000        0.1276491
     511.0000000        0.1251152
     512.0000000        0.1259675
     513.0000000        0.1262478
     514.0000000        0.1249450
     515.0000000        0.1259124
     516.0000000        0.1277720
     517.0000000        0.1311433
     518.0000000        0.1344361
     519.0000000        0.1366407
     520.0000000        0.1379744
     521.0000000        0.1423488
     522.0000000        0.1486634
     523.0000000        0.1557659
     524.0000000        0.1631863
     525.0000000        0.1703099
     526.0000000        0.1758220
     527.0000000        0.1816097
     528.0000000        0.1910552
     529.0000000        0.2020024
     530.0000000        0.2126217
     531.0000000        0.2215802
     532.0000000        0.2320467
     533.0000000        0.2412358
     534.0000000        0.2492250
     535.0000000        0.2572665
     536.0000000        0.2627015
     537.0000000        0.2670296
     538.0000000        0.2710403
     539.0000000        0.2768927
     540.0000000        0.2817825
     541.0000000        0.2853097
     542.0000000        0.2861447
     543.0000000        0.2909993
     544.0000000        0.2974449
     545.0000000        0.3013510
     546.0000000        0.3017743
     547.0000000        0.2981645
     548.0000000        0.2985120
     549.0000000        0.2980495
     550.0000000        0.2945023
     551.0000000        0.2890107
     552.0000000        0.2857512
     553.0000000        0.2818277
     554.0000000        0.2765667
     555.0000000        0.2758794
     556.0000000        0.2754551
     557.0000000        0.2740615
     558.0000000        0.2720804
     559.0000000        0.2690613
     560.0000000        0.2652736
     561.0000000        0.2615118
     562.0000000        0.2565604
     563.0000000        0.2540284
     564.0000000        0.2527043
     565.0000000        0.2537075
     566.0000000        0.2537306
     567.0000000        0.2508330
     568.0000000        0.2465905
     569.0000000        0.2427243
     570.0000000        0.2364730
     571.0000000        0.2333330
     572.0000000        0.2308400
     573.0000000        0.2276931
     574.0000000        0.2295994
     575.0000000        0.2289677
     576.0000000        0.2295786
     577.0000000        0.2342955
     578.0000000        0.2389298
     579.0000000        0.2465507
     580.0000000        0.2582838
     581.0000000        0.2680917
     582.0000000        0.2784498
     583.0000000        0.2912790
     584.0000000        0.3007388
     585.0000000        0.3070089
     586.0000000        0.3069852
     587.0000000        0.3060266
     588.0000000        0.3039651
     589.0000000        0.2988794
     590.0000000        0.2985546
     591.0000000        0.2976931
     592.0000000        0.2944106
     593.0000000        0.2951867
     594.0000000        0.2968201
     595.0000000        0.3009990
     596.0000000        0.3074933
     597.0000000        0.3124225
     598.0000000        0.3146058
     599.0000000        0.3130911
     600.0000000        0.3055697
