       1.0000000       13.0379660
       2.0000000       12.4117200
       3.0000000       12.0603880
       4.0000000       11.6931950
       5.0000000       11.4417230
       6.0000000       11.1815400
       7.0000000       10.8079620
       8.0000000       10.5638200
       9.0000000       10.2824660
      10.0000000        9.9929898
      11.0000000        9.7600622
      12.0000000        9.5439273
      13.0000000        9.2750817
      14.0000000        9.0702787
      15.0000000        8.8352492
      16.0000000        8.6691934
      17.0000000        8.4670652
      18.0000000        8.2774550
      19.0000000        8.0921935
      20.0000000        7.9728478
      21.0000000        7.9157200
      22.0000000        7.8955270
      23.0000000        7.8347388
      24.0000000        7.7384118
      25.0000000        7.6524969
      26.0000000        7.5440345
      27.0000000        7.5046055
      28.0000000        7.4594192
      29.0000000        7.4101183
      30.0000000        7.4079237
      31.0000000        7.3582350
      32.0000000        7.2812653
      33.0000000        7.2143899
      34.0000000        7.1418717
      35.0000000        7.0502029
      36.0000000        6.9546072
      37.0000000        6.8666634
      38.0000000        6.7601542
      39.0000000        6.6418937
      40.0000000        6.5702914
      41.0000000        6.5929161
      42.0000000        6.6137445
      43.0000000        6.6675425
      44.0000000        6.7396296
      45.0000000        6.8099290
      46.0000000        6.8791127
      47.0000000        6.9488883
      48.0000000        7.0718223
      49.0000000        7.2264688
      50.0000000        7.3376015
      51.0000000        7.4139401
      52.0000000        7.5142114
      53.0000000        7.6551727
      54.0000000        7.7310907
      55.0000000        7.7919796
      56.0000000        7.8352654
      57.0000000        7.8647015
      58.0000000        7.8419705
      59.0000000        7.8364111
      60.0000000        7.8691750
      61.0000000        7.8370821
      62.0000000        7.8170625
      63.0000000        7.8372466
      64.0000000        7.7945932
      65.0000000        7.6725639
      66.0000000        7.6311577
      67.0000000        7.6191836
      68.0000000        7.5891137
      69.0000000        7.6211696
      70.0000000        7.6589947
      71.0000000        7.6910222
      72.0000000        7.7495279
      73.0000000        7.7997462
      74.0000000        7.8136979
      75.0000000        7.7530921
      76.0000000        7.6569128
      77.0000000        7.6629353
      78.0000000        7.6818437
      79.0000000        7.6886355
      80.0000000        7.6769622
      81.0000000        7.6617793
      82.0000000        7.6946551
      83.0000000        7.7103054
      84.0000000        7.7329434
      85.0000000        7.6734088
      86.0000000        7.5378253
      87.0000000        7.4419039
      88.0000000        7.4043079
      89.0000000        7.3958885
      90.0000000        7.4011011
      91.0000000        7.3716397
      92.0000000        7.3465377
      93.0000000        7.3050202
      94.0000000        7.2212960
      95.0000000        7.1554143
      96.0000000        7.1255928
      97.0000000        7.0738163
      98.0000000        7.0915908
      99.0000000        7.0688459
     100.0000000        7.0350918
     101.0000000        6.9688733
     102.0000000        6.8772454
     103.0000000        6.8206290
     104.0000000        6.7706583
     105.0000000        6.7152660
     106.0000000        6.6714010
     107.0000000        6.6397039
     108.0000000        6.6320582
     109.0000000        6.6246293
     110.0000000        6.6122584
     111.0000000        6.6257354
     112.0000000        6.6557257
     113.0000000        6.7067460
     114.0000000        6.7283070
     115.0000000        6.7762614
     116.0000000        6.8912671
     117.0000000        7.0368599
     118.0000000        7.1998111
     119.0000000        7.2996538
     120.0000000        7.3089944
     121.0000000        7.3433640
     122.0000000        7.4192356
     123.0000000        7.5105435
     124.0000000        7.5888183
     125.0000000        7.5983572
     126.0000000        7.5767421
     127.0000000        7.5263576
     128.0000000        7.5072894
     129.0000000        7.5317684
     130.0000000        7.5119142
     131.0000000        7.4896172
     132.0000000        7.4325167
     133.0000000        7.3567122
     134.0000000        7.2709952
     135.0000000        7.2071721
     136.0000000        7.1967789
     137.0000000        7.1519389
     138.0000000        7.0745461
     139.0000000        6.9523216
     140.0000000        6.7997475
     141.0000000        6.6583518
     142.0000000        6.5049895
     143.0000000        6.3673682
     144.0000000        6.2449767
     145.0000000        6.1258779
     146.0000000        6.0441608
     147.0000000        5.9693994
     148.0000000        5.9347629
     149.0000000        5.8957968
     150.0000000        5.8646488
     151.0000000        5.8087335
     152.0000000        5.7449845
     153.0000000        5.6636668
     154.0000000        5.5735056
     155.0000000        5.5141088
     156.0000000        5.4832722
     157.0000000        5.4713040
     158.0000000        5.4962614
     159.0000000        5.6011304
     160.0000000        5.7459962
     161.0000000        5.8863994
     162.0000000        6.0280633
     163.0000000        6.1930589
     164.0000000        6.3906076
     165.0000000        6.5458196
     166.0000000        6.6793869
     167.0000000        6.8793303
     168.0000000        7.0096780
     169.0000000        7.1392876
     170.0000000        7.2752016
     171.0000000        7.4388032
     172.0000000        7.5751071
     173.0000000        7.6572329
     174.0000000        7.6425456
     175.0000000        7.6497172
     176.0000000        7.7505926
     177.0000000        7.9044642
     178.0000000        7.9857687
     179.0000000        8.0249928
     180.0000000        8.0294271
     181.0000000        7.9920404
     182.0000000        7.9902913
     183.0000000        7.9277690
     184.0000000        7.7823144
     185.0000000        7.6878128
     186.0000000        7.6172572
     187.0000000        7.5285757
     188.0000000        7.4649646
     189.0000000        7.4285195
     190.0000000        7.3931779
     191.0000000        7.3356917
     192.0000000        7.2908235
     193.0000000        7.1915707
     194.0000000        7.0412909
     195.0000000        6.9204086
     196.0000000        6.7967930
     197.0000000        6.6671391
     198.0000000        6.5225168
     199.0000000        6.3261661
     200.0000000        6.1585681
     201.0000000        6.0006669
     202.0000000        5.8816433
     203.0000000        5.7649335
     204.0000000        5.6501552
     205.0000000        5.5264864
     206.0000000        5.4294327
     207.0000000        5.3526619
     208.0000000        5.3107050
     209.0000000        5.2955932
     210.0000000        5.2968179
     211.0000000        5.3501326
     212.0000000        5.4460479
     213.0000000        5.5189880
     214.0000000        5.5765195
     215.0000000        5.6113712
     216.0000000        5.6023269
     217.0000000        5.5946436
     218.0000000        5.5870816
     219.0000000        5.5666937
     220.0000000        5.5148272
     221.0000000        5.4978048
     222.0000000        5.4778343
     223.0000000        5.4347798
     224.0000000        5.3748487
     225.0000000        5.3482243
     226.0000000        5.3257621
     227.0000000        5.3232410
     228.0000000        5.3469497
     229.0000000        5.3519197
     230.0000000        5.3326387
     231.0000000        5.2959623
     232.0000000        5.2345637
     233.0000000        5.1818764
     234.0000000        5.1666301
     235.0000000        5.1639390
     236.0000000        5.1391450
     237.0000000        5.0648374
     238.0000000        4.9696134
     239.0000000        4.8934656
     240.0000000        4.8538119
     241.0000000        4.8368678
     242.0000000        4.8297670
     243.0000000        4.8308664
     244.0000000        4.8414283
     245.0000000        4.8103960
     246.0000000        4.7426384
     247.0000000        4.6643192
     248.0000000        4.6047654
     249.0000000        4.5529713
     250.0000000        4.5297497
     251.0000000        4.4856224
     252.0000000        4.4512407
     253.0000000        4.4361428
     254.0000000        4.3843296
     255.0000000        4.3030626
     256.0000000        4.2398618
     257.0000000        4.2022257
     258.0000000        4.1942935
     259.0000000        4.1838256
     260.0000000        4.1833135
     261.0000000        4.1642131
     262.0000000        4.1456420
     263.0000000        4.1582692
     264.0000000        4.2156210
     265.0000000        4.2582343
     266.0000000        4.2724003
     267.0000000        4.2737841
     268.0000000        4.2855316
     269.0000000        4.3325386
     270.0000000        4.3891856
     271.0000000        4.4151356
     272.0000000        4.4434922
     273.0000000        4.4627122
     274.0000000        4.4894567
     275.0000000        4.5196927
     276.0000000        4.5933684
     277.0000000        4.6933026
     278.0000000        4.7885738
     279.0000000        4.8897966
     280.0000000        4.9579148
     281.0000000        5.0229038
     282.0000000        5.1362449
     283.0000000        5.2528523
     284.0000000        5.3742198
     285.0000000        5.5129341
     286.0000000        5.6239267
     287.0000000        5.7111777
     288.0000000        5.7954677
     289.0000000        5.8219076
     290.0000000        5.7985112
     291.0000000        5.7925360
     292.0000000        5.8182604
     293.0000000        5.8476100
     294.0000000        5.9101214
     295.0000000        5.9795413
     296.0000000        6.0384305
     297.0000000        6.0650579
     298.0000000        6.1350323
     299.0000000        6.2093935
     300.0000000        6.2503914
     301.0000000        6.2969786
     302.0000000        6.3980351
     303.0000000        6.4901861
     304.0000000        6.5599292
     305.0000000        6.6444043
     306.0000000        6.7258803
     307.0000000        6.8003013
     308.0000000        6.8668517
     309.0000000        6.9216805
     310.0000000        6.9886518
     311.0000000        7.0848606
     312.0000000        7.1741333
     313.0000000        7.1827059
     314.0000000        7.1632796
     315.0000000        7.1037034
     316.0000000        7.0952644
     317.0000000        7.0929493
     318.0000000        7.0381617
     319.0000000        6.9818232
     320.0000000        6.9295985
     321.0000000        6.8613513
     322.0000000        6.8314717
     323.0000000        6.7778733
     324.0000000        6.7077316
     325.0000000        6.6143176
     326.0000000        6.5388630
     327.0000000        6.4966283
     328.0000000        6.4407620
     329.0000000        6.3425471
     330.0000000        6.2527020
     331.0000000        6.1688958
     332.0000000        6.0800091
     333.0000000        6.0007305
     334.0000000        5.9203935
     335.0000000        5.8286430
     336.0000000        5.7666966
     337.0000000        5.7149146
     338.0000000        5.6540805
     339.0000000        5.6037181
     340.0000000        5.5371784
     341.0000000        5.4938603
     342.0000000        5.4916171
     343.0000000        5.4721386
     344.0000000        5.4325034
     345.0000000        5.3604099
     346.0000000        5.2922002
     347.0000000        5.2463373
     348.0000000        5.2564040
     349.0000000        5.2891695
     350.0000000        5.3199474
     351.0000000        5.3882237
     352.0000000        5.5158587
     353.0000000        5.6917892
     354.0000000        5.8481454
     355.0000000        6.0331845
     356.0000000        6.2706654
     357.0000000        6.4768608
     358.0000000        6.6804890
     359.0000000        6.8334649
     360.0000000        6.9532831
     361.0000000        7.1148694
     362.0000000        7.3046111
     363.0000000        7.3945268
     364.0000000        7.5079193
     365.0000000        7.5646760
     366.0000000        7.6420855
     367.0000000        7.7305273
     368.0000000        7.8575586
     369.0000000        7.9115327
     370.0000000        7.8944248
     371.0000000        7.9145844
     372.0000000        7.9615746
     373.0000000        8.0532182
     374.0000000        8.1087566
     375.0000000        8.1719947
     376.0000000        8.2296166
     377.0000000        8.2280882
     378.0000000        8.2968333
     379.0000000        8.3177040
     380.0000000        8.3372075
     381.0000000        8.3209717
     382.0000000        8.2821498
     383.0000000        8.2409469
     384.0000000        8.1049004
     385.0000000        7.9731708
     386.0000000        7.8085580
     387.0000000        7.6434458
     388.0000000        7.4568596
     389.0000000        7.3094717
     390.0000000        7.1400341
     391.0000000        6.9795767
     392.0000000        6.8114531
     393.0000000        6.7426087
     394.0000000        6.7477034
     395.0000000        6.7383043
     396.0000000        6.7868390
     397.0000000        6.8249159
     398.0000000        6.8528106
     399.0000000        6.8874296
     400.0000000        6.9408733
     401.0000000        7.0311833
     402.0000000        7.1467706
     403.0000000        7.2571980
     404.0000000        7.4068705
     405.0000000        7.5675227
     406.0000000        7.7067131
     407.0000000        7.8692012
     408.0000000        7.9416302
     409.0000000        8.0052072
     410.0000000        8.1070762
     411.0000000        8.1729898
     412.0000000        8.1482886
     413.0000000        8.1326220
     414.0000000        8.0859795
     415.0000000        8.0326644
     416.0000000        7.9733190
     417.0000000        7.9964535
     418.0000000        8.1164268
     419.0000000        8.2990520
     420.0000000        8.4931952
     421.0000000        8.7334612
     422.0000000        8.8226933
     423.0000000        8.9449369
     424.0000000        9.0156281
     425.0000000        9.0672137
     426.0000000        9.1193402
     427.0000000        9.1087406
     428.0000000        8.9512234
     429.0000000        8.7404929
     430.0000000        8.4743943
     431.0000000        8.1863219
     432.0000000        7.9350166
     433.0000000        7.7878288
     434.0000000        7.6515816
     435.0000000        7.6721705
     436.0000000        7.7350350
     437.0000000        7.7823210
     438.0000000        7.8013202
     439.0000000        7.8600833
     440.0000000        7.8891722
     441.0000000        7.8579629
     442.0000000        7.7545529
     443.0000000        7.6330720
     444.0000000        7.5136083
     445.0000000        7.4321144
     446.0000000        7.3780603
     447.0000000        7.3409439
     448.0000000        7.3355682
     449.0000000        7.3032735
     450.0000000        7.2187871
     451.0000000        7.1019865
     452.0000000        7.0417299
     453.0000000        7.0402173
     454.0000000        7.0538955
     455.0000000        6.9578159
     456.0000000        6.8796221
     457.0000000        6.8566659
     458.0000000        6.8582272
     459.0000000        6.8890682
     460.0000000        6.9387243
     461.0000000        7.0199564
     462.0000000        7.0557649
     463.0000000        7.0931557
     464.0000000        7.1346313
     465.0000000        7.2012006
     466.0000000        7.2448558
     467.0000000        7.2801155
     468.0000000        7.3599418
     469.0000000        7.4259758
     470.0000000        7.4654166
     471.0000000        7.4796922
     472.0000000        7.4225539
     473.0000000        7.3598238
     474.0000000        7.3797508
     475.0000000        7.4505014
     476.0000000        7.4788905
     477.0000000        7.5115407
     478.0000000        7.5141898
     479.0000000        7.4830087
     480.0000000        7.4220249
     481.0000000        7.3786831
     482.0000000        7.3550441
     483.0000000        7.3176927
     484.0000000        7.2350673
     485.0000000        7.1596900
     486.0000000        7.0494123
     487.0000000        6.9325815
     488.0000000        6.7855445
     489.0000000        6.6156314
     490.0000000        6.4664764
     491.0000000        6.3285745
     492.0000000        6.1728897
     493.0000000        5.9954220
     494.0000000        5.8501653
     495.0000000        5.7129010
     496.0000000        5.5683313
     497.0000000        5.4495966
     498.0000000        5.3687615
     499.0000000        5.2659215
     500.0000000        5.1863353
     501.0000000        5.1539912
     502.0000000        5.1564415
     503.0000000        5.1506791
     504.0000000        5.1055473
     505.0000000        5.0324230
     506.0000000        4.9455035
     507.0000000        4.8676485
     508.0000000        4.7834897
     509.0000000        4.7142765
     510.0000000        4.6556591
     511.0000000        4.6108489
     512.0000000        4.6260502
     513.0000000        4.6324926
     514.0000000        4.6165047
     515.0000000        4.6397959
     516.0000000        4.6767729
     517.0000000        4.7374633
     518.0000000        4.7986073
     519.0000000        4.8414005
     520.0000000        4.8643001
     521.0000000        4.9314490
     522.0000000        5.0328129
     523.0000000        5.1405616
     524.0000000        5.2507409
     525.0000000        5.3656794
     526.0000000        5.4587738
     527.0000000        5.5592389
     528.0000000        5.6932265
     529.0000000        5.8449392
     530.0000000        6.0003123
     531.0000000        6.1292203
     532.0000000        6.2605940
     533.0000000        6.3688774
     534.0000000        6.4654626
     535.0000000        6.5713150
     536.0000000        6.6485131
     537.0000000        6.7011686
     538.0000000        6.7358046
     539.0000000        6.7837986
     540.0000000        6.8327354
     541.0000000        6.8686425
     542.0000000        6.8770359
     543.0000000        6.9280200
     544.0000000        7.0000169
     545.0000000        7.0485386
     546.0000000        7.0676026
     547.0000000        7.0425087
     548.0000000        7.0444012
     549.0000000        7.0307971
     550.0000000        6.9888728
     551.0000000        6.9299574
     552.0000000        6.9009568
     553.0000000        6.8608911
     554.0000000        6.8002470
     555.0000000        6.7948643
     556.0000000        6.7882204
     557.0000000        6.7660848
     558.0000000        6.7325859
     559.0000000        6.6750999
     560.0000000        6.6240056
     561.0000000        6.5775543
     562.0000000        6.5139268
     563.0000000        6.4854701
     564.0000000        6.4833325
     565.0000000        6.5008848
     566.0000000        6.5117269
     567.0000000        6.4776268
     568.0000000        6.4245730
     569.0000000        6.3739670
     570.0000000        6.3091353
     571.0000000        6.2697966
     572.0000000        6.2482683
     573.0000000        6.2244168
     574.0000000        6.2618231
     575.0000000        6.2644448
     576.0000000        6.2722944
     577.0000000        6.3269030
     578.0000000        6.4004676
     579.0000000        6.4982797
     580.0000000        6.6339863
     581.0000000        6.7390283
     582.0000000        6.8510414
     583.0000000        6.9870242
     584.0000000        7.0722579
     585.0000000        7.1276408
     586.0000000        7.1249538
     587.0000000        7.1244234
     588.0000000        7.1032263
     589.0000000        7.0486222
     590.0000000        7.0444759
     591.0000000        7.0459185
     592.0000000        7.0174994
     593.0000000        7.0234389
     594.0000000        7.0430710
     595.0000000        7.0904116
     596.0000000        7.1489139
     597.0000000        7.1962524
     598.0000000        7.2083431
     599.0000000        7.1979606
     600.0000000        7.1167378
