       1.0000000        2.1911595
       2.0000000        2.1861947
       3.0000000        2.1800070
       4.0000000        2.1730022
       5.0000000        2.1652396
       6.0000000        2.1555288
       7.0000000        2.1428421
       8.0000000        2.1264732
       9.0000000        2.1070902
      10.0000000        2.0834455
      11.0000000        2.0546017
      12.0000000        2.0249672
      13.0000000        1.9975585
      14.0000000        1.9711255
      15.0000000        1.9481703
      16.0000000        1.9296154
      17.0000000        1.9133856
      18.0000000        1.8992964
      19.0000000        1.8877027
      20.0000000        1.8775891
      21.0000000        1.8695942
      22.0000000        1.8633369
      23.0000000        1.8594341
      24.0000000        1.8593055
      25.0000000        1.8610640
      26.0000000        1.8646103
      27.0000000        1.8707305
      28.0000000        1.8781953
      29.0000000        1.8869563
      30.0000000        1.8986919
      31.0000000        1.9117100
      32.0000000        1.9266794
      33.0000000        1.9435170
      34.0000000        1.9619707
      35.0000000        1.9824246
      36.0000000        2.0038412
      37.0000000        2.0264528
      38.0000000        2.0503554
      39.0000000        2.0768592
      40.0000000        2.1070502
      41.0000000        2.1405637
      42.0000000        2.1768277
      43.0000000        2.2169726
      44.0000000        2.2603161
      45.0000000        2.3061504
      46.0000000        2.3538368
      47.0000000        2.4026678
      48.0000000        2.4512742
      49.0000000        2.4983265
      50.0000000        2.5452795
      51.0000000        2.5921032
      52.0000000        2.6404061
      53.0000000        2.6919360
      54.0000000        2.7449205
      55.0000000        2.8026366
      56.0000000        2.8596287
      57.0000000        2.9201245
      58.0000000        2.9917526
      59.0000000        3.0767117
      60.0000000        3.1646891
      61.0000000        3.2594576
      62.0000000        3.3536282
      63.0000000        3.4610639
      64.0000000        3.5847621
      65.0000000        3.7270510
      66.0000000        3.8435514
      67.0000000        3.9876869
      68.0000000        4.1279263
      69.0000000        4.2916698
      70.0000000        4.4805365
      71.0000000        4.6788931
      72.0000000        4.8664956
      73.0000000        5.0690885
      74.0000000        5.2560496
      75.0000000        5.4298487
      76.0000000        5.5329642
      77.0000000        5.6098495
      78.0000000        5.6482973
      79.0000000        5.6484833
      80.0000000        5.6444368
      81.0000000        5.6533613
      82.0000000        5.6230106
      83.0000000        5.6101041
      84.0000000        5.5836596
      85.0000000        5.5866742
      86.0000000        5.5712099
      87.0000000        5.5448446
      88.0000000        5.5488200
      89.0000000        5.5475450
      90.0000000        5.5968084
      91.0000000        5.6271014
      92.0000000        5.6491256
      93.0000000        5.6627107
      94.0000000        5.6811190
      95.0000000        5.6668372
      96.0000000        5.6744223
      97.0000000        5.7222328
      98.0000000        5.7524223
      99.0000000        5.7576947
     100.0000000        5.7593951
     101.0000000        5.7430387
     102.0000000        5.7496457
     103.0000000        5.7583432
     104.0000000        5.7446489
     105.0000000        5.7250710
     106.0000000        5.6949782
     107.0000000        5.7121830
     108.0000000        5.7012925
     109.0000000        5.6817398
     110.0000000        5.6472330
     111.0000000        5.6326556
     112.0000000        5.6155143
     113.0000000        5.6207743
     114.0000000        5.5914292
     115.0000000        5.5721598
     116.0000000        5.5574746
     117.0000000        5.4823890
     118.0000000        5.4809351
     119.0000000        5.5001712
     120.0000000        5.4918532
     121.0000000        5.5125308
     122.0000000        5.5353618
     123.0000000        5.5274439
     124.0000000        5.5310559
     125.0000000        5.5741539
     126.0000000        5.6264200
     127.0000000        5.6386862
     128.0000000        5.6926684
     129.0000000        5.7297683
     130.0000000        5.7629919
     131.0000000        5.8003740
     132.0000000        5.8539762
     133.0000000        5.8552041
     134.0000000        5.8806911
     135.0000000        5.8589363
     136.0000000        5.8605137
     137.0000000        5.8401408
     138.0000000        5.8353667
     139.0000000        5.7981944
     140.0000000        5.7640920
     141.0000000        5.7224150
     142.0000000        5.6837478
     143.0000000        5.6807942
     144.0000000        5.6651835
     145.0000000        5.6908054
     146.0000000        5.7210331
     147.0000000        5.7271552
     148.0000000        5.7462730
     149.0000000        5.7490745
     150.0000000        5.7720351
     151.0000000        5.7887073
     152.0000000        5.7904153
     153.0000000        5.8479481
     154.0000000        5.8534975
     155.0000000        5.8947868
     156.0000000        5.9302239
     157.0000000        5.9455042
     158.0000000        5.9392982
     159.0000000        5.9643025
     160.0000000        5.9809413
     161.0000000        5.9874153
     162.0000000        6.0133085
     163.0000000        6.0156736
     164.0000000        6.0203929
     165.0000000        5.9994845
     166.0000000        5.9473991
     167.0000000        5.9360189
     168.0000000        5.9215574
     169.0000000        5.8698626
     170.0000000        5.8630939
     171.0000000        5.8714843
     172.0000000        5.8868752
     173.0000000        5.8932185
     174.0000000        5.8511910
     175.0000000        5.7914877
     176.0000000        5.7237215
     177.0000000        5.6831965
     178.0000000        5.5970850
     179.0000000        5.5170860
     180.0000000        5.4436693
     181.0000000        5.3766642
     182.0000000        5.3587065
     183.0000000        5.3477592
     184.0000000        5.3285098
     185.0000000        5.3313766
     186.0000000        5.3717480
     187.0000000        5.4087114
     188.0000000        5.3888645
     189.0000000        5.3952246
     190.0000000        5.3608313
     191.0000000        5.3045378
     192.0000000        5.2537417
     193.0000000        5.2182584
     194.0000000        5.1505647
     195.0000000        5.1057601
     196.0000000        5.1081376
     197.0000000        5.1159449
     198.0000000        5.1799278
     199.0000000        5.2325826
     200.0000000        5.2556124
     201.0000000        5.2533441
     202.0000000        5.2850156
     203.0000000        5.3117113
     204.0000000        5.3238378
     205.0000000        5.3335533
     206.0000000        5.3086305
     207.0000000        5.3124661
     208.0000000        5.2708883
     209.0000000        5.2818809
     210.0000000        5.2749262
     211.0000000        5.2794008
     212.0000000        5.2637601
     213.0000000        5.3047652
     214.0000000        5.3009505
     215.0000000        5.3268638
     216.0000000        5.3238635
     217.0000000        5.3547516
     218.0000000        5.3699784
     219.0000000        5.3942089
     220.0000000        5.3885798
     221.0000000        5.3566809
     222.0000000        5.3135090
     223.0000000        5.2681508
     224.0000000        5.2465134
     225.0000000        5.2510457
     226.0000000        5.2506461
     227.0000000        5.3069339
     228.0000000        5.3586473
     229.0000000        5.3812814
     230.0000000        5.3775964
     231.0000000        5.3595123
     232.0000000        5.3177261
     233.0000000        5.2394233
     234.0000000        5.1996312
     235.0000000        5.1547875
     236.0000000        5.1421833
     237.0000000        5.1299028
     238.0000000        5.1398988
     239.0000000        5.1243582
     240.0000000        5.0982599
     241.0000000        5.0391350
     242.0000000        5.0060549
     243.0000000        4.9549088
     244.0000000        4.9274154
     245.0000000        4.9117932
     246.0000000        4.8941026
     247.0000000        4.8665237
     248.0000000        4.8878856
     249.0000000        4.9705830
     250.0000000        5.0405836
     251.0000000        5.1318259
     252.0000000        5.2054000
     253.0000000        5.2648001
     254.0000000        5.3267446
     255.0000000        5.3887167
     256.0000000        5.4032836
     257.0000000        5.4486685
     258.0000000        5.4914908
     259.0000000        5.5506754
     260.0000000        5.5852642
     261.0000000        5.5956740
     262.0000000        5.5623980
     263.0000000        5.5046511
     264.0000000        5.5012693
     265.0000000        5.5376797
     266.0000000        5.5512667
     267.0000000        5.5950789
     268.0000000        5.6611838
     269.0000000        5.7167377
     270.0000000        5.7614160
     271.0000000        5.7702332
     272.0000000        5.7585387
     273.0000000        5.7227187
     274.0000000        5.6809959
     275.0000000        5.6547279
     276.0000000        5.7126818
     277.0000000        5.7607555
     278.0000000        5.7886772
     279.0000000        5.8373375
     280.0000000        5.8869114
     281.0000000        5.9487691
     282.0000000        5.9773073
     283.0000000        6.0486937
     284.0000000        6.0919204
     285.0000000        6.0807633
     286.0000000        6.1055837
     287.0000000        6.1348705
     288.0000000        6.1731992
     289.0000000        6.1929126
     290.0000000        6.2049236
     291.0000000        6.1931181
     292.0000000        6.2450414
     293.0000000        6.2604961
     294.0000000        6.2653861
     295.0000000        6.2849803
     296.0000000        6.2636113
     297.0000000        6.2867694
     298.0000000        6.2624173
     299.0000000        6.2530651
     300.0000000        6.2401762
     301.0000000        6.2214646
     302.0000000        6.2494740
     303.0000000        6.2503476
     304.0000000        6.2335286
     305.0000000        6.2197118
     306.0000000        6.2220626
     307.0000000        6.1816630
     308.0000000        6.1800933
     309.0000000        6.1609559
     310.0000000        6.1445022
     311.0000000        6.1467934
     312.0000000        6.1529946
     313.0000000        6.1376901
     314.0000000        6.1530318
     315.0000000        6.1696272
     316.0000000        6.1924968
     317.0000000        6.1825700
     318.0000000        6.1669431
     319.0000000        6.1147180
     320.0000000        6.0610952
     321.0000000        6.0026126
     322.0000000        5.9252644
     323.0000000        5.8333011
     324.0000000        5.7723684
     325.0000000        5.7241507
     326.0000000        5.6860538
     327.0000000        5.6856070
     328.0000000        5.7219248
     329.0000000        5.7616792
     330.0000000        5.8145852
     331.0000000        5.8551302
     332.0000000        5.8777103
     333.0000000        5.9075289
     334.0000000        5.9142990
     335.0000000        5.8861666
     336.0000000        5.8591323
     337.0000000        5.8675385
     338.0000000        5.8470693
     339.0000000        5.8220277
     340.0000000        5.8193974
     341.0000000        5.8148308
     342.0000000        5.8230028
     343.0000000        5.8024335
     344.0000000        5.7828093
     345.0000000        5.7849870
     346.0000000        5.7529626
     347.0000000        5.7184086
     348.0000000        5.6824861
     349.0000000        5.6583734
     350.0000000        5.6824045
     351.0000000        5.6636920
     352.0000000        5.6235571
     353.0000000        5.5911856
     354.0000000        5.5537481
     355.0000000        5.5045724
     356.0000000        5.4485030
     357.0000000        5.4017391
     358.0000000        5.3586440
     359.0000000        5.2858896
     360.0000000        5.2371359
     361.0000000        5.1853619
     362.0000000        5.1570864
     363.0000000        5.1020327
     364.0000000        5.1045737
     365.0000000        5.1589532
     366.0000000        5.1956587
     367.0000000        5.2245374
     368.0000000        5.2558403
     369.0000000        5.2503424
     370.0000000        5.2423649
     371.0000000        5.2386651
     372.0000000        5.2185483
     373.0000000        5.2032375
     374.0000000        5.1987796
     375.0000000        5.2008424
     376.0000000        5.2417903
     377.0000000        5.2758355
     378.0000000        5.2782545
     379.0000000        5.2788053
     380.0000000        5.2667193
     381.0000000        5.2213016
     382.0000000        5.2262535
     383.0000000        5.2073607
     384.0000000        5.1990438
     385.0000000        5.2037587
     386.0000000        5.2692685
     387.0000000        5.3236618
     388.0000000        5.3578625
     389.0000000        5.4043450
     390.0000000        5.4516726
     391.0000000        5.4975042
     392.0000000        5.4917741
     393.0000000        5.4842620
     394.0000000        5.4458580
     395.0000000        5.3831539
     396.0000000        5.3096313
     397.0000000        5.2244959
     398.0000000        5.1258764
     399.0000000        5.0834327
     400.0000000        5.0495491
     401.0000000        5.0103254
     402.0000000        5.0098534
     403.0000000        5.0151367
     404.0000000        4.9888163
     405.0000000        4.9766078
     406.0000000        4.9935479
     407.0000000        5.0651927
     408.0000000        5.1500483
     409.0000000        5.2232151
     410.0000000        5.2803082
     411.0000000        5.3230128
     412.0000000        5.3468585
     413.0000000        5.3842459
     414.0000000        5.4237037
     415.0000000        5.4557090
     416.0000000        5.5058999
     417.0000000        5.5234289
     418.0000000        5.5113730
     419.0000000        5.5214047
     420.0000000        5.5621057
     421.0000000        5.5516744
     422.0000000        5.5780735
     423.0000000        5.4952459
     424.0000000        5.4597492
     425.0000000        5.4551635
     426.0000000        5.4610214
     427.0000000        5.4808617
     428.0000000        5.5268817
     429.0000000        5.5564809
     430.0000000        5.5537157
     431.0000000        5.5206490
     432.0000000        5.5008512
     433.0000000        5.4973130
     434.0000000        5.4896264
     435.0000000        5.4798179
     436.0000000        5.4658961
     437.0000000        5.4482832
     438.0000000        5.3942132
     439.0000000        5.3583012
     440.0000000        5.3271899
     441.0000000        5.3081236
     442.0000000        5.2389140
     443.0000000        5.1846170
     444.0000000        5.1991463
     445.0000000        5.2118540
     446.0000000        5.1507020
     447.0000000        5.1168146
     448.0000000        5.0895829
     449.0000000        5.0829415
     450.0000000        5.0373116
     451.0000000        5.0129066
     452.0000000        5.0179181
     453.0000000        5.0194964
     454.0000000        5.0115991
     455.0000000        5.0164952
     456.0000000        5.0580864
     457.0000000        5.0755916
     458.0000000        5.1175151
     459.0000000        5.1039715
     460.0000000        5.1256142
     461.0000000        5.1583362
     462.0000000        5.2230000
     463.0000000        5.2964168
     464.0000000        5.3617907
     465.0000000        5.4368253
     466.0000000        5.4460759
     467.0000000        5.4419584
     468.0000000        5.4707966
     469.0000000        5.4676795
     470.0000000        5.4077783
     471.0000000        5.3558588
     472.0000000        5.2963948
     473.0000000        5.2490048
     474.0000000        5.1894379
     475.0000000        5.1846542
     476.0000000        5.2350216
     477.0000000        5.2440138
     478.0000000        5.2637124
     479.0000000        5.2842989
     480.0000000        5.2965684
     481.0000000        5.2792621
     482.0000000        5.3084908
     483.0000000        5.3133812
     484.0000000        5.3312483
     485.0000000        5.3231435
     486.0000000        5.3467655
     487.0000000        5.3529139
     488.0000000        5.3323684
     489.0000000        5.3484507
     490.0000000        5.3783069
     491.0000000        5.4109750
     492.0000000        5.4660387
     493.0000000        5.4943056
     494.0000000        5.5736685
     495.0000000        5.6801972
     496.0000000        5.7589102
     497.0000000        5.8471494
     498.0000000        5.9140759
     499.0000000        5.9822569
     500.0000000        6.0108399
     501.0000000        6.0519381
     502.0000000        6.0570564
     503.0000000        6.0573153
     504.0000000        6.0658655
     505.0000000        6.0679789
     506.0000000        6.0999513
     507.0000000        6.1638985
     508.0000000        6.2252426
     509.0000000        6.2483850
     510.0000000        6.2936463
     511.0000000        6.3658075
     512.0000000        6.3962359
     513.0000000        6.4297819
     514.0000000        6.4450493
     515.0000000        6.4289193
     516.0000000        6.4234695
     517.0000000        6.4252586
     518.0000000        6.4087024
     519.0000000        6.3886118
     520.0000000        6.3728232
     521.0000000        6.3683190
     522.0000000        6.3585739
     523.0000000        6.3709955
     524.0000000        6.3661847
     525.0000000        6.3556242
     526.0000000        6.3653812
     527.0000000        6.3177185
     528.0000000        6.3063955
     529.0000000        6.3124790
     530.0000000        6.3008270
     531.0000000        6.2656231
     532.0000000        6.2104006
     533.0000000        6.1461124
     534.0000000        6.0652413
     535.0000000        6.0176992
     536.0000000        5.9827480
     537.0000000        5.9368219
     538.0000000        5.8977132
     539.0000000        5.8543601
     540.0000000        5.8554940
     541.0000000        5.8303237
     542.0000000        5.7901082
     543.0000000        5.7314339
     544.0000000        5.6825271
     545.0000000        5.6487627
     546.0000000        5.5951018
     547.0000000        5.5377922
     548.0000000        5.5149102
     549.0000000        5.5024238
     550.0000000        5.4803238
     551.0000000        5.4315271
     552.0000000        5.4096427
     553.0000000        5.4047298
     554.0000000        5.3867526
     555.0000000        5.3852978
     556.0000000        5.3871832
     557.0000000        5.4084234
     558.0000000        5.4034414
     559.0000000        5.3732924
     560.0000000        5.3578200
     561.0000000        5.3013201
     562.0000000        5.2728977
     563.0000000        5.3014245
     564.0000000        5.3441830
     565.0000000        5.3847251
     566.0000000        5.4452405
     567.0000000        5.5328383
     568.0000000        5.6368508
     569.0000000        5.7051520
     570.0000000        5.7755179
     571.0000000        5.8007922
     572.0000000        5.8365259
     573.0000000        5.8167839
     574.0000000        5.7736111
     575.0000000        5.7529936
     576.0000000        5.7450728
     577.0000000        5.7702413
     578.0000000        5.7952480
     579.0000000        5.7881365
     580.0000000        5.7681751
     581.0000000        5.7657461
     582.0000000        5.7782168
     583.0000000        5.7503309
     584.0000000        5.7522659
     585.0000000        5.7820311
     586.0000000        5.8237925
     587.0000000        5.8583813
     588.0000000        5.8796158
     589.0000000        5.8761983
     590.0000000        5.8677640
     591.0000000        5.8680320
     592.0000000        5.8607388
     593.0000000        5.8909955
     594.0000000        5.8822851
     595.0000000        5.8935380
     596.0000000        5.8946180
     597.0000000        5.8811126
     598.0000000        5.8862224
     599.0000000        5.8890538
     600.0000000        5.8970094
