       1.0000000        2.8848759
       2.0000000        2.8589586
       3.0000000        2.8383776
       4.0000000        2.8119862
       5.0000000        2.7799441
       6.0000000        2.7555049
       7.0000000        2.7267963
       8.0000000        2.6926367
       9.0000000        2.6586885
      10.0000000        2.6287032
      11.0000000        2.5996554
      12.0000000        2.5752904
      13.0000000        2.5538124
      14.0000000        2.5350173
      15.0000000        2.5161696
      16.0000000        2.4933090
      17.0000000        2.4613581
      18.0000000        2.4246902
      19.0000000        2.3913688
      20.0000000        2.3620769
      21.0000000        2.3356225
      22.0000000        2.3088964
      23.0000000        2.2870228
      24.0000000        2.2685833
      25.0000000        2.2589646
      26.0000000        2.2573307
      27.0000000        2.2549111
      28.0000000        2.2509528
      29.0000000        2.2437672
      30.0000000        2.2358582
      31.0000000        2.2289941
      32.0000000        2.2207838
      33.0000000        2.2110430
      34.0000000        2.1987330
      35.0000000        2.1851790
      36.0000000        2.1729981
      37.0000000        2.1601063
      38.0000000        2.1471233
      39.0000000        2.1290355
      40.0000000        2.1121199
      41.0000000        2.0977379
      42.0000000        2.0856051
      43.0000000        2.0722161
      44.0000000        2.0592140
      45.0000000        2.0503185
      46.0000000        2.0455865
      47.0000000        2.0481290
      48.0000000        2.0549489
      49.0000000        2.0642737
      50.0000000        2.0732551
      51.0000000        2.0808728
      52.0000000        2.0874299
      53.0000000        2.0906636
      54.0000000        2.0937284
      55.0000000        2.0992588
      56.0000000        2.1110667
      57.0000000        2.1259446
      58.0000000        2.1454370
      59.0000000        2.1661499
      60.0000000        2.1813282
      61.0000000        2.1945738
      62.0000000        2.2049350
      63.0000000        2.2150638
      64.0000000        2.2282803
      65.0000000        2.2413106
      66.0000000        2.2479647
      67.0000000        2.2516709
      68.0000000        2.2524047
      69.0000000        2.2493970
      70.0000000        2.2444360
      71.0000000        2.2351830
      72.0000000        2.2252382
      73.0000000        2.2205977
      74.0000000        2.2210965
      75.0000000        2.2251539
      76.0000000        2.2326964
      77.0000000        2.2444384
      78.0000000        2.2569882
      79.0000000        2.2732235
      80.0000000        2.2925759
      81.0000000        2.3130313
      82.0000000        2.3402139
      83.0000000        2.3780842
      84.0000000        2.4281649
      85.0000000        2.4847341
      86.0000000        2.5429287
      87.0000000        2.5943843
      88.0000000        2.6337012
      89.0000000        2.6647032
      90.0000000        2.6852389
      91.0000000        2.6971877
      92.0000000        2.7034409
      93.0000000        2.7021839
      94.0000000        2.6995364
      95.0000000        2.6970843
      96.0000000        2.6921328
      97.0000000        2.6748131
      98.0000000        2.6558675
      99.0000000        2.6336505
     100.0000000        2.6057128
     101.0000000        2.5734388
     102.0000000        2.5451215
     103.0000000        2.5186211
     104.0000000        2.4901490
     105.0000000        2.4620200
     106.0000000        2.4369831
     107.0000000        2.4133434
     108.0000000        2.3911071
     109.0000000        2.3695740
     110.0000000        2.3484896
     111.0000000        2.3328443
     112.0000000        2.3177223
     113.0000000        2.2995522
     114.0000000        2.2802525
     115.0000000        2.2646745
     116.0000000        2.2555428
     117.0000000        2.2506874
     118.0000000        2.2482151
     119.0000000        2.2519549
     120.0000000        2.2584694
     121.0000000        2.2677560
     122.0000000        2.2790467
     123.0000000        2.2874804
     124.0000000        2.2979969
     125.0000000        2.3127584
     126.0000000        2.3242997
     127.0000000        2.3347199
     128.0000000        2.3395975
     129.0000000        2.3445266
     130.0000000        2.3501647
     131.0000000        2.3577618
     132.0000000        2.3619976
     133.0000000        2.3626418
     134.0000000        2.3653332
     135.0000000        2.3721021
     136.0000000        2.3804598
     137.0000000        2.3846460
     138.0000000        2.3836355
     139.0000000        2.3721171
     140.0000000        2.3538590
     141.0000000        2.3373609
     142.0000000        2.3184497
     143.0000000        2.3032062
     144.0000000        2.2870441
     145.0000000        2.2618498
     146.0000000        2.2283740
     147.0000000        2.1885551
     148.0000000        2.1479825
     149.0000000        2.1082402
     150.0000000        2.0643969
     151.0000000        2.0171089
     152.0000000        1.9672487
     153.0000000        1.9141426
     154.0000000        1.8594979
     155.0000000        1.8085108
     156.0000000        1.7592379
     157.0000000        1.7104468
     158.0000000        1.6606283
     159.0000000        1.6135114
     160.0000000        1.5670068
     161.0000000        1.5198278
     162.0000000        1.4733165
     163.0000000        1.4291404
     164.0000000        1.3847729
     165.0000000        1.3443973
     166.0000000        1.3068118
     167.0000000        1.2735478
     168.0000000        1.2505507
     169.0000000        1.2278051
     170.0000000        1.2038539
     171.0000000        1.1915075
     172.0000000        1.1876925
     173.0000000        1.1878979
     174.0000000        1.1906483
     175.0000000        1.1990689
     176.0000000        1.2062358
     177.0000000        1.2112000
     178.0000000        1.2263070
     179.0000000        1.2498853
     180.0000000        1.2757172
     181.0000000        1.2988332
     182.0000000        1.3151500
     183.0000000        1.3336937
     184.0000000        1.3537475
     185.0000000        1.3691999
     186.0000000        1.3791712
     187.0000000        1.3816708
     188.0000000        1.3781637
     189.0000000        1.3767272
     190.0000000        1.3708370
     191.0000000        1.3589924
     192.0000000        1.3385086
     193.0000000        1.3122068
     194.0000000        1.2892629
     195.0000000        1.2744842
     196.0000000        1.2610376
     197.0000000        1.2503767
     198.0000000        1.2431178
     199.0000000        1.2262536
     200.0000000        1.2068819
     201.0000000        1.1962987
     202.0000000        1.1934924
     203.0000000        1.1900253
     204.0000000        1.1774492
     205.0000000        1.1735272
     206.0000000        1.1745496
     207.0000000        1.1739697
     208.0000000        1.1686874
     209.0000000        1.1706182
     210.0000000        1.1890052
     211.0000000        1.2143716
     212.0000000        1.2441699
     213.0000000        1.2669356
     214.0000000        1.2799478
     215.0000000        1.3009436
     216.0000000        1.3274342
     217.0000000        1.3608106
     218.0000000        1.4079269
     219.0000000        1.4669692
     220.0000000        1.5303274
     221.0000000        1.5989990
     222.0000000        1.6700310
     223.0000000        1.7356994
     224.0000000        1.7934549
     225.0000000        1.8450653
     226.0000000        1.9071760
     227.0000000        1.9802637
     228.0000000        2.0601196
     229.0000000        2.1445937
     230.0000000        2.2334610
     231.0000000        2.3207288
     232.0000000        2.4073167
     233.0000000        2.4895832
     234.0000000        2.5750452
     235.0000000        2.6491594
     236.0000000        2.7155365
     237.0000000        2.7618173
     238.0000000        2.7902777
     239.0000000        2.8030464
     240.0000000        2.7945562
     241.0000000        2.7722046
     242.0000000        2.7345653
     243.0000000        2.6903151
     244.0000000        2.6459660
     245.0000000        2.5968496
     246.0000000        2.5447196
     247.0000000        2.4937459
     248.0000000        2.4487783
     249.0000000        2.4069007
     250.0000000        2.3612770
     251.0000000        2.3194440
     252.0000000        2.2812429
     253.0000000        2.2470222
     254.0000000        2.2097877
     255.0000000        2.1708463
     256.0000000        2.1287848
     257.0000000        2.0862334
     258.0000000        2.0484543
     259.0000000        2.0157557
     260.0000000        1.9813846
     261.0000000        1.9455755
     262.0000000        1.9104326
     263.0000000        1.8798240
     264.0000000        1.8467086
     265.0000000        1.8152781
     266.0000000        1.7915254
     267.0000000        1.7737526
     268.0000000        1.7644015
     269.0000000        1.7625172
     270.0000000        1.7673443
     271.0000000        1.7785979
     272.0000000        1.7995644
     273.0000000        1.8286153
     274.0000000        1.8632978
     275.0000000        1.9012610
     276.0000000        1.9405739
     277.0000000        1.9825746
     278.0000000        2.0266155
     279.0000000        2.0718928
     280.0000000        2.1181194
     281.0000000        2.1566500
     282.0000000        2.2065500
     283.0000000        2.2648658
     284.0000000        2.3303514
     285.0000000        2.3961847
     286.0000000        2.4620741
     287.0000000        2.5272858
     288.0000000        2.5924932
     289.0000000        2.6535725
     290.0000000        2.7064505
     291.0000000        2.7543074
     292.0000000        2.7966372
     293.0000000        2.8386877
     294.0000000        2.8797518
     295.0000000        2.9266162
     296.0000000        2.9788544
     297.0000000        3.0344103
     298.0000000        3.1004276
     299.0000000        3.1731356
     300.0000000        3.2459220
     301.0000000        3.3198074
     302.0000000        3.3920349
     303.0000000        3.4615783
     304.0000000        3.5248472
     305.0000000        3.5804828
     306.0000000        3.6377106
     307.0000000        3.6994701
     308.0000000        3.7529582
     309.0000000        3.8014556
     310.0000000        3.8535594
     311.0000000        3.9050069
     312.0000000        3.9414462
     313.0000000        3.9688866
     314.0000000        3.9967603
     315.0000000        4.0212471
     316.0000000        4.0403963
     317.0000000        4.0589234
     318.0000000        4.0842574
     319.0000000        4.1104254
     320.0000000        4.1362525
     321.0000000        4.1614361
     322.0000000        4.1706355
     323.0000000        4.1698533
     324.0000000        4.1562451
     325.0000000        4.1354058
     326.0000000        4.1059865
     327.0000000        4.0716254
     328.0000000        4.0473177
     329.0000000        4.0410388
     330.0000000        4.0452462
     331.0000000        4.0570969
     332.0000000        4.0766381
     333.0000000        4.1038492
     334.0000000        4.1282297
     335.0000000        4.1409621
     336.0000000        4.1361255
     337.0000000        4.1033750
     338.0000000        4.0527570
     339.0000000        3.9703200
     340.0000000        3.8752754
     341.0000000        3.7657584
     342.0000000        3.6538062
     343.0000000        3.5431530
     344.0000000        3.4304175
     345.0000000        3.3222000
     346.0000000        3.2126812
     347.0000000        3.0997638
     348.0000000        2.9897430
     349.0000000        2.8801066
     350.0000000        2.7775047
     351.0000000        2.6765720
     352.0000000        2.5871062
     353.0000000        2.4996175
     354.0000000        2.4251443
     355.0000000        2.3635943
     356.0000000        2.3102343
     357.0000000        2.2593946
     358.0000000        2.2129137
     359.0000000        2.1729838
     360.0000000        2.1381369
     361.0000000        2.1076119
     362.0000000        2.0823964
     363.0000000        2.0589450
     364.0000000        2.0374887
     365.0000000        2.0168791
     366.0000000        1.9933992
     367.0000000        1.9667070
     368.0000000        1.9371627
     369.0000000        1.9093571
     370.0000000        1.8889156
     371.0000000        1.8730590
     372.0000000        1.8621288
     373.0000000        1.8580597
     374.0000000        1.8588515
     375.0000000        1.8639832
     376.0000000        1.8720469
     377.0000000        1.8842501
     378.0000000        1.9000371
     379.0000000        1.9229967
     380.0000000        1.9501394
     381.0000000        1.9800139
     382.0000000        2.0098424
     383.0000000        2.0391351
     384.0000000        2.0690549
     385.0000000        2.1005463
     386.0000000        2.1327772
     387.0000000        2.1626162
     388.0000000        2.1922027
     389.0000000        2.2203646
     390.0000000        2.2423466
     391.0000000        2.2623582
     392.0000000        2.2804533
     393.0000000        2.2972720
     394.0000000        2.3109271
     395.0000000        2.3200789
     396.0000000        2.3259011
     397.0000000        2.3316066
     398.0000000        2.3352780
     399.0000000        2.3420000
     400.0000000        2.3527742
     401.0000000        2.3682826
     402.0000000        2.3910103
     403.0000000        2.4224456
     404.0000000        2.4557654
     405.0000000        2.4866787
     406.0000000        2.5149105
     407.0000000        2.5413107
     408.0000000        2.5686566
     409.0000000        2.5910898
     410.0000000        2.6068850
     411.0000000        2.6132576
     412.0000000        2.6058358
     413.0000000        2.5862116
     414.0000000        2.5645389
     415.0000000        2.5391652
     416.0000000        2.5078412
     417.0000000        2.4765736
     418.0000000        2.4468087
     419.0000000        2.4199068
     420.0000000        2.3970594
     421.0000000        2.3750035
     422.0000000        2.3579762
     423.0000000        2.3416687
     424.0000000        2.3250731
     425.0000000        2.3132379
     426.0000000        2.3008516
     427.0000000        2.2910197
     428.0000000        2.2789287
     429.0000000        2.2695290
     430.0000000        2.2668339
     431.0000000        2.2751328
     432.0000000        2.2931435
     433.0000000        2.3211859
     434.0000000        2.3564632
     435.0000000        2.4015225
     436.0000000        2.4565984
     437.0000000        2.5174083
     438.0000000        2.5806266
     439.0000000        2.6479718
     440.0000000        2.7210301
     441.0000000        2.7978636
     442.0000000        2.8794449
     443.0000000        2.9662612
     444.0000000        3.0525094
     445.0000000        3.1350655
     446.0000000        3.2162635
     447.0000000        3.2990395
     448.0000000        3.3779217
     449.0000000        3.4624759
     450.0000000        3.5363938
     451.0000000        3.6010705
     452.0000000        3.6550566
     453.0000000        3.6974083
     454.0000000        3.7346170
     455.0000000        3.7725296
     456.0000000        3.7979132
     457.0000000        3.8152609
     458.0000000        3.8217189
     459.0000000        3.8319352
     460.0000000        3.8391580
     461.0000000        3.8312097
     462.0000000        3.8241170
     463.0000000        3.8070218
     464.0000000        3.7845710
     465.0000000        3.7505244
     466.0000000        3.7001644
     467.0000000        3.6436460
     468.0000000        3.5907552
     469.0000000        3.5158202
     470.0000000        3.4339749
     471.0000000        3.3564622
     472.0000000        3.2880398
     473.0000000        3.2297985
     474.0000000        3.1734078
     475.0000000        3.1244732
     476.0000000        3.0697997
     477.0000000        3.0064690
     478.0000000        2.9303701
     479.0000000        2.8491568
     480.0000000        2.7618190
     481.0000000        2.6734878
     482.0000000        2.5800853
     483.0000000        2.4800026
     484.0000000        2.3880352
     485.0000000        2.3005265
     486.0000000        2.2171702
     487.0000000        2.1442522
     488.0000000        2.0788413
     489.0000000        2.0187397
     490.0000000        1.9732148
     491.0000000        1.9436748
     492.0000000        1.9260910
     493.0000000        1.9218621
     494.0000000        1.9305555
     495.0000000        1.9533669
     496.0000000        1.9825209
     497.0000000        2.0178013
     498.0000000        2.0536666
     499.0000000        2.0883184
     500.0000000        2.1207388
     501.0000000        2.1488966
     502.0000000        2.1707578
     503.0000000        2.1892478
     504.0000000        2.2035688
     505.0000000        2.2155598
     506.0000000        2.2250493
     507.0000000        2.2330729
     508.0000000        2.2362839
     509.0000000        2.2400403
     510.0000000        2.2438866
     511.0000000        2.2500178
     512.0000000        2.2559167
     513.0000000        2.2601292
     514.0000000        2.2673815
     515.0000000        2.2798080
     516.0000000        2.2973282
     517.0000000        2.3144380
     518.0000000        2.3313628
     519.0000000        2.3416693
     520.0000000        2.3465150
     521.0000000        2.3459267
     522.0000000        2.3435413
     523.0000000        2.3328925
     524.0000000        2.3107246
     525.0000000        2.2837064
     526.0000000        2.2514073
     527.0000000        2.2175874
     528.0000000        2.1827437
     529.0000000        2.1536627
     530.0000000        2.1232001
     531.0000000        2.0909059
     532.0000000        2.0581285
     533.0000000        2.0243154
     534.0000000        1.9934840
     535.0000000        1.9662447
     536.0000000        1.9401170
     537.0000000        1.9223364
     538.0000000        1.9155271
     539.0000000        1.9210999
     540.0000000        1.9367770
     541.0000000        1.9641946
     542.0000000        2.0003354
     543.0000000        2.0438252
     544.0000000        2.0957288
     545.0000000        2.1564013
     546.0000000        2.2245576
     547.0000000        2.3019417
     548.0000000        2.3858933
     549.0000000        2.4710498
     550.0000000        2.5582149
     551.0000000        2.6426648
     552.0000000        2.7201032
     553.0000000        2.7897865
     554.0000000        2.8465370
     555.0000000        2.8852015
     556.0000000        2.9050894
     557.0000000        2.9106273
     558.0000000        2.8970247
     559.0000000        2.8704455
     560.0000000        2.8292679
     561.0000000        2.7649755
     562.0000000        2.6817971
     563.0000000        2.5848072
     564.0000000        2.4857465
     565.0000000        2.3924526
     566.0000000        2.3028034
     567.0000000        2.2294372
     568.0000000        2.1704863
     569.0000000        2.1200673
     570.0000000        2.0820810
     571.0000000        2.0544255
     572.0000000        2.0319234
     573.0000000        2.0113090
     574.0000000        1.9948097
     575.0000000        1.9813011
     576.0000000        1.9744185
     577.0000000        1.9765181
     578.0000000        1.9845721
     579.0000000        1.9951339
     580.0000000        2.0091999
     581.0000000        2.0259273
     582.0000000        2.0468896
     583.0000000        2.0661048
     584.0000000        2.0819172
     585.0000000        2.0907864
     586.0000000        2.1016634
     587.0000000        2.1153585
     588.0000000        2.1287296
     589.0000000        2.1452253
     590.0000000        2.1641426
     591.0000000        2.1835795
     592.0000000        2.2041355
     593.0000000        2.2235104
     594.0000000        2.2392920
     595.0000000        2.2535636
     596.0000000        2.2652919
     597.0000000        2.2787880
     598.0000000        2.2969186
     599.0000000        2.3165334
     600.0000000        2.3326001
