       1.0000000        0.3720940
       2.0000000        0.3581394
       3.0000000        0.3570658
       4.0000000        0.3620679
       5.0000000        0.3570921
       6.0000000        0.3601510
       7.0000000        0.3638864
       8.0000000        0.3599893
       9.0000000        0.3545188
      10.0000000        0.3490617
      11.0000000        0.3402634
      12.0000000        0.3334282
      13.0000000        0.3284871
      14.0000000        0.3260586
      15.0000000        0.3287930
      16.0000000        0.3360594
      17.0000000        0.3406320
      18.0000000        0.3392908
      19.0000000        0.3338532
      20.0000000        0.3276336
      21.0000000        0.3198455
      22.0000000        0.3090662
      23.0000000        0.3022295
      24.0000000        0.2928357
      25.0000000        0.2833560
      26.0000000        0.2800122
      27.0000000        0.2769176
      28.0000000        0.2748999
      29.0000000        0.2760231
      30.0000000        0.2760215
      31.0000000        0.2777320
      32.0000000        0.2770835
      33.0000000        0.2746448
      34.0000000        0.2708965
      35.0000000        0.2668086
      36.0000000        0.2680924
      37.0000000        0.2682978
      38.0000000        0.2701673
      39.0000000        0.2674701
      40.0000000        0.2654538
      41.0000000        0.2635406
      42.0000000        0.2622310
      43.0000000        0.2585735
      44.0000000        0.2532229
      45.0000000        0.2495637
      46.0000000        0.2440777
      47.0000000        0.2415552
      48.0000000        0.2403676
      49.0000000        0.2414261
      50.0000000        0.2434032
      51.0000000        0.2471798
      52.0000000        0.2531554
      53.0000000        0.2555222
      54.0000000        0.2544302
      55.0000000        0.2506048
      56.0000000        0.2485028
      57.0000000        0.2459529
      58.0000000        0.2454334
      59.0000000        0.2492953
      60.0000000        0.2489135
      61.0000000        0.2488505
      62.0000000        0.2490739
      63.0000000        0.2491562
      64.0000000        0.2523004
      65.0000000        0.2574273
      66.0000000        0.2629045
      67.0000000        0.2686900
      68.0000000        0.2743363
      69.0000000        0.2787690
      70.0000000        0.2847782
      71.0000000        0.2866454
      72.0000000        0.2844449
      73.0000000        0.2794761
      74.0000000        0.2748276
      75.0000000        0.2715770
      76.0000000        0.2693900
      77.0000000        0.2669320
      78.0000000        0.2636293
      79.0000000        0.2628991
      80.0000000        0.2644124
      81.0000000        0.2617228
      82.0000000        0.2549470
      83.0000000        0.2448364
      84.0000000        0.2404313
      85.0000000        0.2400512
      86.0000000        0.2469609
      87.0000000        0.2601074
      88.0000000        0.2714068
      89.0000000        0.2837951
      90.0000000        0.2944353
      91.0000000        0.3068262
      92.0000000        0.3173543
      93.0000000        0.3172936
      94.0000000        0.3173615
      95.0000000        0.3205667
      96.0000000        0.3280857
      97.0000000        0.3279128
      98.0000000        0.3289301
      99.0000000        0.3366505
     100.0000000        0.3407199
     101.0000000        0.3431283
     102.0000000        0.3431454
     103.0000000        0.3415073
     104.0000000        0.3394219
     105.0000000        0.3338175
     106.0000000        0.3296417
     107.0000000        0.3230409
     108.0000000        0.3157293
     109.0000000        0.3094757
     110.0000000        0.3044174
     111.0000000        0.3044687
     112.0000000        0.3012871
     113.0000000        0.2978575
     114.0000000        0.2926863
     115.0000000        0.2850183
     116.0000000        0.2800285
     117.0000000        0.2758132
     118.0000000        0.2695927
     119.0000000        0.2676144
     120.0000000        0.2682187
     121.0000000        0.2649377
     122.0000000        0.2658263
     123.0000000        0.2645867
     124.0000000        0.2611387
     125.0000000        0.2628494
     126.0000000        0.2645811
     127.0000000        0.2699705
     128.0000000        0.2749286
     129.0000000        0.2809441
     130.0000000        0.2847629
     131.0000000        0.2891895
     132.0000000        0.2918120
     133.0000000        0.2892940
     134.0000000        0.2850147
     135.0000000        0.2828740
     136.0000000        0.2848328
     137.0000000        0.2893503
     138.0000000        0.2979855
     139.0000000        0.3035325
     140.0000000        0.3028396
     141.0000000        0.3038383
     142.0000000        0.3021038
     143.0000000        0.3022630
     144.0000000        0.3066642
     145.0000000        0.3104010
     146.0000000        0.3079960
     147.0000000        0.3002959
     148.0000000        0.2887762
     149.0000000        0.2852282
     150.0000000        0.2838107
     151.0000000        0.2820694
     152.0000000        0.2795064
     153.0000000        0.2779528
     154.0000000        0.2727221
     155.0000000        0.2673171
     156.0000000        0.2640738
     157.0000000        0.2589107
     158.0000000        0.2488183
     159.0000000        0.2417016
     160.0000000        0.2346845
     161.0000000        0.2254822
     162.0000000        0.2142340
     163.0000000        0.2025048
     164.0000000        0.1904119
     165.0000000        0.1795635
     166.0000000        0.1702022
     167.0000000        0.1613218
     168.0000000        0.1544629
     169.0000000        0.1500892
     170.0000000        0.1435630
     171.0000000        0.1386027
     172.0000000        0.1354663
     173.0000000        0.1323068
     174.0000000        0.1285513
     175.0000000        0.1252660
     176.0000000        0.1225168
     177.0000000        0.1194215
     178.0000000        0.1185749
     179.0000000        0.1190106
     180.0000000        0.1199829
     181.0000000        0.1211631
     182.0000000        0.1211970
     183.0000000        0.1222760
     184.0000000        0.1261018
     185.0000000        0.1295980
     186.0000000        0.1338569
     187.0000000        0.1380960
     188.0000000        0.1419528
     189.0000000        0.1462873
     190.0000000        0.1507876
     191.0000000        0.1530067
     192.0000000        0.1518670
     193.0000000        0.1494860
     194.0000000        0.1473069
     195.0000000        0.1477392
     196.0000000        0.1489459
     197.0000000        0.1497884
     198.0000000        0.1511729
     199.0000000        0.1485401
     200.0000000        0.1439451
     201.0000000        0.1397574
     202.0000000        0.1372520
     203.0000000        0.1347785
     204.0000000        0.1317332
     205.0000000        0.1301992
     206.0000000        0.1290883
     207.0000000        0.1270407
     208.0000000        0.1232629
     209.0000000        0.1195029
     210.0000000        0.1178099
     211.0000000        0.1192541
     212.0000000        0.1223227
     213.0000000        0.1218509
     214.0000000        0.1184617
     215.0000000        0.1154884
     216.0000000        0.1134235
     217.0000000        0.1115146
     218.0000000        0.1112008
     219.0000000        0.1120263
     220.0000000        0.1145587
     221.0000000        0.1176860
     222.0000000        0.1225885
     223.0000000        0.1285611
     224.0000000        0.1347135
     225.0000000        0.1401623
     226.0000000        0.1451521
     227.0000000        0.1511477
     228.0000000        0.1620867
     229.0000000        0.1714149
     230.0000000        0.1803191
     231.0000000        0.1880148
     232.0000000        0.1981220
     233.0000000        0.2110298
     234.0000000        0.2258492
     235.0000000        0.2420252
     236.0000000        0.2583745
     237.0000000        0.2775022
     238.0000000        0.2973977
     239.0000000        0.3133853
     240.0000000        0.3266097
     241.0000000        0.3391691
     242.0000000        0.3478676
     243.0000000        0.3545997
     244.0000000        0.3598983
     245.0000000        0.3617936
     246.0000000        0.3576047
     247.0000000        0.3471224
     248.0000000        0.3365737
     249.0000000        0.3319978
     250.0000000        0.3235903
     251.0000000        0.3155145
     252.0000000        0.3088012
     253.0000000        0.3085486
     254.0000000        0.3077135
     255.0000000        0.3077296
     256.0000000        0.3072003
     257.0000000        0.3034548
     258.0000000        0.2955866
     259.0000000        0.2928296
     260.0000000        0.2890578
     261.0000000        0.2804828
     262.0000000        0.2715056
     263.0000000        0.2679163
     264.0000000        0.2598036
     265.0000000        0.2498747
     266.0000000        0.2387716
     267.0000000        0.2267683
     268.0000000        0.2179897
     269.0000000        0.2118231
     270.0000000        0.2069706
     271.0000000        0.2013290
     272.0000000        0.1970993
     273.0000000        0.1964224
     274.0000000        0.1961595
     275.0000000        0.1963052
     276.0000000        0.1947691
     277.0000000        0.1924457
     278.0000000        0.1922194
     279.0000000        0.1947820
     280.0000000        0.1988351
     281.0000000        0.2003094
     282.0000000        0.2053008
     283.0000000        0.2121178
     284.0000000        0.2200938
     285.0000000        0.2283013
     286.0000000        0.2383930
     287.0000000        0.2510447
     288.0000000        0.2633691
     289.0000000        0.2760367
     290.0000000        0.2840135
     291.0000000        0.2921472
     292.0000000        0.2980005
     293.0000000        0.3055612
     294.0000000        0.3100374
     295.0000000        0.3150406
     296.0000000        0.3225816
     297.0000000        0.3221910
     298.0000000        0.3222368
     299.0000000        0.3262935
     300.0000000        0.3327963
     301.0000000        0.3406114
     302.0000000        0.3453288
     303.0000000        0.3474340
     304.0000000        0.3519960
     305.0000000        0.3539965
     306.0000000        0.3583936
     307.0000000        0.3709901
     308.0000000        0.3856305
     309.0000000        0.3976568
     310.0000000        0.4091618
     311.0000000        0.4277753
     312.0000000        0.4421387
     313.0000000        0.4478191
     314.0000000        0.4520840
     315.0000000        0.4529367
     316.0000000        0.4485895
     317.0000000        0.4453104
     318.0000000        0.4383786
     319.0000000        0.4358525
     320.0000000        0.4373917
     321.0000000        0.4420221
     322.0000000        0.4498744
     323.0000000        0.4677599
     324.0000000        0.4790824
     325.0000000        0.4872119
     326.0000000        0.4961351
     327.0000000        0.5001547
     328.0000000        0.4913156
     329.0000000        0.4833864
     330.0000000        0.4741994
     331.0000000        0.4642526
     332.0000000        0.4539167
     333.0000000        0.4526876
     334.0000000        0.4524942
     335.0000000        0.4576370
     336.0000000        0.4723066
     337.0000000        0.4843435
     338.0000000        0.4983399
     339.0000000        0.4987958
     340.0000000        0.5027329
     341.0000000        0.5076941
     342.0000000        0.5048193
     343.0000000        0.5014586
     344.0000000        0.4862155
     345.0000000        0.4720078
     346.0000000        0.4604777
     347.0000000        0.4550969
     348.0000000        0.4476019
     349.0000000        0.4376269
     350.0000000        0.4293146
     351.0000000        0.4157590
     352.0000000        0.4014758
     353.0000000        0.3765443
     354.0000000        0.3534537
     355.0000000        0.3389867
     356.0000000        0.3310107
     357.0000000        0.3242021
     358.0000000        0.3155996
     359.0000000        0.3053120
     360.0000000        0.2944955
     361.0000000        0.2830733
     362.0000000        0.2749484
     363.0000000        0.2709805
     364.0000000        0.2667464
     365.0000000        0.2671601
     366.0000000        0.2684245
     367.0000000        0.2684370
     368.0000000        0.2613976
     369.0000000        0.2517703
     370.0000000        0.2449131
     371.0000000        0.2404695
     372.0000000        0.2357926
     373.0000000        0.2329603
     374.0000000        0.2307167
     375.0000000        0.2289352
     376.0000000        0.2275619
     377.0000000        0.2267262
     378.0000000        0.2230082
     379.0000000        0.2220607
     380.0000000        0.2219066
     381.0000000        0.2241023
     382.0000000        0.2247352
     383.0000000        0.2244479
     384.0000000        0.2240134
     385.0000000        0.2247477
     386.0000000        0.2280004
     387.0000000        0.2308026
     388.0000000        0.2353061
     389.0000000        0.2447285
     390.0000000        0.2515026
     391.0000000        0.2579812
     392.0000000        0.2630567
     393.0000000        0.2707371
     394.0000000        0.2798850
     395.0000000        0.2843663
     396.0000000        0.2859705
     397.0000000        0.2877198
     398.0000000        0.2861446
     399.0000000        0.2862662
     400.0000000        0.2838814
     401.0000000        0.2777575
     402.0000000        0.2681947
     403.0000000        0.2658064
     404.0000000        0.2685207
     405.0000000        0.2727058
     406.0000000        0.2796700
     407.0000000        0.2856093
     408.0000000        0.2930581
     409.0000000        0.2991978
     410.0000000        0.3079321
     411.0000000        0.3193420
     412.0000000        0.3280954
     413.0000000        0.3291200
     414.0000000        0.3313215
     415.0000000        0.3353951
     416.0000000        0.3347519
     417.0000000        0.3328103
     418.0000000        0.3295729
     419.0000000        0.3215095
     420.0000000        0.3129696
     421.0000000        0.3029490
     422.0000000        0.3010837
     423.0000000        0.3039821
     424.0000000        0.3039435
     425.0000000        0.3088397
     426.0000000        0.3066719
     427.0000000        0.3060743
     428.0000000        0.3030910
     429.0000000        0.2946398
     430.0000000        0.2832275
     431.0000000        0.2761015
     432.0000000        0.2696254
     433.0000000        0.2604388
     434.0000000        0.2501683
     435.0000000        0.2442429
     436.0000000        0.2454079
     437.0000000        0.2510496
     438.0000000        0.2571814
     439.0000000        0.2625043
     440.0000000        0.2669894
     441.0000000        0.2734987
     442.0000000        0.2796001
     443.0000000        0.2865347
     444.0000000        0.2937410
     445.0000000        0.3025943
     446.0000000        0.3105863
     447.0000000        0.3209827
     448.0000000        0.3270536
     449.0000000        0.3384557
     450.0000000        0.3499886
     451.0000000        0.3686336
     452.0000000        0.3891748
     453.0000000        0.4066514
     454.0000000        0.4175556
     455.0000000        0.4323687
     456.0000000        0.4393736
     457.0000000        0.4465742
     458.0000000        0.4471720
     459.0000000        0.4490942
     460.0000000        0.4549323
     461.0000000        0.4540808
     462.0000000        0.4569443
     463.0000000        0.4562403
     464.0000000        0.4599430
     465.0000000        0.4651133
     466.0000000        0.4607680
     467.0000000        0.4526510
     468.0000000        0.4607919
     469.0000000        0.4638852
     470.0000000        0.4639731
     471.0000000        0.4578515
     472.0000000        0.4432062
     473.0000000        0.4321019
     474.0000000        0.4196852
     475.0000000        0.4158980
     476.0000000        0.4178546
     477.0000000        0.4181627
     478.0000000        0.4143116
     479.0000000        0.4086947
     480.0000000        0.4019662
     481.0000000        0.3975694
     482.0000000        0.3929502
     483.0000000        0.3818937
     484.0000000        0.3698275
     485.0000000        0.3585060
     486.0000000        0.3460840
     487.0000000        0.3373867
     488.0000000        0.3306094
     489.0000000        0.3161591
     490.0000000        0.2988818
     491.0000000        0.2836238
     492.0000000        0.2663331
     493.0000000        0.2503107
     494.0000000        0.2346568
     495.0000000        0.2250660
     496.0000000        0.2166086
     497.0000000        0.2133793
     498.0000000        0.2121146
     499.0000000        0.2151213
     500.0000000        0.2211932
     501.0000000        0.2303670
     502.0000000        0.2390172
     503.0000000        0.2471680
     504.0000000        0.2523615
     505.0000000        0.2567212
     506.0000000        0.2604209
     507.0000000        0.2665515
     508.0000000        0.2682613
     509.0000000        0.2659098
     510.0000000        0.2649301
     511.0000000        0.2680087
     512.0000000        0.2721583
     513.0000000        0.2701541
     514.0000000        0.2641307
     515.0000000        0.2591001
     516.0000000        0.2586895
     517.0000000        0.2583713
     518.0000000        0.2629290
     519.0000000        0.2647117
     520.0000000        0.2669542
     521.0000000        0.2707521
     522.0000000        0.2812646
     523.0000000        0.2930348
     524.0000000        0.2957173
     525.0000000        0.2987671
     526.0000000        0.3008022
     527.0000000        0.3029769
     528.0000000        0.3018571
     529.0000000        0.3036945
     530.0000000        0.3040852
     531.0000000        0.3014108
     532.0000000        0.2953264
     533.0000000        0.2876626
     534.0000000        0.2793078
     535.0000000        0.2745866
     536.0000000        0.2663434
     537.0000000        0.2558185
     538.0000000        0.2440854
     539.0000000        0.2331822
     540.0000000        0.2227531
     541.0000000        0.2168059
     542.0000000        0.2132814
     543.0000000        0.2076943
     544.0000000        0.2038156
     545.0000000        0.2024250
     546.0000000        0.2020104
     547.0000000        0.2051758
     548.0000000        0.2112512
     549.0000000        0.2153847
     550.0000000        0.2212803
     551.0000000        0.2299281
     552.0000000        0.2391248
     553.0000000        0.2505900
     554.0000000        0.2646174
     555.0000000        0.2803375
     556.0000000        0.2945352
     557.0000000        0.3105298
     558.0000000        0.3212119
     559.0000000        0.3368691
     560.0000000        0.3594048
     561.0000000        0.3779361
     562.0000000        0.3895444
     563.0000000        0.3908869
     564.0000000        0.3865039
     565.0000000        0.3833530
     566.0000000        0.3684647
     567.0000000        0.3509767
     568.0000000        0.3353339
     569.0000000        0.3174444
     570.0000000        0.3020213
     571.0000000        0.2914194
     572.0000000        0.2833702
     573.0000000        0.2729969
     574.0000000        0.2641506
     575.0000000        0.2537477
     576.0000000        0.2433885
     577.0000000        0.2390932
     578.0000000        0.2384225
     579.0000000        0.2361434
     580.0000000        0.2338653
     581.0000000        0.2319299
     582.0000000        0.2349000
     583.0000000        0.2403037
     584.0000000        0.2462932
     585.0000000        0.2464418
     586.0000000        0.2472794
     587.0000000        0.2528519
     588.0000000        0.2557967
     589.0000000        0.2549948
     590.0000000        0.2545013
     591.0000000        0.2541188
     592.0000000        0.2570452
     593.0000000        0.2610827
     594.0000000        0.2635786
     595.0000000        0.2644233
     596.0000000        0.2595799
     597.0000000        0.2558160
     598.0000000        0.2591288
     599.0000000        0.2640692
     600.0000000        0.2642158
