       1.0000000        0.3460980
       2.0000000        0.3314620
       3.0000000        0.3167905
       4.0000000        0.3057544
       5.0000000        0.2993850
       6.0000000        0.2919754
       7.0000000        0.2862037
       8.0000000        0.2814347
       9.0000000        0.2800974
      10.0000000        0.2789579
      11.0000000        0.2698107
      12.0000000        0.2633810
      13.0000000        0.2596587
      14.0000000        0.2567243
      15.0000000        0.2537015
      16.0000000        0.2505648
      17.0000000        0.2474873
      18.0000000        0.2417256
      19.0000000        0.2403940
      20.0000000        0.2382447
      21.0000000        0.2399464
      22.0000000        0.2412645
      23.0000000        0.2413386
      24.0000000        0.2444501
      25.0000000        0.2444792
      26.0000000        0.2440964
      27.0000000        0.2450525
      28.0000000        0.2415535
      29.0000000        0.2417161
      30.0000000        0.2417312
      31.0000000        0.2430193
      32.0000000        0.2426211
      33.0000000        0.2410853
      34.0000000        0.2392471
      35.0000000        0.2336520
      36.0000000        0.2309632
      37.0000000        0.2280938
      38.0000000        0.2263474
      39.0000000        0.2258058
      40.0000000        0.2242948
      41.0000000        0.2269671
      42.0000000        0.2313613
      43.0000000        0.2323134
      44.0000000        0.2356112
      45.0000000        0.2411955
      46.0000000        0.2466796
      47.0000000        0.2517394
      48.0000000        0.2543739
      49.0000000        0.2549428
      50.0000000        0.2577878
      51.0000000        0.2589728
      52.0000000        0.2612165
      53.0000000        0.2595408
      54.0000000        0.2602734
      55.0000000        0.2633252
      56.0000000        0.2646718
      57.0000000        0.2606350
      58.0000000        0.2558743
      59.0000000        0.2545414
      60.0000000        0.2514275
      61.0000000        0.2449680
      62.0000000        0.2417751
      63.0000000        0.2417239
      64.0000000        0.2463753
      65.0000000        0.2479059
      66.0000000        0.2474668
      67.0000000        0.2506834
      68.0000000        0.2557473
      69.0000000        0.2611695
      70.0000000        0.2639162
      71.0000000        0.2614969
      72.0000000        0.2616189
      73.0000000        0.2617990
      74.0000000        0.2633406
      75.0000000        0.2630695
      76.0000000        0.2637656
      77.0000000        0.2665439
      78.0000000        0.2674353
      79.0000000        0.2612874
      80.0000000        0.2538141
      81.0000000        0.2519110
      82.0000000        0.2515898
      83.0000000        0.2516261
      84.0000000        0.2524678
      85.0000000        0.2543610
      86.0000000        0.2551671
      87.0000000        0.2564125
      88.0000000        0.2534775
      89.0000000        0.2476560
      90.0000000        0.2433880
      91.0000000        0.2410457
      92.0000000        0.2430165
      93.0000000        0.2434792
      94.0000000        0.2419132
      95.0000000        0.2428370
      96.0000000        0.2445704
      97.0000000        0.2469839
      98.0000000        0.2526209
      99.0000000        0.2555750
     100.0000000        0.2537032
     101.0000000        0.2474244
     102.0000000        0.2424885
     103.0000000        0.2354621
     104.0000000        0.2279398
     105.0000000        0.2253024
     106.0000000        0.2287514
     107.0000000        0.2339689
     108.0000000        0.2405004
     109.0000000        0.2463262
     110.0000000        0.2548750
     111.0000000        0.2629570
     112.0000000        0.2654808
     113.0000000        0.2666283
     114.0000000        0.2696246
     115.0000000        0.2666137
     116.0000000        0.2605517
     117.0000000        0.2523536
     118.0000000        0.2493356
     119.0000000        0.2446165
     120.0000000        0.2366525
     121.0000000        0.2332287
     122.0000000        0.2343748
     123.0000000        0.2358338
     124.0000000        0.2362554
     125.0000000        0.2368463
     126.0000000        0.2357047
     127.0000000        0.2393085
     128.0000000        0.2447370
     129.0000000        0.2500039
     130.0000000        0.2508326
     131.0000000        0.2526696
     132.0000000        0.2569978
     133.0000000        0.2604042
     134.0000000        0.2638933
     135.0000000        0.2673357
     136.0000000        0.2680479
     137.0000000        0.2642835
     138.0000000        0.2607349
     139.0000000        0.2584216
     140.0000000        0.2576114
     141.0000000        0.2594837
     142.0000000        0.2609557
     143.0000000        0.2620859
     144.0000000        0.2649108
     145.0000000        0.2636973
     146.0000000        0.2631649
     147.0000000        0.2629199
     148.0000000        0.2613530
     149.0000000        0.2589299
     150.0000000        0.2545931
     151.0000000        0.2464127
     152.0000000        0.2416627
     153.0000000        0.2418555
     154.0000000        0.2418340
     155.0000000        0.2411228
     156.0000000        0.2387905
     157.0000000        0.2351375
     158.0000000        0.2317522
     159.0000000        0.2331228
     160.0000000        0.2352829
     161.0000000        0.2384755
     162.0000000        0.2434098
     163.0000000        0.2475937
     164.0000000        0.2491535
     165.0000000        0.2518957
     166.0000000        0.2495222
     167.0000000        0.2476783
     168.0000000        0.2464775
     169.0000000        0.2407363
     170.0000000        0.2368256
     171.0000000        0.2342184
     172.0000000        0.2328046
     173.0000000        0.2284322
     174.0000000        0.2249924
     175.0000000        0.2241946
     176.0000000        0.2276834
     177.0000000        0.2286517
     178.0000000        0.2296231
     179.0000000        0.2311258
     180.0000000        0.2356232
     181.0000000        0.2375154
     182.0000000        0.2383803
     183.0000000        0.2389341
     184.0000000        0.2406066
     185.0000000        0.2439085
     186.0000000        0.2488806
     187.0000000        0.2501991
     188.0000000        0.2502052
     189.0000000        0.2529296
     190.0000000        0.2507021
     191.0000000        0.2480739
     192.0000000        0.2445460
     193.0000000        0.2408796
     194.0000000        0.2369219
     195.0000000        0.2365195
     196.0000000        0.2385676
     197.0000000        0.2383422
     198.0000000        0.2383747
     199.0000000        0.2387627
     200.0000000        0.2411749
     201.0000000        0.2429960
     202.0000000        0.2437520
     203.0000000        0.2429549
     204.0000000        0.2424805
     205.0000000        0.2470227
     206.0000000        0.2543539
     207.0000000        0.2574269
     208.0000000        0.2629646
     209.0000000        0.2670093
     210.0000000        0.2691480
     211.0000000        0.2696744
     212.0000000        0.2698084
     213.0000000        0.2683470
     214.0000000        0.2686184
     215.0000000        0.2681303
     216.0000000        0.2674527
     217.0000000        0.2699790
     218.0000000        0.2741676
     219.0000000        0.2735266
     220.0000000        0.2689530
     221.0000000        0.2710328
     222.0000000        0.2663726
     223.0000000        0.2620754
     224.0000000        0.2607610
     225.0000000        0.2607442
     226.0000000        0.2580804
     227.0000000        0.2506655
     228.0000000        0.2479198
     229.0000000        0.2477116
     230.0000000        0.2470900
     231.0000000        0.2452636
     232.0000000        0.2447579
     233.0000000        0.2442345
     234.0000000        0.2438914
     235.0000000        0.2456265
     236.0000000        0.2456342
     237.0000000        0.2451662
     238.0000000        0.2403698
     239.0000000        0.2341183
     240.0000000        0.2317798
     241.0000000        0.2330293
     242.0000000        0.2377266
     243.0000000        0.2417475
     244.0000000        0.2453653
     245.0000000        0.2494878
     246.0000000        0.2526858
     247.0000000        0.2593453
     248.0000000        0.2690900
     249.0000000        0.2710094
     250.0000000        0.2776263
     251.0000000        0.2804254
     252.0000000        0.2815664
     253.0000000        0.2823427
     254.0000000        0.2811348
     255.0000000        0.2778130
     256.0000000        0.2669785
     257.0000000        0.2547773
     258.0000000        0.2466731
     259.0000000        0.2399984
     260.0000000        0.2358788
     261.0000000        0.2322930
     262.0000000        0.2299562
     263.0000000        0.2303494
     264.0000000        0.2316239
     265.0000000        0.2346375
     266.0000000        0.2378609
     267.0000000        0.2432164
     268.0000000        0.2515980
     269.0000000        0.2577642
     270.0000000        0.2591543
     271.0000000        0.2633358
     272.0000000        0.2615601
     273.0000000        0.2624531
     274.0000000        0.2608579
     275.0000000        0.2593084
     276.0000000        0.2563506
     277.0000000        0.2553644
     278.0000000        0.2547312
     279.0000000        0.2507614
     280.0000000        0.2506048
     281.0000000        0.2512027
     282.0000000        0.2523343
     283.0000000        0.2573557
     284.0000000        0.2576305
     285.0000000        0.2584138
     286.0000000        0.2595761
     287.0000000        0.2600539
     288.0000000        0.2543021
     289.0000000        0.2493704
     290.0000000        0.2444368
     291.0000000        0.2421347
     292.0000000        0.2423546
     293.0000000        0.2424995
     294.0000000        0.2446662
     295.0000000        0.2436757
     296.0000000        0.2432947
     297.0000000        0.2450203
     298.0000000        0.2507339
     299.0000000        0.2532188
     300.0000000        0.2533039
     301.0000000        0.2507243
     302.0000000        0.2485962
     303.0000000        0.2451361
     304.0000000        0.2406077
     305.0000000        0.2400663
     306.0000000        0.2384693
     307.0000000        0.2341080
     308.0000000        0.2294124
     309.0000000        0.2290780
     310.0000000        0.2258915
     311.0000000        0.2257136
     312.0000000        0.2281009
     313.0000000        0.2273665
     314.0000000        0.2289249
     315.0000000        0.2275648
     316.0000000        0.2287618
     317.0000000        0.2349326
     318.0000000        0.2445332
     319.0000000        0.2575514
     320.0000000        0.2641468
     321.0000000        0.2682973
     322.0000000        0.2664806
     323.0000000        0.2630431
     324.0000000        0.2591298
     325.0000000        0.2600144
     326.0000000        0.2580594
     327.0000000        0.2588372
     328.0000000        0.2577438
     329.0000000        0.2614652
     330.0000000        0.2638829
     331.0000000        0.2672811
     332.0000000        0.2689487
     333.0000000        0.2653039
     334.0000000        0.2601271
     335.0000000        0.2602124
     336.0000000        0.2625210
     337.0000000        0.2629969
     338.0000000        0.2687947
     339.0000000        0.2763662
     340.0000000        0.2808749
     341.0000000        0.2825490
     342.0000000        0.2805196
     343.0000000        0.2767808
     344.0000000        0.2687905
     345.0000000        0.2635154
     346.0000000        0.2609157
     347.0000000        0.2568341
     348.0000000        0.2555048
     349.0000000        0.2555743
     350.0000000        0.2568778
     351.0000000        0.2595424
     352.0000000        0.2603760
     353.0000000        0.2608225
     354.0000000        0.2603269
     355.0000000        0.2579728
     356.0000000        0.2575914
     357.0000000        0.2570060
     358.0000000        0.2561725
     359.0000000        0.2557813
     360.0000000        0.2503329
     361.0000000        0.2469111
     362.0000000        0.2459470
     363.0000000        0.2469109
     364.0000000        0.2468550
     365.0000000        0.2418847
     366.0000000        0.2338818
     367.0000000        0.2239145
     368.0000000        0.2230123
     369.0000000        0.2243442
     370.0000000        0.2274707
     371.0000000        0.2310080
     372.0000000        0.2323349
     373.0000000        0.2342094
     374.0000000        0.2336180
     375.0000000        0.2312536
     376.0000000        0.2301701
     377.0000000        0.2319251
     378.0000000        0.2381957
     379.0000000        0.2439590
     380.0000000        0.2481848
     381.0000000        0.2510270
     382.0000000        0.2550286
     383.0000000        0.2592030
     384.0000000        0.2621776
     385.0000000        0.2608139
     386.0000000        0.2563181
     387.0000000        0.2531377
     388.0000000        0.2514375
     389.0000000        0.2517742
     390.0000000        0.2497047
     391.0000000        0.2463334
     392.0000000        0.2441185
     393.0000000        0.2438203
     394.0000000        0.2514151
     395.0000000        0.2542650
     396.0000000        0.2564469
     397.0000000        0.2553368
     398.0000000        0.2525236
     399.0000000        0.2485393
     400.0000000        0.2436529
     401.0000000        0.2400783
     402.0000000        0.2412485
     403.0000000        0.2437765
     404.0000000        0.2419602
     405.0000000        0.2393010
     406.0000000        0.2380858
     407.0000000        0.2356954
     408.0000000        0.2323702
     409.0000000        0.2308285
     410.0000000        0.2323699
     411.0000000        0.2338722
     412.0000000        0.2358769
     413.0000000        0.2398019
     414.0000000        0.2436034
     415.0000000        0.2480013
     416.0000000        0.2543290
     417.0000000        0.2612759
     418.0000000        0.2638698
     419.0000000        0.2670495
     420.0000000        0.2710403
     421.0000000        0.2749774
     422.0000000        0.2779414
     423.0000000        0.2746904
     424.0000000        0.2740596
     425.0000000        0.2784745
     426.0000000        0.2820863
     427.0000000        0.2848842
     428.0000000        0.2855535
     429.0000000        0.2902423
     430.0000000        0.2925316
     431.0000000        0.2919448
     432.0000000        0.2872378
     433.0000000        0.2841412
     434.0000000        0.2834965
     435.0000000        0.2818205
     436.0000000        0.2751131
     437.0000000        0.2651088
     438.0000000        0.2564379
     439.0000000        0.2485354
     440.0000000        0.2442259
     441.0000000        0.2409798
     442.0000000        0.2424033
     443.0000000        0.2440357
     444.0000000        0.2439104
     445.0000000        0.2440668
     446.0000000        0.2479757
     447.0000000        0.2529506
     448.0000000        0.2562817
     449.0000000        0.2588436
     450.0000000        0.2564622
     451.0000000        0.2579483
     452.0000000        0.2578177
     453.0000000        0.2499251
     454.0000000        0.2423625
     455.0000000        0.2378999
     456.0000000        0.2352343
     457.0000000        0.2299632
     458.0000000        0.2249145
     459.0000000        0.2242013
     460.0000000        0.2244321
     461.0000000        0.2218679
     462.0000000        0.2236851
     463.0000000        0.2275539
     464.0000000        0.2293389
     465.0000000        0.2347680
     466.0000000        0.2426688
     467.0000000        0.2482381
     468.0000000        0.2556997
     469.0000000        0.2566592
     470.0000000        0.2549125
     471.0000000        0.2513022
     472.0000000        0.2481418
     473.0000000        0.2468069
     474.0000000        0.2445279
     475.0000000        0.2378429
     476.0000000        0.2358078
     477.0000000        0.2362573
     478.0000000        0.2356238
     479.0000000        0.2351595
     480.0000000        0.2371090
     481.0000000        0.2410996
     482.0000000        0.2442573
     483.0000000        0.2474553
     484.0000000        0.2443533
     485.0000000        0.2433644
     486.0000000        0.2398588
     487.0000000        0.2370481
     488.0000000        0.2320095
     489.0000000        0.2306869
     490.0000000        0.2291077
     491.0000000        0.2290198
     492.0000000        0.2273092
     493.0000000        0.2295994
     494.0000000        0.2357695
     495.0000000        0.2419021
     496.0000000        0.2451093
     497.0000000        0.2452605
     498.0000000        0.2471534
     499.0000000        0.2494964
     500.0000000        0.2497552
     501.0000000        0.2512895
     502.0000000        0.2517332
     503.0000000        0.2503204
     504.0000000        0.2500298
     505.0000000        0.2510503
     506.0000000        0.2565088
     507.0000000        0.2618088
     508.0000000        0.2682542
     509.0000000        0.2790459
     510.0000000        0.2868071
     511.0000000        0.2944015
     512.0000000        0.2993931
     513.0000000        0.2959578
     514.0000000        0.2899607
     515.0000000        0.2830152
     516.0000000        0.2806502
     517.0000000        0.2802932
     518.0000000        0.2785827
     519.0000000        0.2783847
     520.0000000        0.2807254
     521.0000000        0.2815210
     522.0000000        0.2802180
     523.0000000        0.2758457
     524.0000000        0.2688386
     525.0000000        0.2630840
     526.0000000        0.2619755
     527.0000000        0.2643100
     528.0000000        0.2645397
     529.0000000        0.2616546
     530.0000000        0.2593908
     531.0000000        0.2591416
     532.0000000        0.2589406
     533.0000000        0.2542154
     534.0000000        0.2449351
     535.0000000        0.2391597
     536.0000000        0.2397747
     537.0000000        0.2418142
     538.0000000        0.2463691
     539.0000000        0.2539711
     540.0000000        0.2553540
     541.0000000        0.2576003
     542.0000000        0.2581814
     543.0000000        0.2585376
     544.0000000        0.2567194
     545.0000000        0.2493507
     546.0000000        0.2445680
     547.0000000        0.2436480
     548.0000000        0.2444065
     549.0000000        0.2475443
     550.0000000        0.2462835
     551.0000000        0.2438391
     552.0000000        0.2383559
     553.0000000        0.2337661
     554.0000000        0.2321394
     555.0000000        0.2305729
     556.0000000        0.2257372
     557.0000000        0.2246535
     558.0000000        0.2305909
     559.0000000        0.2359901
     560.0000000        0.2431811
     561.0000000        0.2479909
     562.0000000        0.2549335
     563.0000000        0.2600957
     564.0000000        0.2660461
     565.0000000        0.2690747
     566.0000000        0.2634798
     567.0000000        0.2589540
     568.0000000        0.2539514
     569.0000000        0.2505838
     570.0000000        0.2500321
     571.0000000        0.2510194
     572.0000000        0.2507797
     573.0000000        0.2516377
     574.0000000        0.2540290
     575.0000000        0.2552895
     576.0000000        0.2561743
     577.0000000        0.2607634
     578.0000000        0.2648182
     579.0000000        0.2673332
     580.0000000        0.2702524
     581.0000000        0.2729021
     582.0000000        0.2712826
     583.0000000        0.2665652
     584.0000000        0.2605196
     585.0000000        0.2611627
     586.0000000        0.2582701
     587.0000000        0.2544479
     588.0000000        0.2507975
     589.0000000        0.2460173
     590.0000000        0.2417037
     591.0000000        0.2385173
     592.0000000        0.2379335
     593.0000000        0.2418456
     594.0000000        0.2423584
     595.0000000        0.2385568
     596.0000000        0.2289277
     597.0000000        0.2227952
     598.0000000        0.2197258
     599.0000000        0.2220974
     600.0000000        0.2255570
