       1.0000000        7.0921911
       2.0000000        7.0383224
       3.0000000        7.0096253
       4.0000000        6.9937132
       5.0000000        6.9881493
       6.0000000        7.0128375
       7.0000000        7.0135840
       8.0000000        7.0171666
       9.0000000        7.0474594
      10.0000000        7.0889433
      11.0000000        7.1519144
      12.0000000        7.1720794
      13.0000000        7.1427957
      14.0000000        7.0572084
      15.0000000        6.9441418
      16.0000000        6.8438112
      17.0000000        6.7719104
      18.0000000        6.7266710
      19.0000000        6.7129211
      20.0000000        6.7302410
      21.0000000        6.7575132
      22.0000000        6.7654326
      23.0000000        6.7557071
      24.0000000        6.6915098
      25.0000000        6.6378755
      26.0000000        6.5793584
      27.0000000        6.5653500
      28.0000000        6.5984925
      29.0000000        6.6130745
      30.0000000        6.6769263
      31.0000000        6.7385782
      32.0000000        6.8397364
      33.0000000        6.9255474
      34.0000000        6.9679169
      35.0000000        6.9913333
      36.0000000        7.0034000
      37.0000000        6.9989989
      38.0000000        7.0195947
      39.0000000        7.0226914
      40.0000000        6.9719537
      41.0000000        6.9691905
      42.0000000        6.9854714
      43.0000000        6.9418064
      44.0000000        6.8695030
      45.0000000        6.8235533
      46.0000000        6.8159586
      47.0000000        6.8821142
      48.0000000        6.9475724
      49.0000000        6.9950127
      50.0000000        7.0214156
      51.0000000        7.0275538
      52.0000000        6.9991474
      53.0000000        6.9680944
      54.0000000        6.9531077
      55.0000000        6.9732286
      56.0000000        6.9286638
      57.0000000        6.9405728
      58.0000000        6.9871756
      59.0000000        7.0246485
      60.0000000        7.0813405
      61.0000000        7.0943373
      62.0000000        7.0989521
      63.0000000        7.1115921
      64.0000000        7.1314716
      65.0000000        7.1232847
      66.0000000        7.0895952
      67.0000000        7.0003119
      68.0000000        6.8590213
      69.0000000        6.7901855
      70.0000000        6.7480643
      71.0000000        6.7408047
      72.0000000        6.7909781
      73.0000000        6.8677732
      74.0000000        6.8886161
      75.0000000        6.8784209
      76.0000000        6.8351389
      77.0000000        6.8143650
      78.0000000        6.8520278
      79.0000000        6.9109911
      80.0000000        6.9286199
      81.0000000        6.8831976
      82.0000000        6.8635816
      83.0000000        6.9043663
      84.0000000        6.9592637
      85.0000000        7.0030228
      86.0000000        6.9968643
      87.0000000        7.0038959
      88.0000000        7.0584248
      89.0000000        7.1351791
      90.0000000        7.2024794
      91.0000000        7.3105921
      92.0000000        7.4290171
      93.0000000        7.4605262
      94.0000000        7.4037586
      95.0000000        7.3956132
      96.0000000        7.3423571
      97.0000000        7.2753074
      98.0000000        7.2117135
      99.0000000        7.1692501
     100.0000000        7.1043501
     101.0000000        7.0214356
     102.0000000        6.8940378
     103.0000000        6.7945535
     104.0000000        6.7285788
     105.0000000        6.6501996
     106.0000000        6.6147855
     107.0000000        6.6153306
     108.0000000        6.6133941
     109.0000000        6.6455726
     110.0000000        6.6974524
     111.0000000        6.7454983
     112.0000000        6.8392400
     113.0000000        6.9338639
     114.0000000        6.9824048
     115.0000000        6.9946151
     116.0000000        7.0639225
     117.0000000        7.0877696
     118.0000000        7.1006211
     119.0000000        7.1317618
     120.0000000        7.1276299
     121.0000000        7.1250738
     122.0000000        7.1350252
     123.0000000        7.1478281
     124.0000000        7.0995037
     125.0000000        7.0731577
     126.0000000        7.0541416
     127.0000000        7.0621316
     128.0000000        7.0756093
     129.0000000        7.0792644
     130.0000000        7.1089349
     131.0000000        7.1424913
     132.0000000        7.2004854
     133.0000000        7.2151541
     134.0000000        7.2807216
     135.0000000        7.3141752
     136.0000000        7.3330176
     137.0000000        7.3590811
     138.0000000        7.3568381
     139.0000000        7.3433473
     140.0000000        7.3282606
     141.0000000        7.3324125
     142.0000000        7.3445149
     143.0000000        7.3827159
     144.0000000        7.3990975
     145.0000000        7.3328056
     146.0000000        7.2587149
     147.0000000        7.1915876
     148.0000000        7.1442092
     149.0000000        7.1282372
     150.0000000        7.2091624
     151.0000000        7.3051148
     152.0000000        7.3837506
     153.0000000        7.4785617
     154.0000000        7.4555772
     155.0000000        7.4211597
     156.0000000        7.3617799
     157.0000000        7.3329431
     158.0000000        7.2938954
     159.0000000        7.2749691
     160.0000000        7.2910143
     161.0000000        7.2754098
     162.0000000        7.2246742
     163.0000000        7.1905439
     164.0000000        7.1292086
     165.0000000        7.1224141
     166.0000000        7.1715042
     167.0000000        7.1379666
     168.0000000        7.0704356
     169.0000000        7.0755643
     170.0000000        7.0598025
     171.0000000        7.0902099
     172.0000000        7.0334871
     173.0000000        6.9832908
     174.0000000        6.9740458
     175.0000000        6.9475257
     176.0000000        6.9290698
     177.0000000        6.9122265
     178.0000000        6.9039900
     179.0000000        6.9525873
     180.0000000        7.0338614
     181.0000000        7.1194734
     182.0000000        7.2325859
     183.0000000        7.2203001
     184.0000000        7.1761732
     185.0000000        7.1399780
     186.0000000        7.1693495
     187.0000000        7.2173800
     188.0000000        7.2246636
     189.0000000        7.2588931
     190.0000000        7.2704598
     191.0000000        7.2760012
     192.0000000        7.2227601
     193.0000000        7.2018988
     194.0000000        7.2231480
     195.0000000        7.2714243
     196.0000000        7.2980097
     197.0000000        7.2525201
     198.0000000        7.1942999
     199.0000000        7.1254610
     200.0000000        7.0683072
     201.0000000        6.9897213
     202.0000000        6.9032808
     203.0000000        6.8836901
     204.0000000        6.8468571
     205.0000000        6.8246254
     206.0000000        6.8686434
     207.0000000        6.8839943
     208.0000000        6.8612713
     209.0000000        6.8160324
     210.0000000        6.7328281
     211.0000000        6.7040880
     212.0000000        6.6988253
     213.0000000        6.7041188
     214.0000000        6.7349678
     215.0000000        6.7794758
     216.0000000        6.7705148
     217.0000000        6.8042258
     218.0000000        6.8471169
     219.0000000        6.8488021
     220.0000000        6.8121889
     221.0000000        6.8319984
     222.0000000        6.8684033
     223.0000000        6.8865271
     224.0000000        6.9400097
     225.0000000        6.9702821
     226.0000000        6.9999582
     227.0000000        7.0745403
     228.0000000        7.1483696
     229.0000000        7.1935497
     230.0000000        7.1390502
     231.0000000        7.0999644
     232.0000000        7.0827958
     233.0000000        7.1007912
     234.0000000        7.0937507
     235.0000000        7.1263212
     236.0000000        7.1589500
     237.0000000        7.2017788
     238.0000000        7.2045719
     239.0000000        7.1676713
     240.0000000        7.1745395
     241.0000000        7.1508060
     242.0000000        7.0834528
     243.0000000        7.0345101
     244.0000000        7.0485311
     245.0000000        7.0177171
     246.0000000        6.9543978
     247.0000000        6.9178984
     248.0000000        6.9008248
     249.0000000        6.9245617
     250.0000000        6.9237580
     251.0000000        6.9206019
     252.0000000        6.8826723
     253.0000000        6.7836389
     254.0000000        6.6769657
     255.0000000        6.6568205
     256.0000000        6.6631648
     257.0000000        6.7245079
     258.0000000        6.7383078
     259.0000000        6.7356061
     260.0000000        6.7714429
     261.0000000        6.8128460
     262.0000000        6.8694516
     263.0000000        6.8962823
     264.0000000        6.9109340
     265.0000000        6.9477888
     266.0000000        6.9532177
     267.0000000        6.9973304
     268.0000000        7.0512816
     269.0000000        7.0745170
     270.0000000        7.0407529
     271.0000000        7.0147158
     272.0000000        6.9199707
     273.0000000        6.8391440
     274.0000000        6.7926339
     275.0000000        6.7743563
     276.0000000        6.7473406
     277.0000000        6.7146461
     278.0000000        6.6920036
     279.0000000        6.6841950
     280.0000000        6.7464475
     281.0000000        6.8560936
     282.0000000        6.9753167
     283.0000000        7.0492470
     284.0000000        7.1057387
     285.0000000        7.1259627
     286.0000000        7.2068003
     287.0000000        7.2653052
     288.0000000        7.2646737
     289.0000000        7.2369120
     290.0000000        7.2081654
     291.0000000        7.1697588
     292.0000000        7.1718409
     293.0000000        7.1963081
     294.0000000        7.2071483
     295.0000000        7.1439807
     296.0000000        7.0977320
     297.0000000        7.0781029
     298.0000000        7.1112525
     299.0000000        7.1319034
     300.0000000        7.1676090
     301.0000000        7.1881288
     302.0000000        7.2052791
     303.0000000        7.2087783
     304.0000000        7.2458659
     305.0000000        7.2920988
     306.0000000        7.3565949
     307.0000000        7.4295941
     308.0000000        7.4730069
     309.0000000        7.5239143
     310.0000000        7.5230520
     311.0000000        7.4759899
     312.0000000        7.4519176
     313.0000000        7.4493874
     314.0000000        7.3814406
     315.0000000        7.2828878
     316.0000000        7.1963353
     317.0000000        7.1927476
     318.0000000        7.1498525
     319.0000000        7.0690811
     320.0000000        7.0226764
     321.0000000        7.0314631
     322.0000000        7.0337352
     323.0000000        7.0579120
     324.0000000        7.1009197
     325.0000000        7.1131277
     326.0000000        7.0927138
     327.0000000        7.0411818
     328.0000000        7.0517121
     329.0000000        7.0621715
     330.0000000        7.0394834
     331.0000000        7.0349852
     332.0000000        7.0227879
     333.0000000        6.9914523
     334.0000000        7.0163407
     335.0000000        7.0136840
     336.0000000        6.9653219
     337.0000000        6.8943293
     338.0000000        6.8184970
     339.0000000        6.7596205
     340.0000000        6.7289007
     341.0000000        6.6945304
     342.0000000        6.6812151
     343.0000000        6.6661432
     344.0000000        6.6998043
     345.0000000        6.6818268
     346.0000000        6.6211367
     347.0000000        6.5972598
     348.0000000        6.5886934
     349.0000000        6.5856357
     350.0000000        6.5747770
     351.0000000        6.5681685
     352.0000000        6.5705364
     353.0000000        6.6078163
     354.0000000        6.6694666
     355.0000000        6.7183784
     356.0000000        6.7218022
     357.0000000        6.6828058
     358.0000000        6.6839067
     359.0000000        6.6641252
     360.0000000        6.6752205
     361.0000000        6.6640763
     362.0000000        6.6602826
     363.0000000        6.6430145
     364.0000000        6.6230289
     365.0000000        6.6214298
     366.0000000        6.6493325
     367.0000000        6.7005009
     368.0000000        6.7145006
     369.0000000        6.7745045
     370.0000000        6.8425058
     371.0000000        6.9081808
     372.0000000        6.9756298
     373.0000000        7.0424022
     374.0000000        7.0791573
     375.0000000        7.0679501
     376.0000000        7.0197323
     377.0000000        7.0014917
     378.0000000        7.0488594
     379.0000000        7.0841606
     380.0000000        7.0837985
     381.0000000        7.0654793
     382.0000000        7.0147027
     383.0000000        6.9344618
     384.0000000        6.8353054
     385.0000000        6.7878791
     386.0000000        6.7606263
     387.0000000        6.7354853
     388.0000000        6.7233463
     389.0000000        6.7396656
     390.0000000        6.7406341
     391.0000000        6.7322235
     392.0000000        6.7327303
     393.0000000        6.6894669
     394.0000000        6.6297350
     395.0000000        6.6147274
     396.0000000        6.6235403
     397.0000000        6.6405783
     398.0000000        6.6732995
     399.0000000        6.7135642
     400.0000000        6.6793210
     401.0000000        6.6839310
     402.0000000        6.7574230
     403.0000000        6.8425082
     404.0000000        6.9235242
     405.0000000        6.9808047
     406.0000000        7.0039155
     407.0000000        7.0121545
     408.0000000        6.9821675
     409.0000000        6.9936212
     410.0000000        7.0201414
     411.0000000        7.0185971
     412.0000000        7.0212424
     413.0000000        6.9971451
     414.0000000        6.9197167
     415.0000000        6.8895097
     416.0000000        6.8217155
     417.0000000        6.7034722
     418.0000000        6.6166812
     419.0000000        6.5757743
     420.0000000        6.6189262
     421.0000000        6.6406731
     422.0000000        6.6617420
     423.0000000        6.6635769
     424.0000000        6.6615303
     425.0000000        6.6794375
     426.0000000        6.6982534
     427.0000000        6.7310016
     428.0000000        6.7767581
     429.0000000        6.8287791
     430.0000000        6.9686804
     431.0000000        7.0757757
     432.0000000        7.1630252
     433.0000000        7.2324649
     434.0000000        7.2484996
     435.0000000        7.2429827
     436.0000000        7.2020138
     437.0000000        7.1354958
     438.0000000        7.0981373
     439.0000000        7.0616785
     440.0000000        6.9972182
     441.0000000        6.9669071
     442.0000000        6.9946892
     443.0000000        6.9881474
     444.0000000        6.9803023
     445.0000000        6.9173214
     446.0000000        6.8888772
     447.0000000        6.8634895
     448.0000000        6.8596481
     449.0000000        6.8410400
     450.0000000        6.8122839
     451.0000000        6.8070082
     452.0000000        6.8278514
     453.0000000        6.8515693
     454.0000000        6.8673958
     455.0000000        6.9233512
     456.0000000        6.9615957
     457.0000000        7.0058534
     458.0000000        7.0849623
     459.0000000        7.0904785
     460.0000000        7.0404560
     461.0000000        6.9854835
     462.0000000        6.9892616
     463.0000000        6.9827703
     464.0000000        7.0001735
     465.0000000        7.0258341
     466.0000000        7.0503829
     467.0000000        7.0465013
     468.0000000        7.0540583
     469.0000000        7.0578674
     470.0000000        7.0110449
     471.0000000        7.0378291
     472.0000000        7.0347346
     473.0000000        6.9756779
     474.0000000        6.9182701
     475.0000000        6.8473348
     476.0000000        6.7997574
     477.0000000        6.7660940
     478.0000000        6.7650318
     479.0000000        6.7886513
     480.0000000        6.8117363
     481.0000000        6.8291731
     482.0000000        6.8250670
     483.0000000        6.8208620
     484.0000000        6.8038286
     485.0000000        6.7893374
     486.0000000        6.7873205
     487.0000000        6.7951937
     488.0000000        6.8323452
     489.0000000        6.8623472
     490.0000000        6.9211127
     491.0000000        6.9392631
     492.0000000        6.9403972
     493.0000000        6.9300799
     494.0000000        6.9571344
     495.0000000        7.0205945
     496.0000000        7.0887155
     497.0000000        7.1209538
     498.0000000        7.0729558
     499.0000000        7.0187219
     500.0000000        7.0287492
     501.0000000        7.0140064
     502.0000000        6.9834684
     503.0000000        6.9578519
     504.0000000        6.9606746
     505.0000000        6.9616234
     506.0000000        6.9510056
     507.0000000        6.9535831
     508.0000000        7.0412145
     509.0000000        7.0452290
     510.0000000        7.0476106
     511.0000000        7.0343768
     512.0000000        7.0919729
     513.0000000        7.0925536
     514.0000000        7.0784557
     515.0000000        7.0050435
     516.0000000        6.9309734
     517.0000000        6.8980409
     518.0000000        6.8294287
     519.0000000        6.7648815
     520.0000000        6.6773302
     521.0000000        6.5568750
     522.0000000        6.5114885
     523.0000000        6.4911353
     524.0000000        6.5339539
     525.0000000        6.5845945
     526.0000000        6.6145051
     527.0000000        6.6513399
     528.0000000        6.6702836
     529.0000000        6.6644485
     530.0000000        6.6268967
     531.0000000        6.6303913
     532.0000000        6.6582895
     533.0000000        6.6563169
     534.0000000        6.6575383
     535.0000000        6.6485378
     536.0000000        6.6807044
     537.0000000        6.7002330
     538.0000000        6.7613601
     539.0000000        6.8587217
     540.0000000        6.9047290
     541.0000000        6.9468652
     542.0000000        6.9384052
     543.0000000        6.9850942
     544.0000000        7.0171232
     545.0000000        7.0794200
     546.0000000        7.1204122
     547.0000000        7.1448117
     548.0000000        7.1414858
     549.0000000        7.0658443
     550.0000000        7.0318154
     551.0000000        6.9605010
     552.0000000        6.8804375
     553.0000000        6.8109411
     554.0000000        6.7598328
     555.0000000        6.7121954
     556.0000000        6.6495180
     557.0000000        6.6293890
     558.0000000        6.6105291
     559.0000000        6.6116596
     560.0000000        6.6115134
     561.0000000        6.6219658
     562.0000000        6.6130185
     563.0000000        6.5662255
     564.0000000        6.5585158
     565.0000000        6.5807645
     566.0000000        6.5927394
     567.0000000        6.6412538
     568.0000000        6.6641056
     569.0000000        6.7137932
     570.0000000        6.8172931
     571.0000000        6.9550966
     572.0000000        7.0097588
     573.0000000        7.0095544
     574.0000000        7.0085745
     575.0000000        6.9887772
     576.0000000        6.9571190
     577.0000000        6.9242613
     578.0000000        6.8639549
     579.0000000        6.8272220
     580.0000000        6.7961412
     581.0000000        6.7693393
     582.0000000        6.7558404
     583.0000000        6.7529750
     584.0000000        6.7953741
     585.0000000        6.7975536
     586.0000000        6.8141446
     587.0000000        6.8840852
     588.0000000        6.8880119
     589.0000000        6.9351483
     590.0000000        7.0103126
     591.0000000        7.0627728
     592.0000000        7.0796247
     593.0000000        7.0994030
     594.0000000        7.1350069
     595.0000000        7.1287765
     596.0000000        7.1014708
     597.0000000        7.0498629
     598.0000000        7.0052614
     599.0000000        6.9937252
     600.0000000        7.0107829
