       1.0000000        2.2563879
       2.0000000        2.2483704
       3.0000000        2.2300823
       4.0000000        2.2029932
       5.0000000        2.1812878
       6.0000000        2.1683352
       7.0000000        2.1615238
       8.0000000        2.1548474
       9.0000000        2.1481555
      10.0000000        2.1431775
      11.0000000        2.1412120
      12.0000000        2.1394980
      13.0000000        2.1375852
      14.0000000        2.1382060
      15.0000000        2.1386225
      16.0000000        2.1381052
      17.0000000        2.1403363
      18.0000000        2.1413932
      19.0000000        2.1425707
      20.0000000        2.1474948
      21.0000000        2.1548920
      22.0000000        2.1628079
      23.0000000        2.1652048
      24.0000000        2.1648660
      25.0000000        2.1700532
      26.0000000        2.1801553
      27.0000000        2.1861951
      28.0000000        2.1924257
      29.0000000        2.1992712
      30.0000000        2.1989586
      31.0000000        2.1928082
      32.0000000        2.1830206
      33.0000000        2.1757989
      34.0000000        2.1717632
      35.0000000        2.1735804
      36.0000000        2.1740265
      37.0000000        2.1742744
      38.0000000        2.1731079
      39.0000000        2.1723726
      40.0000000        2.1714072
      41.0000000        2.1707449
      42.0000000        2.1712799
      43.0000000        2.1680419
      44.0000000        2.1615064
      45.0000000        2.1574900
      46.0000000        2.1607251
      47.0000000        2.1674542
      48.0000000        2.1715469
      49.0000000        2.1721036
      50.0000000        2.1723347
      51.0000000        2.1719375
      52.0000000        2.1724675
      53.0000000        2.1753590
      54.0000000        2.1786947
      55.0000000        2.1784954
      56.0000000        2.1696808
      57.0000000        2.1557214
      58.0000000        2.1444812
      59.0000000        2.1376147
      60.0000000        2.1350238
      61.0000000        2.1340151
      62.0000000        2.1341722
      63.0000000        2.1356294
      64.0000000        2.1376951
      65.0000000        2.1419923
      66.0000000        2.1485782
      67.0000000        2.1552091
      68.0000000        2.1566732
      69.0000000        2.1554837
      70.0000000        2.1499565
      71.0000000        2.1414740
      72.0000000        2.1303124
      73.0000000        2.1235442
      74.0000000        2.1216574
      75.0000000        2.1217515
      76.0000000        2.1198978
      77.0000000        2.1176791
      78.0000000        2.1167412
      79.0000000        2.1233146
      80.0000000        2.1361425
      81.0000000        2.1437516
      82.0000000        2.1415997
      83.0000000        2.1374731
      84.0000000        2.1407058
      85.0000000        2.1446528
      86.0000000        2.1461778
      87.0000000        2.1412418
      88.0000000        2.1314476
      89.0000000        2.1242857
      90.0000000        2.1210060
      91.0000000        2.1218696
      92.0000000        2.1252284
      93.0000000        2.1266642
      94.0000000        2.1256437
      95.0000000        2.1234756
      96.0000000        2.1212823
      97.0000000        2.1190457
      98.0000000        2.1180048
      99.0000000        2.1187165
     100.0000000        2.1199853
     101.0000000        2.1221943
     102.0000000        2.1257963
     103.0000000        2.1279411
     104.0000000        2.1272168
     105.0000000        2.1250381
     106.0000000        2.1237736
     107.0000000        2.1255813
     108.0000000        2.1294565
     109.0000000        2.1339328
     110.0000000        2.1357348
     111.0000000        2.1340387
     112.0000000        2.1295753
     113.0000000        2.1249390
     114.0000000        2.1222060
     115.0000000        2.1186154
     116.0000000        2.1193929
     117.0000000        2.1270010
     118.0000000        2.1395149
     119.0000000        2.1490848
     120.0000000        2.1524816
     121.0000000        2.1552436
     122.0000000        2.1610377
     123.0000000        2.1716909
     124.0000000        2.1804302
     125.0000000        2.1866477
     126.0000000        2.1901104
     127.0000000        2.1860611
     128.0000000        2.1786966
     129.0000000        2.1753116
     130.0000000        2.1743889
     131.0000000        2.1685457
     132.0000000        2.1576285
     133.0000000        2.1430204
     134.0000000        2.1292858
     135.0000000        2.1214521
     136.0000000        2.1163940
     137.0000000        2.1087954
     138.0000000        2.0985510
     139.0000000        2.0915234
     140.0000000        2.0872931
     141.0000000        2.0891163
     142.0000000        2.0930002
     143.0000000        2.0972650
     144.0000000        2.1030517
     145.0000000        2.1073828
     146.0000000        2.1088181
     147.0000000        2.1115754
     148.0000000        2.1161499
     149.0000000        2.1185217
     150.0000000        2.1184976
     151.0000000        2.1190236
     152.0000000        2.1204329
     153.0000000        2.1211607
     154.0000000        2.1185303
     155.0000000        2.1196716
     156.0000000        2.1273348
     157.0000000        2.1371224
     158.0000000        2.1404817
     159.0000000        2.1369481
     160.0000000        2.1336615
     161.0000000        2.1365469
     162.0000000        2.1420596
     163.0000000        2.1442242
     164.0000000        2.1474893
     165.0000000        2.1530261
     166.0000000        2.1571960
     167.0000000        2.1581025
     168.0000000        2.1582739
     169.0000000        2.1557188
     170.0000000        2.1556225
     171.0000000        2.1619852
     172.0000000        2.1686289
     173.0000000        2.1756327
     174.0000000        2.1795638
     175.0000000        2.1772652
     176.0000000        2.1751125
     177.0000000        2.1691298
     178.0000000        2.1557000
     179.0000000        2.1450539
     180.0000000        2.1383457
     181.0000000        2.1349878
     182.0000000        2.1342883
     183.0000000        2.1352317
     184.0000000        2.1364362
     185.0000000        2.1387661
     186.0000000        2.1379654
     187.0000000        2.1367366
     188.0000000        2.1373866
     189.0000000        2.1418595
     190.0000000        2.1480453
     191.0000000        2.1511934
     192.0000000        2.1483855
     193.0000000        2.1437619
     194.0000000        2.1368167
     195.0000000        2.1294606
     196.0000000        2.1227808
     197.0000000        2.1159790
     198.0000000        2.1131878
     199.0000000        2.1108263
     200.0000000        2.1068149
     201.0000000        2.1021948
     202.0000000        2.1028104
     203.0000000        2.1071665
     204.0000000        2.1117918
     205.0000000        2.1158884
     206.0000000        2.1194367
     207.0000000        2.1218052
     208.0000000        2.1241868
     209.0000000        2.1263728
     210.0000000        2.1236367
     211.0000000        2.1195388
     212.0000000        2.1203699
     213.0000000        2.1236048
     214.0000000        2.1244452
     215.0000000        2.1243241
     216.0000000        2.1261840
     217.0000000        2.1269748
     218.0000000        2.1293833
     219.0000000        2.1338594
     220.0000000        2.1402709
     221.0000000        2.1480808
     222.0000000        2.1561561
     223.0000000        2.1585658
     224.0000000        2.1571083
     225.0000000        2.1583047
     226.0000000        2.1602805
     227.0000000        2.1620104
     228.0000000        2.1668956
     229.0000000        2.1717069
     230.0000000        2.1723559
     231.0000000        2.1665037
     232.0000000        2.1568501
     233.0000000        2.1508048
     234.0000000        2.1510925
     235.0000000        2.1580801
     236.0000000        2.1687057
     237.0000000        2.1756678
     238.0000000        2.1738398
     239.0000000        2.1681342
     240.0000000        2.1643023
     241.0000000        2.1636009
     242.0000000        2.1678650
     243.0000000        2.1692352
     244.0000000        2.1654313
     245.0000000        2.1624391
     246.0000000        2.1616762
     247.0000000        2.1603005
     248.0000000        2.1574860
     249.0000000        2.1550014
     250.0000000        2.1573718
     251.0000000        2.1639011
     252.0000000        2.1667979
     253.0000000        2.1630988
     254.0000000        2.1588764
     255.0000000        2.1528828
     256.0000000        2.1442437
     257.0000000        2.1346414
     258.0000000        2.1254220
     259.0000000        2.1136358
     260.0000000        2.1030934
     261.0000000        2.0986416
     262.0000000        2.1017632
     263.0000000        2.1074519
     264.0000000        2.1159265
     265.0000000        2.1236537
     266.0000000        2.1318133
     267.0000000        2.1428845
     268.0000000        2.1512518
     269.0000000        2.1550360
     270.0000000        2.1547768
     271.0000000        2.1482091
     272.0000000        2.1400681
     273.0000000        2.1338050
     274.0000000        2.1314430
     275.0000000        2.1297848
     276.0000000        2.1282544
     277.0000000        2.1279697
     278.0000000        2.1307738
     279.0000000        2.1338537
     280.0000000        2.1331766
     281.0000000        2.1339316
     282.0000000        2.1433799
     283.0000000        2.1538980
     284.0000000        2.1604440
     285.0000000        2.1591666
     286.0000000        2.1576099
     287.0000000        2.1560760
     288.0000000        2.1538687
     289.0000000        2.1508317
     290.0000000        2.1452913
     291.0000000        2.1384816
     292.0000000        2.1309080
     293.0000000        2.1212721
     294.0000000        2.1120214
     295.0000000        2.1073174
     296.0000000        2.1052220
     297.0000000        2.1037745
     298.0000000        2.1060693
     299.0000000        2.1119683
     300.0000000        2.1180849
     301.0000000        2.1247482
     302.0000000        2.1336632
     303.0000000        2.1466472
     304.0000000        2.1593330
     305.0000000        2.1642601
     306.0000000        2.1547117
     307.0000000        2.1399333
     308.0000000        2.1287107
     309.0000000        2.1256032
     310.0000000        2.1268265
     311.0000000        2.1286087
     312.0000000        2.1344633
     313.0000000        2.1431673
     314.0000000        2.1515608
     315.0000000        2.1538246
     316.0000000        2.1555459
     317.0000000        2.1546748
     318.0000000        2.1536438
     319.0000000        2.1525612
     320.0000000        2.1471355
     321.0000000        2.1357033
     322.0000000        2.1254196
     323.0000000        2.1229651
     324.0000000        2.1267300
     325.0000000        2.1308975
     326.0000000        2.1336932
     327.0000000        2.1385608
     328.0000000        2.1463954
     329.0000000        2.1562870
     330.0000000        2.1728523
     331.0000000        2.1901746
     332.0000000        2.2014341
     333.0000000        2.2035847
     334.0000000        2.1984529
     335.0000000        2.1933186
     336.0000000        2.1920285
     337.0000000        2.1976242
     338.0000000        2.1993129
     339.0000000        2.1921210
     340.0000000        2.1840270
     341.0000000        2.1734340
     342.0000000        2.1611879
     343.0000000        2.1566901
     344.0000000        2.1631925
     345.0000000        2.1693673
     346.0000000        2.1726100
     347.0000000        2.1717594
     348.0000000        2.1704278
     349.0000000        2.1694260
     350.0000000        2.1733541
     351.0000000        2.1812055
     352.0000000        2.1909270
     353.0000000        2.1952844
     354.0000000        2.1905661
     355.0000000        2.1794021
     356.0000000        2.1688063
     357.0000000        2.1622272
     358.0000000        2.1574674
     359.0000000        2.1548593
     360.0000000        2.1507559
     361.0000000        2.1470857
     362.0000000        2.1485338
     363.0000000        2.1550460
     364.0000000        2.1623104
     365.0000000        2.1632597
     366.0000000        2.1592937
     367.0000000        2.1567001
     368.0000000        2.1551969
     369.0000000        2.1519835
     370.0000000        2.1451547
     371.0000000        2.1367037
     372.0000000        2.1315107
     373.0000000        2.1314685
     374.0000000        2.1325934
     375.0000000        2.1346867
     376.0000000        2.1362398
     377.0000000        2.1356781
     378.0000000        2.1311476
     379.0000000        2.1252506
     380.0000000        2.1223280
     381.0000000        2.1214802
     382.0000000        2.1225271
     383.0000000        2.1227219
     384.0000000        2.1225474
     385.0000000        2.1261563
     386.0000000        2.1358306
     387.0000000        2.1455410
     388.0000000        2.1524124
     389.0000000        2.1587281
     390.0000000        2.1663804
     391.0000000        2.1760051
     392.0000000        2.1830809
     393.0000000        2.1832602
     394.0000000        2.1806142
     395.0000000        2.1785982
     396.0000000        2.1789415
     397.0000000        2.1756165
     398.0000000        2.1669912
     399.0000000        2.1584318
     400.0000000        2.1517155
     401.0000000        2.1422064
     402.0000000        2.1320975
     403.0000000        2.1198573
     404.0000000        2.1086860
     405.0000000        2.0952957
     406.0000000        2.0831354
     407.0000000        2.0731483
     408.0000000        2.0668161
     409.0000000        2.0659831
     410.0000000        2.0728099
     411.0000000        2.0857275
     412.0000000        2.1009338
     413.0000000        2.1130979
     414.0000000        2.1202447
     415.0000000        2.1283329
     416.0000000        2.1365831
     417.0000000        2.1460693
     418.0000000        2.1562674
     419.0000000        2.1609721
     420.0000000        2.1565914
     421.0000000        2.1506085
     422.0000000        2.1488276
     423.0000000        2.1482620
     424.0000000        2.1448178
     425.0000000        2.1399784
     426.0000000        2.1329534
     427.0000000        2.1293631
     428.0000000        2.1315949
     429.0000000        2.1366351
     430.0000000        2.1416297
     431.0000000        2.1458378
     432.0000000        2.1483467
     433.0000000        2.1517589
     434.0000000        2.1512253
     435.0000000        2.1493101
     436.0000000        2.1448522
     437.0000000        2.1432607
     438.0000000        2.1502655
     439.0000000        2.1565173
     440.0000000        2.1571817
     441.0000000        2.1528194
     442.0000000        2.1404450
     443.0000000        2.1253600
     444.0000000        2.1149814
     445.0000000        2.1112115
     446.0000000        2.1118393
     447.0000000        2.1119094
     448.0000000        2.1093595
     449.0000000        2.1054807
     450.0000000        2.0988936
     451.0000000        2.0899704
     452.0000000        2.0832360
     453.0000000        2.0815175
     454.0000000        2.0819714
     455.0000000        2.0846896
     456.0000000        2.0871158
     457.0000000        2.0850101
     458.0000000        2.0831456
     459.0000000        2.0867841
     460.0000000        2.0927935
     461.0000000        2.0962467
     462.0000000        2.0995736
     463.0000000        2.1026919
     464.0000000        2.1077328
     465.0000000        2.1102481
     466.0000000        2.1117606
     467.0000000        2.1128054
     468.0000000        2.1122844
     469.0000000        2.1074822
     470.0000000        2.1015568
     471.0000000        2.0991516
     472.0000000        2.0990777
     473.0000000        2.1021338
     474.0000000        2.1076143
     475.0000000        2.1131999
     476.0000000        2.1179557
     477.0000000        2.1259212
     478.0000000        2.1350615
     479.0000000        2.1435959
     480.0000000        2.1500392
     481.0000000        2.1530137
     482.0000000        2.1534815
     483.0000000        2.1556127
     484.0000000        2.1589618
     485.0000000        2.1608765
     486.0000000        2.1586361
     487.0000000        2.1552544
     488.0000000        2.1506946
     489.0000000        2.1482966
     490.0000000        2.1485693
     491.0000000        2.1544306
     492.0000000        2.1637940
     493.0000000        2.1747642
     494.0000000        2.1844752
     495.0000000        2.1893351
     496.0000000        2.1872506
     497.0000000        2.1784151
     498.0000000        2.1713884
     499.0000000        2.1676970
     500.0000000        2.1622417
     501.0000000        2.1534374
     502.0000000        2.1423287
     503.0000000        2.1329970
     504.0000000        2.1298842
     505.0000000        2.1349127
     506.0000000        2.1441035
     507.0000000        2.1553538
     508.0000000        2.1638827
     509.0000000        2.1643648
     510.0000000        2.1625495
     511.0000000        2.1617527
     512.0000000        2.1639547
     513.0000000        2.1716685
     514.0000000        2.1802180
     515.0000000        2.1844478
     516.0000000        2.1874118
     517.0000000        2.1878409
     518.0000000        2.1824732
     519.0000000        2.1740365
     520.0000000        2.1678908
     521.0000000        2.1659987
     522.0000000        2.1671722
     523.0000000        2.1701612
     524.0000000        2.1683757
     525.0000000        2.1619174
     526.0000000        2.1565685
     527.0000000        2.1521280
     528.0000000        2.1468282
     529.0000000        2.1422596
     530.0000000        2.1433542
     531.0000000        2.1499467
     532.0000000        2.1580846
     533.0000000        2.1647336
     534.0000000        2.1713183
     535.0000000        2.1680043
     536.0000000        2.1554267
     537.0000000        2.1421010
     538.0000000        2.1339440
     539.0000000        2.1306601
     540.0000000        2.1336122
     541.0000000        2.1337943
     542.0000000        2.1292982
     543.0000000        2.1224456
     544.0000000        2.1144669
     545.0000000        2.1077440
     546.0000000        2.1038611
     547.0000000        2.1045032
     548.0000000        2.1122582
     549.0000000        2.1199615
     550.0000000        2.1230395
     551.0000000        2.1212690
     552.0000000        2.1224778
     553.0000000        2.1278102
     554.0000000        2.1321051
     555.0000000        2.1315000
     556.0000000        2.1265006
     557.0000000        2.1190391
     558.0000000        2.1165278
     559.0000000        2.1192777
     560.0000000        2.1200764
     561.0000000        2.1226597
     562.0000000        2.1289241
     563.0000000        2.1329932
     564.0000000        2.1334314
     565.0000000        2.1356509
     566.0000000        2.1429865
     567.0000000        2.1520069
     568.0000000        2.1620691
     569.0000000        2.1726120
     570.0000000        2.1798217
     571.0000000        2.1820073
     572.0000000        2.1879480
     573.0000000        2.1956933
     574.0000000        2.2000804
     575.0000000        2.1986735
     576.0000000        2.1935692
     577.0000000        2.1838021
     578.0000000        2.1733956
     579.0000000        2.1643496
     580.0000000        2.1555886
     581.0000000        2.1479473
     582.0000000        2.1421297
     583.0000000        2.1399233
     584.0000000        2.1344495
     585.0000000        2.1275380
     586.0000000        2.1240706
     587.0000000        2.1273623
     588.0000000        2.1326592
     589.0000000        2.1343789
     590.0000000        2.1352441
     591.0000000        2.1337671
     592.0000000        2.1301649
     593.0000000        2.1279652
     594.0000000        2.1305645
     595.0000000        2.1375082
     596.0000000        2.1420541
     597.0000000        2.1432359
     598.0000000        2.1412039
     599.0000000        2.1384697
     600.0000000        2.1306496
