       1.0000000        2.5110490
       2.0000000        2.5149548
       3.0000000        2.5262327
       4.0000000        2.5288503
       5.0000000        2.5341203
       6.0000000        2.5323339
       7.0000000        2.5255435
       8.0000000        2.5195169
       9.0000000        2.5085204
      10.0000000        2.4959087
      11.0000000        2.4840446
      12.0000000        2.4620249
      13.0000000        2.4380803
      14.0000000        2.4156606
      15.0000000        2.3850012
      16.0000000        2.3559833
      17.0000000        2.3242877
      18.0000000        2.3029497
      19.0000000        2.2787879
      20.0000000        2.2610927
      21.0000000        2.2471728
      22.0000000        2.2360506
      23.0000000        2.2259281
      24.0000000        2.2123432
      25.0000000        2.2019174
      26.0000000        2.1864619
      27.0000000        2.1701612
      28.0000000        2.1495769
      29.0000000        2.1260440
      30.0000000        2.1030669
      31.0000000        2.0765026
      32.0000000        2.0559971
      33.0000000        2.0359805
      34.0000000        2.0210948
      35.0000000        2.0071874
      36.0000000        1.9930168
      37.0000000        1.9809309
      38.0000000        1.9712172
      39.0000000        1.9629554
      40.0000000        1.9537891
      41.0000000        1.9422008
      42.0000000        1.9347327
      43.0000000        1.9236375
      44.0000000        1.9120181
      45.0000000        1.8996530
      46.0000000        1.8908219
      47.0000000        1.8833622
      48.0000000        1.8734459
      49.0000000        1.8664651
      50.0000000        1.8627306
      51.0000000        1.8609163
      52.0000000        1.8593011
      53.0000000        1.8576672
      54.0000000        1.8557986
      55.0000000        1.8561225
      56.0000000        1.8571260
      57.0000000        1.8576578
      58.0000000        1.8614428
      59.0000000        1.8723159
      60.0000000        1.8828690
      61.0000000        1.8901576
      62.0000000        1.8922130
      63.0000000        1.8928356
      64.0000000        1.8964312
      65.0000000        1.8994124
      66.0000000        1.9014550
      67.0000000        1.9027177
      68.0000000        1.8999041
      69.0000000        1.8947821
      70.0000000        1.8901447
      71.0000000        1.8829348
      72.0000000        1.8801152
      73.0000000        1.8784969
      74.0000000        1.8743989
      75.0000000        1.8696781
      76.0000000        1.8657118
      77.0000000        1.8642133
      78.0000000        1.8576159
      79.0000000        1.8496238
      80.0000000        1.8397974
      81.0000000        1.8275458
      82.0000000        1.8155599
      83.0000000        1.8035041
      84.0000000        1.7929080
      85.0000000        1.7803257
      86.0000000        1.7670904
      87.0000000        1.7530746
      88.0000000        1.7390174
      89.0000000        1.7259431
      90.0000000        1.7136878
      91.0000000        1.7022904
      92.0000000        1.6914508
      93.0000000        1.6790434
      94.0000000        1.6658102
      95.0000000        1.6529368
      96.0000000        1.6406862
      97.0000000        1.6268861
      98.0000000        1.6115748
      99.0000000        1.5959142
     100.0000000        1.5802275
     101.0000000        1.5638285
     102.0000000        1.5491915
     103.0000000        1.5358254
     104.0000000        1.5222203
     105.0000000        1.5097365
     106.0000000        1.4981337
     107.0000000        1.4874800
     108.0000000        1.4773738
     109.0000000        1.4695233
     110.0000000        1.4624915
     111.0000000        1.4563259
     112.0000000        1.4505537
     113.0000000        1.4440181
     114.0000000        1.4378675
     115.0000000        1.4332922
     116.0000000        1.4312371
     117.0000000        1.4306744
     118.0000000        1.4305449
     119.0000000        1.4307417
     120.0000000        1.4319193
     121.0000000        1.4324219
     122.0000000        1.4330757
     123.0000000        1.4350502
     124.0000000        1.4380432
     125.0000000        1.4409432
     126.0000000        1.4439366
     127.0000000        1.4464988
     128.0000000        1.4487630
     129.0000000        1.4510528
     130.0000000        1.4537365
     131.0000000        1.4578454
     132.0000000        1.4626348
     133.0000000        1.4672599
     134.0000000        1.4726945
     135.0000000        1.4787849
     136.0000000        1.4858981
     137.0000000        1.4933261
     138.0000000        1.4996469
     139.0000000        1.5042351
     140.0000000        1.5068419
     141.0000000        1.5056255
     142.0000000        1.5036608
     143.0000000        1.5015559
     144.0000000        1.5011518
     145.0000000        1.5014157
     146.0000000        1.5026960
     147.0000000        1.5034121
     148.0000000        1.5073558
     149.0000000        1.5129304
     150.0000000        1.5189182
     151.0000000        1.5247710
     152.0000000        1.5316423
     153.0000000        1.5390633
     154.0000000        1.5467294
     155.0000000        1.5579169
     156.0000000        1.5704503
     157.0000000        1.5844523
     158.0000000        1.5985417
     159.0000000        1.6125125
     160.0000000        1.6244118
     161.0000000        1.6359898
     162.0000000        1.6488012
     163.0000000        1.6611397
     164.0000000        1.6747133
     165.0000000        1.6881896
     166.0000000        1.7030721
     167.0000000        1.7167675
     168.0000000        1.7286698
     169.0000000        1.7395407
     170.0000000        1.7528393
     171.0000000        1.7612094
     172.0000000        1.7671008
     173.0000000        1.7729262
     174.0000000        1.7765726
     175.0000000        1.7791234
     176.0000000        1.7849241
     177.0000000        1.7902871
     178.0000000        1.7980313
     179.0000000        1.8035891
     180.0000000        1.8096819
     181.0000000        1.8185289
     182.0000000        1.8310118
     183.0000000        1.8415916
     184.0000000        1.8515618
     185.0000000        1.8621131
     186.0000000        1.8726335
     187.0000000        1.8850807
     188.0000000        1.8960564
     189.0000000        1.9030368
     190.0000000        1.9085320
     191.0000000        1.9135665
     192.0000000        1.9193177
     193.0000000        1.9247119
     194.0000000        1.9248881
     195.0000000        1.9244035
     196.0000000        1.9236104
     197.0000000        1.9240648
     198.0000000        1.9188671
     199.0000000        1.9157144
     200.0000000        1.9091555
     201.0000000        1.8984361
     202.0000000        1.8885370
     203.0000000        1.8798978
     204.0000000        1.8709412
     205.0000000        1.8621458
     206.0000000        1.8535396
     207.0000000        1.8430314
     208.0000000        1.8299969
     209.0000000        1.8144690
     210.0000000        1.7984372
     211.0000000        1.7833222
     212.0000000        1.7711462
     213.0000000        1.7625777
     214.0000000        1.7561861
     215.0000000        1.7491336
     216.0000000        1.7436717
     217.0000000        1.7398860
     218.0000000        1.7366680
     219.0000000        1.7356443
     220.0000000        1.7381376
     221.0000000        1.7411717
     222.0000000        1.7465333
     223.0000000        1.7527162
     224.0000000        1.7577207
     225.0000000        1.7599621
     226.0000000        1.7634381
     227.0000000        1.7689234
     228.0000000        1.7713704
     229.0000000        1.7717727
     230.0000000        1.7698126
     231.0000000        1.7689122
     232.0000000        1.7707968
     233.0000000        1.7723153
     234.0000000        1.7700806
     235.0000000        1.7668931
     236.0000000        1.7613668
     237.0000000        1.7507279
     238.0000000        1.7381213
     239.0000000        1.7251617
     240.0000000        1.7139450
     241.0000000        1.7033556
     242.0000000        1.6975551
     243.0000000        1.6965225
     244.0000000        1.6987097
     245.0000000        1.6999259
     246.0000000        1.7009732
     247.0000000        1.6990501
     248.0000000        1.6949335
     249.0000000        1.6937178
     250.0000000        1.6944149
     251.0000000        1.6954043
     252.0000000        1.7012994
     253.0000000        1.7082572
     254.0000000        1.7143880
     255.0000000        1.7201200
     256.0000000        1.7287256
     257.0000000        1.7370565
     258.0000000        1.7433937
     259.0000000        1.7469741
     260.0000000        1.7501568
     261.0000000        1.7504053
     262.0000000        1.7523311
     263.0000000        1.7543237
     264.0000000        1.7556930
     265.0000000        1.7564147
     266.0000000        1.7584767
     267.0000000        1.7624196
     268.0000000        1.7659929
     269.0000000        1.7677122
     270.0000000        1.7676789
     271.0000000        1.7651614
     272.0000000        1.7609053
     273.0000000        1.7593062
     274.0000000        1.7576013
     275.0000000        1.7539432
     276.0000000        1.7483261
     277.0000000        1.7420841
     278.0000000        1.7363364
     279.0000000        1.7303487
     280.0000000        1.7291670
     281.0000000        1.7296422
     282.0000000        1.7321237
     283.0000000        1.7360716
     284.0000000        1.7377347
     285.0000000        1.7378831
     286.0000000        1.7412345
     287.0000000        1.7474360
     288.0000000        1.7523522
     289.0000000        1.7590058
     290.0000000        1.7639501
     291.0000000        1.7665634
     292.0000000        1.7683181
     293.0000000        1.7712123
     294.0000000        1.7760026
     295.0000000        1.7823999
     296.0000000        1.7867321
     297.0000000        1.7922314
     298.0000000        1.7982897
     299.0000000        1.8043956
     300.0000000        1.8083708
     301.0000000        1.8104115
     302.0000000        1.8117101
     303.0000000        1.8152226
     304.0000000        1.8182304
     305.0000000        1.8192353
     306.0000000        1.8201963
     307.0000000        1.8164809
     308.0000000        1.8108001
     309.0000000        1.8017496
     310.0000000        1.7906682
     311.0000000        1.7799454
     312.0000000        1.7695704
     313.0000000        1.7602116
     314.0000000        1.7522676
     315.0000000        1.7450490
     316.0000000        1.7369077
     317.0000000        1.7287822
     318.0000000        1.7214283
     319.0000000        1.7144836
     320.0000000        1.7099348
     321.0000000        1.7076205
     322.0000000        1.7072829
     323.0000000        1.7075362
     324.0000000        1.7092302
     325.0000000        1.7115800
     326.0000000        1.7116919
     327.0000000        1.7087611
     328.0000000        1.7027909
     329.0000000        1.6948928
     330.0000000        1.6878648
     331.0000000        1.6856246
     332.0000000        1.6858221
     333.0000000        1.6842251
     334.0000000        1.6843077
     335.0000000        1.6838986
     336.0000000        1.6850121
     337.0000000        1.6846917
     338.0000000        1.6850327
     339.0000000        1.6904541
     340.0000000        1.6961359
     341.0000000        1.7017912
     342.0000000        1.7070853
     343.0000000        1.7133349
     344.0000000        1.7183865
     345.0000000        1.7236185
     346.0000000        1.7299199
     347.0000000        1.7377851
     348.0000000        1.7407008
     349.0000000        1.7397743
     350.0000000        1.7385108
     351.0000000        1.7383465
     352.0000000        1.7374332
     353.0000000        1.7344754
     354.0000000        1.7294451
     355.0000000        1.7220052
     356.0000000        1.7122107
     357.0000000        1.7066664
     358.0000000        1.7034843
     359.0000000        1.6983705
     360.0000000        1.6937973
     361.0000000        1.6918362
     362.0000000        1.6919109
     363.0000000        1.6938779
     364.0000000        1.6961595
     365.0000000        1.6941692
     366.0000000        1.6888860
     367.0000000        1.6848938
     368.0000000        1.6847481
     369.0000000        1.6827018
     370.0000000        1.6783692
     371.0000000        1.6731694
     372.0000000        1.6700662
     373.0000000        1.6695085
     374.0000000        1.6686335
     375.0000000        1.6660529
     376.0000000        1.6637315
     377.0000000        1.6635846
     378.0000000        1.6651551
     379.0000000        1.6666456
     380.0000000        1.6687443
     381.0000000        1.6686103
     382.0000000        1.6653092
     383.0000000        1.6597561
     384.0000000        1.6550298
     385.0000000        1.6506019
     386.0000000        1.6446955
     387.0000000        1.6376830
     388.0000000        1.6298167
     389.0000000        1.6221653
     390.0000000        1.6152163
     391.0000000        1.6075785
     392.0000000        1.5997601
     393.0000000        1.5922610
     394.0000000        1.5852178
     395.0000000        1.5777557
     396.0000000        1.5712514
     397.0000000        1.5632123
     398.0000000        1.5540293
     399.0000000        1.5443556
     400.0000000        1.5337667
     401.0000000        1.5224161
     402.0000000        1.5106113
     403.0000000        1.4996783
     404.0000000        1.4897890
     405.0000000        1.4799911
     406.0000000        1.4702549
     407.0000000        1.4612880
     408.0000000        1.4542657
     409.0000000        1.4484524
     410.0000000        1.4432892
     411.0000000        1.4395918
     412.0000000        1.4357601
     413.0000000        1.4315844
     414.0000000        1.4282182
     415.0000000        1.4262589
     416.0000000        1.4260304
     417.0000000        1.4262385
     418.0000000        1.4257679
     419.0000000        1.4253926
     420.0000000        1.4253763
     421.0000000        1.4259393
     422.0000000        1.4264321
     423.0000000        1.4281775
     424.0000000        1.4309063
     425.0000000        1.4341444
     426.0000000        1.4378150
     427.0000000        1.4426937
     428.0000000        1.4489870
     429.0000000        1.4560955
     430.0000000        1.4636174
     431.0000000        1.4717346
     432.0000000        1.4809444
     433.0000000        1.4907889
     434.0000000        1.5008571
     435.0000000        1.5104879
     436.0000000        1.5196009
     437.0000000        1.5290409
     438.0000000        1.5385870
     439.0000000        1.5472264
     440.0000000        1.5560136
     441.0000000        1.5655584
     442.0000000        1.5741045
     443.0000000        1.5821931
     444.0000000        1.5916964
     445.0000000        1.6028782
     446.0000000        1.6128221
     447.0000000        1.6216190
     448.0000000        1.6283927
     449.0000000        1.6321510
     450.0000000        1.6352775
     451.0000000        1.6401432
     452.0000000        1.6461921
     453.0000000        1.6533748
     454.0000000        1.6582099
     455.0000000        1.6633672
     456.0000000        1.6699353
     457.0000000        1.6785545
     458.0000000        1.6877323
     459.0000000        1.6934320
     460.0000000        1.6963160
     461.0000000        1.6977270
     462.0000000        1.6976076
     463.0000000        1.6955025
     464.0000000        1.6914192
     465.0000000        1.6880163
     466.0000000        1.6846436
     467.0000000        1.6794245
     468.0000000        1.6726527
     469.0000000        1.6654364
     470.0000000        1.6576794
     471.0000000        1.6512322
     472.0000000        1.6444622
     473.0000000        1.6355165
     474.0000000        1.6259582
     475.0000000        1.6173313
     476.0000000        1.6104248
     477.0000000        1.6048819
     478.0000000        1.6001295
     479.0000000        1.5940218
     480.0000000        1.5893528
     481.0000000        1.5861882
     482.0000000        1.5833108
     483.0000000        1.5801374
     484.0000000        1.5755243
     485.0000000        1.5716106
     486.0000000        1.5695566
     487.0000000        1.5666202
     488.0000000        1.5638698
     489.0000000        1.5615023
     490.0000000        1.5595680
     491.0000000        1.5582700
     492.0000000        1.5566443
     493.0000000        1.5539514
     494.0000000        1.5505989
     495.0000000        1.5468342
     496.0000000        1.5426313
     497.0000000        1.5377212
     498.0000000        1.5310410
     499.0000000        1.5229238
     500.0000000        1.5138998
     501.0000000        1.5052271
     502.0000000        1.4972088
     503.0000000        1.4889833
     504.0000000        1.4797705
     505.0000000        1.4704244
     506.0000000        1.4623048
     507.0000000        1.4557739
     508.0000000        1.4498523
     509.0000000        1.4433762
     510.0000000        1.4360857
     511.0000000        1.4284724
     512.0000000        1.4217904
     513.0000000        1.4159977
     514.0000000        1.4100516
     515.0000000        1.4040145
     516.0000000        1.3980652
     517.0000000        1.3921821
     518.0000000        1.3864795
     519.0000000        1.3810983
     520.0000000        1.3764788
     521.0000000        1.3718908
     522.0000000        1.3673477
     523.0000000        1.3630046
     524.0000000        1.3585230
     525.0000000        1.3540339
     526.0000000        1.3505934
     527.0000000        1.3485470
     528.0000000        1.3481452
     529.0000000        1.3487179
     530.0000000        1.3491741
     531.0000000        1.3494893
     532.0000000        1.3507224
     533.0000000        1.3531691
     534.0000000        1.3563091
     535.0000000        1.3595190
     536.0000000        1.3630905
     537.0000000        1.3668622
     538.0000000        1.3710120
     539.0000000        1.3759072
     540.0000000        1.3811651
     541.0000000        1.3877568
     542.0000000        1.3962758
     543.0000000        1.4049276
     544.0000000        1.4126701
     545.0000000        1.4182051
     546.0000000        1.4228802
     547.0000000        1.4284356
     548.0000000        1.4337412
     549.0000000        1.4395238
     550.0000000        1.4464413
     551.0000000        1.4540792
     552.0000000        1.4621030
     553.0000000        1.4712251
     554.0000000        1.4809984
     555.0000000        1.4899000
     556.0000000        1.4973121
     557.0000000        1.5040984
     558.0000000        1.5104766
     559.0000000        1.5159769
     560.0000000        1.5205886
     561.0000000        1.5237172
     562.0000000        1.5264068
     563.0000000        1.5297756
     564.0000000        1.5325136
     565.0000000        1.5341876
     566.0000000        1.5347706
     567.0000000        1.5355189
     568.0000000        1.5359975
     569.0000000        1.5374181
     570.0000000        1.5387713
     571.0000000        1.5388319
     572.0000000        1.5375355
     573.0000000        1.5362252
     574.0000000        1.5336727
     575.0000000        1.5305152
     576.0000000        1.5270251
     577.0000000        1.5224829
     578.0000000        1.5188969
     579.0000000        1.5155050
     580.0000000        1.5125926
     581.0000000        1.5094318
     582.0000000        1.5055016
     583.0000000        1.5009931
     584.0000000        1.4976130
     585.0000000        1.4951516
     586.0000000        1.4926641
     587.0000000        1.4898911
     588.0000000        1.4872165
     589.0000000        1.4853039
     590.0000000        1.4833943
     591.0000000        1.4814249
     592.0000000        1.4789345
     593.0000000        1.4773250
     594.0000000        1.4759315
     595.0000000        1.4753293
     596.0000000        1.4759684
     597.0000000        1.4771677
     598.0000000        1.4786930
     599.0000000        1.4807003
     600.0000000        1.4826928
