       1.0000000        6.9802456
       2.0000000        6.9930534
       3.0000000        6.9897449
       4.0000000        6.9800299
       5.0000000        6.9865276
       6.0000000        7.0543014
       7.0000000        7.1189980
       8.0000000        7.1155045
       9.0000000        7.0953204
      10.0000000        7.0846397
      11.0000000        7.0565873
      12.0000000        6.9859312
      13.0000000        6.9175290
      14.0000000        6.8323776
      15.0000000        6.7934709
      16.0000000        6.7245773
      17.0000000        6.6640784
      18.0000000        6.6397448
      19.0000000        6.6048567
      20.0000000        6.6377424
      21.0000000        6.6982388
      22.0000000        6.8087849
      23.0000000        6.9049536
      24.0000000        7.0347240
      25.0000000        7.1311239
      26.0000000        7.2051766
      27.0000000        7.2687524
      28.0000000        7.3364499
      29.0000000        7.4161492
      30.0000000        7.4764597
      31.0000000        7.5409740
      32.0000000        7.5404750
      33.0000000        7.5275157
      34.0000000        7.5218005
      35.0000000        7.5414106
      36.0000000        7.5777658
      37.0000000        7.6063545
      38.0000000        7.6024447
      39.0000000        7.6012562
      40.0000000        7.6127614
      41.0000000        7.6400076
      42.0000000        7.6168704
      43.0000000        7.6164271
      44.0000000        7.6934733
      45.0000000        7.7843967
      46.0000000        7.9176653
      47.0000000        7.9709011
      48.0000000        8.0155743
      49.0000000        8.0362865
      50.0000000        8.0315689
      51.0000000        7.9800089
      52.0000000        7.8906585
      53.0000000        7.7612643
      54.0000000        7.6164246
      55.0000000        7.5033033
      56.0000000        7.3545362
      57.0000000        7.1949839
      58.0000000        7.0539129
      59.0000000        6.8902810
      60.0000000        6.7356839
      61.0000000        6.5753057
      62.0000000        6.3945156
      63.0000000        6.2333542
      64.0000000        6.1065019
      65.0000000        6.0517335
      66.0000000        6.0603375
      67.0000000        6.0506291
      68.0000000        6.0513232
      69.0000000        6.0543624
      70.0000000        6.0720060
      71.0000000        6.1348745
      72.0000000        6.2038952
      73.0000000        6.3045349
      74.0000000        6.3691333
      75.0000000        6.4533518
      76.0000000        6.5703303
      77.0000000        6.6094428
      78.0000000        6.6016753
      79.0000000        6.5784103
      80.0000000        6.5562726
      81.0000000        6.5746617
      82.0000000        6.6113239
      83.0000000        6.6238517
      84.0000000        6.6251765
      85.0000000        6.6225183
      86.0000000        6.5861311
      87.0000000        6.6001995
      88.0000000        6.6497270
      89.0000000        6.6517311
      90.0000000        6.6266804
      91.0000000        6.6084908
      92.0000000        6.5975595
      93.0000000        6.5846214
      94.0000000        6.5856615
      95.0000000        6.5484034
      96.0000000        6.5359892
      97.0000000        6.5150772
      98.0000000        6.5292832
      99.0000000        6.5430523
     100.0000000        6.5419084
     101.0000000        6.5156067
     102.0000000        6.5320289
     103.0000000        6.5608989
     104.0000000        6.6542204
     105.0000000        6.8036214
     106.0000000        6.9800852
     107.0000000        7.1513430
     108.0000000        7.2928610
     109.0000000        7.4263211
     110.0000000        7.5015503
     111.0000000        7.5670152
     112.0000000        7.5476595
     113.0000000        7.5323875
     114.0000000        7.5743145
     115.0000000        7.6406783
     116.0000000        7.6973681
     117.0000000        7.7340825
     118.0000000        7.7197577
     119.0000000        7.7154654
     120.0000000        7.7331612
     121.0000000        7.7618166
     122.0000000        7.8025537
     123.0000000        7.8007592
     124.0000000        7.7464505
     125.0000000        7.6520225
     126.0000000        7.5163815
     127.0000000        7.3978195
     128.0000000        7.2740347
     129.0000000        7.1665420
     130.0000000        7.0686332
     131.0000000        6.9806835
     132.0000000        6.9000408
     133.0000000        6.7821783
     134.0000000        6.6113283
     135.0000000        6.4570646
     136.0000000        6.3189282
     137.0000000        6.2280277
     138.0000000        6.1623554
     139.0000000        6.0845884
     140.0000000        6.0479616
     141.0000000        6.0582848
     142.0000000        6.1106804
     143.0000000        6.1992504
     144.0000000        6.3195661
     145.0000000        6.4653664
     146.0000000        6.6169637
     147.0000000        6.7750238
     148.0000000        6.9053245
     149.0000000        6.9667083
     150.0000000        7.0247079
     151.0000000        7.1006751
     152.0000000        7.1659584
     153.0000000        7.1665329
     154.0000000        7.1273785
     155.0000000        7.0576078
     156.0000000        6.9664099
     157.0000000        6.8747266
     158.0000000        6.8143201
     159.0000000        6.7939812
     160.0000000        6.7740311
     161.0000000        6.7312019
     162.0000000        6.6370420
     163.0000000        6.5428781
     164.0000000        6.4835524
     165.0000000        6.4673702
     166.0000000        6.4381162
     167.0000000        6.4012371
     168.0000000        6.3737017
     169.0000000        6.3717824
     170.0000000        6.3530900
     171.0000000        6.2558747
     172.0000000        6.1561372
     173.0000000        6.0795358
     174.0000000        6.0330652
     175.0000000        5.9913026
     176.0000000        5.9623247
     177.0000000        5.9272464
     178.0000000        5.8738693
     179.0000000        5.7937007
     180.0000000        5.7184591
     181.0000000        5.7050398
     182.0000000        5.7046371
     183.0000000        5.7294680
     184.0000000        5.7581418
     185.0000000        5.7544905
     186.0000000        5.7368629
     187.0000000        5.6612729
     188.0000000        5.5264883
     189.0000000        5.4146743
     190.0000000        5.3124309
     191.0000000        5.2184201
     192.0000000        5.1649706
     193.0000000        5.1762895
     194.0000000        5.1500408
     195.0000000        5.1223021
     196.0000000        5.0957733
     197.0000000        5.0567545
     198.0000000        4.9748564
     199.0000000        4.8998400
     200.0000000        4.8344061
     201.0000000        4.7386607
     202.0000000        4.6997004
     203.0000000        4.6852415
     204.0000000        4.6578696
     205.0000000        4.6159009
     206.0000000        4.5948650
     207.0000000        4.5923233
     208.0000000        4.5886171
     209.0000000        4.5485396
     210.0000000        4.4998439
     211.0000000        4.4842760
     212.0000000        4.4906215
     213.0000000        4.5066220
     214.0000000        4.5178445
     215.0000000        4.4777109
     216.0000000        4.4088079
     217.0000000        4.3291755
     218.0000000        4.2758842
     219.0000000        4.2165776
     220.0000000        4.1600776
     221.0000000        4.1304004
     222.0000000        4.1094528
     223.0000000        4.0760201
     224.0000000        4.0374001
     225.0000000        4.0080995
     226.0000000        4.0023218
     227.0000000        4.0148686
     228.0000000        4.0249904
     229.0000000        4.0328968
     230.0000000        4.0387821
     231.0000000        4.0873630
     232.0000000        4.1612799
     233.0000000        4.2211884
     234.0000000        4.2696592
     235.0000000        4.3413571
     236.0000000        4.4435191
     237.0000000        4.5914098
     238.0000000        4.7776535
     239.0000000        4.9763185
     240.0000000        5.1381136
     241.0000000        5.3154541
     242.0000000        5.5246625
     243.0000000        5.7263229
     244.0000000        5.9284750
     245.0000000        6.1073270
     246.0000000        6.2181631
     247.0000000        6.2873893
     248.0000000        6.3555436
     249.0000000        6.3969559
     250.0000000        6.4157880
     251.0000000        6.4614599
     252.0000000        6.5679782
     253.0000000        6.6827124
     254.0000000        6.7634737
     255.0000000        6.8021318
     256.0000000        6.8755598
     257.0000000        6.9728903
     258.0000000        7.0386105
     259.0000000        7.1092039
     260.0000000        7.1451486
     261.0000000        7.2086310
     262.0000000        7.2642688
     263.0000000        7.3132640
     264.0000000        7.3386025
     265.0000000        7.3299280
     266.0000000        7.3391842
     267.0000000        7.3875775
     268.0000000        7.4441417
     269.0000000        7.4802162
     270.0000000        7.4996394
     271.0000000        7.4991534
     272.0000000        7.5726145
     273.0000000        7.6742115
     274.0000000        7.6998354
     275.0000000        7.7123950
     276.0000000        7.7904032
     277.0000000        7.8829664
     278.0000000        7.9811661
     279.0000000        8.0168707
     280.0000000        8.0052439
     281.0000000        7.9718599
     282.0000000        7.9907091
     283.0000000        7.9760661
     284.0000000        8.0285352
     285.0000000        8.0647043
     286.0000000        8.0706361
     287.0000000        8.0621324
     288.0000000        8.0466657
     289.0000000        8.0872479
     290.0000000        8.0429254
     291.0000000        7.9423690
     292.0000000        7.8539074
     293.0000000        7.7320939
     294.0000000        7.6129202
     295.0000000        7.4539489
     296.0000000        7.2644753
     297.0000000        7.0446073
     298.0000000        6.8691819
     299.0000000        6.7213247
     300.0000000        6.6175701
     301.0000000        6.5362056
     302.0000000        6.4698044
     303.0000000        6.3768065
     304.0000000        6.2979496
     305.0000000        6.2228727
     306.0000000        6.2020677
     307.0000000        6.1818945
     308.0000000        6.1698483
     309.0000000        6.1776859
     310.0000000        6.1952418
     311.0000000        6.1871619
     312.0000000        6.1497943
     313.0000000        6.1222173
     314.0000000        6.1050743
     315.0000000        6.0923726
     316.0000000        6.0642330
     317.0000000        6.0495317
     318.0000000        6.0668614
     319.0000000        6.0631198
     320.0000000        6.0564155
     321.0000000        6.0875692
     322.0000000        6.1308949
     323.0000000        6.1735703
     324.0000000        6.2468259
     325.0000000        6.3047559
     326.0000000        6.3163783
     327.0000000        6.3381634
     328.0000000        6.3365436
     329.0000000        6.3475404
     330.0000000        6.3173772
     331.0000000        6.2613267
     332.0000000        6.2211702
     333.0000000        6.2219790
     334.0000000        6.2481733
     335.0000000        6.2583406
     336.0000000        6.2694397
     337.0000000        6.3527031
     338.0000000        6.4208299
     339.0000000        6.5012168
     340.0000000        6.5982785
     341.0000000        6.6981932
     342.0000000        6.7712990
     343.0000000        6.8506022
     344.0000000        6.9012036
     345.0000000        6.9435301
     346.0000000        6.9819070
     347.0000000        7.0141315
     348.0000000        7.0094642
     349.0000000        7.0265619
     350.0000000        7.0312980
     351.0000000        6.9803279
     352.0000000        6.9524910
     353.0000000        6.9453771
     354.0000000        6.8922309
     355.0000000        6.8525471
     356.0000000        6.8326246
     357.0000000        6.8635476
     358.0000000        6.8986801
     359.0000000        6.9388812
     360.0000000        7.0051793
     361.0000000        7.0580100
     362.0000000        7.1182731
     363.0000000        7.1318528
     364.0000000        7.1234364
     365.0000000        7.1657084
     366.0000000        7.2395730
     367.0000000        7.3786270
     368.0000000        7.5307493
     369.0000000        7.6610160
     370.0000000        7.7429228
     371.0000000        7.8081802
     372.0000000        7.8562424
     373.0000000        7.8796705
     374.0000000        7.8758144
     375.0000000        7.8531115
     376.0000000        7.8343586
     377.0000000        7.7064784
     378.0000000        7.5972479
     379.0000000        7.4992551
     380.0000000        7.3409214
     381.0000000        7.1564192
     382.0000000        7.0434933
     383.0000000        6.9602990
     384.0000000        6.9232513
     385.0000000        6.8798352
     386.0000000        6.8140997
     387.0000000        6.7524706
     388.0000000        6.6786044
     389.0000000        6.6470705
     390.0000000        6.6558955
     391.0000000        6.6369845
     392.0000000        6.6202963
     393.0000000        6.6246235
     394.0000000        6.6119123
     395.0000000        6.5708080
     396.0000000        6.5507780
     397.0000000        6.5952970
     398.0000000        6.5913760
     399.0000000        6.5174710
     400.0000000        6.4700748
     401.0000000        6.3790535
     402.0000000        6.3597651
     403.0000000        6.4075070
     404.0000000        6.4160444
     405.0000000        6.4177237
     406.0000000        6.3834450
     407.0000000        6.3626203
     408.0000000        6.3004669
     409.0000000        6.2093484
     410.0000000        6.0781254
     411.0000000        5.9855223
     412.0000000        5.8757916
     413.0000000        5.7331049
     414.0000000        5.6482003
     415.0000000        5.6126874
     416.0000000        5.5649487
     417.0000000        5.5194283
     418.0000000        5.4432162
     419.0000000        5.3199184
     420.0000000        5.2054084
     421.0000000        5.0816858
     422.0000000        4.9889071
     423.0000000        4.9479412
     424.0000000        4.9465176
     425.0000000        4.9521742
     426.0000000        4.9191078
     427.0000000        4.8886634
     428.0000000        4.8465525
     429.0000000        4.8158177
     430.0000000        4.7989921
     431.0000000        4.7771399
     432.0000000        4.7837022
     433.0000000        4.7723158
     434.0000000        4.7291015
     435.0000000        4.6710695
     436.0000000        4.6593783
     437.0000000        4.6968528
     438.0000000        4.7497080
     439.0000000        4.7965762
     440.0000000        4.8466433
     441.0000000        4.8970162
     442.0000000        4.9508272
     443.0000000        5.0091592
     444.0000000        5.0539609
     445.0000000        5.0984752
     446.0000000        5.1748771
     447.0000000        5.2603292
     448.0000000        5.3608507
     449.0000000        5.4654722
     450.0000000        5.6021551
     451.0000000        5.7348131
     452.0000000        5.8367524
     453.0000000        5.9345509
     454.0000000        6.0577296
     455.0000000        6.2226912
     456.0000000        6.3723734
     457.0000000        6.5219553
     458.0000000        6.7157651
     459.0000000        6.8691719
     460.0000000        6.9619893
     461.0000000        7.0414244
     462.0000000        7.1439543
     463.0000000        7.2176607
     464.0000000        7.2377237
     465.0000000        7.2615531
     466.0000000        7.2957623
     467.0000000        7.3001741
     468.0000000        7.2935535
     469.0000000        7.2954154
     470.0000000        7.3443632
     471.0000000        7.4159155
     472.0000000        7.4708696
     473.0000000        7.4090536
     474.0000000        7.3099136
     475.0000000        7.2165087
     476.0000000        7.1491412
     477.0000000        7.1054657
     478.0000000        7.0783070
     479.0000000        7.0939036
     480.0000000        7.0993740
     481.0000000        7.0984955
     482.0000000        7.0948826
     483.0000000        7.1068786
     484.0000000        7.1324027
     485.0000000        7.1075215
     486.0000000        7.1426902
     487.0000000        7.2435164
     488.0000000        7.3252903
     489.0000000        7.3780218
     490.0000000        7.4286964
     491.0000000        7.4476886
     492.0000000        7.4836626
     493.0000000        7.5414322
     494.0000000        7.6200920
     495.0000000        7.6260638
     496.0000000        7.6459118
     497.0000000        7.6542030
     498.0000000        7.6360594
     499.0000000        7.6224068
     500.0000000        7.6069607
     501.0000000        7.5125639
     502.0000000        7.4042504
     503.0000000        7.2397183
     504.0000000        7.0691502
     505.0000000        6.9334091
     506.0000000        6.7760491
     507.0000000        6.5565983
     508.0000000        6.3473564
     509.0000000        6.1528405
     510.0000000        5.9836302
     511.0000000        5.8508413
     512.0000000        5.6951511
     513.0000000        5.5873656
     514.0000000        5.4725643
     515.0000000        5.3795682
     516.0000000        5.3168049
     517.0000000        5.2787281
     518.0000000        5.2624267
     519.0000000        5.2371061
     520.0000000        5.1845830
     521.0000000        5.1788491
     522.0000000        5.1736189
     523.0000000        5.1941172
     524.0000000        5.2331167
     525.0000000        5.2633948
     526.0000000        5.2610607
     527.0000000        5.2504365
     528.0000000        5.2769479
     529.0000000        5.3094288
     530.0000000        5.3379802
     531.0000000        5.4069068
     532.0000000        5.4721265
     533.0000000        5.5244696
     534.0000000        5.5921624
     535.0000000        5.7030281
     536.0000000        5.8000957
     537.0000000        5.9540837
     538.0000000        6.1323145
     539.0000000        6.2823402
     540.0000000        6.4091975
     541.0000000        6.5187160
     542.0000000        6.5603853
     543.0000000        6.5954417
     544.0000000        6.6355375
     545.0000000        6.6661952
     546.0000000        6.7183209
     547.0000000        6.7825209
     548.0000000        6.7691971
     549.0000000        6.7860853
     550.0000000        6.7659695
     551.0000000        6.6783740
     552.0000000        6.6028916
     553.0000000        6.5094977
     554.0000000        6.4513683
     555.0000000        6.4173278
     556.0000000        6.3515673
     557.0000000        6.2887405
     558.0000000        6.1857093
     559.0000000        6.0844993
     560.0000000        6.0181212
     561.0000000        5.9154653
     562.0000000        5.7661238
     563.0000000        5.6075277
     564.0000000        5.4837554
     565.0000000        5.4091054
     566.0000000        5.3859035
     567.0000000        5.3783784
     568.0000000        5.3273133
     569.0000000        5.2888536
     570.0000000        5.2237311
     571.0000000        5.2030730
     572.0000000        5.2440106
     573.0000000        5.3060342
     574.0000000        5.3757103
     575.0000000        5.4298678
     576.0000000        5.4599813
     577.0000000        5.4572976
     578.0000000        5.4792268
     579.0000000        5.5397375
     580.0000000        5.5900915
     581.0000000        5.6364359
     582.0000000        5.6971711
     583.0000000        5.7419076
     584.0000000        5.7597903
     585.0000000        5.8025160
     586.0000000        5.8585367
     587.0000000        5.8803565
     588.0000000        5.8898216
     589.0000000        5.9082876
     590.0000000        5.9585345
     591.0000000        6.0073648
     592.0000000        6.0133240
     593.0000000        6.0312567
     594.0000000        6.0776725
     595.0000000        6.1557846
     596.0000000        6.1879867
     597.0000000        6.2009969
     598.0000000        6.2410370
     599.0000000        6.2464122
     600.0000000        6.2359117
