       1.0000000        4.3603671
       2.0000000        3.7340394
       3.0000000        3.2637372
       4.0000000        2.9498492
       5.0000000        2.7293191
       6.0000000        2.5774987
       7.0000000        2.4756255
       8.0000000        2.4202975
       9.0000000        2.3888925
      10.0000000        2.3572713
      11.0000000        2.3312169
      12.0000000        2.3141714
      13.0000000        2.3038833
      14.0000000        2.2985003
      15.0000000        2.2966059
      16.0000000        2.2957536
      17.0000000        2.2981211
      18.0000000        2.2990302
      19.0000000        2.2922884
      20.0000000        2.2839692
      21.0000000        2.2808440
      22.0000000        2.2723590
      23.0000000        2.2567277
      24.0000000        2.2409374
      25.0000000        2.2364672
      26.0000000        2.2417743
      27.0000000        2.2443235
      28.0000000        2.2559416
      29.0000000        2.2753288
      30.0000000        2.2967738
      31.0000000        2.3053001
      32.0000000        2.2944021
      33.0000000        2.2733490
      34.0000000        2.2554276
      35.0000000        2.2398376
      36.0000000        2.2296816
      37.0000000        2.2268072
      38.0000000        2.2293053
      39.0000000        2.2363723
      40.0000000        2.2394802
      41.0000000        2.2340128
      42.0000000        2.2360984
      43.0000000        2.2479100
      44.0000000        2.2546341
      45.0000000        2.2432473
      46.0000000        2.2174625
      47.0000000        2.1932294
      48.0000000        2.1823667
      49.0000000        2.1878134
      50.0000000        2.2058339
      51.0000000        2.2193002
      52.0000000        2.2161716
      53.0000000        2.2083597
      54.0000000        2.2066230
      55.0000000        2.2053086
      56.0000000        2.2066757
      57.0000000        2.2066330
      58.0000000        2.1976759
      59.0000000        2.1865686
      60.0000000        2.1799420
      61.0000000        2.1741670
      62.0000000        2.1722344
      63.0000000        2.1777276
      64.0000000        2.1845595
      65.0000000        2.1955322
      66.0000000        2.2086689
      67.0000000        2.2168100
      68.0000000        2.2176519
      69.0000000        2.2096654
      70.0000000        2.2011326
      71.0000000        2.2032811
      72.0000000        2.2069130
      73.0000000        2.2085907
      74.0000000        2.2103685
      75.0000000        2.2120917
      76.0000000        2.2133765
      77.0000000        2.2141152
      78.0000000        2.2113884
      79.0000000        2.2081519
      80.0000000        2.2035189
      81.0000000        2.1949003
      82.0000000        2.1823113
      83.0000000        2.1709835
      84.0000000        2.1594752
      85.0000000        2.1467004
      86.0000000        2.1397320
      87.0000000        2.1383115
      88.0000000        2.1363429
      89.0000000        2.1362226
      90.0000000        2.1327069
      91.0000000        2.1278517
      92.0000000        2.1227122
      93.0000000        2.1255436
      94.0000000        2.1279198
      95.0000000        2.1290015
      96.0000000        2.1342920
      97.0000000        2.1477009
      98.0000000        2.1646287
      99.0000000        2.1770266
     100.0000000        2.1921936
     101.0000000        2.2090421
     102.0000000        2.2227599
     103.0000000        2.2313263
     104.0000000        2.2415326
     105.0000000        2.2518416
     106.0000000        2.2642916
     107.0000000        2.2660583
     108.0000000        2.2563775
     109.0000000        2.2355733
     110.0000000        2.2232421
     111.0000000        2.2277795
     112.0000000        2.2416811
     113.0000000        2.2558688
     114.0000000        2.2575179
     115.0000000        2.2471084
     116.0000000        2.2282584
     117.0000000        2.2073346
     118.0000000        2.1897258
     119.0000000        2.1793710
     120.0000000        2.1855454
     121.0000000        2.2000166
     122.0000000        2.2149833
     123.0000000        2.2225254
     124.0000000        2.2217490
     125.0000000        2.2109355
     126.0000000        2.1950942
     127.0000000        2.1841043
     128.0000000        2.1869340
     129.0000000        2.1953031
     130.0000000        2.2041093
     131.0000000        2.2135219
     132.0000000        2.2223921
     133.0000000        2.2354287
     134.0000000        2.2552879
     135.0000000        2.2709637
     136.0000000        2.2835266
     137.0000000        2.2904005
     138.0000000        2.2949810
     139.0000000        2.2940723
     140.0000000        2.2800934
     141.0000000        2.2630661
     142.0000000        2.2441604
     143.0000000        2.2403549
     144.0000000        2.2415071
     145.0000000        2.2477457
     146.0000000        2.2560316
     147.0000000        2.2707226
     148.0000000        2.2853471
     149.0000000        2.2916280
     150.0000000        2.2952192
     151.0000000        2.3027066
     152.0000000        2.2923613
     153.0000000        2.2806567
     154.0000000        2.2910323
     155.0000000        2.3083370
     156.0000000        2.3147808
     157.0000000        2.3123556
     158.0000000        2.3125191
     159.0000000        2.3240961
     160.0000000        2.3315726
     161.0000000        2.3204763
     162.0000000        2.3010779
     163.0000000        2.2796889
     164.0000000        2.2556835
     165.0000000        2.2387399
     166.0000000        2.2325669
     167.0000000        2.2286349
     168.0000000        2.2202951
     169.0000000        2.2015660
     170.0000000        2.1831963
     171.0000000        2.1759954
     172.0000000        2.1812320
     173.0000000        2.1928806
     174.0000000        2.2081099
     175.0000000        2.2233296
     176.0000000        2.2338163
     177.0000000        2.2406220
     178.0000000        2.2459305
     179.0000000        2.2548076
     180.0000000        2.2600829
     181.0000000        2.2592289
     182.0000000        2.2636950
     183.0000000        2.2687794
     184.0000000        2.2635889
     185.0000000        2.2529777
     186.0000000        2.2483648
     187.0000000        2.2507044
     188.0000000        2.2539594
     189.0000000        2.2556598
     190.0000000        2.2586673
     191.0000000        2.2675189
     192.0000000        2.2803446
     193.0000000        2.2873781
     194.0000000        2.2921411
     195.0000000        2.2884092
     196.0000000        2.2823441
     197.0000000        2.2770972
     198.0000000        2.2669709
     199.0000000        2.2636633
     200.0000000        2.2681611
     201.0000000        2.2696498
     202.0000000        2.2580022
     203.0000000        2.2352714
     204.0000000        2.2021232
     205.0000000        2.1743686
     206.0000000        2.1632996
     207.0000000        2.1580704
     208.0000000        2.1521743
     209.0000000        2.1510434
     210.0000000        2.1593002
     211.0000000        2.1743897
     212.0000000        2.1909982
     213.0000000        2.2128742
     214.0000000        2.2434983
     215.0000000        2.2716540
     216.0000000        2.2890425
     217.0000000        2.3031838
     218.0000000        2.3163899
     219.0000000        2.3152255
     220.0000000        2.3052411
     221.0000000        2.2972641
     222.0000000        2.2860738
     223.0000000        2.2695876
     224.0000000        2.2430629
     225.0000000        2.2186235
     226.0000000        2.2071252
     227.0000000        2.2019652
     228.0000000        2.1963643
     229.0000000        2.1861735
     230.0000000        2.1751548
     231.0000000        2.1681807
     232.0000000        2.1628763
     233.0000000        2.1559265
     234.0000000        2.1526319
     235.0000000        2.1514159
     236.0000000        2.1565733
     237.0000000        2.1652451
     238.0000000        2.1695871
     239.0000000        2.1739161
     240.0000000        2.1902952
     241.0000000        2.2215587
     242.0000000        2.2543454
     243.0000000        2.2722153
     244.0000000        2.2770319
     245.0000000        2.2806594
     246.0000000        2.2864047
     247.0000000        2.2857807
     248.0000000        2.2752051
     249.0000000        2.2552513
     250.0000000        2.2355524
     251.0000000        2.2223854
     252.0000000        2.2212669
     253.0000000        2.2285653
     254.0000000        2.2396362
     255.0000000        2.2570540
     256.0000000        2.2769987
     257.0000000        2.2907483
     258.0000000        2.2946002
     259.0000000        2.2977489
     260.0000000        2.3014416
     261.0000000        2.3168493
     262.0000000        2.3359332
     263.0000000        2.3514274
     264.0000000        2.3622359
     265.0000000        2.3678318
     266.0000000        2.3673734
     267.0000000        2.3571749
     268.0000000        2.3298576
     269.0000000        2.2956953
     270.0000000        2.2651201
     271.0000000        2.2521405
     272.0000000        2.2615278
     273.0000000        2.2829348
     274.0000000        2.3037341
     275.0000000        2.3156981
     276.0000000        2.3241076
     277.0000000        2.3332164
     278.0000000        2.3394170
     279.0000000        2.3397128
     280.0000000        2.3369479
     281.0000000        2.3179674
     282.0000000        2.2955044
     283.0000000        2.2870451
     284.0000000        2.2847654
     285.0000000        2.2805137
     286.0000000        2.2747098
     287.0000000        2.2690670
     288.0000000        2.2583908
     289.0000000        2.2450591
     290.0000000        2.2308535
     291.0000000        2.2154239
     292.0000000        2.2010730
     293.0000000        2.2016539
     294.0000000        2.2093182
     295.0000000        2.2148276
     296.0000000        2.2183641
     297.0000000        2.2149954
     298.0000000        2.2031410
     299.0000000        2.1883042
     300.0000000        2.1689193
     301.0000000        2.1585033
     302.0000000        2.1629615
     303.0000000        2.1680267
     304.0000000        2.1748077
     305.0000000        2.1944622
     306.0000000        2.2139764
     307.0000000        2.2256196
     308.0000000        2.2324885
     309.0000000        2.2464263
     310.0000000        2.2598004
     311.0000000        2.2591703
     312.0000000        2.2499281
     313.0000000        2.2428254
     314.0000000        2.2368669
     315.0000000        2.2360580
     316.0000000        2.2388257
     317.0000000        2.2390086
     318.0000000        2.2348351
     319.0000000        2.2282681
     320.0000000        2.2279211
     321.0000000        2.2311628
     322.0000000        2.2321704
     323.0000000        2.2182226
     324.0000000        2.1995878
     325.0000000        2.1900496
     326.0000000        2.1936805
     327.0000000        2.1990351
     328.0000000        2.2088840
     329.0000000        2.2221581
     330.0000000        2.2281145
     331.0000000        2.2270317
     332.0000000        2.2256121
     333.0000000        2.2335826
     334.0000000        2.2536743
     335.0000000        2.2753301
     336.0000000        2.2934847
     337.0000000        2.3035502
     338.0000000        2.3043296
     339.0000000        2.2890352
     340.0000000        2.2739811
     341.0000000        2.2541405
     342.0000000        2.2391599
     343.0000000        2.2353018
     344.0000000        2.2458296
     345.0000000        2.2601277
     346.0000000        2.2557214
     347.0000000        2.2383174
     348.0000000        2.2341426
     349.0000000        2.2444605
     350.0000000        2.2614389
     351.0000000        2.2817438
     352.0000000        2.2909812
     353.0000000        2.2898249
     354.0000000        2.2912997
     355.0000000        2.2949889
     356.0000000        2.2973187
     357.0000000        2.2845246
     358.0000000        2.2639422
     359.0000000        2.2534053
     360.0000000        2.2593838
     361.0000000        2.2636042
     362.0000000        2.2600605
     363.0000000        2.2525752
     364.0000000        2.2429778
     365.0000000        2.2346557
     366.0000000        2.2198146
     367.0000000        2.2041834
     368.0000000        2.1944423
     369.0000000        2.1850877
     370.0000000        2.1742016
     371.0000000        2.1679404
     372.0000000        2.1755161
     373.0000000        2.1906173
     374.0000000        2.2019860
     375.0000000        2.2082146
     376.0000000        2.2143861
     377.0000000        2.2191136
     378.0000000        2.2167858
     379.0000000        2.2036394
     380.0000000        2.1983775
     381.0000000        2.2076708
     382.0000000        2.2246155
     383.0000000        2.2406305
     384.0000000        2.2458079
     385.0000000        2.2444837
     386.0000000        2.2418890
     387.0000000        2.2453684
     388.0000000        2.2504143
     389.0000000        2.2501495
     390.0000000        2.2401926
     391.0000000        2.2317057
     392.0000000        2.2361771
     393.0000000        2.2416620
     394.0000000        2.2411443
     395.0000000        2.2423642
     396.0000000        2.2389034
     397.0000000        2.2307823
     398.0000000        2.2304079
     399.0000000        2.2335933
     400.0000000        2.2326232
     401.0000000        2.2365633
     402.0000000        2.2527658
     403.0000000        2.2765782
     404.0000000        2.2888349
     405.0000000        2.2806922
     406.0000000        2.2618450
     407.0000000        2.2524762
     408.0000000        2.2567365
     409.0000000        2.2615449
     410.0000000        2.2700416
     411.0000000        2.2773979
     412.0000000        2.2804387
     413.0000000        2.2852105
     414.0000000        2.2937081
     415.0000000        2.3038343
     416.0000000        2.3098040
     417.0000000        2.3051935
     418.0000000        2.2947875
     419.0000000        2.2781097
     420.0000000        2.2583832
     421.0000000        2.2428059
     422.0000000        2.2275236
     423.0000000        2.2125999
     424.0000000        2.2024486
     425.0000000        2.1946399
     426.0000000        2.1865590
     427.0000000        2.1808104
     428.0000000        2.1902290
     429.0000000        2.2094695
     430.0000000        2.2294913
     431.0000000        2.2390560
     432.0000000        2.2416939
     433.0000000        2.2460283
     434.0000000        2.2518464
     435.0000000        2.2570832
     436.0000000        2.2518212
     437.0000000        2.2319569
     438.0000000        2.2087284
     439.0000000        2.1870418
     440.0000000        2.1591404
     441.0000000        2.1313702
     442.0000000        2.1142277
     443.0000000        2.1050611
     444.0000000        2.1059847
     445.0000000        2.1162714
     446.0000000        2.1377620
     447.0000000        2.1750420
     448.0000000        2.2171289
     449.0000000        2.2456037
     450.0000000        2.2583823
     451.0000000        2.2698608
     452.0000000        2.2814496
     453.0000000        2.2808239
     454.0000000        2.2742816
     455.0000000        2.2684998
     456.0000000        2.2614005
     457.0000000        2.2458390
     458.0000000        2.2273204
     459.0000000        2.2140695
     460.0000000        2.2056712
     461.0000000        2.1995873
     462.0000000        2.1990467
     463.0000000        2.1983484
     464.0000000        2.2019779
     465.0000000        2.1995801
     466.0000000        2.1933600
     467.0000000        2.1946058
     468.0000000        2.1952636
     469.0000000        2.1910794
     470.0000000        2.1914829
     471.0000000        2.2042485
     472.0000000        2.2213057
     473.0000000        2.2316711
     474.0000000        2.2343656
     475.0000000        2.2371100
     476.0000000        2.2405256
     477.0000000        2.2419848
     478.0000000        2.2531026
     479.0000000        2.2699642
     480.0000000        2.2774468
     481.0000000        2.2821829
     482.0000000        2.2895859
     483.0000000        2.2935377
     484.0000000        2.2807749
     485.0000000        2.2648169
     486.0000000        2.2613648
     487.0000000        2.2582025
     488.0000000        2.2481899
     489.0000000        2.2316451
     490.0000000        2.2174295
     491.0000000        2.2117363
     492.0000000        2.2223116
     493.0000000        2.2406531
     494.0000000        2.2427060
     495.0000000        2.2264522
     496.0000000        2.2089868
     497.0000000        2.2017862
     498.0000000        2.2003180
     499.0000000        2.1994827
     500.0000000        2.2051913
     501.0000000        2.2112829
     502.0000000        2.2120381
     503.0000000        2.2130673
     504.0000000        2.2104003
     505.0000000        2.2128127
     506.0000000        2.2197995
     507.0000000        2.2145531
     508.0000000        2.1921012
     509.0000000        2.1686692
     510.0000000        2.1643475
     511.0000000        2.1764112
     512.0000000        2.1854871
     513.0000000        2.1871480
     514.0000000        2.1829371
     515.0000000        2.1810977
     516.0000000        2.1882992
     517.0000000        2.1967931
     518.0000000        2.2015704
     519.0000000        2.2064484
     520.0000000        2.2130673
     521.0000000        2.2162397
     522.0000000        2.2198707
     523.0000000        2.2251137
     524.0000000        2.2352252
     525.0000000        2.2402556
     526.0000000        2.2313743
     527.0000000        2.2128163
     528.0000000        2.1960465
     529.0000000        2.1941348
     530.0000000        2.2017423
     531.0000000        2.2051924
     532.0000000        2.2078686
     533.0000000        2.2130970
     534.0000000        2.2156861
     535.0000000        2.2193063
     536.0000000        2.2192881
     537.0000000        2.2160394
     538.0000000        2.2153623
     539.0000000        2.2285027
     540.0000000        2.2421287
     541.0000000        2.2431265
     542.0000000        2.2259813
     543.0000000        2.2052218
     544.0000000        2.1975994
     545.0000000        2.2064671
     546.0000000        2.2146250
     547.0000000        2.2151420
     548.0000000        2.2159602
     549.0000000        2.2144161
     550.0000000        2.2074316
     551.0000000        2.2055235
     552.0000000        2.2127969
     553.0000000        2.2238613
     554.0000000        2.2324959
     555.0000000        2.2401732
     556.0000000        2.2463773
     557.0000000        2.2508123
     558.0000000        2.2546303
     559.0000000        2.2602201
     560.0000000        2.2633626
     561.0000000        2.2567298
     562.0000000        2.2424047
     563.0000000        2.2210805
     564.0000000        2.2047876
     565.0000000        2.2048614
     566.0000000        2.2102915
     567.0000000        2.2142908
     568.0000000        2.2178007
     569.0000000        2.2254654
     570.0000000        2.2385832
     571.0000000        2.2545244
     572.0000000        2.2709957
     573.0000000        2.2827155
     574.0000000        2.2707799
     575.0000000        2.2375683
     576.0000000        2.2102363
     577.0000000        2.1923654
     578.0000000        2.1740993
     579.0000000        2.1620817
     580.0000000        2.1524783
     581.0000000        2.1387304
     582.0000000        2.1355461
     583.0000000        2.1555661
     584.0000000        2.1899966
     585.0000000        2.2172285
     586.0000000        2.2326274
     587.0000000        2.2431130
     588.0000000        2.2627625
     589.0000000        2.2847908
     590.0000000        2.3009737
     591.0000000        2.3183079
     592.0000000        2.3296213
     593.0000000        2.3332147
     594.0000000        2.3295712
     595.0000000        2.3196676
     596.0000000        2.2990589
     597.0000000        2.2791538
     598.0000000        2.2767409
     599.0000000        2.2797418
     600.0000000        2.2743633
