       1.0000000        2.4300590
       2.0000000        2.3979979
       3.0000000        2.3762467
       4.0000000        2.3690976
       5.0000000        2.3770321
       6.0000000        2.3915532
       7.0000000        2.4040669
       8.0000000        2.4073484
       9.0000000        2.4105526
      10.0000000        2.4236021
      11.0000000        2.4349606
      12.0000000        2.4357797
      13.0000000        2.4333667
      14.0000000        2.4143855
      15.0000000        2.3807970
      16.0000000        2.3511110
      17.0000000        2.3386169
      18.0000000        2.3384839
      19.0000000        2.3377394
      20.0000000        2.3326082
      21.0000000        2.3311246
      22.0000000        2.3256485
      23.0000000        2.3262721
      24.0000000        2.3426320
      25.0000000        2.3721363
      26.0000000        2.4028268
      27.0000000        2.4295546
      28.0000000        2.4527474
      29.0000000        2.4582378
      30.0000000        2.4461374
      31.0000000        2.4300141
      32.0000000        2.4168960
      33.0000000        2.4072069
      34.0000000        2.4002305
      35.0000000        2.3946715
      36.0000000        2.3816016
      37.0000000        2.3633579
      38.0000000        2.3605331
      39.0000000        2.3740935
      40.0000000        2.3912064
      41.0000000        2.4086907
      42.0000000        2.4212494
      43.0000000        2.4291343
      44.0000000        2.4248123
      45.0000000        2.4099766
      46.0000000        2.3974195
      47.0000000        2.3895308
      48.0000000        2.3780052
      49.0000000        2.3565224
      50.0000000        2.3377759
      51.0000000        2.3227568
      52.0000000        2.3093998
      53.0000000        2.3003671
      54.0000000        2.3057497
      55.0000000        2.3221512
      56.0000000        2.3453143
      57.0000000        2.3655421
      58.0000000        2.3757381
      59.0000000        2.3811889
      60.0000000        2.3798119
      61.0000000        2.3627993
      62.0000000        2.3355060
      63.0000000        2.3186584
      64.0000000        2.3123867
      65.0000000        2.3180577
      66.0000000        2.3265251
      67.0000000        2.3293557
      68.0000000        2.3250208
      69.0000000        2.3272043
      70.0000000        2.3296302
      71.0000000        2.3233032
      72.0000000        2.3164859
      73.0000000        2.3203985
      74.0000000        2.3346235
      75.0000000        2.3471787
      76.0000000        2.3525955
      77.0000000        2.3539659
      78.0000000        2.3611326
      79.0000000        2.3726949
      80.0000000        2.3782954
      81.0000000        2.3776711
      82.0000000        2.3915841
      83.0000000        2.4174113
      84.0000000        2.4445959
      85.0000000        2.4676737
      86.0000000        2.4800688
      87.0000000        2.4825688
      88.0000000        2.4718125
      89.0000000        2.4582261
      90.0000000        2.4487185
      91.0000000        2.4466218
      92.0000000        2.4454886
      93.0000000        2.4404821
      94.0000000        2.4372969
      95.0000000        2.4368914
      96.0000000        2.4379422
      97.0000000        2.4437479
      98.0000000        2.4431039
      99.0000000        2.4477322
     100.0000000        2.4491106
     101.0000000        2.4352121
     102.0000000        2.4164016
     103.0000000        2.4147409
     104.0000000        2.4300384
     105.0000000        2.4481551
     106.0000000        2.4594709
     107.0000000        2.4542329
     108.0000000        2.4426409
     109.0000000        2.4312435
     110.0000000        2.4250957
     111.0000000        2.4183498
     112.0000000        2.4161932
     113.0000000        2.4161997
     114.0000000        2.4101144
     115.0000000        2.3992273
     116.0000000        2.3892704
     117.0000000        2.3816305
     118.0000000        2.3784385
     119.0000000        2.3739933
     120.0000000        2.3650477
     121.0000000        2.3491274
     122.0000000        2.3441231
     123.0000000        2.3545386
     124.0000000        2.3677845
     125.0000000        2.3707592
     126.0000000        2.3647967
     127.0000000        2.3566441
     128.0000000        2.3560875
     129.0000000        2.3588559
     130.0000000        2.3612243
     131.0000000        2.3528045
     132.0000000        2.3513387
     133.0000000        2.3554502
     134.0000000        2.3545200
     135.0000000        2.3510587
     136.0000000        2.3514239
     137.0000000        2.3578053
     138.0000000        2.3678728
     139.0000000        2.3783760
     140.0000000        2.3833558
     141.0000000        2.3772947
     142.0000000        2.3760331
     143.0000000        2.3847104
     144.0000000        2.3853801
     145.0000000        2.3792068
     146.0000000        2.3814062
     147.0000000        2.3870175
     148.0000000        2.3862153
     149.0000000        2.3822115
     150.0000000        2.3733996
     151.0000000        2.3712802
     152.0000000        2.3683816
     153.0000000        2.3547000
     154.0000000        2.3449300
     155.0000000        2.3435016
     156.0000000        2.3496430
     157.0000000        2.3615648
     158.0000000        2.3725869
     159.0000000        2.3789023
     160.0000000        2.3856385
     161.0000000        2.3943054
     162.0000000        2.3976222
     163.0000000        2.3943401
     164.0000000        2.3937883
     165.0000000        2.3922500
     166.0000000        2.3937557
     167.0000000        2.4080094
     168.0000000        2.4248414
     169.0000000        2.4362172
     170.0000000        2.4422530
     171.0000000        2.4378498
     172.0000000        2.4404132
     173.0000000        2.4413828
     174.0000000        2.4351603
     175.0000000        2.4296856
     176.0000000        2.4321174
     177.0000000        2.4426808
     178.0000000        2.4562194
     179.0000000        2.4575459
     180.0000000        2.4464189
     181.0000000        2.4344115
     182.0000000        2.4273858
     183.0000000        2.4249147
     184.0000000        2.4192064
     185.0000000        2.4097248
     186.0000000        2.3988382
     187.0000000        2.3900602
     188.0000000        2.3860833
     189.0000000        2.3798870
     190.0000000        2.3721894
     191.0000000        2.3533544
     192.0000000        2.3396764
     193.0000000        2.3354992
     194.0000000        2.3287961
     195.0000000        2.3202565
     196.0000000        2.3150483
     197.0000000        2.3156300
     198.0000000        2.3264242
     199.0000000        2.3328985
     200.0000000        2.3241632
     201.0000000        2.3162428
     202.0000000        2.3146154
     203.0000000        2.3107498
     204.0000000        2.3047016
     205.0000000        2.3058590
     206.0000000        2.3219936
     207.0000000        2.3470407
     208.0000000        2.3669474
     209.0000000        2.3792773
     210.0000000        2.3845665
     211.0000000        2.3825778
     212.0000000        2.3921695
     213.0000000        2.4112456
     214.0000000        2.4266311
     215.0000000        2.4339126
     216.0000000        2.4434549
     217.0000000        2.4563983
     218.0000000        2.4622384
     219.0000000        2.4589135
     220.0000000        2.4528679
     221.0000000        2.4485100
     222.0000000        2.4528700
     223.0000000        2.4614725
     224.0000000        2.4642205
     225.0000000        2.4509811
     226.0000000        2.4307823
     227.0000000        2.4134193
     228.0000000        2.4041463
     229.0000000        2.4042330
     230.0000000        2.4118819
     231.0000000        2.4159565
     232.0000000        2.4211042
     233.0000000        2.4378742
     234.0000000        2.4658917
     235.0000000        2.4854086
     236.0000000        2.4981462
     237.0000000        2.5057657
     238.0000000        2.5031372
     239.0000000        2.5045199
     240.0000000        2.5016755
     241.0000000        2.4926904
     242.0000000        2.4899501
     243.0000000        2.4866011
     244.0000000        2.4717738
     245.0000000        2.4559219
     246.0000000        2.4530963
     247.0000000        2.4502948
     248.0000000        2.4394054
     249.0000000        2.4249886
     250.0000000        2.4048864
     251.0000000        2.3858266
     252.0000000        2.3765255
     253.0000000        2.3681619
     254.0000000        2.3574618
     255.0000000        2.3411563
     256.0000000        2.3254810
     257.0000000        2.3199881
     258.0000000        2.3307141
     259.0000000        2.3488082
     260.0000000        2.3663379
     261.0000000        2.3822848
     262.0000000        2.3873827
     263.0000000        2.3868118
     264.0000000        2.3932793
     265.0000000        2.4084594
     266.0000000        2.4285051
     267.0000000        2.4429561
     268.0000000        2.4573926
     269.0000000        2.4819503
     270.0000000        2.4933015
     271.0000000        2.4862145
     272.0000000        2.4757753
     273.0000000        2.4517368
     274.0000000        2.4238950
     275.0000000        2.4067555
     276.0000000        2.4013970
     277.0000000        2.4066839
     278.0000000        2.4167409
     279.0000000        2.4255252
     280.0000000        2.4414615
     281.0000000        2.4701846
     282.0000000        2.4996985
     283.0000000        2.5274227
     284.0000000        2.5590160
     285.0000000        2.5839375
     286.0000000        2.5834592
     287.0000000        2.5686339
     288.0000000        2.5574832
     289.0000000        2.5490944
     290.0000000        2.5500692
     291.0000000        2.5511785
     292.0000000        2.5452805
     293.0000000        2.5293114
     294.0000000        2.5043530
     295.0000000        2.4786798
     296.0000000        2.4601740
     297.0000000        2.4540384
     298.0000000        2.4642735
     299.0000000        2.4787890
     300.0000000        2.4871476
     301.0000000        2.4915170
     302.0000000        2.4912110
     303.0000000        2.4972984
     304.0000000        2.4991909
     305.0000000        2.5032584
     306.0000000        2.5153677
     307.0000000        2.5271857
     308.0000000        2.5362349
     309.0000000        2.5434524
     310.0000000        2.5445656
     311.0000000        2.5348734
     312.0000000        2.5216104
     313.0000000        2.5081101
     314.0000000        2.4946493
     315.0000000        2.4785594
     316.0000000        2.4712257
     317.0000000        2.4649375
     318.0000000        2.4547501
     319.0000000        2.4351705
     320.0000000        2.4050655
     321.0000000        2.3815505
     322.0000000        2.3719885
     323.0000000        2.3700789
     324.0000000        2.3613611
     325.0000000        2.3564610
     326.0000000        2.3646196
     327.0000000        2.3781920
     328.0000000        2.3869193
     329.0000000        2.3831236
     330.0000000        2.3585017
     331.0000000        2.3359973
     332.0000000        2.3276091
     333.0000000        2.3360720
     334.0000000        2.3526603
     335.0000000        2.3791924
     336.0000000        2.4020208
     337.0000000        2.4225781
     338.0000000        2.4521418
     339.0000000        2.4754418
     340.0000000        2.4718521
     341.0000000        2.4420384
     342.0000000        2.4078341
     343.0000000        2.3889108
     344.0000000        2.3829797
     345.0000000        2.3848977
     346.0000000        2.3925899
     347.0000000        2.4055262
     348.0000000        2.4269530
     349.0000000        2.4540992
     350.0000000        2.4698082
     351.0000000        2.4607347
     352.0000000        2.4422933
     353.0000000        2.4493320
     354.0000000        2.4674558
     355.0000000        2.4738863
     356.0000000        2.4645739
     357.0000000        2.4623539
     358.0000000        2.4812971
     359.0000000        2.5113705
     360.0000000        2.5367930
     361.0000000        2.5523449
     362.0000000        2.5531936
     363.0000000        2.5355504
     364.0000000        2.5097859
     365.0000000        2.4842244
     366.0000000        2.4637786
     367.0000000        2.4449445
     368.0000000        2.4283483
     369.0000000        2.4242389
     370.0000000        2.4194664
     371.0000000        2.4082986
     372.0000000        2.4004235
     373.0000000        2.3849720
     374.0000000        2.3590124
     375.0000000        2.3355184
     376.0000000        2.3308183
     377.0000000        2.3448396
     378.0000000        2.3683803
     379.0000000        2.3866455
     380.0000000        2.4000699
     381.0000000        2.4150240
     382.0000000        2.4279424
     383.0000000        2.4316426
     384.0000000        2.4308983
     385.0000000        2.4290317
     386.0000000        2.4286219
     387.0000000        2.4287400
     388.0000000        2.4287694
     389.0000000        2.4259629
     390.0000000        2.4150607
     391.0000000        2.4019690
     392.0000000        2.3879398
     393.0000000        2.3815678
     394.0000000        2.3943326
     395.0000000        2.4165398
     396.0000000        2.4401220
     397.0000000        2.4559340
     398.0000000        2.4741524
     399.0000000        2.4803686
     400.0000000        2.4699765
     401.0000000        2.4520661
     402.0000000        2.4525456
     403.0000000        2.4732518
     404.0000000        2.4909747
     405.0000000        2.4847575
     406.0000000        2.4609176
     407.0000000        2.4417768
     408.0000000        2.4314489
     409.0000000        2.4377535
     410.0000000        2.4452520
     411.0000000        2.4325682
     412.0000000        2.4100155
     413.0000000        2.3930480
     414.0000000        2.3929648
     415.0000000        2.3972883
     416.0000000        2.3952735
     417.0000000        2.3971352
     418.0000000        2.4023758
     419.0000000        2.4049185
     420.0000000        2.4075417
     421.0000000        2.4116269
     422.0000000        2.4145101
     423.0000000        2.4251030
     424.0000000        2.4457041
     425.0000000        2.4522920
     426.0000000        2.4425280
     427.0000000        2.4384649
     428.0000000        2.4493602
     429.0000000        2.4616572
     430.0000000        2.4543069
     431.0000000        2.4342861
     432.0000000        2.4120749
     433.0000000        2.3900725
     434.0000000        2.3700493
     435.0000000        2.3536857
     436.0000000        2.3380503
     437.0000000        2.3306439
     438.0000000        2.3446289
     439.0000000        2.3799961
     440.0000000        2.4217226
     441.0000000        2.4566880
     442.0000000        2.4968832
     443.0000000        2.5350612
     444.0000000        2.5660130
     445.0000000        2.5963918
     446.0000000        2.6214587
     447.0000000        2.6359880
     448.0000000        2.6352126
     449.0000000        2.6140817
     450.0000000        2.5916374
     451.0000000        2.5737986
     452.0000000        2.5530653
     453.0000000        2.5273793
     454.0000000        2.5120176
     455.0000000        2.5088756
     456.0000000        2.5085641
     457.0000000        2.5075929
     458.0000000        2.5074324
     459.0000000        2.5052124
     460.0000000        2.4986911
     461.0000000        2.4839616
     462.0000000        2.4673162
     463.0000000        2.4496034
     464.0000000        2.4231123
     465.0000000        2.3976065
     466.0000000        2.3837074
     467.0000000        2.3813805
     468.0000000        2.3851163
     469.0000000        2.3960130
     470.0000000        2.4084376
     471.0000000        2.4157493
     472.0000000        2.4376584
     473.0000000        2.4758787
     474.0000000        2.5014294
     475.0000000        2.5100813
     476.0000000        2.5105401
     477.0000000        2.5148611
     478.0000000        2.5254717
     479.0000000        2.5277281
     480.0000000        2.5163510
     481.0000000        2.5018192
     482.0000000        2.4969284
     483.0000000        2.4866027
     484.0000000        2.4736848
     485.0000000        2.4690801
     486.0000000        2.4700014
     487.0000000        2.4726942
     488.0000000        2.4762790
     489.0000000        2.4800897
     490.0000000        2.4827547
     491.0000000        2.4867207
     492.0000000        2.4853790
     493.0000000        2.4660350
     494.0000000        2.4452432
     495.0000000        2.4333432
     496.0000000        2.4299842
     497.0000000        2.4352769
     498.0000000        2.4385524
     499.0000000        2.4313121
     500.0000000        2.4032871
     501.0000000        2.3706521
     502.0000000        2.3454085
     503.0000000        2.3179595
     504.0000000        2.2901573
     505.0000000        2.2755684
     506.0000000        2.2755383
     507.0000000        2.2789805
     508.0000000        2.2837046
     509.0000000        2.2936404
     510.0000000        2.3092454
     511.0000000        2.3163406
     512.0000000        2.3090516
     513.0000000        2.2955492
     514.0000000        2.2894595
     515.0000000        2.2979273
     516.0000000        2.3143730
     517.0000000        2.3208905
     518.0000000        2.3144297
     519.0000000        2.3052691
     520.0000000        2.3075371
     521.0000000        2.3134446
     522.0000000        2.3245182
     523.0000000        2.3483422
     524.0000000        2.3736730
     525.0000000        2.4025564
     526.0000000        2.4305310
     527.0000000        2.4456485
     528.0000000        2.4507165
     529.0000000        2.4405594
     530.0000000        2.4277202
     531.0000000        2.4214162
     532.0000000        2.4139258
     533.0000000        2.4046453
     534.0000000        2.4058384
     535.0000000        2.4101307
     536.0000000        2.4021496
     537.0000000        2.3873215
     538.0000000        2.3774690
     539.0000000        2.3763030
     540.0000000        2.3825636
     541.0000000        2.3846242
     542.0000000        2.3779539
     543.0000000        2.3679889
     544.0000000        2.3631379
     545.0000000        2.3583085
     546.0000000        2.3584639
     547.0000000        2.3644325
     548.0000000        2.3652813
     549.0000000        2.3596752
     550.0000000        2.3624116
     551.0000000        2.3643778
     552.0000000        2.3612887
     553.0000000        2.3718114
     554.0000000        2.3907756
     555.0000000        2.4048969
     556.0000000        2.4068685
     557.0000000        2.4090265
     558.0000000        2.4088683
     559.0000000        2.4007772
     560.0000000        2.3926491
     561.0000000        2.4028121
     562.0000000        2.4129965
     563.0000000        2.4204631
     564.0000000        2.4237138
     565.0000000        2.4140584
     566.0000000        2.4061784
     567.0000000        2.4197433
     568.0000000        2.4418913
     569.0000000        2.4492041
     570.0000000        2.4466665
     571.0000000        2.4447821
     572.0000000        2.4462669
     573.0000000        2.4451441
     574.0000000        2.4421490
     575.0000000        2.4351662
     576.0000000        2.4321978
     577.0000000        2.4374759
     578.0000000        2.4365278
     579.0000000        2.4374869
     580.0000000        2.4545156
     581.0000000        2.4729750
     582.0000000        2.4782610
     583.0000000        2.4728792
     584.0000000        2.4580863
     585.0000000        2.4411055
     586.0000000        2.4290148
     587.0000000        2.4146628
     588.0000000        2.3986993
     589.0000000        2.3893745
     590.0000000        2.3846228
     591.0000000        2.3817492
     592.0000000        2.3833500
     593.0000000        2.3832305
     594.0000000        2.3789627
     595.0000000        2.3739381
     596.0000000        2.3683513
     597.0000000        2.3598717
     598.0000000        2.3551891
     599.0000000        2.3521558
     600.0000000        2.3482223
