       1.0000000        2.3519197
       2.0000000        2.3567376
       3.0000000        2.3643379
       4.0000000        2.3705914
       5.0000000        2.3732018
       6.0000000        2.3709190
       7.0000000        2.3670027
       8.0000000        2.3610573
       9.0000000        2.3501494
      10.0000000        2.3352702
      11.0000000        2.3174593
      12.0000000        2.2943318
      13.0000000        2.2665660
      14.0000000        2.2328832
      15.0000000        2.1947250
      16.0000000        2.1552742
      17.0000000        2.1141241
      18.0000000        2.0697520
      19.0000000        2.0268641
      20.0000000        1.9879589
      21.0000000        1.9543191
      22.0000000        1.9254220
      23.0000000        1.9013734
      24.0000000        1.8832253
      25.0000000        1.8675908
      26.0000000        1.8531969
      27.0000000        1.8421532
      28.0000000        1.8327090
      29.0000000        1.8254113
      30.0000000        1.8180245
      31.0000000        1.8109691
      32.0000000        1.8051826
      33.0000000        1.8001667
      34.0000000        1.7965740
      35.0000000        1.7959841
      36.0000000        1.7984494
      37.0000000        1.8003590
      38.0000000        1.7994764
      39.0000000        1.7947617
      40.0000000        1.7880542
      41.0000000        1.7858832
      42.0000000        1.7873714
      43.0000000        1.7910104
      44.0000000        1.7921581
      45.0000000        1.7899283
      46.0000000        1.7874588
      47.0000000        1.7850012
      48.0000000        1.7872214
      49.0000000        1.7949013
      50.0000000        1.8036214
      51.0000000        1.8134087
      52.0000000        1.8212506
      53.0000000        1.8241229
      54.0000000        1.8292496
      55.0000000        1.8370417
      56.0000000        1.8447871
      57.0000000        1.8492043
      58.0000000        1.8531092
      59.0000000        1.8588576
      60.0000000        1.8655921
      61.0000000        1.8715744
      62.0000000        1.8759762
      63.0000000        1.8783433
      64.0000000        1.8804184
      65.0000000        1.8841598
      66.0000000        1.8899491
      67.0000000        1.8974425
      68.0000000        1.9061944
      69.0000000        1.9165895
      70.0000000        1.9290537
      71.0000000        1.9425142
      72.0000000        1.9560066
      73.0000000        1.9670349
      74.0000000        1.9756626
      75.0000000        1.9851160
      76.0000000        1.9954195
      77.0000000        2.0055206
      78.0000000        2.0149958
      79.0000000        2.0240304
      80.0000000        2.0315344
      81.0000000        2.0357444
      82.0000000        2.0386252
      83.0000000        2.0398540
      84.0000000        2.0402687
      85.0000000        2.0403605
      86.0000000        2.0396826
      87.0000000        2.0387456
      88.0000000        2.0379078
      89.0000000        2.0402014
      90.0000000        2.0433555
      91.0000000        2.0480492
      92.0000000        2.0540845
      93.0000000        2.0612063
      94.0000000        2.0718377
      95.0000000        2.0879650
      96.0000000        2.1082828
      97.0000000        2.1328537
      98.0000000        2.1597226
      99.0000000        2.1866748
     100.0000000        2.2150908
     101.0000000        2.2456021
     102.0000000        2.2757921
     103.0000000        2.3068714
     104.0000000        2.3382819
     105.0000000        2.3699760
     106.0000000        2.4021068
     107.0000000        2.4318564
     108.0000000        2.4641130
     109.0000000        2.4961913
     110.0000000        2.5284724
     111.0000000        2.5630431
     112.0000000        2.6024528
     113.0000000        2.6445825
     114.0000000        2.6873181
     115.0000000        2.7295854
     116.0000000        2.7674212
     117.0000000        2.7994125
     118.0000000        2.8267031
     119.0000000        2.8488960
     120.0000000        2.8661582
     121.0000000        2.8767304
     122.0000000        2.8864107
     123.0000000        2.8874495
     124.0000000        2.8815668
     125.0000000        2.8709943
     126.0000000        2.8548810
     127.0000000        2.8351882
     128.0000000        2.8115811
     129.0000000        2.7864320
     130.0000000        2.7610781
     131.0000000        2.7411304
     132.0000000        2.7272263
     133.0000000        2.7203655
     134.0000000        2.7160923
     135.0000000        2.7109303
     136.0000000        2.7045805
     137.0000000        2.6973004
     138.0000000        2.6854067
     139.0000000        2.6670618
     140.0000000        2.6414959
     141.0000000        2.6095293
     142.0000000        2.5750375
     143.0000000        2.5442617
     144.0000000        2.5206234
     145.0000000        2.4996896
     146.0000000        2.4797473
     147.0000000        2.4600785
     148.0000000        2.4428036
     149.0000000        2.4266102
     150.0000000        2.4150751
     151.0000000        2.4090631
     152.0000000        2.4061837
     153.0000000        2.4071319
     154.0000000        2.4088907
     155.0000000        2.4066432
     156.0000000        2.4019966
     157.0000000        2.3959026
     158.0000000        2.3900700
     159.0000000        2.3833780
     160.0000000        2.3753259
     161.0000000        2.3642128
     162.0000000        2.3496232
     163.0000000        2.3332899
     164.0000000        2.3183434
     165.0000000        2.3050208
     166.0000000        2.2947705
     167.0000000        2.2865915
     168.0000000        2.2820735
     169.0000000        2.2805078
     170.0000000        2.2793114
     171.0000000        2.2775316
     172.0000000        2.2746904
     173.0000000        2.2713273
     174.0000000        2.2657545
     175.0000000        2.2585745
     176.0000000        2.2472544
     177.0000000        2.2343614
     178.0000000        2.2177827
     179.0000000        2.2012281
     180.0000000        2.1858981
     181.0000000        2.1684637
     182.0000000        2.1491573
     183.0000000        2.1309850
     184.0000000        2.1153169
     185.0000000        2.1020341
     186.0000000        2.0901988
     187.0000000        2.0794237
     188.0000000        2.0708590
     189.0000000        2.0657988
     190.0000000        2.0618999
     191.0000000        2.0585952
     192.0000000        2.0559554
     193.0000000        2.0526323
     194.0000000        2.0470982
     195.0000000        2.0403578
     196.0000000        2.0332551
     197.0000000        2.0277574
     198.0000000        2.0249867
     199.0000000        2.0218184
     200.0000000        2.0180745
     201.0000000        2.0123827
     202.0000000        2.0077331
     203.0000000        2.0038791
     204.0000000        2.0002780
     205.0000000        1.9978583
     206.0000000        1.9938837
     207.0000000        1.9891810
     208.0000000        1.9836489
     209.0000000        1.9752361
     210.0000000        1.9640661
     211.0000000        1.9510319
     212.0000000        1.9354264
     213.0000000        1.9191556
     214.0000000        1.9028268
     215.0000000        1.8842883
     216.0000000        1.8685377
     217.0000000        1.8553609
     218.0000000        1.8437895
     219.0000000        1.8358229
     220.0000000        1.8286079
     221.0000000        1.8225547
     222.0000000        1.8260463
     223.0000000        1.8322302
     224.0000000        1.8428347
     225.0000000        1.8560569
     226.0000000        1.8710507
     227.0000000        1.8829609
     228.0000000        1.8939667
     229.0000000        1.9055071
     230.0000000        1.9131099
     231.0000000        1.9231424
     232.0000000        1.9326797
     233.0000000        1.9409995
     234.0000000        1.9491191
     235.0000000        1.9580365
     236.0000000        1.9679025
     237.0000000        1.9788482
     238.0000000        1.9890077
     239.0000000        1.9999436
     240.0000000        2.0113778
     241.0000000        2.0211539
     242.0000000        2.0282240
     243.0000000        2.0348086
     244.0000000        2.0413051
     245.0000000        2.0457797
     246.0000000        2.0490470
     247.0000000        2.0520332
     248.0000000        2.0544674
     249.0000000        2.0563905
     250.0000000        2.0580366
     251.0000000        2.0571222
     252.0000000        2.0529466
     253.0000000        2.0441558
     254.0000000        2.0325613
     255.0000000        2.0162671
     256.0000000        1.9982374
     257.0000000        1.9792840
     258.0000000        1.9607470
     259.0000000        1.9435167
     260.0000000        1.9277018
     261.0000000        1.9137578
     262.0000000        1.9001811
     263.0000000        1.8904231
     264.0000000        1.8851579
     265.0000000        1.8783741
     266.0000000        1.8722544
     267.0000000        1.8701507
     268.0000000        1.8678125
     269.0000000        1.8657782
     270.0000000        1.8662522
     271.0000000        1.8680842
     272.0000000        1.8675319
     273.0000000        1.8652451
     274.0000000        1.8702325
     275.0000000        1.8768084
     276.0000000        1.8847519
     277.0000000        1.8947555
     278.0000000        1.9040817
     279.0000000        1.9144500
     280.0000000        1.9252954
     281.0000000        1.9360638
     282.0000000        1.9475608
     283.0000000        1.9659597
     284.0000000        1.9837824
     285.0000000        2.0056598
     286.0000000        2.0243342
     287.0000000        2.0412948
     288.0000000        2.0625176
     289.0000000        2.0878291
     290.0000000        2.1159115
     291.0000000        2.1459658
     292.0000000        2.1810913
     293.0000000        2.2132356
     294.0000000        2.2479787
     295.0000000        2.2850618
     296.0000000        2.3191082
     297.0000000        2.3508749
     298.0000000        2.3800497
     299.0000000        2.4062207
     300.0000000        2.4283395
     301.0000000        2.4480069
     302.0000000        2.4624665
     303.0000000        2.4732385
     304.0000000        2.4810417
     305.0000000        2.4875848
     306.0000000        2.4924910
     307.0000000        2.4977298
     308.0000000        2.5047197
     309.0000000        2.5111454
     310.0000000        2.5155880
     311.0000000        2.5175266
     312.0000000        2.5144720
     313.0000000        2.5066929
     314.0000000        2.4938514
     315.0000000        2.4764118
     316.0000000        2.4575589
     317.0000000        2.4359856
     318.0000000        2.4161654
     319.0000000        2.3993421
     320.0000000        2.3849161
     321.0000000        2.3743014
     322.0000000        2.3683448
     323.0000000        2.3655388
     324.0000000        2.3617868
     325.0000000        2.3608224
     326.0000000        2.3594065
     327.0000000        2.3573127
     328.0000000        2.3557904
     329.0000000        2.3533821
     330.0000000        2.3514791
     331.0000000        2.3485980
     332.0000000        2.3416729
     333.0000000        2.3321865
     334.0000000        2.3188150
     335.0000000        2.2998269
     336.0000000        2.2760210
     337.0000000        2.2508497
     338.0000000        2.2253242
     339.0000000        2.2000456
     340.0000000        2.1743658
     341.0000000        2.1473572
     342.0000000        2.1173110
     343.0000000        2.0869033
     344.0000000        2.0574934
     345.0000000        2.0290492
     346.0000000        2.0024874
     347.0000000        1.9784564
     348.0000000        1.9525279
     349.0000000        1.9268799
     350.0000000        1.9047087
     351.0000000        1.8851326
     352.0000000        1.8676698
     353.0000000        1.8527886
     354.0000000        1.8406079
     355.0000000        1.8311591
     356.0000000        1.8244370
     357.0000000        1.8187855
     358.0000000        1.8113062
     359.0000000        1.8056111
     360.0000000        1.8051083
     361.0000000        1.8100872
     362.0000000        1.8161862
     363.0000000        1.8265643
     364.0000000        1.8415599
     365.0000000        1.8574817
     366.0000000        1.8752098
     367.0000000        1.8957307
     368.0000000        1.9115696
     369.0000000        1.9305984
     370.0000000        1.9460270
     371.0000000        1.9580398
     372.0000000        1.9668459
     373.0000000        1.9737785
     374.0000000        1.9798557
     375.0000000        1.9854441
     376.0000000        1.9907211
     377.0000000        1.9953078
     378.0000000        1.9983817
     379.0000000        1.9967773
     380.0000000        1.9895941
     381.0000000        1.9846314
     382.0000000        1.9871064
     383.0000000        1.9914476
     384.0000000        1.9957349
     385.0000000        2.0004048
     386.0000000        2.0037155
     387.0000000        2.0044432
     388.0000000        2.0032830
     389.0000000        1.9975053
     390.0000000        1.9904642
     391.0000000        1.9811721
     392.0000000        1.9684784
     393.0000000        1.9543787
     394.0000000        1.9438908
     395.0000000        1.9357163
     396.0000000        1.9293528
     397.0000000        1.9283459
     398.0000000        1.9324965
     399.0000000        1.9410725
     400.0000000        1.9468133
     401.0000000        1.9567662
     402.0000000        1.9701468
     403.0000000        1.9856699
     404.0000000        2.0004375
     405.0000000        2.0148156
     406.0000000        2.0273540
     407.0000000        2.0405352
     408.0000000        2.0527387
     409.0000000        2.0635023
     410.0000000        2.0706596
     411.0000000        2.0725830
     412.0000000        2.0688579
     413.0000000        2.0605962
     414.0000000        2.0515063
     415.0000000        2.0415881
     416.0000000        2.0348177
     417.0000000        2.0314267
     418.0000000        2.0269918
     419.0000000        2.0193787
     420.0000000        2.0105722
     421.0000000        2.0031078
     422.0000000        1.9991270
     423.0000000        1.9959096
     424.0000000        1.9927394
     425.0000000        1.9987799
     426.0000000        2.0047016
     427.0000000        2.0174992
     428.0000000        2.0284007
     429.0000000        2.0378335
     430.0000000        2.0475626
     431.0000000        2.0640931
     432.0000000        2.0852585
     433.0000000        2.1027336
     434.0000000        2.1260786
     435.0000000        2.1434906
     436.0000000        2.1630878
     437.0000000        2.1771157
     438.0000000        2.1990771
     439.0000000        2.2193000
     440.0000000        2.2382967
     441.0000000        2.2554584
     442.0000000        2.2725029
     443.0000000        2.2882164
     444.0000000        2.3008158
     445.0000000        2.3092191
     446.0000000        2.3147268
     447.0000000        2.3190792
     448.0000000        2.3248918
     449.0000000        2.3345742
     450.0000000        2.3495967
     451.0000000        2.3686316
     452.0000000        2.3887694
     453.0000000        2.4073017
     454.0000000        2.4247537
     455.0000000        2.4405005
     456.0000000        2.4527624
     457.0000000        2.4617999
     458.0000000        2.4668424
     459.0000000        2.4679813
     460.0000000        2.4642694
     461.0000000        2.4580176
     462.0000000        2.4534118
     463.0000000        2.4477336
     464.0000000        2.4400790
     465.0000000        2.4286323
     466.0000000        2.4130023
     467.0000000        2.3907166
     468.0000000        2.3627603
     469.0000000        2.3313196
     470.0000000        2.2991910
     471.0000000        2.2689528
     472.0000000        2.2409556
     473.0000000        2.2145982
     474.0000000        2.1844823
     475.0000000        2.1495309
     476.0000000        2.1124027
     477.0000000        2.0733244
     478.0000000        2.0324478
     479.0000000        1.9931233
     480.0000000        1.9564594
     481.0000000        1.9225686
     482.0000000        1.8896856
     483.0000000        1.8607305
     484.0000000        1.8379507
     485.0000000        1.8205556
     486.0000000        1.8071491
     487.0000000        1.7987423
     488.0000000        1.7942382
     489.0000000        1.7940220
     490.0000000        1.7942973
     491.0000000        1.7933838
     492.0000000        1.7930644
     493.0000000        1.7925727
     494.0000000        1.7904502
     495.0000000        1.7872865
     496.0000000        1.7828877
     497.0000000        1.7767516
     498.0000000        1.7780583
     499.0000000        1.7821102
     500.0000000        1.7852420
     501.0000000        1.7893649
     502.0000000        1.7920363
     503.0000000        1.7888581
     504.0000000        1.7866197
     505.0000000        1.7832596
     506.0000000        1.7800978
     507.0000000        1.7792382
     508.0000000        1.7757903
     509.0000000        1.7708808
     510.0000000        1.7650800
     511.0000000        1.7577220
     512.0000000        1.7510066
     513.0000000        1.7473559
     514.0000000        1.7431760
     515.0000000        1.7404810
     516.0000000        1.7382948
     517.0000000        1.7375699
     518.0000000        1.7390804
     519.0000000        1.7437682
     520.0000000        1.7491277
     521.0000000        1.7520400
     522.0000000        1.7542034
     523.0000000        1.7593716
     524.0000000        1.7740500
     525.0000000        1.7830344
     526.0000000        1.7981714
     527.0000000        1.8183612
     528.0000000        1.8395836
     529.0000000        1.8592818
     530.0000000        1.8797075
     531.0000000        1.8996050
     532.0000000        1.9170848
     533.0000000        1.9353241
     534.0000000        1.9536180
     535.0000000        1.9701326
     536.0000000        1.9859540
     537.0000000        1.9990556
     538.0000000        2.0130630
     539.0000000        2.0279253
     540.0000000        2.0396535
     541.0000000        2.0489080
     542.0000000        2.0556543
     543.0000000        2.0605695
     544.0000000        2.0647314
     545.0000000        2.0655637
     546.0000000        2.0623376
     547.0000000        2.0563307
     548.0000000        2.0486708
     549.0000000        2.0403249
     550.0000000        2.0309989
     551.0000000        2.0219378
     552.0000000        2.0125728
     553.0000000        2.0003414
     554.0000000        1.9874244
     555.0000000        1.9743234
     556.0000000        1.9606373
     557.0000000        1.9463376
     558.0000000        1.9276482
     559.0000000        1.9031241
     560.0000000        1.8835787
     561.0000000        1.8694135
     562.0000000        1.8578832
     563.0000000        1.8471172
     564.0000000        1.8384873
     565.0000000        1.8329579
     566.0000000        1.8303324
     567.0000000        1.8287925
     568.0000000        1.8272792
     569.0000000        1.8266343
     570.0000000        1.8296065
     571.0000000        1.8324536
     572.0000000        1.8394872
     573.0000000        1.8484458
     574.0000000        1.8601840
     575.0000000        1.8704586
     576.0000000        1.8810550
     577.0000000        1.8895022
     578.0000000        1.8980553
     579.0000000        1.9048339
     580.0000000        1.9072474
     581.0000000        1.9089932
     582.0000000        1.9075323
     583.0000000        1.9020327
     584.0000000        1.8976293
     585.0000000        1.8918036
     586.0000000        1.8855816
     587.0000000        1.8844864
     588.0000000        1.8855871
     589.0000000        1.8846585
     590.0000000        1.8814403
     591.0000000        1.8778383
     592.0000000        1.8742459
     593.0000000        1.8694531
     594.0000000        1.8624481
     595.0000000        1.8552632
     596.0000000        1.8511581
     597.0000000        1.8494034
     598.0000000        1.8522021
     599.0000000        1.8589280
     600.0000000        1.8705570
