       1.0000000        4.8876880
       2.0000000        4.8581807
       3.0000000        4.8229274
       4.0000000        4.8001047
       5.0000000        4.8250024
       6.0000000        4.9042059
       7.0000000        4.9751353
       8.0000000        4.9774345
       9.0000000        4.9627087
      10.0000000        4.9546320
      11.0000000        4.9329231
      12.0000000        4.9451056
      13.0000000        4.9733939
      14.0000000        4.9844812
      15.0000000        4.9763964
      16.0000000        4.9729611
      17.0000000        4.9764650
      18.0000000        4.9653984
      19.0000000        4.9761898
      20.0000000        4.9803050
      21.0000000        4.9973499
      22.0000000        5.0001750
      23.0000000        4.9775455
      24.0000000        4.9544251
      25.0000000        4.8998999
      26.0000000        4.8275694
      27.0000000        4.7660470
      28.0000000        4.7106605
      29.0000000        4.6829731
      30.0000000        4.6321714
      31.0000000        4.6233334
      32.0000000        4.6131397
      33.0000000        4.5907564
      34.0000000        4.6015625
      35.0000000        4.5972257
      36.0000000        4.5888285
      37.0000000        4.6086922
      38.0000000        4.6163728
      39.0000000        4.6599829
      40.0000000        4.6920042
      41.0000000        4.6934680
      42.0000000        4.7088651
      43.0000000        4.7451734
      44.0000000        4.8116729
      45.0000000        4.8986478
      46.0000000        4.9778008
      47.0000000        5.0363212
      48.0000000        5.0217168
      49.0000000        4.9876378
      50.0000000        4.9748013
      51.0000000        4.9368636
      52.0000000        4.9042528
      53.0000000        4.8734313
      54.0000000        4.8382471
      55.0000000        4.8414801
      56.0000000        4.8575995
      57.0000000        4.8393813
      58.0000000        4.8003953
      59.0000000        4.7605436
      60.0000000        4.7547746
      61.0000000        4.7836717
      62.0000000        4.8209965
      63.0000000        4.8528647
      64.0000000        4.8690490
      65.0000000        4.8706406
      66.0000000        4.9060244
      67.0000000        4.9736676
      68.0000000        5.0024287
      69.0000000        5.0152969
      70.0000000        5.0381358
      71.0000000        5.0421571
      72.0000000        5.0324019
      73.0000000        5.0190300
      74.0000000        4.9778719
      75.0000000        4.9238219
      76.0000000        4.8419342
      77.0000000        4.7508127
      78.0000000        4.6968198
      79.0000000        4.6673978
      80.0000000        4.6354032
      81.0000000        4.6087675
      82.0000000        4.5834123
      83.0000000        4.5616520
      84.0000000        4.5606852
      85.0000000        4.5589962
      86.0000000        4.5832367
      87.0000000        4.6346893
      88.0000000        4.6738473
      89.0000000        4.6715740
      90.0000000        4.6545694
      91.0000000        4.6373454
      92.0000000        4.6188834
      93.0000000        4.5729113
      94.0000000        4.5403772
      95.0000000        4.5255285
      96.0000000        4.5450524
      97.0000000        4.5652377
      98.0000000        4.6004752
      99.0000000        4.6809555
     100.0000000        4.7717526
     101.0000000        4.8583130
     102.0000000        4.9250107
     103.0000000        4.9521365
     104.0000000        4.9276218
     105.0000000        4.8621299
     106.0000000        4.8149622
     107.0000000        4.7710205
     108.0000000        4.7411172
     109.0000000        4.7059223
     110.0000000        4.6863404
     111.0000000        4.6550859
     112.0000000        4.6069638
     113.0000000        4.5957548
     114.0000000        4.5981040
     115.0000000        4.6137498
     116.0000000        4.6390548
     117.0000000        4.6797912
     118.0000000        4.7124980
     119.0000000        4.7295244
     120.0000000        4.7476316
     121.0000000        4.7480841
     122.0000000        4.7488882
     123.0000000        4.7854770
     124.0000000        4.8118606
     125.0000000        4.8389068
     126.0000000        4.8446019
     127.0000000        4.8791940
     128.0000000        4.9116323
     129.0000000        4.9415061
     130.0000000        4.9256664
     131.0000000        4.8745332
     132.0000000        4.8856116
     133.0000000        4.8817158
     134.0000000        4.8623714
     135.0000000        4.8267313
     136.0000000        4.8242051
     137.0000000        4.8069909
     138.0000000        4.8177988
     139.0000000        4.8521771
     140.0000000        4.8569332
     141.0000000        4.8381724
     142.0000000        4.7625184
     143.0000000        4.7350604
     144.0000000        4.7344755
     145.0000000        4.7375653
     146.0000000        4.7830726
     147.0000000        4.8162753
     148.0000000        4.8509374
     149.0000000        4.8527910
     150.0000000        4.8601072
     151.0000000        4.8440104
     152.0000000        4.8299047
     153.0000000        4.8422336
     154.0000000        4.8621604
     155.0000000        4.8933625
     156.0000000        4.9308508
     157.0000000        4.9214743
     158.0000000        4.9275823
     159.0000000        4.9324613
     160.0000000        4.9421278
     161.0000000        4.9704762
     162.0000000        4.9802619
     163.0000000        4.9536839
     164.0000000        4.8985220
     165.0000000        4.8773611
     166.0000000        4.8531457
     167.0000000        4.8440628
     168.0000000        4.8833035
     169.0000000        4.9159292
     170.0000000        4.9060146
     171.0000000        4.9236937
     172.0000000        4.9422905
     173.0000000        4.9279729
     174.0000000        4.8866298
     175.0000000        4.8437381
     176.0000000        4.7821119
     177.0000000        4.7311759
     178.0000000        4.7010180
     179.0000000        4.6376724
     180.0000000        4.5949552
     181.0000000        4.5745490
     182.0000000        4.5400776
     183.0000000        4.5296728
     184.0000000        4.5205434
     185.0000000        4.5435407
     186.0000000        4.5821413
     187.0000000        4.6212048
     188.0000000        4.6436149
     189.0000000        4.6490393
     190.0000000        4.6338850
     191.0000000        4.6106266
     192.0000000        4.5614078
     193.0000000        4.5149365
     194.0000000        4.4749384
     195.0000000        4.4304791
     196.0000000        4.4230683
     197.0000000        4.4652962
     198.0000000        4.5030950
     199.0000000        4.5614340
     200.0000000        4.6432982
     201.0000000        4.7155196
     202.0000000        4.7745569
     203.0000000        4.8278119
     204.0000000        4.8960176
     205.0000000        4.9246491
     206.0000000        4.9698327
     207.0000000        4.9769501
     208.0000000        4.9652146
     209.0000000        4.9205750
     210.0000000        4.8623729
     211.0000000        4.8172167
     212.0000000        4.8223976
     213.0000000        4.8219962
     214.0000000        4.8549181
     215.0000000        4.9002227
     216.0000000        4.9316332
     217.0000000        4.9225318
     218.0000000        4.8611638
     219.0000000        4.7949822
     220.0000000        4.7665097
     221.0000000        4.7363575
     222.0000000        4.7036727
     223.0000000        4.7269385
     224.0000000        4.7580354
     225.0000000        4.7864279
     226.0000000        4.8326989
     227.0000000        4.8582902
     228.0000000        4.8260667
     229.0000000        4.7993774
     230.0000000        4.7831221
     231.0000000        4.8065380
     232.0000000        4.8426960
     233.0000000        4.8740249
     234.0000000        4.9068715
     235.0000000        4.9555419
     236.0000000        4.9783777
     237.0000000        4.9885640
     238.0000000        4.9499972
     239.0000000        4.8951877
     240.0000000        4.8858968
     241.0000000        4.8865375
     242.0000000        4.8982397
     243.0000000        4.9172419
     244.0000000        4.9446664
     245.0000000        4.9524906
     246.0000000        4.9476001
     247.0000000        4.9416849
     248.0000000        4.9170280
     249.0000000        4.8862923
     250.0000000        4.8422767
     251.0000000        4.7805444
     252.0000000        4.6831198
     253.0000000        4.5906285
     254.0000000        4.5188043
     255.0000000        4.4880459
     256.0000000        4.4734954
     257.0000000        4.4853166
     258.0000000        4.5552599
     259.0000000        4.5993809
     260.0000000        4.6228015
     261.0000000        4.6360897
     262.0000000        4.6642266
     263.0000000        4.6889661
     264.0000000        4.7042466
     265.0000000        4.6912006
     266.0000000        4.6814939
     267.0000000        4.6772524
     268.0000000        4.6966253
     269.0000000        4.7189167
     270.0000000        4.7449272
     271.0000000        4.7415181
     272.0000000        4.7554636
     273.0000000        4.7537124
     274.0000000        4.7202154
     275.0000000        4.6717817
     276.0000000        4.6286429
     277.0000000        4.6036884
     278.0000000        4.6123762
     279.0000000        4.6155116
     280.0000000        4.6061243
     281.0000000        4.6085889
     282.0000000        4.6121895
     283.0000000        4.6327395
     284.0000000        4.6786387
     285.0000000        4.7314485
     286.0000000        4.7700383
     287.0000000        4.7755607
     288.0000000        4.7887713
     289.0000000        4.8056413
     290.0000000        4.8131761
     291.0000000        4.8091246
     292.0000000        4.7979042
     293.0000000        4.7457080
     294.0000000        4.7155544
     295.0000000        4.6871291
     296.0000000        4.6725402
     297.0000000        4.6742518
     298.0000000        4.6928346
     299.0000000        4.6965055
     300.0000000        4.7164453
     301.0000000        4.7254720
     302.0000000        4.7465515
     303.0000000        4.7756221
     304.0000000        4.7950547
     305.0000000        4.8290418
     306.0000000        4.8779724
     307.0000000        4.9281459
     308.0000000        4.9808060
     309.0000000        4.9994970
     310.0000000        4.9888039
     311.0000000        4.9481420
     312.0000000        4.8873410
     313.0000000        4.8088266
     314.0000000        4.7293992
     315.0000000        4.7132427
     316.0000000        4.6986780
     317.0000000        4.7200535
     318.0000000        4.7608276
     319.0000000        4.7601204
     320.0000000        4.8033558
     321.0000000        4.8415547
     322.0000000        4.9001527
     323.0000000        4.9125531
     324.0000000        4.9195935
     325.0000000        4.9465269
     326.0000000        4.9525797
     327.0000000        4.9156931
     328.0000000        4.8943318
     329.0000000        4.8765399
     330.0000000        4.8751131
     331.0000000        4.8711260
     332.0000000        4.8780916
     333.0000000        4.8901716
     334.0000000        4.9037535
     335.0000000        4.9219185
     336.0000000        4.9439819
     337.0000000        4.9448568
     338.0000000        4.9349754
     339.0000000        4.9289154
     340.0000000        4.9125445
     341.0000000        4.9065927
     342.0000000        4.8904872
     343.0000000        4.8843651
     344.0000000        4.8976655
     345.0000000        4.8749857
     346.0000000        4.8659507
     347.0000000        4.8621775
     348.0000000        4.8822523
     349.0000000        4.8914420
     350.0000000        4.8724963
     351.0000000        4.8551734
     352.0000000        4.8591720
     353.0000000        4.8605935
     354.0000000        4.8225881
     355.0000000        4.8078560
     356.0000000        4.7941425
     357.0000000        4.7637828
     358.0000000        4.7499307
     359.0000000        4.7658876
     360.0000000        4.7918549
     361.0000000        4.8309884
     362.0000000        4.8668884
     363.0000000        4.9100266
     364.0000000        4.9359737
     365.0000000        4.9425929
     366.0000000        4.8973413
     367.0000000        4.8566571
     368.0000000        4.8254547
     369.0000000        4.7746561
     370.0000000        4.7280306
     371.0000000        4.7108257
     372.0000000        4.7023849
     373.0000000        4.7122586
     374.0000000        4.7050678
     375.0000000        4.6902330
     376.0000000        4.6826116
     377.0000000        4.6459889
     378.0000000        4.6454310
     379.0000000        4.6601267
     380.0000000        4.6653351
     381.0000000        4.6767046
     382.0000000        4.6650060
     383.0000000        4.6617092
     384.0000000        4.6916644
     385.0000000        4.7669275
     386.0000000        4.8268688
     387.0000000        4.8541580
     388.0000000        4.8989652
     389.0000000        4.9262841
     390.0000000        4.9399439
     391.0000000        4.9359008
     392.0000000        4.9424861
     393.0000000        4.9590968
     394.0000000        4.9746649
     395.0000000        4.9617871
     396.0000000        4.9581310
     397.0000000        4.9747174
     398.0000000        4.9821365
     399.0000000        4.9830932
     400.0000000        4.9590279
     401.0000000        4.9265520
     402.0000000        4.8964711
     403.0000000        4.8829104
     404.0000000        4.8584412
     405.0000000        4.8622106
     406.0000000        4.8529151
     407.0000000        4.8418655
     408.0000000        4.8271871
     409.0000000        4.8080829
     410.0000000        4.7851107
     411.0000000        4.7847009
     412.0000000        4.7741806
     413.0000000        4.7927336
     414.0000000        4.8063147
     415.0000000        4.8097866
     416.0000000        4.8056574
     417.0000000        4.7947753
     418.0000000        4.7658248
     419.0000000        4.7358260
     420.0000000        4.7168066
     421.0000000        4.7090278
     422.0000000        4.7398848
     423.0000000        4.7542877
     424.0000000        4.7530034
     425.0000000        4.7579729
     426.0000000        4.7968769
     427.0000000        4.8594906
     428.0000000        4.9007414
     429.0000000        4.9529525
     430.0000000        5.0155483
     431.0000000        5.0566046
     432.0000000        5.0641807
     433.0000000        5.0456948
     434.0000000        5.0381558
     435.0000000        5.0240832
     436.0000000        5.0311496
     437.0000000        5.0412809
     438.0000000        5.0442945
     439.0000000        5.0252572
     440.0000000        4.9726347
     441.0000000        4.9407849
     442.0000000        4.8824117
     443.0000000        4.8458619
     444.0000000        4.8375942
     445.0000000        4.8744420
     446.0000000        4.9210616
     447.0000000        4.9375190
     448.0000000        4.9380340
     449.0000000        4.9391314
     450.0000000        4.9018025
     451.0000000        4.8604770
     452.0000000        4.8216402
     453.0000000        4.8069785
     454.0000000        4.8050944
     455.0000000        4.8228191
     456.0000000        4.7963332
     457.0000000        4.7529874
     458.0000000        4.6609857
     459.0000000        4.5911765
     460.0000000        4.5426795
     461.0000000        4.5133235
     462.0000000        4.4967090
     463.0000000        4.5043618
     464.0000000        4.5011556
     465.0000000        4.5373475
     466.0000000        4.5938751
     467.0000000        4.6316035
     468.0000000        4.6384816
     469.0000000        4.6316550
     470.0000000        4.6531197
     471.0000000        4.6944499
     472.0000000        4.7313179
     473.0000000        4.7628208
     474.0000000        4.7691930
     475.0000000        4.7700121
     476.0000000        4.8065243
     477.0000000        4.8654175
     478.0000000        4.9165961
     479.0000000        4.9450498
     480.0000000        4.9483457
     481.0000000        4.9430439
     482.0000000        4.9086961
     483.0000000        4.8778936
     484.0000000        4.8785032
     485.0000000        4.8996253
     486.0000000        4.9056699
     487.0000000        4.9057131
     488.0000000        4.9075521
     489.0000000        4.9642185
     490.0000000        4.9932019
     491.0000000        5.0194953
     492.0000000        5.0458403
     493.0000000        5.0423054
     494.0000000        5.0200207
     495.0000000        5.0236655
     496.0000000        5.0359241
     497.0000000        5.0400120
     498.0000000        5.0273507
     499.0000000        5.0434653
     500.0000000        5.0528670
     501.0000000        5.0839322
     502.0000000        5.1208616
     503.0000000        5.1831717
     504.0000000        5.2150672
     505.0000000        5.2222361
     506.0000000        5.1908819
     507.0000000        5.1619351
     508.0000000        5.1049981
     509.0000000        5.0779343
     510.0000000        5.0452032
     511.0000000        5.0476669
     512.0000000        5.0505233
     513.0000000        5.0578772
     514.0000000        5.0651823
     515.0000000        5.0704961
     516.0000000        5.0635828
     517.0000000        5.0299112
     518.0000000        5.0451876
     519.0000000        5.0384151
     520.0000000        4.9953826
     521.0000000        4.9449050
     522.0000000        4.8617863
     523.0000000        4.7995525
     524.0000000        4.7695763
     525.0000000        4.7569748
     526.0000000        4.7450989
     527.0000000        4.7482652
     528.0000000        4.7272427
     529.0000000        4.6919783
     530.0000000        4.6686794
     531.0000000        4.6749141
     532.0000000        4.6771542
     533.0000000        4.7234334
     534.0000000        4.7451608
     535.0000000        4.7230550
     536.0000000        4.7294806
     537.0000000        4.7294224
     538.0000000        4.7025199
     539.0000000        4.6845197
     540.0000000        4.7264889
     541.0000000        4.7552050
     542.0000000        4.7770349
     543.0000000        4.7923174
     544.0000000        4.8094405
     545.0000000        4.8159451
     546.0000000        4.8297524
     547.0000000        4.8629800
     548.0000000        4.8881575
     549.0000000        4.9099278
     550.0000000        4.9084416
     551.0000000        4.8686000
     552.0000000        4.8476926
     553.0000000        4.8628123
     554.0000000        4.8971178
     555.0000000        4.8978416
     556.0000000        4.8336228
     557.0000000        4.7742381
     558.0000000        4.7274754
     559.0000000        4.7311953
     560.0000000        4.7128599
     561.0000000        4.7110295
     562.0000000        4.7451466
     563.0000000        4.7910392
     564.0000000        4.7891017
     565.0000000        4.7724439
     566.0000000        4.7311737
     567.0000000        4.6928553
     568.0000000        4.6760956
     569.0000000        4.6809021
     570.0000000        4.6696000
     571.0000000        4.6838682
     572.0000000        4.7561916
     573.0000000        4.8061133
     574.0000000        4.8797479
     575.0000000        4.9085769
     576.0000000        4.8684022
     577.0000000        4.8491089
     578.0000000        4.8453634
     579.0000000        4.8715023
     580.0000000        4.9046000
     581.0000000        4.9495441
     582.0000000        4.9739394
     583.0000000        4.9959190
     584.0000000        5.0156051
     585.0000000        5.0340914
     586.0000000        4.9825627
     587.0000000        4.9319922
     588.0000000        4.9061488
     589.0000000        4.9482952
     590.0000000        5.0195038
     591.0000000        5.0860566
     592.0000000        5.1030050
     593.0000000        5.0677471
     594.0000000        5.0415952
     595.0000000        4.9793183
     596.0000000        4.8949586
     597.0000000        4.8231076
     598.0000000        4.7624124
     599.0000000        4.7102080
     600.0000000        4.6857900
