       1.0000000        2.5417707
       2.0000000        2.5141177
       3.0000000        2.4951591
       4.0000000        2.4902716
       5.0000000        2.4847741
       6.0000000        2.4721894
       7.0000000        2.4629974
       8.0000000        2.4589767
       9.0000000        2.4423771
      10.0000000        2.4347687
      11.0000000        2.4304779
      12.0000000        2.4238799
      13.0000000        2.4221120
      14.0000000        2.4180412
      15.0000000        2.4112139
      16.0000000        2.4035921
      17.0000000        2.4052739
      18.0000000        2.4142482
      19.0000000        2.4279497
      20.0000000        2.4322181
      21.0000000        2.4397962
      22.0000000        2.4484334
      23.0000000        2.4614201
      24.0000000        2.4710846
      25.0000000        2.4702575
      26.0000000        2.4757450
      27.0000000        2.4836826
      28.0000000        2.4793704
      29.0000000        2.4738657
      30.0000000        2.4664860
      31.0000000        2.4567101
      32.0000000        2.4591947
      33.0000000        2.4457953
      34.0000000        2.4419887
      35.0000000        2.4500179
      36.0000000        2.4514134
      37.0000000        2.4418435
      38.0000000        2.4336751
      39.0000000        2.4245739
      40.0000000        2.4223971
      41.0000000        2.4163015
      42.0000000        2.4128988
      43.0000000        2.4099708
      44.0000000        2.4035878
      45.0000000        2.3899570
      46.0000000        2.3784783
      47.0000000        2.3838425
      48.0000000        2.3920860
      49.0000000        2.4035223
      50.0000000        2.4085507
      51.0000000        2.4084711
      52.0000000        2.4065051
      53.0000000        2.4047651
      54.0000000        2.4040024
      55.0000000        2.4056194
      56.0000000        2.4061613
      57.0000000        2.4064529
      58.0000000        2.4062817
      59.0000000        2.4050765
      60.0000000        2.4073348
      61.0000000        2.4086983
      62.0000000        2.4101012
      63.0000000        2.4192088
      64.0000000        2.4307323
      65.0000000        2.4384084
      66.0000000        2.4523830
      67.0000000        2.4502594
      68.0000000        2.4438758
      69.0000000        2.4399996
      70.0000000        2.4404902
      71.0000000        2.4384272
      72.0000000        2.4397173
      73.0000000        2.4456391
      74.0000000        2.4531214
      75.0000000        2.4551363
      76.0000000        2.4541728
      77.0000000        2.4458909
      78.0000000        2.4312792
      79.0000000        2.4115078
      80.0000000        2.3914695
      81.0000000        2.3791230
      82.0000000        2.3765833
      83.0000000        2.3661425
      84.0000000        2.3567536
      85.0000000        2.3448677
      86.0000000        2.3334541
      87.0000000        2.3235185
      88.0000000        2.3138392
      89.0000000        2.3105319
      90.0000000        2.3094277
      91.0000000        2.3088181
      92.0000000        2.3049965
      93.0000000        2.2949362
      94.0000000        2.2878306
      95.0000000        2.2899137
      96.0000000        2.2957623
      97.0000000        2.3080184
      98.0000000        2.3314180
      99.0000000        2.3443432
     100.0000000        2.3448250
     101.0000000        2.3435814
     102.0000000        2.3503027
     103.0000000        2.3603482
     104.0000000        2.3697407
     105.0000000        2.3715680
     106.0000000        2.3706105
     107.0000000        2.3773470
     108.0000000        2.3826578
     109.0000000        2.3844457
     110.0000000        2.3850422
     111.0000000        2.3867519
     112.0000000        2.3909137
     113.0000000        2.3927827
     114.0000000        2.3985608
     115.0000000        2.4066570
     116.0000000        2.4189792
     117.0000000        2.4305406
     118.0000000        2.4369020
     119.0000000        2.4402459
     120.0000000        2.4357510
     121.0000000        2.4275517
     122.0000000        2.4232755
     123.0000000        2.4257116
     124.0000000        2.4262640
     125.0000000        2.4329758
     126.0000000        2.4382777
     127.0000000        2.4436166
     128.0000000        2.4468620
     129.0000000        2.4500282
     130.0000000        2.4551384
     131.0000000        2.4570997
     132.0000000        2.4570217
     133.0000000        2.4564965
     134.0000000        2.4442081
     135.0000000        2.4360566
     136.0000000        2.4278140
     137.0000000        2.4159658
     138.0000000        2.4132380
     139.0000000        2.4101512
     140.0000000        2.4075143
     141.0000000        2.4033809
     142.0000000        2.4000719
     143.0000000        2.4005947
     144.0000000        2.3975286
     145.0000000        2.3972864
     146.0000000        2.3959372
     147.0000000        2.3849461
     148.0000000        2.3748074
     149.0000000        2.3581030
     150.0000000        2.3447914
     151.0000000        2.3443027
     152.0000000        2.3509414
     153.0000000        2.3527114
     154.0000000        2.3609862
     155.0000000        2.3681798
     156.0000000        2.3770249
     157.0000000        2.3836195
     158.0000000        2.3903692
     159.0000000        2.3959217
     160.0000000        2.4027040
     161.0000000        2.3995972
     162.0000000        2.3882124
     163.0000000        2.3713677
     164.0000000        2.3571315
     165.0000000        2.3455908
     166.0000000        2.3422890
     167.0000000        2.3519781
     168.0000000        2.3606405
     169.0000000        2.3570421
     170.0000000        2.3537664
     171.0000000        2.3500612
     172.0000000        2.3430011
     173.0000000        2.3394632
     174.0000000        2.3395486
     175.0000000        2.3419302
     176.0000000        2.3384857
     177.0000000        2.3337791
     178.0000000        2.3260610
     179.0000000        2.3211462
     180.0000000        2.3244913
     181.0000000        2.3379388
     182.0000000        2.3559489
     183.0000000        2.3720787
     184.0000000        2.3770719
     185.0000000        2.3828783
     186.0000000        2.3951104
     187.0000000        2.4111350
     188.0000000        2.4317317
     189.0000000        2.4625902
     190.0000000        2.4818339
     191.0000000        2.4917052
     192.0000000        2.4953568
     193.0000000        2.4913728
     194.0000000        2.4780602
     195.0000000        2.4745846
     196.0000000        2.4685705
     197.0000000        2.4624858
     198.0000000        2.4656765
     199.0000000        2.4676046
     200.0000000        2.4620731
     201.0000000        2.4483945
     202.0000000        2.4378130
     203.0000000        2.4267812
     204.0000000        2.4229155
     205.0000000        2.4228284
     206.0000000        2.4179688
     207.0000000        2.4124904
     208.0000000        2.4115448
     209.0000000        2.4115887
     210.0000000        2.4152212
     211.0000000        2.4160452
     212.0000000        2.4147546
     213.0000000        2.4035614
     214.0000000        2.3912675
     215.0000000        2.3762820
     216.0000000        2.3695152
     217.0000000        2.3678079
     218.0000000        2.3787796
     219.0000000        2.3943241
     220.0000000        2.4013116
     221.0000000        2.4031575
     222.0000000        2.4031167
     223.0000000        2.4031625
     224.0000000        2.4020424
     225.0000000        2.4028962
     226.0000000        2.4140916
     227.0000000        2.4227948
     228.0000000        2.4290450
     229.0000000        2.4372177
     230.0000000        2.4379301
     231.0000000        2.4366295
     232.0000000        2.4325266
     233.0000000        2.4204037
     234.0000000        2.4069395
     235.0000000        2.3977301
     236.0000000        2.3910003
     237.0000000        2.3934093
     238.0000000        2.3907404
     239.0000000        2.3857565
     240.0000000        2.3956013
     241.0000000        2.3981130
     242.0000000        2.3913772
     243.0000000        2.3928289
     244.0000000        2.3897562
     245.0000000        2.3828285
     246.0000000        2.3912873
     247.0000000        2.4042313
     248.0000000        2.4086213
     249.0000000        2.4096866
     250.0000000        2.4066365
     251.0000000        2.3955343
     252.0000000        2.3921018
     253.0000000        2.3933747
     254.0000000        2.3967326
     255.0000000        2.4039636
     256.0000000        2.4116027
     257.0000000        2.4128721
     258.0000000        2.4120541
     259.0000000        2.4179285
     260.0000000        2.4245026
     261.0000000        2.4412470
     262.0000000        2.4622338
     263.0000000        2.4831719
     264.0000000        2.4909875
     265.0000000        2.4843593
     266.0000000        2.4825573
     267.0000000        2.4789915
     268.0000000        2.4802895
     269.0000000        2.4712369
     270.0000000        2.4623520
     271.0000000        2.4613364
     272.0000000        2.4638956
     273.0000000        2.4591870
     274.0000000        2.4532442
     275.0000000        2.4480612
     276.0000000        2.4525669
     277.0000000        2.4568598
     278.0000000        2.4569743
     279.0000000        2.4465709
     280.0000000        2.4492979
     281.0000000        2.4580739
     282.0000000        2.4717927
     283.0000000        2.4885192
     284.0000000        2.5005705
     285.0000000        2.5075765
     286.0000000        2.5025413
     287.0000000        2.4879391
     288.0000000        2.4811590
     289.0000000        2.4751120
     290.0000000        2.4742773
     291.0000000        2.4756134
     292.0000000        2.4745295
     293.0000000        2.4741209
     294.0000000        2.4585037
     295.0000000        2.4499221
     296.0000000        2.4461274
     297.0000000        2.4362404
     298.0000000        2.4292862
     299.0000000        2.4197874
     300.0000000        2.4001451
     301.0000000        2.3914437
     302.0000000        2.3983660
     303.0000000        2.3982048
     304.0000000        2.3946092
     305.0000000        2.3973908
     306.0000000        2.3990474
     307.0000000        2.3974574
     308.0000000        2.3972592
     309.0000000        2.4113438
     310.0000000        2.4344387
     311.0000000        2.4459939
     312.0000000        2.4501863
     313.0000000        2.4357858
     314.0000000        2.4331071
     315.0000000        2.4343815
     316.0000000        2.4334991
     317.0000000        2.4341922
     318.0000000        2.4383607
     319.0000000        2.4398756
     320.0000000        2.4395280
     321.0000000        2.4359801
     322.0000000        2.4296334
     323.0000000        2.4238150
     324.0000000        2.4184613
     325.0000000        2.4054728
     326.0000000        2.3945193
     327.0000000        2.3915079
     328.0000000        2.3955617
     329.0000000        2.4068682
     330.0000000        2.4247680
     331.0000000        2.4357917
     332.0000000        2.4357772
     333.0000000        2.4318545
     334.0000000        2.4277346
     335.0000000        2.4266682
     336.0000000        2.4249752
     337.0000000        2.4142790
     338.0000000        2.4075737
     339.0000000        2.4042754
     340.0000000        2.3984401
     341.0000000        2.3984394
     342.0000000        2.4023187
     343.0000000        2.4023159
     344.0000000        2.4043443
     345.0000000        2.4028609
     346.0000000        2.3964350
     347.0000000        2.3986979
     348.0000000        2.4067059
     349.0000000        2.4131334
     350.0000000        2.4119673
     351.0000000        2.4121540
     352.0000000        2.4046810
     353.0000000        2.3929198
     354.0000000        2.3712144
     355.0000000        2.3579478
     356.0000000        2.3550036
     357.0000000        2.3521683
     358.0000000        2.3414254
     359.0000000        2.3414419
     360.0000000        2.3323236
     361.0000000        2.3280320
     362.0000000        2.3272569
     363.0000000        2.3229401
     364.0000000        2.3233912
     365.0000000        2.3242013
     366.0000000        2.3221767
     367.0000000        2.3270996
     368.0000000        2.3359969
     369.0000000        2.3469644
     370.0000000        2.3566382
     371.0000000        2.3702314
     372.0000000        2.3800027
     373.0000000        2.3875203
     374.0000000        2.4011645
     375.0000000        2.4087181
     376.0000000        2.4129977
     377.0000000        2.4119444
     378.0000000        2.4124682
     379.0000000        2.4212070
     380.0000000        2.4239101
     381.0000000        2.4141078
     382.0000000        2.4014614
     383.0000000        2.3928947
     384.0000000        2.3849955
     385.0000000        2.3789413
     386.0000000        2.3778327
     387.0000000        2.3768394
     388.0000000        2.3815339
     389.0000000        2.3829000
     390.0000000        2.3745253
     391.0000000        2.3741524
     392.0000000        2.3755536
     393.0000000        2.3795311
     394.0000000        2.3798087
     395.0000000        2.3838413
     396.0000000        2.3848569
     397.0000000        2.3835890
     398.0000000        2.3826547
     399.0000000        2.3750548
     400.0000000        2.3679221
     401.0000000        2.3645728
     402.0000000        2.3576941
     403.0000000        2.3412669
     404.0000000        2.3339379
     405.0000000        2.3375590
     406.0000000        2.3509216
     407.0000000        2.3724525
     408.0000000        2.3799334
     409.0000000        2.3769195
     410.0000000        2.3696358
     411.0000000        2.3744571
     412.0000000        2.3778913
     413.0000000        2.3860512
     414.0000000        2.3922038
     415.0000000        2.4006102
     416.0000000        2.4028821
     417.0000000        2.4093440
     418.0000000        2.4098673
     419.0000000        2.4091835
     420.0000000        2.4124541
     421.0000000        2.4168806
     422.0000000        2.4238684
     423.0000000        2.4262226
     424.0000000        2.4308398
     425.0000000        2.4342625
     426.0000000        2.4426343
     427.0000000        2.4516928
     428.0000000        2.4608774
     429.0000000        2.4751306
     430.0000000        2.4908919
     431.0000000        2.5024607
     432.0000000        2.4954140
     433.0000000        2.4802198
     434.0000000        2.4700687
     435.0000000        2.4553962
     436.0000000        2.4398639
     437.0000000        2.4255457
     438.0000000        2.4174075
     439.0000000        2.4044528
     440.0000000        2.3918388
     441.0000000        2.3820801
     442.0000000        2.3851671
     443.0000000        2.3932269
     444.0000000        2.4055870
     445.0000000        2.4130216
     446.0000000        2.4164951
     447.0000000        2.4257703
     448.0000000        2.4277372
     449.0000000        2.4263451
     450.0000000        2.4213724
     451.0000000        2.4205904
     452.0000000        2.4224155
     453.0000000        2.4253705
     454.0000000        2.4253771
     455.0000000        2.4208655
     456.0000000        2.4102087
     457.0000000        2.4050841
     458.0000000        2.4021413
     459.0000000        2.4094377
     460.0000000        2.4040933
     461.0000000        2.4078753
     462.0000000        2.4053864
     463.0000000        2.4044502
     464.0000000        2.4096508
     465.0000000        2.4190245
     466.0000000        2.4257579
     467.0000000        2.4255097
     468.0000000        2.4221385
     469.0000000        2.4280040
     470.0000000        2.4403114
     471.0000000        2.4531057
     472.0000000        2.4657521
     473.0000000        2.4814775
     474.0000000        2.4882026
     475.0000000        2.4872911
     476.0000000        2.4884939
     477.0000000        2.4901762
     478.0000000        2.4922307
     479.0000000        2.5039527
     480.0000000        2.4997609
     481.0000000        2.4981906
     482.0000000        2.4920607
     483.0000000        2.4937489
     484.0000000        2.4968994
     485.0000000        2.4974051
     486.0000000        2.4916532
     487.0000000        2.4910591
     488.0000000        2.4870348
     489.0000000        2.4862738
     490.0000000        2.4888828
     491.0000000        2.4875810
     492.0000000        2.4738297
     493.0000000        2.4640617
     494.0000000        2.4648001
     495.0000000        2.4646759
     496.0000000        2.4612277
     497.0000000        2.4549968
     498.0000000        2.4456139
     499.0000000        2.4443071
     500.0000000        2.4431231
     501.0000000        2.4348340
     502.0000000        2.4411063
     503.0000000        2.4439828
     504.0000000        2.4500539
     505.0000000        2.4527011
     506.0000000        2.4474521
     507.0000000        2.4534013
     508.0000000        2.4531832
     509.0000000        2.4524882
     510.0000000        2.4592030
     511.0000000        2.4596303
     512.0000000        2.4551015
     513.0000000        2.4473348
     514.0000000        2.4433012
     515.0000000        2.4417210
     516.0000000        2.4427669
     517.0000000        2.4559934
     518.0000000        2.4646962
     519.0000000        2.4621317
     520.0000000        2.4492090
     521.0000000        2.4262025
     522.0000000        2.4214437
     523.0000000        2.4226756
     524.0000000        2.4285426
     525.0000000        2.4293184
     526.0000000        2.4274969
     527.0000000        2.4305551
     528.0000000        2.4297168
     529.0000000        2.4307117
     530.0000000        2.4328794
     531.0000000        2.4363270
     532.0000000        2.4445720
     533.0000000        2.4479477
     534.0000000        2.4494207
     535.0000000        2.4493165
     536.0000000        2.4438765
     537.0000000        2.4480395
     538.0000000        2.4489274
     539.0000000        2.4500902
     540.0000000        2.4354739
     541.0000000        2.4269750
     542.0000000        2.4227066
     543.0000000        2.4230411
     544.0000000        2.4136074
     545.0000000        2.3984249
     546.0000000        2.3924966
     547.0000000        2.4027507
     548.0000000        2.4123011
     549.0000000        2.4205556
     550.0000000        2.4302900
     551.0000000        2.4296868
     552.0000000        2.4306901
     553.0000000        2.4374950
     554.0000000        2.4321969
     555.0000000        2.4230602
     556.0000000        2.4242725
     557.0000000        2.4302602
     558.0000000        2.4327612
     559.0000000        2.4298925
     560.0000000        2.4215889
     561.0000000        2.4135268
     562.0000000        2.4046526
     563.0000000        2.3964648
     564.0000000        2.3954163
     565.0000000        2.3972778
     566.0000000        2.4137058
     567.0000000        2.4310548
     568.0000000        2.4441392
     569.0000000        2.4477022
     570.0000000        2.4474792
     571.0000000        2.4446902
     572.0000000        2.4428282
     573.0000000        2.4466581
     574.0000000        2.4462287
     575.0000000        2.4506049
     576.0000000        2.4647479
     577.0000000        2.4739418
     578.0000000        2.4921339
     579.0000000        2.5038016
     580.0000000        2.4898276
     581.0000000        2.4671545
     582.0000000        2.4479342
     583.0000000        2.4362249
     584.0000000        2.4285452
     585.0000000        2.4200735
     586.0000000        2.4077001
     587.0000000        2.4015031
     588.0000000        2.4065797
     589.0000000        2.4125485
     590.0000000        2.4145410
     591.0000000        2.4204392
     592.0000000        2.4268546
     593.0000000        2.4285624
     594.0000000        2.4268637
     595.0000000        2.4174294
     596.0000000        2.4136348
     597.0000000        2.4092159
     598.0000000        2.4043701
     599.0000000        2.3947783
     600.0000000        2.3879294
