       1.0000000        2.9662671
       2.0000000        2.7989204
       3.0000000        2.6421800
       4.0000000        2.5060432
       5.0000000        2.4131138
       6.0000000        2.3427444
       7.0000000        2.2913480
       8.0000000        2.2527082
       9.0000000        2.2204087
      10.0000000        2.1956732
      11.0000000        2.1787825
      12.0000000        2.1722128
      13.0000000        2.1684289
      14.0000000        2.1548486
      15.0000000        2.1353116
      16.0000000        2.1200697
      17.0000000        2.1135564
      18.0000000        2.1142037
      19.0000000        2.1163127
      20.0000000        2.1164782
      21.0000000        2.1179051
      22.0000000        2.1199081
      23.0000000        2.1242502
      24.0000000        2.1299117
      25.0000000        2.1347687
      26.0000000        2.1319413
      27.0000000        2.1226890
      28.0000000        2.1098759
      29.0000000        2.0956047
      30.0000000        2.0855567
      31.0000000        2.0814433
      32.0000000        2.0813231
      33.0000000        2.0891674
      34.0000000        2.1065960
      35.0000000        2.1245515
      36.0000000        2.1351240
      37.0000000        2.1414919
      38.0000000        2.1462722
      39.0000000        2.1490972
      40.0000000        2.1487656
      41.0000000        2.1462021
      42.0000000        2.1431150
      43.0000000        2.1416681
      44.0000000        2.1376448
      45.0000000        2.1321735
      46.0000000        2.1285076
      47.0000000        2.1339815
      48.0000000        2.1404073
      49.0000000        2.1399574
      50.0000000        2.1341085
      51.0000000        2.1275694
      52.0000000        2.1244366
      53.0000000        2.1263816
      54.0000000        2.1279519
      55.0000000        2.1240060
      56.0000000        2.1190436
      57.0000000        2.1155005
      58.0000000        2.1134267
      59.0000000        2.1124389
      60.0000000        2.1102376
      61.0000000        2.1062181
      62.0000000        2.1034143
      63.0000000        2.1022768
      64.0000000        2.1007783
      65.0000000        2.0978243
      66.0000000        2.0952246
      67.0000000        2.0958438
      68.0000000        2.0960414
      69.0000000        2.0913675
      70.0000000        2.0890446
      71.0000000        2.0952981
      72.0000000        2.1038549
      73.0000000        2.1114974
      74.0000000        2.1187365
      75.0000000        2.1257460
      76.0000000        2.1325860
      77.0000000        2.1408174
      78.0000000        2.1442618
      79.0000000        2.1458161
      80.0000000        2.1446292
      81.0000000        2.1419799
      82.0000000        2.1364760
      83.0000000        2.1286922
      84.0000000        2.1241002
      85.0000000        2.1256666
      86.0000000        2.1289554
      87.0000000        2.1308463
      88.0000000        2.1363561
      89.0000000        2.1426010
      90.0000000        2.1501875
      91.0000000        2.1599076
      92.0000000        2.1676278
      93.0000000        2.1680350
      94.0000000        2.1608143
      95.0000000        2.1495013
      96.0000000        2.1362009
      97.0000000        2.1225584
      98.0000000        2.1103821
      99.0000000        2.1018996
     100.0000000        2.1008365
     101.0000000        2.1029975
     102.0000000        2.1049681
     103.0000000        2.1079140
     104.0000000        2.1101236
     105.0000000        2.1097600
     106.0000000        2.1076317
     107.0000000        2.1087892
     108.0000000        2.1139722
     109.0000000        2.1206357
     110.0000000        2.1285701
     111.0000000        2.1371510
     112.0000000        2.1439257
     113.0000000        2.1476598
     114.0000000        2.1474624
     115.0000000        2.1448622
     116.0000000        2.1458974
     117.0000000        2.1501572
     118.0000000        2.1508200
     119.0000000        2.1455100
     120.0000000        2.1393015
     121.0000000        2.1343467
     122.0000000        2.1291964
     123.0000000        2.1228807
     124.0000000        2.1126356
     125.0000000        2.1037946
     126.0000000        2.0968530
     127.0000000        2.0891647
     128.0000000        2.0851622
     129.0000000        2.0906198
     130.0000000        2.1018295
     131.0000000        2.1121314
     132.0000000        2.1217523
     133.0000000        2.1299582
     134.0000000        2.1354880
     135.0000000        2.1406906
     136.0000000        2.1475027
     137.0000000        2.1510577
     138.0000000        2.1511161
     139.0000000        2.1518312
     140.0000000        2.1511724
     141.0000000        2.1475079
     142.0000000        2.1462195
     143.0000000        2.1482956
     144.0000000        2.1498365
     145.0000000        2.1537311
     146.0000000        2.1630769
     147.0000000        2.1694221
     148.0000000        2.1703608
     149.0000000        2.1678212
     150.0000000        2.1685183
     151.0000000        2.1722109
     152.0000000        2.1773229
     153.0000000        2.1743910
     154.0000000        2.1666505
     155.0000000        2.1579392
     156.0000000        2.1547072
     157.0000000        2.1544900
     158.0000000        2.1526527
     159.0000000        2.1498749
     160.0000000        2.1483076
     161.0000000        2.1432137
     162.0000000        2.1384795
     163.0000000        2.1379347
     164.0000000        2.1365464
     165.0000000        2.1348400
     166.0000000        2.1337337
     167.0000000        2.1327283
     168.0000000        2.1335840
     169.0000000        2.1387904
     170.0000000        2.1477382
     171.0000000        2.1579871
     172.0000000        2.1656773
     173.0000000        2.1692905
     174.0000000        2.1692967
     175.0000000        2.1693223
     176.0000000        2.1681983
     177.0000000        2.1682198
     178.0000000        2.1703417
     179.0000000        2.1788878
     180.0000000        2.1860192
     181.0000000        2.1890950
     182.0000000        2.1866767
     183.0000000        2.1840844
     184.0000000        2.1867499
     185.0000000        2.1930826
     186.0000000        2.2013643
     187.0000000        2.2022619
     188.0000000        2.1933637
     189.0000000        2.1844742
     190.0000000        2.1798785
     191.0000000        2.1783085
     192.0000000        2.1801667
     193.0000000        2.1787236
     194.0000000        2.1717162
     195.0000000        2.1677792
     196.0000000        2.1672332
     197.0000000        2.1706691
     198.0000000        2.1723754
     199.0000000        2.1701233
     200.0000000        2.1698346
     201.0000000        2.1747978
     202.0000000        2.1739080
     203.0000000        2.1697860
     204.0000000        2.1666396
     205.0000000        2.1654198
     206.0000000        2.1648524
     207.0000000        2.1675522
     208.0000000        2.1695564
     209.0000000        2.1674659
     210.0000000        2.1623480
     211.0000000        2.1581581
     212.0000000        2.1589162
     213.0000000        2.1632023
     214.0000000        2.1623211
     215.0000000        2.1566038
     216.0000000        2.1527491
     217.0000000        2.1502800
     218.0000000        2.1519325
     219.0000000        2.1559098
     220.0000000        2.1576271
     221.0000000        2.1554415
     222.0000000        2.1544795
     223.0000000        2.1607397
     224.0000000        2.1666892
     225.0000000        2.1640489
     226.0000000        2.1579151
     227.0000000        2.1564248
     228.0000000        2.1613185
     229.0000000        2.1636591
     230.0000000        2.1614163
     231.0000000        2.1549592
     232.0000000        2.1462126
     233.0000000        2.1355202
     234.0000000        2.1245406
     235.0000000        2.1166680
     236.0000000        2.1110191
     237.0000000        2.1077447
     238.0000000        2.1068158
     239.0000000        2.1079848
     240.0000000        2.1083698
     241.0000000        2.1058581
     242.0000000        2.0998883
     243.0000000        2.0918031
     244.0000000        2.0851076
     245.0000000        2.0799906
     246.0000000        2.0783677
     247.0000000        2.0798845
     248.0000000        2.0840294
     249.0000000        2.0892799
     250.0000000        2.0943213
     251.0000000        2.1000712
     252.0000000        2.1078141
     253.0000000        2.1151810
     254.0000000        2.1222961
     255.0000000        2.1284528
     256.0000000        2.1335204
     257.0000000        2.1338387
     258.0000000        2.1286695
     259.0000000        2.1227212
     260.0000000        2.1193507
     261.0000000        2.1179347
     262.0000000        2.1176608
     263.0000000        2.1197605
     264.0000000        2.1210949
     265.0000000        2.1210816
     266.0000000        2.1191831
     267.0000000        2.1167202
     268.0000000        2.1226215
     269.0000000        2.1334848
     270.0000000        2.1425059
     271.0000000        2.1458237
     272.0000000        2.1453800
     273.0000000        2.1480649
     274.0000000        2.1533108
     275.0000000        2.1574132
     276.0000000        2.1558998
     277.0000000        2.1505933
     278.0000000        2.1452143
     279.0000000        2.1446078
     280.0000000        2.1484368
     281.0000000        2.1493347
     282.0000000        2.1438546
     283.0000000        2.1350119
     284.0000000        2.1272066
     285.0000000        2.1252031
     286.0000000        2.1260171
     287.0000000        2.1293058
     288.0000000        2.1324756
     289.0000000        2.1347609
     290.0000000        2.1341863
     291.0000000        2.1289685
     292.0000000        2.1204751
     293.0000000        2.1171036
     294.0000000        2.1215775
     295.0000000        2.1279786
     296.0000000        2.1322114
     297.0000000        2.1358967
     298.0000000        2.1402469
     299.0000000        2.1443372
     300.0000000        2.1492260
     301.0000000        2.1520941
     302.0000000        2.1540077
     303.0000000        2.1599855
     304.0000000        2.1659997
     305.0000000        2.1662953
     306.0000000        2.1637721
     307.0000000        2.1623662
     308.0000000        2.1610515
     309.0000000        2.1582932
     310.0000000        2.1532676
     311.0000000        2.1491158
     312.0000000        2.1506925
     313.0000000        2.1519134
     314.0000000        2.1517141
     315.0000000        2.1532421
     316.0000000        2.1486716
     317.0000000        2.1406157
     318.0000000        2.1359844
     319.0000000        2.1375308
     320.0000000        2.1442037
     321.0000000        2.1501062
     322.0000000        2.1541157
     323.0000000        2.1546669
     324.0000000        2.1524518
     325.0000000        2.1556547
     326.0000000        2.1633718
     327.0000000        2.1716259
     328.0000000        2.1792865
     329.0000000        2.1817257
     330.0000000        2.1802261
     331.0000000        2.1791153
     332.0000000        2.1746936
     333.0000000        2.1688726
     334.0000000        2.1676633
     335.0000000        2.1713705
     336.0000000        2.1779869
     337.0000000        2.1821151
     338.0000000        2.1890185
     339.0000000        2.1967607
     340.0000000        2.1986122
     341.0000000        2.1937304
     342.0000000        2.1829135
     343.0000000        2.1760340
     344.0000000        2.1740210
     345.0000000        2.1714027
     346.0000000        2.1630142
     347.0000000        2.1544089
     348.0000000        2.1490524
     349.0000000        2.1469691
     350.0000000        2.1484251
     351.0000000        2.1537733
     352.0000000        2.1618865
     353.0000000        2.1721344
     354.0000000        2.1787217
     355.0000000        2.1779819
     356.0000000        2.1750803
     357.0000000        2.1697564
     358.0000000        2.1649652
     359.0000000        2.1573629
     360.0000000        2.1470618
     361.0000000        2.1347356
     362.0000000        2.1197703
     363.0000000        2.1086760
     364.0000000        2.1033702
     365.0000000        2.0977440
     366.0000000        2.0940607
     367.0000000        2.0928087
     368.0000000        2.0950336
     369.0000000        2.1013958
     370.0000000        2.1122558
     371.0000000        2.1303430
     372.0000000        2.1502869
     373.0000000        2.1663852
     374.0000000        2.1766045
     375.0000000        2.1815639
     376.0000000        2.1817710
     377.0000000        2.1779675
     378.0000000        2.1726756
     379.0000000        2.1682508
     380.0000000        2.1649539
     381.0000000        2.1623869
     382.0000000        2.1605616
     383.0000000        2.1593769
     384.0000000        2.1590726
     385.0000000        2.1581330
     386.0000000        2.1546371
     387.0000000        2.1486957
     388.0000000        2.1488028
     389.0000000        2.1582584
     390.0000000        2.1650398
     391.0000000        2.1664896
     392.0000000        2.1635442
     393.0000000        2.1631644
     394.0000000        2.1673343
     395.0000000        2.1661167
     396.0000000        2.1564400
     397.0000000        2.1450751
     398.0000000        2.1352243
     399.0000000        2.1301012
     400.0000000        2.1292846
     401.0000000        2.1312900
     402.0000000        2.1332402
     403.0000000        2.1321237
     404.0000000        2.1298516
     405.0000000        2.1314032
     406.0000000        2.1355064
     407.0000000        2.1369581
     408.0000000        2.1329679
     409.0000000        2.1283035
     410.0000000        2.1258221
     411.0000000        2.1278543
     412.0000000        2.1321788
     413.0000000        2.1369741
     414.0000000        2.1397150
     415.0000000        2.1431584
     416.0000000        2.1430590
     417.0000000        2.1420858
     418.0000000        2.1458325
     419.0000000        2.1502278
     420.0000000        2.1509781
     421.0000000        2.1463408
     422.0000000        2.1397634
     423.0000000        2.1352143
     424.0000000        2.1361122
     425.0000000        2.1385119
     426.0000000        2.1433325
     427.0000000        2.1454325
     428.0000000        2.1416430
     429.0000000        2.1361108
     430.0000000        2.1297212
     431.0000000        2.1245494
     432.0000000        2.1243136
     433.0000000        2.1260529
     434.0000000        2.1247985
     435.0000000        2.1215112
     436.0000000        2.1233490
     437.0000000        2.1285276
     438.0000000        2.1367476
     439.0000000        2.1483181
     440.0000000        2.1607969
     441.0000000        2.1707387
     442.0000000        2.1773551
     443.0000000        2.1799030
     444.0000000        2.1791649
     445.0000000        2.1751785
     446.0000000        2.1740236
     447.0000000        2.1722252
     448.0000000        2.1694345
     449.0000000        2.1698670
     450.0000000        2.1713283
     451.0000000        2.1705925
     452.0000000        2.1639519
     453.0000000        2.1571856
     454.0000000        2.1507566
     455.0000000        2.1419034
     456.0000000        2.1311352
     457.0000000        2.1207430
     458.0000000        2.1100194
     459.0000000        2.1008945
     460.0000000        2.0962038
     461.0000000        2.0952537
     462.0000000        2.0954394
     463.0000000        2.0975566
     464.0000000        2.1022565
     465.0000000        2.1063197
     466.0000000        2.1087461
     467.0000000        2.1117451
     468.0000000        2.1149774
     469.0000000        2.1165533
     470.0000000        2.1141882
     471.0000000        2.1088197
     472.0000000        2.1062059
     473.0000000        2.1088529
     474.0000000        2.1177218
     475.0000000        2.1319401
     476.0000000        2.1452308
     477.0000000        2.1579959
     478.0000000        2.1683571
     479.0000000        2.1749399
     480.0000000        2.1781409
     481.0000000        2.1763690
     482.0000000        2.1696587
     483.0000000        2.1609859
     484.0000000        2.1517656
     485.0000000        2.1425698
     486.0000000        2.1335375
     487.0000000        2.1242635
     488.0000000        2.1150701
     489.0000000        2.1113799
     490.0000000        2.1135702
     491.0000000        2.1176810
     492.0000000        2.1197512
     493.0000000        2.1168435
     494.0000000        2.1151154
     495.0000000        2.1165020
     496.0000000        2.1203372
     497.0000000        2.1267622
     498.0000000        2.1338000
     499.0000000        2.1372259
     500.0000000        2.1374886
     501.0000000        2.1374869
     502.0000000        2.1377661
     503.0000000        2.1360698
     504.0000000        2.1347392
     505.0000000        2.1320374
     506.0000000        2.1267323
     507.0000000        2.1245821
     508.0000000        2.1256719
     509.0000000        2.1281896
     510.0000000        2.1336279
     511.0000000        2.1374652
     512.0000000        2.1362560
     513.0000000        2.1365337
     514.0000000        2.1431701
     515.0000000        2.1524146
     516.0000000        2.1617393
     517.0000000        2.1693385
     518.0000000        2.1796491
     519.0000000        2.1894195
     520.0000000        2.1908634
     521.0000000        2.1844170
     522.0000000        2.1756315
     523.0000000        2.1637309
     524.0000000        2.1488836
     525.0000000        2.1359832
     526.0000000        2.1272399
     527.0000000        2.1188745
     528.0000000        2.1120219
     529.0000000        2.1102564
     530.0000000        2.1124070
     531.0000000        2.1202104
     532.0000000        2.1294873
     533.0000000        2.1329329
     534.0000000        2.1336780
     535.0000000        2.1400831
     536.0000000        2.1531587
     537.0000000        2.1660042
     538.0000000        2.1725755
     539.0000000        2.1685259
     540.0000000        2.1601214
     541.0000000        2.1559427
     542.0000000        2.1595738
     543.0000000        2.1655021
     544.0000000        2.1651766
     545.0000000        2.1593325
     546.0000000        2.1496248
     547.0000000        2.1403780
     548.0000000        2.1347921
     549.0000000        2.1363392
     550.0000000        2.1409552
     551.0000000        2.1488125
     552.0000000        2.1538541
     553.0000000        2.1487317
     554.0000000        2.1388433
     555.0000000        2.1312413
     556.0000000        2.1297400
     557.0000000        2.1336129
     558.0000000        2.1396017
     559.0000000        2.1424377
     560.0000000        2.1437392
     561.0000000        2.1400442
     562.0000000        2.1341228
     563.0000000        2.1334336
     564.0000000        2.1392226
     565.0000000        2.1503394
     566.0000000        2.1603878
     567.0000000        2.1669574
     568.0000000        2.1687875
     569.0000000        2.1626952
     570.0000000        2.1529603
     571.0000000        2.1444862
     572.0000000        2.1388576
     573.0000000        2.1360323
     574.0000000        2.1338968
     575.0000000        2.1326239
     576.0000000        2.1337674
     577.0000000        2.1348972
     578.0000000        2.1359520
     579.0000000        2.1350274
     580.0000000        2.1322188
     581.0000000        2.1311185
     582.0000000        2.1307526
     583.0000000        2.1286688
     584.0000000        2.1261477
     585.0000000        2.1269288
     586.0000000        2.1325824
     587.0000000        2.1405213
     588.0000000        2.1433003
     589.0000000        2.1408548
     590.0000000        2.1381931
     591.0000000        2.1341102
     592.0000000        2.1276948
     593.0000000        2.1189585
     594.0000000        2.1145577
     595.0000000        2.1157897
     596.0000000        2.1186247
     597.0000000        2.1191421
     598.0000000        2.1190860
     599.0000000        2.1199369
     600.0000000        2.1189418
