       1.0000000       20.8551740
       2.0000000       15.8601600
       3.0000000       13.5782110
       4.0000000       12.4223150
       5.0000000       11.7723790
       6.0000000       11.2918010
       7.0000000       11.0259000
       8.0000000       10.6756230
       9.0000000       10.4669510
      10.0000000       10.3197860
      11.0000000       10.3081010
      12.0000000       10.1695940
      13.0000000        9.9607905
      14.0000000        9.6486288
      15.0000000        9.4731825
      16.0000000        9.3828126
      17.0000000        9.2947735
      18.0000000        9.1028678
      19.0000000        8.9979609
      20.0000000        8.9198814
      21.0000000        8.8437495
      22.0000000        8.8383535
      23.0000000        8.9063112
      24.0000000        8.9422018
      25.0000000        8.9829450
      26.0000000        9.0512543
      27.0000000        9.0004278
      28.0000000        8.8534036
      29.0000000        8.7446501
      30.0000000        8.7414464
      31.0000000        8.9225514
      32.0000000        8.9722611
      33.0000000        8.9619023
      34.0000000        8.8940162
      35.0000000        8.7383199
      36.0000000        8.5239535
      37.0000000        8.2987600
      38.0000000        8.1287092
      39.0000000        7.9444559
      40.0000000        7.7644519
      41.0000000        7.6291703
      42.0000000        7.4763139
      43.0000000        7.3250474
      44.0000000        7.2308507
      45.0000000        7.1746910
      46.0000000        7.1297706
      47.0000000        7.1100547
      48.0000000        7.0662778
      49.0000000        6.9967851
      50.0000000        6.9311484
      51.0000000        6.8930496
      52.0000000        6.9146033
      53.0000000        6.9490337
      54.0000000        6.9203415
      55.0000000        6.8664050
      56.0000000        6.7930810
      57.0000000        6.7539222
      58.0000000        6.7236946
      59.0000000        6.6822223
      60.0000000        6.6799858
      61.0000000        6.6979535
      62.0000000        6.7489540
      63.0000000        6.7178180
      64.0000000        6.6944710
      65.0000000        6.7100649
      66.0000000        6.7757848
      67.0000000        6.8242529
      68.0000000        6.8526765
      69.0000000        6.8689428
      70.0000000        6.8849459
      71.0000000        6.9341051
      72.0000000        7.0050770
      73.0000000        7.1116819
      74.0000000        7.2360700
      75.0000000        7.3567380
      76.0000000        7.4856901
      77.0000000        7.6072377
      78.0000000        7.7203022
      79.0000000        7.8391071
      80.0000000        7.9852342
      81.0000000        8.0892753
      82.0000000        8.1365260
      83.0000000        8.0992143
      84.0000000        7.9771443
      85.0000000        7.9145345
      86.0000000        7.9173024
      87.0000000        7.9516983
      88.0000000        7.9764813
      89.0000000        7.9579278
      90.0000000        7.8999283
      91.0000000        7.9481083
      92.0000000        8.0685727
      93.0000000        8.1784646
      94.0000000        8.2566850
      95.0000000        8.3072982
      96.0000000        8.3629768
      97.0000000        8.4492401
      98.0000000        8.5381178
      99.0000000        8.5628326
     100.0000000        8.5879041
     101.0000000        8.5229748
     102.0000000        8.5056214
     103.0000000        8.4928109
     104.0000000        8.4730286
     105.0000000        8.4467009
     106.0000000        8.4684218
     107.0000000        8.5109244
     108.0000000        8.5377484
     109.0000000        8.6614401
     110.0000000        8.8064420
     111.0000000        8.9664777
     112.0000000        9.0187496
     113.0000000        9.0289366
     114.0000000        9.1068359
     115.0000000        9.2280242
     116.0000000        9.3605086
     117.0000000        9.4690257
     118.0000000        9.6567282
     119.0000000        9.7350899
     120.0000000        9.6653877
     121.0000000        9.5718165
     122.0000000        9.4792810
     123.0000000        9.4373676
     124.0000000        9.4625623
     125.0000000        9.4551297
     126.0000000        9.3540056
     127.0000000        9.3686901
     128.0000000        9.3607297
     129.0000000        9.3198505
     130.0000000        9.2953033
     131.0000000        9.1644553
     132.0000000        8.9699809
     133.0000000        8.7495479
     134.0000000        8.6256028
     135.0000000        8.5267114
     136.0000000        8.3346528
     137.0000000        8.1303451
     138.0000000        7.9702149
     139.0000000        7.8137507
     140.0000000        7.6826816
     141.0000000        7.5906204
     142.0000000        7.5009059
     143.0000000        7.3795534
     144.0000000        7.2597887
     145.0000000        7.1969938
     146.0000000        7.2032763
     147.0000000        7.1779469
     148.0000000        7.1149408
     149.0000000        7.0442977
     150.0000000        6.9688860
     151.0000000        6.9180461
     152.0000000        6.8606737
     153.0000000        6.7744608
     154.0000000        6.7381557
     155.0000000        6.7166518
     156.0000000        6.7042577
     157.0000000        6.7113304
     158.0000000        6.7021240
     159.0000000        6.6319124
     160.0000000        6.5580839
     161.0000000        6.5215566
     162.0000000        6.5249991
     163.0000000        6.5591857
     164.0000000        6.6058782
     165.0000000        6.6861825
     166.0000000        6.7689156
     167.0000000        6.8528808
     168.0000000        6.9567167
     169.0000000        7.0867403
     170.0000000        7.2230457
     171.0000000        7.3276500
     172.0000000        7.3918330
     173.0000000        7.4657755
     174.0000000        7.5489857
     175.0000000        7.6248853
     176.0000000        7.6836765
     177.0000000        7.6938918
     178.0000000        7.6314117
     179.0000000        7.5404548
     180.0000000        7.4776381
     181.0000000        7.3773516
     182.0000000        7.3599193
     183.0000000        7.4169123
     184.0000000        7.5108183
     185.0000000        7.6094594
     186.0000000        7.6573839
     187.0000000        7.6457070
     188.0000000        7.6129243
     189.0000000        7.6064832
     190.0000000        7.5880720
     191.0000000        7.5657759
     192.0000000        7.5649940
     193.0000000        7.5680105
     194.0000000        7.5471083
     195.0000000        7.5138276
     196.0000000        7.5044436
     197.0000000        7.4818921
     198.0000000        7.4871370
     199.0000000        7.4627493
     200.0000000        7.4546486
     201.0000000        7.4623340
     202.0000000        7.4613711
     203.0000000        7.4215999
     204.0000000        7.3486437
     205.0000000        7.2518519
     206.0000000        7.1830339
     207.0000000        7.1824952
     208.0000000        7.1523029
     209.0000000        7.1533090
     210.0000000        7.1274444
     211.0000000        7.0461462
     212.0000000        6.9836612
     213.0000000        6.9913790
     214.0000000        6.9990677
     215.0000000        6.9978636
     216.0000000        7.0127103
     217.0000000        7.0354763
     218.0000000        7.0398878
     219.0000000        6.9700144
     220.0000000        6.8850429
     221.0000000        6.8139779
     222.0000000        6.7112754
     223.0000000        6.6395247
     224.0000000        6.5471668
     225.0000000        6.4316862
     226.0000000        6.3300102
     227.0000000        6.2712399
     228.0000000        6.1497921
     229.0000000        5.9646609
     230.0000000        5.8081418
     231.0000000        5.6855515
     232.0000000        5.6049075
     233.0000000        5.5414656
     234.0000000        5.5073958
     235.0000000        5.4824368
     236.0000000        5.4885655
     237.0000000        5.5103346
     238.0000000        5.5513953
     239.0000000        5.5544006
     240.0000000        5.5284439
     241.0000000        5.5034826
     242.0000000        5.5221010
     243.0000000        5.5993936
     244.0000000        5.6616194
     245.0000000        5.7010757
     246.0000000        5.6813993
     247.0000000        5.6571273
     248.0000000        5.6729870
     249.0000000        5.6557574
     250.0000000        5.6091427
     251.0000000        5.5478398
     252.0000000        5.4765322
     253.0000000        5.3720118
     254.0000000        5.3137175
     255.0000000        5.2525002
     256.0000000        5.2174694
     257.0000000        5.1862639
     258.0000000        5.1537160
     259.0000000        5.1051062
     260.0000000        5.0503459
     261.0000000        4.9786178
     262.0000000        4.8851195
     263.0000000        4.8002271
     264.0000000        4.6816642
     265.0000000        4.5784164
     266.0000000        4.5294480
     267.0000000        4.4786522
     268.0000000        4.4198940
     269.0000000        4.3791058
     270.0000000        4.3640192
     271.0000000        4.3694087
     272.0000000        4.3736609
     273.0000000        4.3648669
     274.0000000        4.3701707
     275.0000000        4.3830684
     276.0000000        4.3826355
     277.0000000        4.3653512
     278.0000000        4.3135147
     279.0000000        4.2824757
     280.0000000        4.2713469
     281.0000000        4.2761804
     282.0000000        4.3075651
     283.0000000        4.3646822
     284.0000000        4.3771736
     285.0000000        4.3754374
     286.0000000        4.4117076
     287.0000000        4.4520822
     288.0000000        4.4953789
     289.0000000        4.5709842
     290.0000000        4.6820730
     291.0000000        4.8163860
     292.0000000        4.9462234
     293.0000000        5.0786709
     294.0000000        5.2173483
     295.0000000        5.3378003
     296.0000000        5.4122818
     297.0000000        5.4407542
     298.0000000        5.4726859
     299.0000000        5.5222880
     300.0000000        5.5627394
     301.0000000        5.5753152
     302.0000000        5.6105819
     303.0000000        5.6301026
     304.0000000        5.6319145
     305.0000000        5.6270652
     306.0000000        5.6251858
     307.0000000        5.6378562
     308.0000000        5.6167665
     309.0000000        5.5607525
     310.0000000        5.4611395
     311.0000000        5.3925853
     312.0000000        5.3411133
     313.0000000        5.2945962
     314.0000000        5.2216769
     315.0000000        5.1837217
     316.0000000        5.1687937
     317.0000000        5.1505521
     318.0000000        5.1405164
     319.0000000        5.1766528
     320.0000000        5.2235999
     321.0000000        5.2474299
     322.0000000        5.2335339
     323.0000000        5.2346529
     324.0000000        5.2275763
     325.0000000        5.2088629
     326.0000000        5.1850977
     327.0000000        5.1739614
     328.0000000        5.2083477
     329.0000000        5.2428532
     330.0000000        5.2879632
     331.0000000        5.3279316
     332.0000000        5.3851186
     333.0000000        5.4448704
     334.0000000        5.4783393
     335.0000000        5.4548643
     336.0000000        5.4128339
     337.0000000        5.3832194
     338.0000000        5.3710287
     339.0000000        5.3788219
     340.0000000        5.4206995
     341.0000000        5.4551861
     342.0000000        5.4563071
     343.0000000        5.3980397
     344.0000000        5.3402564
     345.0000000        5.3250940
     346.0000000        5.3242219
     347.0000000        5.3167651
     348.0000000        5.3020014
     349.0000000        5.2634557
     350.0000000        5.2482829
     351.0000000        5.2626424
     352.0000000        5.2458200
     353.0000000        5.1911820
     354.0000000        5.1416172
     355.0000000        5.1131304
     356.0000000        5.0661496
     357.0000000        4.9910095
     358.0000000        4.9620751
     359.0000000        4.9580729
     360.0000000        4.9537222
     361.0000000        4.9277636
     362.0000000        4.8766845
     363.0000000        4.8247416
     364.0000000        4.7949506
     365.0000000        4.7819254
     366.0000000        4.7794683
     367.0000000        4.7596598
     368.0000000        4.7162841
     369.0000000        4.6807476
     370.0000000        4.6493476
     371.0000000        4.6203993
     372.0000000        4.5857651
     373.0000000        4.5350764
     374.0000000        4.4986231
     375.0000000        4.4822767
     376.0000000        4.4699774
     377.0000000        4.4806773
     378.0000000        4.5272117
     379.0000000        4.5611962
     380.0000000        4.5304009
     381.0000000        4.5190627
     382.0000000        4.5104375
     383.0000000        4.5247840
     384.0000000        4.5343363
     385.0000000        4.5055488
     386.0000000        4.4577643
     387.0000000        4.3789978
     388.0000000        4.2956258
     389.0000000        4.2661718
     390.0000000        4.2955091
     391.0000000        4.3555929
     392.0000000        4.4255512
     393.0000000        4.4939331
     394.0000000        4.5568694
     395.0000000        4.6199575
     396.0000000        4.6784315
     397.0000000        4.7303354
     398.0000000        4.8025221
     399.0000000        4.9030054
     400.0000000        5.0340696
     401.0000000        5.1539669
     402.0000000        5.2466154
     403.0000000        5.3112308
     404.0000000        5.3235120
     405.0000000        5.3949561
     406.0000000        5.4768013
     407.0000000        5.5383013
     408.0000000        5.5707589
     409.0000000        5.5608094
     410.0000000        5.5534357
     411.0000000        5.5834258
     412.0000000        5.6181312
     413.0000000        5.6337959
     414.0000000        5.6176890
     415.0000000        5.5354864
     416.0000000        5.4282313
     417.0000000        5.3525092
     418.0000000        5.3433281
     419.0000000        5.3803355
     420.0000000        5.4210349
     421.0000000        5.4720614
     422.0000000        5.5465467
     423.0000000        5.6279015
     424.0000000        5.7127303
     425.0000000        5.7772667
     426.0000000        5.8355437
     427.0000000        5.9383483
     428.0000000        6.0893569
     429.0000000        6.2080832
     430.0000000        6.3204136
     431.0000000        6.4561234
     432.0000000        6.5972881
     433.0000000        6.7001087
     434.0000000        6.7524770
     435.0000000        6.8000327
     436.0000000        6.8417517
     437.0000000        6.9404393
     438.0000000        7.0749169
     439.0000000        7.2339958
     440.0000000        7.3433340
     441.0000000        7.4751652
     442.0000000        7.5979931
     443.0000000        7.7456624
     444.0000000        7.8710641
     445.0000000        8.0118371
     446.0000000        8.1487370
     447.0000000        8.2075822
     448.0000000        8.3466827
     449.0000000        8.4024776
     450.0000000        8.4163921
     451.0000000        8.3852851
     452.0000000        8.3862465
     453.0000000        8.4144944
     454.0000000        8.4361837
     455.0000000        8.4585051
     456.0000000        8.4001231
     457.0000000        8.2629158
     458.0000000        8.0805990
     459.0000000        7.9480185
     460.0000000        7.8642424
     461.0000000        7.7151211
     462.0000000        7.5213588
     463.0000000        7.3260882
     464.0000000        7.1602988
     465.0000000        7.0154908
     466.0000000        6.9373744
     467.0000000        6.9002466
     468.0000000        6.9276925
     469.0000000        6.9961464
     470.0000000        7.0192687
     471.0000000        6.9840817
     472.0000000        6.9676826
     473.0000000        6.9095709
     474.0000000        6.8361960
     475.0000000        6.7492186
     476.0000000        6.6878722
     477.0000000        6.6177390
     478.0000000        6.5564540
     479.0000000        6.5670310
     480.0000000        6.5860696
     481.0000000        6.6089223
     482.0000000        6.6039529
     483.0000000        6.6097396
     484.0000000        6.6466899
     485.0000000        6.6444725
     486.0000000        6.6699713
     487.0000000        6.6758824
     488.0000000        6.7013082
     489.0000000        6.6574056
     490.0000000        6.5980062
     491.0000000        6.5336959
     492.0000000        6.4856419
     493.0000000        6.3910452
     494.0000000        6.2854202
     495.0000000        6.2394870
     496.0000000        6.2187581
     497.0000000        6.1673301
     498.0000000        6.1542807
     499.0000000        6.1415354
     500.0000000        6.1193286
     501.0000000        6.0721807
     502.0000000        6.0621980
     503.0000000        6.0828994
     504.0000000        6.1496607
     505.0000000        6.2512417
     506.0000000        6.3714413
     507.0000000        6.4585103
     508.0000000        6.5346937
     509.0000000        6.5947466
     510.0000000        6.6166872
     511.0000000        6.6265734
     512.0000000        6.6418319
     513.0000000        6.6442483
     514.0000000        6.6633857
     515.0000000        6.6901028
     516.0000000        6.6500729
     517.0000000        6.6302128
     518.0000000        6.6446719
     519.0000000        6.6247774
     520.0000000        6.6050362
     521.0000000        6.6112506
     522.0000000        6.6101058
     523.0000000        6.6323958
     524.0000000        6.6577187
     525.0000000        6.6207991
     526.0000000        6.5886098
     527.0000000        6.5748582
     528.0000000        6.5711435
     529.0000000        6.5725360
     530.0000000        6.5500419
     531.0000000        6.5463614
     532.0000000        6.5406530
     533.0000000        6.5798327
     534.0000000        6.6478967
     535.0000000        6.6912518
     536.0000000        6.7064138
     537.0000000        6.8532795
     538.0000000        7.0333689
     539.0000000        7.1459583
     540.0000000        7.2445232
     541.0000000        7.4014044
     542.0000000        7.5379562
     543.0000000        7.6465528
     544.0000000        7.6860556
     545.0000000        7.6909441
     546.0000000        7.6334240
     547.0000000        7.5934357
     548.0000000        7.5285686
     549.0000000        7.5098522
     550.0000000        7.4773952
     551.0000000        7.4016361
     552.0000000        7.3267406
     553.0000000        7.3062041
     554.0000000        7.2474789
     555.0000000        7.1960702
     556.0000000        7.1010210
     557.0000000        6.9835884
     558.0000000        6.8136496
     559.0000000        6.6105514
     560.0000000        6.4385948
     561.0000000        6.2901353
     562.0000000        6.1959177
     563.0000000        6.1326884
     564.0000000        6.0637708
     565.0000000        6.0397676
     566.0000000        6.0367565
     567.0000000        6.0793362
     568.0000000        6.1098340
     569.0000000        6.1229845
     570.0000000        6.1123736
     571.0000000        6.1221961
     572.0000000        6.1476765
     573.0000000        6.1789729
     574.0000000        6.1988800
     575.0000000        6.2204149
     576.0000000        6.2192924
     577.0000000        6.1793475
     578.0000000        6.1545715
     579.0000000        6.1616718
     580.0000000        6.1955427
     581.0000000        6.2088249
     582.0000000        6.1882014
     583.0000000        6.1763111
     584.0000000        6.1786718
     585.0000000        6.2119744
     586.0000000        6.2608191
     587.0000000        6.3419557
     588.0000000        6.3844180
     589.0000000        6.4149277
     590.0000000        6.4550161
     591.0000000        6.5264053
     592.0000000        6.5748832
     593.0000000        6.6454254
     594.0000000        6.7054077
     595.0000000        6.7806409
     596.0000000        6.8204343
     597.0000000        6.8022743
     598.0000000        6.8191990
     599.0000000        6.8561111
     600.0000000        6.8924965
