       1.0000000        0.2515006
       2.0000000        0.2371071
       3.0000000        0.2290421
       4.0000000        0.2259111
       5.0000000        0.2243357
       6.0000000        0.2248673
       7.0000000        0.2271951
       8.0000000        0.2293395
       9.0000000        0.2341252
      10.0000000        0.2368593
      11.0000000        0.2416164
      12.0000000        0.2501890
      13.0000000        0.2594325
      14.0000000        0.2659024
      15.0000000        0.2707289
      16.0000000        0.2795422
      17.0000000        0.2882162
      18.0000000        0.2973890
      19.0000000        0.3089449
      20.0000000        0.3188474
      21.0000000        0.3183568
      22.0000000        0.3104514
      23.0000000        0.3001191
      24.0000000        0.2918704
      25.0000000        0.2843673
      26.0000000        0.2792764
      27.0000000        0.2736449
      28.0000000        0.2698034
      29.0000000        0.2649887
      30.0000000        0.2608681
      31.0000000        0.2596459
      32.0000000        0.2570764
      33.0000000        0.2570336
      34.0000000        0.2570827
      35.0000000        0.2585093
      36.0000000        0.2566917
      37.0000000        0.2548169
      38.0000000        0.2543486
      39.0000000        0.2535498
      40.0000000        0.2503769
      41.0000000        0.2516374
      42.0000000        0.2567371
      43.0000000        0.2615816
      44.0000000        0.2642476
      45.0000000        0.2674544
      46.0000000        0.2740469
      47.0000000        0.2838990
      48.0000000        0.2920456
      49.0000000        0.2905137
      50.0000000        0.2846619
      51.0000000        0.2783377
      52.0000000        0.2729868
      53.0000000        0.2692893
      54.0000000        0.2663544
      55.0000000        0.2638206
      56.0000000        0.2583816
      57.0000000        0.2565902
      58.0000000        0.2580590
      59.0000000        0.2616710
      60.0000000        0.2670146
      61.0000000        0.2723952
      62.0000000        0.2737125
      63.0000000        0.2722416
      64.0000000        0.2726645
      65.0000000        0.2733963
      66.0000000        0.2741128
      67.0000000        0.2739085
      68.0000000        0.2743960
      69.0000000        0.2732079
      70.0000000        0.2716256
      71.0000000        0.2732733
      72.0000000        0.2758953
      73.0000000        0.2836739
      74.0000000        0.2862150
      75.0000000        0.2886409
      76.0000000        0.2896322
      77.0000000        0.2915220
      78.0000000        0.2925044
      79.0000000        0.2895750
      80.0000000        0.2889288
      81.0000000        0.2874916
      82.0000000        0.2866463
      83.0000000        0.2826202
      84.0000000        0.2793381
      85.0000000        0.2773929
      86.0000000        0.2748951
      87.0000000        0.2715026
      88.0000000        0.2718017
      89.0000000        0.2754869
      90.0000000        0.2795089
      91.0000000        0.2837574
      92.0000000        0.2867029
      93.0000000        0.2873627
      94.0000000        0.2893688
      95.0000000        0.2882618
      96.0000000        0.2787231
      97.0000000        0.2707483
      98.0000000        0.2636090
      99.0000000        0.2538817
     100.0000000        0.2499571
     101.0000000        0.2503202
     102.0000000        0.2548288
     103.0000000        0.2599075
     104.0000000        0.2623818
     105.0000000        0.2655469
     106.0000000        0.2654221
     107.0000000        0.2622468
     108.0000000        0.2608029
     109.0000000        0.2564761
     110.0000000        0.2519374
     111.0000000        0.2463906
     112.0000000        0.2413744
     113.0000000        0.2372791
     114.0000000        0.2345117
     115.0000000        0.2329547
     116.0000000        0.2314138
     117.0000000        0.2297228
     118.0000000        0.2276740
     119.0000000        0.2254722
     120.0000000        0.2211092
     121.0000000        0.2227781
     122.0000000        0.2266168
     123.0000000        0.2319578
     124.0000000        0.2373130
     125.0000000        0.2395531
     126.0000000        0.2404029
     127.0000000        0.2457162
     128.0000000        0.2500692
     129.0000000        0.2512562
     130.0000000        0.2441681
     131.0000000        0.2371061
     132.0000000        0.2300617
     133.0000000        0.2261949
     134.0000000        0.2248539
     135.0000000        0.2273429
     136.0000000        0.2319506
     137.0000000        0.2352352
     138.0000000        0.2368898
     139.0000000        0.2403684
     140.0000000        0.2433792
     141.0000000        0.2432859
     142.0000000        0.2426173
     143.0000000        0.2389806
     144.0000000        0.2344301
     145.0000000        0.2315724
     146.0000000        0.2304129
     147.0000000        0.2313765
     148.0000000        0.2283042
     149.0000000        0.2269935
     150.0000000        0.2281392
     151.0000000        0.2290317
     152.0000000        0.2314006
     153.0000000        0.2378623
     154.0000000        0.2467274
     155.0000000        0.2520873
     156.0000000        0.2537044
     157.0000000        0.2554529
     158.0000000        0.2611148
     159.0000000        0.2643399
     160.0000000        0.2605685
     161.0000000        0.2594012
     162.0000000        0.2569325
     163.0000000        0.2543120
     164.0000000        0.2496314
     165.0000000        0.2529753
     166.0000000        0.2578810
     167.0000000        0.2651739
     168.0000000        0.2704050
     169.0000000        0.2706880
     170.0000000        0.2716009
     171.0000000        0.2737985
     172.0000000        0.2776431
     173.0000000        0.2814691
     174.0000000        0.2811385
     175.0000000        0.2830731
     176.0000000        0.2803169
     177.0000000        0.2771201
     178.0000000        0.2820726
     179.0000000        0.2854733
     180.0000000        0.2852924
     181.0000000        0.2839963
     182.0000000        0.2798460
     183.0000000        0.2787970
     184.0000000        0.2781562
     185.0000000        0.2794872
     186.0000000        0.2843646
     187.0000000        0.2816475
     188.0000000        0.2785604
     189.0000000        0.2739798
     190.0000000        0.2712091
     191.0000000        0.2712153
     192.0000000        0.2746948
     193.0000000        0.2794658
     194.0000000        0.2833197
     195.0000000        0.2826877
     196.0000000        0.2808827
     197.0000000        0.2767132
     198.0000000        0.2694781
     199.0000000        0.2647867
     200.0000000        0.2625762
     201.0000000        0.2600319
     202.0000000        0.2596426
     203.0000000        0.2628061
     204.0000000        0.2679771
     205.0000000        0.2728897
     206.0000000        0.2755244
     207.0000000        0.2717144
     208.0000000        0.2710053
     209.0000000        0.2692202
     210.0000000        0.2656931
     211.0000000        0.2645130
     212.0000000        0.2633169
     213.0000000        0.2632462
     214.0000000        0.2627761
     215.0000000        0.2643610
     216.0000000        0.2693761
     217.0000000        0.2763152
     218.0000000        0.2792440
     219.0000000        0.2857211
     220.0000000        0.2891567
     221.0000000        0.2899254
     222.0000000        0.2883524
     223.0000000        0.2828382
     224.0000000        0.2753435
     225.0000000        0.2716525
     226.0000000        0.2673339
     227.0000000        0.2607892
     228.0000000        0.2605566
     229.0000000        0.2599399
     230.0000000        0.2641148
     231.0000000        0.2695110
     232.0000000        0.2708382
     233.0000000        0.2717094
     234.0000000        0.2755948
     235.0000000        0.2749862
     236.0000000        0.2700543
     237.0000000        0.2660062
     238.0000000        0.2629697
     239.0000000        0.2610427
     240.0000000        0.2621085
     241.0000000        0.2646057
     242.0000000        0.2646341
     243.0000000        0.2608787
     244.0000000        0.2593432
     245.0000000        0.2563894
     246.0000000        0.2561804
     247.0000000        0.2593521
     248.0000000        0.2602206
     249.0000000        0.2607792
     250.0000000        0.2598750
     251.0000000        0.2598605
     252.0000000        0.2614834
     253.0000000        0.2612139
     254.0000000        0.2606139
     255.0000000        0.2623128
     256.0000000        0.2650275
     257.0000000        0.2656741
     258.0000000        0.2663198
     259.0000000        0.2701071
     260.0000000        0.2780903
     261.0000000        0.2867059
     262.0000000        0.2974984
     263.0000000        0.3017869
     264.0000000        0.2993096
     265.0000000        0.2945651
     266.0000000        0.2865507
     267.0000000        0.2752096
     268.0000000        0.2674468
     269.0000000        0.2585024
     270.0000000        0.2522519
     271.0000000        0.2453981
     272.0000000        0.2427285
     273.0000000        0.2433642
     274.0000000        0.2415910
     275.0000000        0.2416322
     276.0000000        0.2417407
     277.0000000        0.2465623
     278.0000000        0.2510210
     279.0000000        0.2525873
     280.0000000        0.2498632
     281.0000000        0.2502847
     282.0000000        0.2471602
     283.0000000        0.2448019
     284.0000000        0.2456969
     285.0000000        0.2489667
     286.0000000        0.2496727
     287.0000000        0.2518692
     288.0000000        0.2554653
     289.0000000        0.2604249
     290.0000000        0.2653081
     291.0000000        0.2705490
     292.0000000        0.2712494
     293.0000000        0.2726510
     294.0000000        0.2786813
     295.0000000        0.2856554
     296.0000000        0.2818321
     297.0000000        0.2736555
     298.0000000        0.2721705
     299.0000000        0.2737238
     300.0000000        0.2777133
     301.0000000        0.2818405
     302.0000000        0.2812383
     303.0000000        0.2804232
     304.0000000        0.2782827
     305.0000000        0.2752784
     306.0000000        0.2740203
     307.0000000        0.2709921
     308.0000000        0.2649136
     309.0000000        0.2613413
     310.0000000        0.2596693
     311.0000000        0.2581682
     312.0000000        0.2591773
     313.0000000        0.2609225
     314.0000000        0.2657779
     315.0000000        0.2630843
     316.0000000        0.2569720
     317.0000000        0.2516003
     318.0000000        0.2533159
     319.0000000        0.2579491
     320.0000000        0.2635148
     321.0000000        0.2708278
     322.0000000        0.2810409
     323.0000000        0.2950199
     324.0000000        0.3075451
     325.0000000        0.3160949
     326.0000000        0.3168780
     327.0000000        0.3137974
     328.0000000        0.3074187
     329.0000000        0.3041244
     330.0000000        0.3013048
     331.0000000        0.2937048
     332.0000000        0.2887874
     333.0000000        0.2806298
     334.0000000        0.2741939
     335.0000000        0.2697465
     336.0000000        0.2633071
     337.0000000        0.2579422
     338.0000000        0.2578226
     339.0000000        0.2596312
     340.0000000        0.2617017
     341.0000000        0.2647929
     342.0000000        0.2658077
     343.0000000        0.2662077
     344.0000000        0.2656614
     345.0000000        0.2633384
     346.0000000        0.2597462
     347.0000000        0.2575236
     348.0000000        0.2579934
     349.0000000        0.2616282
     350.0000000        0.2617370
     351.0000000        0.2626793
     352.0000000        0.2605846
     353.0000000        0.2599091
     354.0000000        0.2630480
     355.0000000        0.2647563
     356.0000000        0.2674032
     357.0000000        0.2676480
     358.0000000        0.2672617
     359.0000000        0.2687599
     360.0000000        0.2708653
     361.0000000        0.2795921
     362.0000000        0.2849198
     363.0000000        0.2913933
     364.0000000        0.2973461
     365.0000000        0.2992387
     366.0000000        0.3052697
     367.0000000        0.3146208
     368.0000000        0.3212572
     369.0000000        0.3221727
     370.0000000        0.3212527
     371.0000000        0.3205350
     372.0000000        0.3209607
     373.0000000        0.3180431
     374.0000000        0.3067357
     375.0000000        0.2979256
     376.0000000        0.2916906
     377.0000000        0.2905551
     378.0000000        0.2848328
     379.0000000        0.2781043
     380.0000000        0.2704952
     381.0000000        0.2643803
     382.0000000        0.2617724
     383.0000000        0.2642681
     384.0000000        0.2666509
     385.0000000        0.2688851
     386.0000000        0.2721112
     387.0000000        0.2752401
     388.0000000        0.2745168
     389.0000000        0.2642625
     390.0000000        0.2569282
     391.0000000        0.2537643
     392.0000000        0.2570931
     393.0000000        0.2661369
     394.0000000        0.2735585
     395.0000000        0.2806250
     396.0000000        0.2830451
     397.0000000        0.2858985
     398.0000000        0.2909245
     399.0000000        0.2941008
     400.0000000        0.3000896
     401.0000000        0.3058978
     402.0000000        0.3051432
     403.0000000        0.3040149
     404.0000000        0.3003629
     405.0000000        0.2971157
     406.0000000        0.2953775
     407.0000000        0.2982723
     408.0000000        0.2995727
     409.0000000        0.2993652
     410.0000000        0.3015422
     411.0000000        0.3024834
     412.0000000        0.3030561
     413.0000000        0.3021657
     414.0000000        0.2976555
     415.0000000        0.2938049
     416.0000000        0.2931509
     417.0000000        0.2933769
     418.0000000        0.2963957
     419.0000000        0.2958221
     420.0000000        0.2922361
     421.0000000        0.2878728
     422.0000000        0.2866587
     423.0000000        0.2814775
     424.0000000        0.2776806
     425.0000000        0.2768331
     426.0000000        0.2759520
     427.0000000        0.2778541
     428.0000000        0.2727889
     429.0000000        0.2634309
     430.0000000        0.2578155
     431.0000000        0.2549183
     432.0000000        0.2537661
     433.0000000        0.2567615
     434.0000000        0.2618757
     435.0000000        0.2627364
     436.0000000        0.2632577
     437.0000000        0.2657335
     438.0000000        0.2733860
     439.0000000        0.2784021
     440.0000000        0.2784274
     441.0000000        0.2803525
     442.0000000        0.2847537
     443.0000000        0.2912111
     444.0000000        0.2960817
     445.0000000        0.2954018
     446.0000000        0.2902839
     447.0000000        0.2825358
     448.0000000        0.2757604
     449.0000000        0.2669004
     450.0000000        0.2605628
     451.0000000        0.2599603
     452.0000000        0.2653731
     453.0000000        0.2679125
     454.0000000        0.2709708
     455.0000000        0.2708885
     456.0000000        0.2712157
     457.0000000        0.2712018
     458.0000000        0.2705333
     459.0000000        0.2687362
     460.0000000        0.2673366
     461.0000000        0.2637289
     462.0000000        0.2607552
     463.0000000        0.2578109
     464.0000000        0.2529436
     465.0000000        0.2453838
     466.0000000        0.2392722
     467.0000000        0.2375371
     468.0000000        0.2430851
     469.0000000        0.2555737
     470.0000000        0.2681602
     471.0000000        0.2788334
     472.0000000        0.2872766
     473.0000000        0.2994206
     474.0000000        0.3018523
     475.0000000        0.3022433
     476.0000000        0.3003297
     477.0000000        0.3000641
     478.0000000        0.3018086
     479.0000000        0.2990582
     480.0000000        0.2929600
     481.0000000        0.2857484
     482.0000000        0.2845364
     483.0000000        0.2874009
     484.0000000        0.2904583
     485.0000000        0.2912027
     486.0000000        0.2892545
     487.0000000        0.2884651
     488.0000000        0.2874624
     489.0000000        0.2848617
     490.0000000        0.2791501
     491.0000000        0.2719743
     492.0000000        0.2643771
     493.0000000        0.2648835
     494.0000000        0.2694782
     495.0000000        0.2713855
     496.0000000        0.2696794
     497.0000000        0.2715195
     498.0000000        0.2736187
     499.0000000        0.2732295
     500.0000000        0.2703295
     501.0000000        0.2710689
     502.0000000        0.2719601
     503.0000000        0.2723185
     504.0000000        0.2707360
     505.0000000        0.2642708
     506.0000000        0.2544961
     507.0000000        0.2463055
     508.0000000        0.2439202
     509.0000000        0.2470450
     510.0000000        0.2524873
     511.0000000        0.2573943
     512.0000000        0.2629948
     513.0000000        0.2651131
     514.0000000        0.2689145
     515.0000000        0.2698167
     516.0000000        0.2709157
     517.0000000        0.2709184
     518.0000000        0.2717709
     519.0000000        0.2736657
     520.0000000        0.2717617
     521.0000000        0.2743453
     522.0000000        0.2817639
     523.0000000        0.2891549
     524.0000000        0.2892966
     525.0000000        0.2949918
     526.0000000        0.2976592
     527.0000000        0.2998380
     528.0000000        0.3009853
     529.0000000        0.2976980
     530.0000000        0.2981974
     531.0000000        0.3029987
     532.0000000        0.3014730
     533.0000000        0.2949804
     534.0000000        0.2858726
     535.0000000        0.2779120
     536.0000000        0.2726755
     537.0000000        0.2686681
     538.0000000        0.2666490
     539.0000000        0.2642866
     540.0000000        0.2640175
     541.0000000        0.2671416
     542.0000000        0.2746035
     543.0000000        0.2769278
     544.0000000        0.2786486
     545.0000000        0.2765743
     546.0000000        0.2741047
     547.0000000        0.2749370
     548.0000000        0.2750600
     549.0000000        0.2707398
     550.0000000        0.2656410
     551.0000000        0.2618327
     552.0000000        0.2652610
     553.0000000        0.2715006
     554.0000000        0.2789734
     555.0000000        0.2831535
     556.0000000        0.2879500
     557.0000000        0.2927312
     558.0000000        0.2962052
     559.0000000        0.2950039
     560.0000000        0.2968411
     561.0000000        0.2960275
     562.0000000        0.2958680
     563.0000000        0.2979601
     564.0000000        0.2980043
     565.0000000        0.2943282
     566.0000000        0.2909738
     567.0000000        0.2888500
     568.0000000        0.2864084
     569.0000000        0.2846283
     570.0000000        0.2796934
     571.0000000        0.2756246
     572.0000000        0.2697218
     573.0000000        0.2643179
     574.0000000        0.2636450
     575.0000000        0.2661509
     576.0000000        0.2696679
     577.0000000        0.2701111
     578.0000000        0.2687422
     579.0000000        0.2673749
     580.0000000        0.2681564
     581.0000000        0.2715002
     582.0000000        0.2802639
     583.0000000        0.2906712
     584.0000000        0.2907713
     585.0000000        0.2922216
     586.0000000        0.2932805
     587.0000000        0.2878288
     588.0000000        0.2862309
     589.0000000        0.2852276
     590.0000000        0.2838165
     591.0000000        0.2790654
     592.0000000        0.2736316
     593.0000000        0.2687254
     594.0000000        0.2637638
     595.0000000        0.2584446
     596.0000000        0.2546931
     597.0000000        0.2561718
     598.0000000        0.2621706
     599.0000000        0.2693954
     600.0000000        0.2718432
