       1.0000000        0.3057055
       2.0000000        0.2994932
       3.0000000        0.2947483
       4.0000000        0.2927064
       5.0000000        0.2941181
       6.0000000        0.2964095
       7.0000000        0.2959346
       8.0000000        0.2958132
       9.0000000        0.2955445
      10.0000000        0.2995226
      11.0000000        0.2988299
      12.0000000        0.2985842
      13.0000000        0.2960247
      14.0000000        0.2848381
      15.0000000        0.2726461
      16.0000000        0.2611474
      17.0000000        0.2516458
      18.0000000        0.2418925
      19.0000000        0.2347743
      20.0000000        0.2318460
      21.0000000        0.2286774
      22.0000000        0.2264424
      23.0000000        0.2247245
      24.0000000        0.2219275
      25.0000000        0.2196295
      26.0000000        0.2184496
      27.0000000        0.2161057
      28.0000000        0.2157295
      29.0000000        0.2168564
      30.0000000        0.2175401
      31.0000000        0.2191782
      32.0000000        0.2196541
      33.0000000        0.2171278
      34.0000000        0.2163905
      35.0000000        0.2157189
      36.0000000        0.2151295
      37.0000000        0.2154885
      38.0000000        0.2162685
      39.0000000        0.2157766
      40.0000000        0.2177985
      41.0000000        0.2217163
      42.0000000        0.2234625
      43.0000000        0.2222255
      44.0000000        0.2194190
      45.0000000        0.2151837
      46.0000000        0.2133531
      47.0000000        0.2120304
      48.0000000        0.2127913
      49.0000000        0.2108269
      50.0000000        0.2076787
      51.0000000        0.2049990
      52.0000000        0.2044306
      53.0000000        0.2039892
      54.0000000        0.2054218
      55.0000000        0.2073113
      56.0000000        0.2078008
      57.0000000        0.2105488
      58.0000000        0.2137851
      59.0000000        0.2129768
      60.0000000        0.2123767
      61.0000000        0.2078414
      62.0000000        0.2031567
      63.0000000        0.1982023
      64.0000000        0.1972704
      65.0000000        0.1959783
      66.0000000        0.1973220
      67.0000000        0.1989163
      68.0000000        0.2025116
      69.0000000        0.2065257
      70.0000000        0.2085639
      71.0000000        0.2145137
      72.0000000        0.2242243
      73.0000000        0.2320505
      74.0000000        0.2374890
      75.0000000        0.2395600
      76.0000000        0.2427955
      77.0000000        0.2451269
      78.0000000        0.2492681
      79.0000000        0.2513334
      80.0000000        0.2531699
      81.0000000        0.2525117
      82.0000000        0.2509884
      83.0000000        0.2464220
      84.0000000        0.2394123
      85.0000000        0.2311524
      86.0000000        0.2223610
      87.0000000        0.2143979
      88.0000000        0.2078824
      89.0000000        0.2035032
      90.0000000        0.2027025
      91.0000000        0.2031575
      92.0000000        0.2016463
      93.0000000        0.1979998
      94.0000000        0.1962556
      95.0000000        0.1957079
      96.0000000        0.1944628
      97.0000000        0.1887955
      98.0000000        0.1817954
      99.0000000        0.1798644
     100.0000000        0.1808496
     101.0000000        0.1821754
     102.0000000        0.1858708
     103.0000000        0.1928088
     104.0000000        0.1989283
     105.0000000        0.2030975
     106.0000000        0.2051128
     107.0000000        0.2069809
     108.0000000        0.2102558
     109.0000000        0.2119123
     110.0000000        0.2119547
     111.0000000        0.2129959
     112.0000000        0.2171944
     113.0000000        0.2237130
     114.0000000        0.2272536
     115.0000000        0.2286353
     116.0000000        0.2299192
     117.0000000        0.2318619
     118.0000000        0.2322794
     119.0000000        0.2334594
     120.0000000        0.2331249
     121.0000000        0.2360783
     122.0000000        0.2409920
     123.0000000        0.2412785
     124.0000000        0.2422774
     125.0000000        0.2431505
     126.0000000        0.2438251
     127.0000000        0.2461709
     128.0000000        0.2472408
     129.0000000        0.2449626
     130.0000000        0.2438439
     131.0000000        0.2451654
     132.0000000        0.2428008
     133.0000000        0.2373509
     134.0000000        0.2356386
     135.0000000        0.2340382
     136.0000000        0.2332099
     137.0000000        0.2352485
     138.0000000        0.2351896
     139.0000000        0.2301566
     140.0000000        0.2285755
     141.0000000        0.2275010
     142.0000000        0.2266817
     143.0000000        0.2281365
     144.0000000        0.2287854
     145.0000000        0.2316790
     146.0000000        0.2326389
     147.0000000        0.2329195
     148.0000000        0.2298868
     149.0000000        0.2263761
     150.0000000        0.2248102
     151.0000000        0.2233382
     152.0000000        0.2221409
     153.0000000        0.2188527
     154.0000000        0.2142675
     155.0000000        0.2103123
     156.0000000        0.2049437
     157.0000000        0.2015166
     158.0000000        0.1989955
     159.0000000        0.1963762
     160.0000000        0.1928995
     161.0000000        0.1893532
     162.0000000        0.1870819
     163.0000000        0.1878088
     164.0000000        0.1908074
     165.0000000        0.1906491
     166.0000000        0.1883550
     167.0000000        0.1895946
     168.0000000        0.1898544
     169.0000000        0.1890715
     170.0000000        0.1901398
     171.0000000        0.1910836
     172.0000000        0.1874748
     173.0000000        0.1837539
     174.0000000        0.1789775
     175.0000000        0.1750753
     176.0000000        0.1730451
     177.0000000        0.1705310
     178.0000000        0.1705157
     179.0000000        0.1728878
     180.0000000        0.1755066
     181.0000000        0.1750229
     182.0000000        0.1742347
     183.0000000        0.1748202
     184.0000000        0.1765506
     185.0000000        0.1774866
     186.0000000        0.1755193
     187.0000000        0.1717240
     188.0000000        0.1690020
     189.0000000        0.1694151
     190.0000000        0.1693807
     191.0000000        0.1684115
     192.0000000        0.1652111
     193.0000000        0.1643750
     194.0000000        0.1647105
     195.0000000        0.1669186
     196.0000000        0.1672612
     197.0000000        0.1661221
     198.0000000        0.1638525
     199.0000000        0.1615689
     200.0000000        0.1594330
     201.0000000        0.1567520
     202.0000000        0.1552596
     203.0000000        0.1545282
     204.0000000        0.1551394
     205.0000000        0.1580376
     206.0000000        0.1585012
     207.0000000        0.1574797
     208.0000000        0.1559062
     209.0000000        0.1539679
     210.0000000        0.1517052
     211.0000000        0.1498880
     212.0000000        0.1488660
     213.0000000        0.1500175
     214.0000000        0.1511479
     215.0000000        0.1517113
     216.0000000        0.1528518
     217.0000000        0.1547057
     218.0000000        0.1548275
     219.0000000        0.1551936
     220.0000000        0.1559090
     221.0000000        0.1564889
     222.0000000        0.1575291
     223.0000000        0.1608708
     224.0000000        0.1632535
     225.0000000        0.1648631
     226.0000000        0.1652601
     227.0000000        0.1646495
     228.0000000        0.1640294
     229.0000000        0.1636069
     230.0000000        0.1627352
     231.0000000        0.1610712
     232.0000000        0.1594003
     233.0000000        0.1601576
     234.0000000        0.1660196
     235.0000000        0.1724405
     236.0000000        0.1796307
     237.0000000        0.1881415
     238.0000000        0.1975106
     239.0000000        0.2088953
     240.0000000        0.2191663
     241.0000000        0.2310556
     242.0000000        0.2409412
     243.0000000        0.2490899
     244.0000000        0.2542620
     245.0000000        0.2570667
     246.0000000        0.2615469
     247.0000000        0.2632563
     248.0000000        0.2617038
     249.0000000        0.2605030
     250.0000000        0.2558159
     251.0000000        0.2498587
     252.0000000        0.2436407
     253.0000000        0.2391781
     254.0000000        0.2339779
     255.0000000        0.2273454
     256.0000000        0.2211563
     257.0000000        0.2127449
     258.0000000        0.2041797
     259.0000000        0.1987263
     260.0000000        0.1931501
     261.0000000        0.1869562
     262.0000000        0.1815355
     263.0000000        0.1769534
     264.0000000        0.1737399
     265.0000000        0.1702486
     266.0000000        0.1675492
     267.0000000        0.1659423
     268.0000000        0.1640582
     269.0000000        0.1629369
     270.0000000        0.1625868
     271.0000000        0.1622804
     272.0000000        0.1630766
     273.0000000        0.1645477
     274.0000000        0.1654513
     275.0000000        0.1665681
     276.0000000        0.1673536
     277.0000000        0.1678349
     278.0000000        0.1695985
     279.0000000        0.1710833
     280.0000000        0.1706986
     281.0000000        0.1712419
     282.0000000        0.1706036
     283.0000000        0.1695167
     284.0000000        0.1692492
     285.0000000        0.1679866
     286.0000000        0.1647834
     287.0000000        0.1643124
     288.0000000        0.1637046
     289.0000000        0.1614077
     290.0000000        0.1591428
     291.0000000        0.1570254
     292.0000000        0.1552942
     293.0000000        0.1543534
     294.0000000        0.1518688
     295.0000000        0.1499059
     296.0000000        0.1482686
     297.0000000        0.1461482
     298.0000000        0.1440137
     299.0000000        0.1414129
     300.0000000        0.1401708
     301.0000000        0.1398099
     302.0000000        0.1418773
     303.0000000        0.1442978
     304.0000000        0.1456126
     305.0000000        0.1469483
     306.0000000        0.1486786
     307.0000000        0.1505319
     308.0000000        0.1523476
     309.0000000        0.1548568
     310.0000000        0.1567565
     311.0000000        0.1594326
     312.0000000        0.1623445
     313.0000000        0.1644209
     314.0000000        0.1678487
     315.0000000        0.1711813
     316.0000000        0.1720252
     317.0000000        0.1727569
     318.0000000        0.1756088
     319.0000000        0.1800216
     320.0000000        0.1878169
     321.0000000        0.1934698
     322.0000000        0.1997654
     323.0000000        0.2043342
     324.0000000        0.2059458
     325.0000000        0.2063637
     326.0000000        0.2082233
     327.0000000        0.2120899
     328.0000000        0.2145227
     329.0000000        0.2153210
     330.0000000        0.2162017
     331.0000000        0.2173465
     332.0000000        0.2150787
     333.0000000        0.2133316
     334.0000000        0.2157828
     335.0000000        0.2176063
     336.0000000        0.2196463
     337.0000000        0.2275979
     338.0000000        0.2327910
     339.0000000        0.2396291
     340.0000000        0.2494721
     341.0000000        0.2589779
     342.0000000        0.2636072
     343.0000000        0.2674102
     344.0000000        0.2723962
     345.0000000        0.2713512
     346.0000000        0.2719249
     347.0000000        0.2795141
     348.0000000        0.2935102
     349.0000000        0.3129399
     350.0000000        0.3277050
     351.0000000        0.3375855
     352.0000000        0.3447567
     353.0000000        0.3517562
     354.0000000        0.3576903
     355.0000000        0.3619115
     356.0000000        0.3647047
     357.0000000        0.3662265
     358.0000000        0.3716413
     359.0000000        0.3753720
     360.0000000        0.3786578
     361.0000000        0.3862060
     362.0000000        0.3881165
     363.0000000        0.3832576
     364.0000000        0.3810659
     365.0000000        0.3860180
     366.0000000        0.3928707
     367.0000000        0.3921416
     368.0000000        0.3887779
     369.0000000        0.3925432
     370.0000000        0.3921205
     371.0000000        0.3914144
     372.0000000        0.3898962
     373.0000000        0.3891416
     374.0000000        0.3844215
     375.0000000        0.3670775
     376.0000000        0.3564524
     377.0000000        0.3480742
     378.0000000        0.3356266
     379.0000000        0.3302694
     380.0000000        0.3269367
     381.0000000        0.3214390
     382.0000000        0.3161188
     383.0000000        0.3178107
     384.0000000        0.3187986
     385.0000000        0.3167041
     386.0000000        0.3097108
     387.0000000        0.2997835
     388.0000000        0.2923838
     389.0000000        0.2895753
     390.0000000        0.2881966
     391.0000000        0.2855610
     392.0000000        0.2823660
     393.0000000        0.2774317
     394.0000000        0.2756220
     395.0000000        0.2724831
     396.0000000        0.2695874
     397.0000000        0.2648327
     398.0000000        0.2631812
     399.0000000        0.2609423
     400.0000000        0.2566415
     401.0000000        0.2519596
     402.0000000        0.2479957
     403.0000000        0.2471963
     404.0000000        0.2451829
     405.0000000        0.2423220
     406.0000000        0.2404967
     407.0000000        0.2363529
     408.0000000        0.2352171
     409.0000000        0.2309851
     410.0000000        0.2278716
     411.0000000        0.2279088
     412.0000000        0.2298678
     413.0000000        0.2293485
     414.0000000        0.2288283
     415.0000000        0.2318101
     416.0000000        0.2362754
     417.0000000        0.2335327
     418.0000000        0.2302321
     419.0000000        0.2305832
     420.0000000        0.2288779
     421.0000000        0.2282604
     422.0000000        0.2259660
     423.0000000        0.2277137
     424.0000000        0.2287593
     425.0000000        0.2268273
     426.0000000        0.2240877
     427.0000000        0.2233215
     428.0000000        0.2192636
     429.0000000        0.2144390
     430.0000000        0.2116169
     431.0000000        0.2085244
     432.0000000        0.2065299
     433.0000000        0.2086194
     434.0000000        0.2114380
     435.0000000        0.2120714
     436.0000000        0.2134482
     437.0000000        0.2121013
     438.0000000        0.2115095
     439.0000000        0.2108199
     440.0000000        0.2125753
     441.0000000        0.2172965
     442.0000000        0.2182395
     443.0000000        0.2161099
     444.0000000        0.2131408
     445.0000000        0.2117276
     446.0000000        0.2084167
     447.0000000        0.2051598
     448.0000000        0.2031844
     449.0000000        0.2009394
     450.0000000        0.1982080
     451.0000000        0.1946707
     452.0000000        0.1900729
     453.0000000        0.1865743
     454.0000000        0.1838022
     455.0000000        0.1791914
     456.0000000        0.1750678
     457.0000000        0.1709272
     458.0000000        0.1674382
     459.0000000        0.1646854
     460.0000000        0.1628284
     461.0000000        0.1584191
     462.0000000        0.1550524
     463.0000000        0.1542599
     464.0000000        0.1535587
     465.0000000        0.1529613
     466.0000000        0.1551463
     467.0000000        0.1589620
     468.0000000        0.1636311
     469.0000000        0.1692863
     470.0000000        0.1742715
     471.0000000        0.1783154
     472.0000000        0.1837857
     473.0000000        0.1888457
     474.0000000        0.1917279
     475.0000000        0.1941293
     476.0000000        0.1985919
     477.0000000        0.2054879
     478.0000000        0.2125667
     479.0000000        0.2216261
     480.0000000        0.2317893
     481.0000000        0.2418596
     482.0000000        0.2535479
     483.0000000        0.2652039
     484.0000000        0.2787357
     485.0000000        0.2883585
     486.0000000        0.2939942
     487.0000000        0.2957963
     488.0000000        0.2933414
     489.0000000        0.2925890
     490.0000000        0.2864142
     491.0000000        0.2776633
     492.0000000        0.2660279
     493.0000000        0.2551909
     494.0000000        0.2445966
     495.0000000        0.2357568
     496.0000000        0.2261308
     497.0000000        0.2142652
     498.0000000        0.2049749
     499.0000000        0.1975984
     500.0000000        0.1909094
     501.0000000        0.1857311
     502.0000000        0.1800004
     503.0000000        0.1733744
     504.0000000        0.1695341
     505.0000000        0.1660978
     506.0000000        0.1636945
     507.0000000        0.1605422
     508.0000000        0.1586403
     509.0000000        0.1567087
     510.0000000        0.1557316
     511.0000000        0.1555307
     512.0000000        0.1534870
     513.0000000        0.1513133
     514.0000000        0.1490503
     515.0000000        0.1475767
     516.0000000        0.1483556
     517.0000000        0.1493726
     518.0000000        0.1500982
     519.0000000        0.1496610
     520.0000000        0.1474221
     521.0000000        0.1452311
     522.0000000        0.1426818
     523.0000000        0.1410792
     524.0000000        0.1426159
     525.0000000        0.1444635
     526.0000000        0.1460581
     527.0000000        0.1451520
     528.0000000        0.1447683
     529.0000000        0.1435184
     530.0000000        0.1421867
     531.0000000        0.1415371
     532.0000000        0.1418091
     533.0000000        0.1442523
     534.0000000        0.1474090
     535.0000000        0.1505168
     536.0000000        0.1540778
     537.0000000        0.1583153
     538.0000000        0.1613423
     539.0000000        0.1642632
     540.0000000        0.1672799
     541.0000000        0.1701914
     542.0000000        0.1729665
     543.0000000        0.1756181
     544.0000000        0.1759692
     545.0000000        0.1787549
     546.0000000        0.1820493
     547.0000000        0.1862736
     548.0000000        0.1893745
     549.0000000        0.1935918
     550.0000000        0.1969849
     551.0000000        0.2003267
     552.0000000        0.2045337
     553.0000000        0.2085734
     554.0000000        0.2139130
     555.0000000        0.2211456
     556.0000000        0.2268632
     557.0000000        0.2318769
     558.0000000        0.2395742
     559.0000000        0.2484051
     560.0000000        0.2543307
     561.0000000        0.2601342
     562.0000000        0.2668922
     563.0000000        0.2756865
     564.0000000        0.2846178
     565.0000000        0.2893727
     566.0000000        0.2933896
     567.0000000        0.3015922
     568.0000000        0.3050336
     569.0000000        0.3064588
     570.0000000        0.3138433
     571.0000000        0.3212572
     572.0000000        0.3299775
     573.0000000        0.3374022
     574.0000000        0.3395517
     575.0000000        0.3450216
     576.0000000        0.3491284
     577.0000000        0.3520196
     578.0000000        0.3608865
     579.0000000        0.3689465
     580.0000000        0.3763804
     581.0000000        0.3789727
     582.0000000        0.3801762
     583.0000000        0.3819497
     584.0000000        0.3769527
     585.0000000        0.3690326
     586.0000000        0.3636721
     587.0000000        0.3702829
     588.0000000        0.3680705
     589.0000000        0.3585466
     590.0000000        0.3470643
     591.0000000        0.3420076
     592.0000000        0.3321287
     593.0000000        0.3203988
     594.0000000        0.3069075
     595.0000000        0.2999453
     596.0000000        0.2973265
     597.0000000        0.2955769
     598.0000000        0.2992469
     599.0000000        0.3073567
     600.0000000        0.3167225
