       1.0000000        8.5412206
       2.0000000        8.7990691
       3.0000000        8.7551505
       4.0000000        8.6242098
       5.0000000        8.4650738
       6.0000000        8.3156414
       7.0000000        8.1735193
       8.0000000        8.0516932
       9.0000000        7.9488331
      10.0000000        7.8581416
      11.0000000        7.7907113
      12.0000000        7.7314862
      13.0000000        7.6880227
      14.0000000        7.6646236
      15.0000000        7.6427142
      16.0000000        7.6277732
      17.0000000        7.6237845
      18.0000000        7.6218668
      19.0000000        7.6219068
      20.0000000        7.6218104
      21.0000000        7.6107270
      22.0000000        7.5973503
      23.0000000        7.5816379
      24.0000000        7.5676665
      25.0000000        7.5573506
      26.0000000        7.5520836
      27.0000000        7.5443243
      28.0000000        7.5361259
      29.0000000        7.5292651
      30.0000000        7.5269115
      31.0000000        7.5289680
      32.0000000        7.5385656
      33.0000000        7.5499321
      34.0000000        7.5610014
      35.0000000        7.5695371
      36.0000000        7.5764917
      37.0000000        7.5703634
      38.0000000        7.5691889
      39.0000000        7.5689460
      40.0000000        7.5713283
      41.0000000        7.5783950
      42.0000000        7.5895636
      43.0000000        7.6005179
      44.0000000        7.6082010
      45.0000000        7.6174440
      46.0000000        7.6205880
      47.0000000        7.6203551
      48.0000000        7.6117411
      49.0000000        7.5999364
      50.0000000        7.5960453
      51.0000000        7.5925270
      52.0000000        7.5782469
      53.0000000        7.5621554
      54.0000000        7.5481676
      55.0000000        7.5435551
      56.0000000        7.5523930
      57.0000000        7.5561269
      58.0000000        7.5587598
      59.0000000        7.5685293
      60.0000000        7.5787616
      61.0000000        7.5867550
      62.0000000        7.5794930
      63.0000000        7.5819231
      64.0000000        7.5946036
      65.0000000        7.6022091
      66.0000000        7.6085054
      67.0000000        7.6191025
      68.0000000        7.6265937
      69.0000000        7.6341871
      70.0000000        7.6399730
      71.0000000        7.6443848
      72.0000000        7.6435486
      73.0000000        7.6302394
      74.0000000        7.6180720
      75.0000000        7.6056245
      76.0000000        7.5886915
      77.0000000        7.5768788
      78.0000000        7.5612677
      79.0000000        7.5447467
      80.0000000        7.5378331
      81.0000000        7.5315422
      82.0000000        7.5251744
      83.0000000        7.5225644
      84.0000000        7.5265092
      85.0000000        7.5218209
      86.0000000        7.5164573
      87.0000000        7.5095852
      88.0000000        7.5033080
      89.0000000        7.4998587
      90.0000000        7.4975204
      91.0000000        7.5009317
      92.0000000        7.5041231
      93.0000000        7.5077490
      94.0000000        7.5056877
      95.0000000        7.5125934
      96.0000000        7.5174512
      97.0000000        7.5233126
      98.0000000        7.5270495
      99.0000000        7.5247518
     100.0000000        7.5180683
     101.0000000        7.5119872
     102.0000000        7.5119770
     103.0000000        7.5192170
     104.0000000        7.5274069
     105.0000000        7.5350268
     106.0000000        7.5453645
     107.0000000        7.5567267
     108.0000000        7.5589534
     109.0000000        7.5502712
     110.0000000        7.5476147
     111.0000000        7.5472658
     112.0000000        7.5460661
     113.0000000        7.5396357
     114.0000000        7.5381965
     115.0000000        7.5468220
     116.0000000        7.5521558
     117.0000000        7.5590130
     118.0000000        7.5649610
     119.0000000        7.5607689
     120.0000000        7.5588433
     121.0000000        7.5583186
     122.0000000        7.5517423
     123.0000000        7.5413734
     124.0000000        7.5338211
     125.0000000        7.5350010
     126.0000000        7.5311358
     127.0000000        7.5232509
     128.0000000        7.5139852
     129.0000000        7.5045997
     130.0000000        7.5003661
     131.0000000        7.4999890
     132.0000000        7.5016325
     133.0000000        7.5017266
     134.0000000        7.5068598
     135.0000000        7.5151991
     136.0000000        7.5178558
     137.0000000        7.5182124
     138.0000000        7.5174169
     139.0000000        7.5166906
     140.0000000        7.5136291
     141.0000000        7.5181867
     142.0000000        7.5204941
     143.0000000        7.5165050
     144.0000000        7.5008010
     145.0000000        7.4833388
     146.0000000        7.4738575
     147.0000000        7.4745463
     148.0000000        7.4745368
     149.0000000        7.4774520
     150.0000000        7.4813120
     151.0000000        7.4890937
     152.0000000        7.4885191
     153.0000000        7.4851718
     154.0000000        7.4831367
     155.0000000        7.4841065
     156.0000000        7.4916007
     157.0000000        7.5058338
     158.0000000        7.5160688
     159.0000000        7.5158690
     160.0000000        7.5110915
     161.0000000        7.5050148
     162.0000000        7.5023988
     163.0000000        7.5050033
     164.0000000        7.5203015
     165.0000000        7.5324111
     166.0000000        7.5367417
     167.0000000        7.5337725
     168.0000000        7.5180178
     169.0000000        7.5007622
     170.0000000        7.4797912
     171.0000000        7.4646329
     172.0000000        7.4458734
     173.0000000        7.4438114
     174.0000000        7.4501820
     175.0000000        7.4608223
     176.0000000        7.4693072
     177.0000000        7.4720549
     178.0000000        7.4699640
     179.0000000        7.4751306
     180.0000000        7.4861484
     181.0000000        7.5033755
     182.0000000        7.5204334
     183.0000000        7.5230963
     184.0000000        7.5309459
     185.0000000        7.5393992
     186.0000000        7.5450850
     187.0000000        7.5506139
     188.0000000        7.5583476
     189.0000000        7.5737831
     190.0000000        7.5847367
     191.0000000        7.5905848
     192.0000000        7.5978163
     193.0000000        7.5998207
     194.0000000        7.5990249
     195.0000000        7.6006884
     196.0000000        7.6003534
     197.0000000        7.5937849
     198.0000000        7.5880528
     199.0000000        7.5828307
     200.0000000        7.5852620
     201.0000000        7.5864478
     202.0000000        7.5828914
     203.0000000        7.5742991
     204.0000000        7.5672147
     205.0000000        7.5707389
     206.0000000        7.5829595
     207.0000000        7.5890372
     208.0000000        7.5919181
     209.0000000        7.5903905
     210.0000000        7.5904128
     211.0000000        7.5852837
     212.0000000        7.5776099
     213.0000000        7.5756114
     214.0000000        7.5768556
     215.0000000        7.5663641
     216.0000000        7.5654767
     217.0000000        7.5716001
     218.0000000        7.5884591
     219.0000000        7.5953930
     220.0000000        7.5992164
     221.0000000        7.6054473
     222.0000000        7.6036182
     223.0000000        7.5952075
     224.0000000        7.5808065
     225.0000000        7.5755999
     226.0000000        7.5675784
     227.0000000        7.5636402
     228.0000000        7.5685021
     229.0000000        7.5753409
     230.0000000        7.5821269
     231.0000000        7.5895367
     232.0000000        7.5994487
     233.0000000        7.6052965
     234.0000000        7.6079925
     235.0000000        7.6141318
     236.0000000        7.6186834
     237.0000000        7.6284728
     238.0000000        7.6360954
     239.0000000        7.6460314
     240.0000000        7.6531661
     241.0000000        7.6477813
     242.0000000        7.6261701
     243.0000000        7.6055376
     244.0000000        7.5878389
     245.0000000        7.5768115
     246.0000000        7.5742998
     247.0000000        7.5725382
     248.0000000        7.5717190
     249.0000000        7.5741083
     250.0000000        7.5704423
     251.0000000        7.5676676
     252.0000000        7.5699829
     253.0000000        7.5620270
     254.0000000        7.5562403
     255.0000000        7.5578565
     256.0000000        7.5580968
     257.0000000        7.5539863
     258.0000000        7.5507637
     259.0000000        7.5439461
     260.0000000        7.5390142
     261.0000000        7.5282974
     262.0000000        7.5214413
     263.0000000        7.5205549
     264.0000000        7.5251977
     265.0000000        7.5277809
     266.0000000        7.5260449
     267.0000000        7.5334811
     268.0000000        7.5366642
     269.0000000        7.5330240
     270.0000000        7.5382581
     271.0000000        7.5364532
     272.0000000        7.5252865
     273.0000000        7.5171284
     274.0000000        7.5061501
     275.0000000        7.4940552
     276.0000000        7.4797374
     277.0000000        7.4727320
     278.0000000        7.4601873
     279.0000000        7.4339228
     280.0000000        7.4198733
     281.0000000        7.4205626
     282.0000000        7.4302216
     283.0000000        7.4463061
     284.0000000        7.4646585
     285.0000000        7.4813019
     286.0000000        7.5093559
     287.0000000        7.5301532
     288.0000000        7.5508663
     289.0000000        7.5597801
     290.0000000        7.5666679
     291.0000000        7.5701108
     292.0000000        7.5667278
     293.0000000        7.5520146
     294.0000000        7.5338202
     295.0000000        7.5221084
     296.0000000        7.5128537
     297.0000000        7.5122208
     298.0000000        7.5235372
     299.0000000        7.5350568
     300.0000000        7.5455812
     301.0000000        7.5597096
     302.0000000        7.5724500
     303.0000000        7.5881909
     304.0000000        7.5937866
     305.0000000        7.5912885
     306.0000000        7.5862590
     307.0000000        7.5830109
     308.0000000        7.5813084
     309.0000000        7.5843216
     310.0000000        7.5900614
     311.0000000        7.5929811
     312.0000000        7.6025895
     313.0000000        7.6107862
     314.0000000        7.6092324
     315.0000000        7.6079458
     316.0000000        7.6050270
     317.0000000        7.6055110
     318.0000000        7.6039518
     319.0000000        7.6014303
     320.0000000        7.6028653
     321.0000000        7.5928717
     322.0000000        7.5814115
     323.0000000        7.5749283
     324.0000000        7.5699642
     325.0000000        7.5625979
     326.0000000        7.5632908
     327.0000000        7.5712615
     328.0000000        7.5693532
     329.0000000        7.5617177
     330.0000000        7.5564710
     331.0000000        7.5436833
     332.0000000        7.5304737
     333.0000000        7.5167534
     334.0000000        7.4956993
     335.0000000        7.4818958
     336.0000000        7.4720386
     337.0000000        7.4752889
     338.0000000        7.4967078
     339.0000000        7.5208431
     340.0000000        7.5449201
     341.0000000        7.5672478
     342.0000000        7.5813829
     343.0000000        7.5846856
     344.0000000        7.5920867
     345.0000000        7.5969096
     346.0000000        7.6034376
     347.0000000        7.6052813
     348.0000000        7.6060163
     349.0000000        7.5974938
     350.0000000        7.5952300
     351.0000000        7.5945842
     352.0000000        7.5981209
     353.0000000        7.6073821
     354.0000000        7.6196722
     355.0000000        7.6275192
     356.0000000        7.6312414
     357.0000000        7.6270111
     358.0000000        7.6267704
     359.0000000        7.6286413
     360.0000000        7.6306448
     361.0000000        7.6330708
     362.0000000        7.6231888
     363.0000000        7.6087482
     364.0000000        7.5957630
     365.0000000        7.5865271
     366.0000000        7.5830107
     367.0000000        7.5815403
     368.0000000        7.5820969
     369.0000000        7.5892593
     370.0000000        7.5976039
     371.0000000        7.6020990
     372.0000000        7.5946016
     373.0000000        7.5809779
     374.0000000        7.5640685
     375.0000000        7.5481587
     376.0000000        7.5342897
     377.0000000        7.5179096
     378.0000000        7.5025863
     379.0000000        7.4834326
     380.0000000        7.4705821
     381.0000000        7.4734794
     382.0000000        7.4809989
     383.0000000        7.4806970
     384.0000000        7.4869023
     385.0000000        7.4915558
     386.0000000        7.4965125
     387.0000000        7.5060666
     388.0000000        7.5176206
     389.0000000        7.5315923
     390.0000000        7.5388278
     391.0000000        7.5460897
     392.0000000        7.5387953
     393.0000000        7.5220180
     394.0000000        7.4989188
     395.0000000        7.4823337
     396.0000000        7.4778855
     397.0000000        7.4781706
     398.0000000        7.4869283
     399.0000000        7.4954647
     400.0000000        7.5045419
     401.0000000        7.5095101
     402.0000000        7.5117155
     403.0000000        7.5130032
     404.0000000        7.5092781
     405.0000000        7.5037892
     406.0000000        7.4909573
     407.0000000        7.4804637
     408.0000000        7.4647633
     409.0000000        7.4536108
     410.0000000        7.4478209
     411.0000000        7.4401425
     412.0000000        7.4430150
     413.0000000        7.4537186
     414.0000000        7.4618098
     415.0000000        7.4707128
     416.0000000        7.4770489
     417.0000000        7.4784318
     418.0000000        7.4885274
     419.0000000        7.5061307
     420.0000000        7.5111307
     421.0000000        7.5007574
     422.0000000        7.4967729
     423.0000000        7.5014984
     424.0000000        7.5163249
     425.0000000        7.5307920
     426.0000000        7.5351123
     427.0000000        7.5364943
     428.0000000        7.5309918
     429.0000000        7.5277839
     430.0000000        7.5212577
     431.0000000        7.5117941
     432.0000000        7.5112216
     433.0000000        7.5113468
     434.0000000        7.5160270
     435.0000000        7.5233972
     436.0000000        7.5328458
     437.0000000        7.5443800
     438.0000000        7.5540244
     439.0000000        7.5566835
     440.0000000        7.5496995
     441.0000000        7.5411381
     442.0000000        7.5284202
     443.0000000        7.5111431
     444.0000000        7.4975562
     445.0000000        7.4925055
     446.0000000        7.4994001
     447.0000000        7.5032471
     448.0000000        7.5065192
     449.0000000        7.5055174
     450.0000000        7.5039579
     451.0000000        7.5007506
     452.0000000        7.5024884
     453.0000000        7.5006158
     454.0000000        7.4970081
     455.0000000        7.4982990
     456.0000000        7.4998082
     457.0000000        7.5035434
     458.0000000        7.5046044
     459.0000000        7.5039795
     460.0000000        7.5048144
     461.0000000        7.5066359
     462.0000000        7.5063768
     463.0000000        7.5075312
     464.0000000        7.5092659
     465.0000000        7.5103614
     466.0000000        7.5165291
     467.0000000        7.5293649
     468.0000000        7.5328624
     469.0000000        7.5349250
     470.0000000        7.5422542
     471.0000000        7.5456721
     472.0000000        7.5443413
     473.0000000        7.5448812
     474.0000000        7.5413296
     475.0000000        7.5360385
     476.0000000        7.5242529
     477.0000000        7.5198663
     478.0000000        7.5139628
     479.0000000        7.5105504
     480.0000000        7.5218489
     481.0000000        7.5328282
     482.0000000        7.5388014
     483.0000000        7.5399713
     484.0000000        7.5444773
     485.0000000        7.5556478
     486.0000000        7.5658348
     487.0000000        7.5672962
     488.0000000        7.5666709
     489.0000000        7.5627288
     490.0000000        7.5507120
     491.0000000        7.5410011
     492.0000000        7.5384996
     493.0000000        7.5378030
     494.0000000        7.5397711
     495.0000000        7.5369439
     496.0000000        7.5339151
     497.0000000        7.5344627
     498.0000000        7.5284994
     499.0000000        7.5260685
     500.0000000        7.5190171
     501.0000000        7.5090927
     502.0000000        7.5014702
     503.0000000        7.4889480
     504.0000000        7.4739891
     505.0000000        7.4621648
     506.0000000        7.4645243
     507.0000000        7.4737148
     508.0000000        7.4884708
     509.0000000        7.5008206
     510.0000000        7.5162015
     511.0000000        7.5281258
     512.0000000        7.5324469
     513.0000000        7.5354350
     514.0000000        7.5370861
     515.0000000        7.5492586
     516.0000000        7.5589004
     517.0000000        7.5699540
     518.0000000        7.5712431
     519.0000000        7.5730856
     520.0000000        7.5752838
     521.0000000        7.5812588
     522.0000000        7.5993097
     523.0000000        7.6179141
     524.0000000        7.6301736
     525.0000000        7.6348807
     526.0000000        7.6247672
     527.0000000        7.6142215
     528.0000000        7.6051905
     529.0000000        7.6052198
     530.0000000        7.6001816
     531.0000000        7.6017934
     532.0000000        7.6093693
     533.0000000        7.6148529
     534.0000000        7.6148016
     535.0000000        7.6090268
     536.0000000        7.5945293
     537.0000000        7.5762095
     538.0000000        7.5612235
     539.0000000        7.5516547
     540.0000000        7.5506888
     541.0000000        7.5503896
     542.0000000        7.5526101
     543.0000000        7.5543705
     544.0000000        7.5598965
     545.0000000        7.5671479
     546.0000000        7.5823351
     547.0000000        7.5923768
     548.0000000        7.5981428
     549.0000000        7.6053445
     550.0000000        7.6169088
     551.0000000        7.6341945
     552.0000000        7.6433018
     553.0000000        7.6573376
     554.0000000        7.6664270
     555.0000000        7.6754087
     556.0000000        7.6751280
     557.0000000        7.6635346
     558.0000000        7.6513176
     559.0000000        7.6417183
     560.0000000        7.6301561
     561.0000000        7.6157268
     562.0000000        7.6013844
     563.0000000        7.5864750
     564.0000000        7.5715723
     565.0000000        7.5511941
     566.0000000        7.5371992
     567.0000000        7.5296633
     568.0000000        7.5145452
     569.0000000        7.5061642
     570.0000000        7.4969991
     571.0000000        7.4932521
     572.0000000        7.4963679
     573.0000000        7.5140308
     574.0000000        7.5313406
     575.0000000        7.5433991
     576.0000000        7.5534404
     577.0000000        7.5495063
     578.0000000        7.5420784
     579.0000000        7.5379940
     580.0000000        7.5414490
     581.0000000        7.5386794
     582.0000000        7.5390037
     583.0000000        7.5479893
     584.0000000        7.5506519
     585.0000000        7.5590197
     586.0000000        7.5618411
     587.0000000        7.5631845
     588.0000000        7.5632197
     589.0000000        7.5615953
     590.0000000        7.5560032
     591.0000000        7.5486089
     592.0000000        7.5478453
     593.0000000        7.5429232
     594.0000000        7.5336021
     595.0000000        7.5202891
     596.0000000        7.5046802
     597.0000000        7.4930331
     598.0000000        7.4921584
     599.0000000        7.5013235
     600.0000000        7.5214524
