       1.0000000        2.4988551
       2.0000000        2.4622190
       3.0000000        2.4351044
       4.0000000        2.4143531
       5.0000000        2.4055057
       6.0000000        2.4055383
       7.0000000        2.3982956
       8.0000000        2.3925495
       9.0000000        2.3953881
      10.0000000        2.4045124
      11.0000000        2.4155376
      12.0000000        2.4276590
      13.0000000        2.4433267
      14.0000000        2.4626265
      15.0000000        2.4870923
      16.0000000        2.5013666
      17.0000000        2.5085442
      18.0000000        2.5059767
      19.0000000        2.5101330
      20.0000000        2.5196364
      21.0000000        2.5168810
      22.0000000        2.5118530
      23.0000000        2.5133560
      24.0000000        2.5162752
      25.0000000        2.5208912
      26.0000000        2.5210483
      27.0000000        2.5196068
      28.0000000        2.5152674
      29.0000000        2.5098674
      30.0000000        2.5079181
      31.0000000        2.5031416
      32.0000000        2.5035336
      33.0000000        2.5016294
      34.0000000        2.5038764
      35.0000000        2.4998038
      36.0000000        2.4947321
      37.0000000        2.4846718
      38.0000000        2.4698069
      39.0000000        2.4661608
      40.0000000        2.4654357
      41.0000000        2.4679146
      42.0000000        2.4674129
      43.0000000        2.4638543
      44.0000000        2.4631829
      45.0000000        2.4649782
      46.0000000        2.4575105
      47.0000000        2.4523239
      48.0000000        2.4516292
      49.0000000        2.4592621
      50.0000000        2.4636235
      51.0000000        2.4726520
      52.0000000        2.4789963
      53.0000000        2.4772346
      54.0000000        2.4803886
      55.0000000        2.4764173
      56.0000000        2.4717448
      57.0000000        2.4739332
      58.0000000        2.4852028
      59.0000000        2.4863110
      60.0000000        2.4806032
      61.0000000        2.4718258
      62.0000000        2.4688723
      63.0000000        2.4620619
      64.0000000        2.4696622
      65.0000000        2.4778450
      66.0000000        2.4850430
      67.0000000        2.4935603
      68.0000000        2.4993637
      69.0000000        2.4982505
      70.0000000        2.4977617
      71.0000000        2.4954810
      72.0000000        2.4956191
      73.0000000        2.4938078
      74.0000000        2.4875917
      75.0000000        2.4765906
      76.0000000        2.4659684
      77.0000000        2.4656026
      78.0000000        2.4710643
      79.0000000        2.4768140
      80.0000000        2.4751947
      81.0000000        2.4776874
      82.0000000        2.4735289
      83.0000000        2.4742677
      84.0000000        2.4851825
      85.0000000        2.5011179
      86.0000000        2.5101211
      87.0000000        2.5140584
      88.0000000        2.5170982
      89.0000000        2.5146987
      90.0000000        2.4980800
      91.0000000        2.4926052
      92.0000000        2.5002532
      93.0000000        2.5059011
      94.0000000        2.5073893
      95.0000000        2.5028508
      96.0000000        2.4914861
      97.0000000        2.4818187
      98.0000000        2.4745281
      99.0000000        2.4709358
     100.0000000        2.4634087
     101.0000000        2.4530611
     102.0000000        2.4417353
     103.0000000        2.4266059
     104.0000000        2.4214556
     105.0000000        2.4223301
     106.0000000        2.4123099
     107.0000000        2.4063010
     108.0000000        2.4059529
     109.0000000        2.4008360
     110.0000000        2.3938766
     111.0000000        2.3859103
     112.0000000        2.3837898
     113.0000000        2.3967946
     114.0000000        2.4113092
     115.0000000        2.4177947
     116.0000000        2.4254513
     117.0000000        2.4372973
     118.0000000        2.4560328
     119.0000000        2.4673722
     120.0000000        2.4712949
     121.0000000        2.4801445
     122.0000000        2.4891384
     123.0000000        2.4890265
     124.0000000        2.4803956
     125.0000000        2.4702141
     126.0000000        2.4621768
     127.0000000        2.4590037
     128.0000000        2.4529481
     129.0000000        2.4563265
     130.0000000        2.4639704
     131.0000000        2.4553113
     132.0000000        2.4506609
     133.0000000        2.4455314
     134.0000000        2.4500973
     135.0000000        2.4559388
     136.0000000        2.4590437
     137.0000000        2.4574583
     138.0000000        2.4666607
     139.0000000        2.4693482
     140.0000000        2.4799235
     141.0000000        2.4852853
     142.0000000        2.4907331
     143.0000000        2.4949937
     144.0000000        2.4879990
     145.0000000        2.4849243
     146.0000000        2.4825921
     147.0000000        2.4751832
     148.0000000        2.4738882
     149.0000000        2.4790750
     150.0000000        2.4847748
     151.0000000        2.4955056
     152.0000000        2.5070424
     153.0000000        2.5134995
     154.0000000        2.5240407
     155.0000000        2.5227506
     156.0000000        2.5180666
     157.0000000        2.5164053
     158.0000000        2.4990809
     159.0000000        2.4862077
     160.0000000        2.4689829
     161.0000000        2.4583976
     162.0000000        2.4557006
     163.0000000        2.4512961
     164.0000000        2.4489965
     165.0000000        2.4509442
     166.0000000        2.4543152
     167.0000000        2.4582727
     168.0000000        2.4564781
     169.0000000        2.4557300
     170.0000000        2.4492495
     171.0000000        2.4448571
     172.0000000        2.4404886
     173.0000000        2.4284019
     174.0000000        2.4244583
     175.0000000        2.4217944
     176.0000000        2.4152036
     177.0000000        2.4147863
     178.0000000        2.4104164
     179.0000000        2.4095812
     180.0000000        2.4098985
     181.0000000        2.4109685
     182.0000000        2.4164410
     183.0000000        2.4217455
     184.0000000        2.4283197
     185.0000000        2.4289606
     186.0000000        2.4256401
     187.0000000        2.4221587
     188.0000000        2.4249110
     189.0000000        2.4310076
     190.0000000        2.4456575
     191.0000000        2.4677684
     192.0000000        2.4888957
     193.0000000        2.5143998
     194.0000000        2.5264502
     195.0000000        2.5310144
     196.0000000        2.5313494
     197.0000000        2.5284328
     198.0000000        2.5197525
     199.0000000        2.5064774
     200.0000000        2.5090640
     201.0000000        2.5129042
     202.0000000        2.5008867
     203.0000000        2.4973807
     204.0000000        2.4922807
     205.0000000        2.4908245
     206.0000000        2.4979861
     207.0000000        2.4947028
     208.0000000        2.4942944
     209.0000000        2.4971673
     210.0000000        2.4966683
     211.0000000        2.4940808
     212.0000000        2.4898837
     213.0000000        2.4889674
     214.0000000        2.4868681
     215.0000000        2.4717019
     216.0000000        2.4576898
     217.0000000        2.4506402
     218.0000000        2.4430883
     219.0000000        2.4291813
     220.0000000        2.4210520
     221.0000000        2.4201655
     222.0000000        2.4181609
     223.0000000        2.4128244
     224.0000000        2.4175982
     225.0000000        2.4313099
     226.0000000        2.4460580
     227.0000000        2.4645107
     228.0000000        2.4745822
     229.0000000        2.4782529
     230.0000000        2.4832461
     231.0000000        2.4954789
     232.0000000        2.4988420
     233.0000000        2.4905150
     234.0000000        2.4851527
     235.0000000        2.4794056
     236.0000000        2.4757311
     237.0000000        2.4755752
     238.0000000        2.4719226
     239.0000000        2.4587820
     240.0000000        2.4475837
     241.0000000        2.4271698
     242.0000000        2.4013829
     243.0000000        2.3892128
     244.0000000        2.3885460
     245.0000000        2.3889670
     246.0000000        2.3884914
     247.0000000        2.3971376
     248.0000000        2.4116776
     249.0000000        2.4372919
     250.0000000        2.4605229
     251.0000000        2.4702752
     252.0000000        2.4732208
     253.0000000        2.4787648
     254.0000000        2.4730546
     255.0000000        2.4656510
     256.0000000        2.4620399
     257.0000000        2.4592412
     258.0000000        2.4538631
     259.0000000        2.4499149
     260.0000000        2.4382524
     261.0000000        2.4313853
     262.0000000        2.4298069
     263.0000000        2.4350488
     264.0000000        2.4523907
     265.0000000        2.4648972
     266.0000000        2.4633777
     267.0000000        2.4608099
     268.0000000        2.4575207
     269.0000000        2.4530191
     270.0000000        2.4505496
     271.0000000        2.4438937
     272.0000000        2.4314101
     273.0000000        2.4223366
     274.0000000        2.4203012
     275.0000000        2.4213762
     276.0000000        2.4109113
     277.0000000        2.4089184
     278.0000000        2.4082386
     279.0000000        2.4043062
     280.0000000        2.4066956
     281.0000000        2.4139123
     282.0000000        2.4251492
     283.0000000        2.4275498
     284.0000000        2.4287159
     285.0000000        2.4308186
     286.0000000        2.4324412
     287.0000000        2.4326971
     288.0000000        2.4302421
     289.0000000        2.4304702
     290.0000000        2.4337368
     291.0000000        2.4418850
     292.0000000        2.4429436
     293.0000000        2.4477267
     294.0000000        2.4553156
     295.0000000        2.4667039
     296.0000000        2.4772112
     297.0000000        2.4863293
     298.0000000        2.4893601
     299.0000000        2.4808786
     300.0000000        2.4732704
     301.0000000        2.4659159
     302.0000000        2.4675636
     303.0000000        2.4710319
     304.0000000        2.4819093
     305.0000000        2.4890995
     306.0000000        2.4975176
     307.0000000        2.4985666
     308.0000000        2.4963696
     309.0000000        2.4943264
     310.0000000        2.4940155
     311.0000000        2.4860668
     312.0000000        2.4716575
     313.0000000        2.4624314
     314.0000000        2.4552102
     315.0000000        2.4473295
     316.0000000        2.4534075
     317.0000000        2.4578898
     318.0000000        2.4539943
     319.0000000        2.4477832
     320.0000000        2.4489017
     321.0000000        2.4526715
     322.0000000        2.4618361
     323.0000000        2.4654934
     324.0000000        2.4619915
     325.0000000        2.4540453
     326.0000000        2.4470935
     327.0000000        2.4578609
     328.0000000        2.4640784
     329.0000000        2.4628313
     330.0000000        2.4582770
     331.0000000        2.4468918
     332.0000000        2.4344151
     333.0000000        2.4257257
     334.0000000        2.4157474
     335.0000000        2.4072194
     336.0000000        2.4082994
     337.0000000        2.4078465
     338.0000000        2.4125154
     339.0000000        2.4180219
     340.0000000        2.4238982
     341.0000000        2.4280787
     342.0000000        2.4363003
     343.0000000        2.4465604
     344.0000000        2.4512453
     345.0000000        2.4461949
     346.0000000        2.4429307
     347.0000000        2.4481940
     348.0000000        2.4486780
     349.0000000        2.4399590
     350.0000000        2.4441442
     351.0000000        2.4447851
     352.0000000        2.4636991
     353.0000000        2.4769766
     354.0000000        2.4815893
     355.0000000        2.4864104
     356.0000000        2.5042071
     357.0000000        2.5219061
     358.0000000        2.5273914
     359.0000000        2.5241489
     360.0000000        2.5113006
     361.0000000        2.5036800
     362.0000000        2.5035679
     363.0000000        2.5001996
     364.0000000        2.4888942
     365.0000000        2.4786716
     366.0000000        2.4794171
     367.0000000        2.4795113
     368.0000000        2.4786699
     369.0000000        2.4758172
     370.0000000        2.4683526
     371.0000000        2.4573791
     372.0000000        2.4428740
     373.0000000        2.4295731
     374.0000000        2.4175503
     375.0000000        2.4183421
     376.0000000        2.4253492
     377.0000000        2.4301078
     378.0000000        2.4293411
     379.0000000        2.4299777
     380.0000000        2.4309294
     381.0000000        2.4268124
     382.0000000        2.4268186
     383.0000000        2.4276247
     384.0000000        2.4295361
     385.0000000        2.4429049
     386.0000000        2.4527597
     387.0000000        2.4610820
     388.0000000        2.4713786
     389.0000000        2.4850175
     390.0000000        2.4958291
     391.0000000        2.5043776
     392.0000000        2.5084963
     393.0000000        2.5093315
     394.0000000        2.4976277
     395.0000000        2.4903092
     396.0000000        2.4928260
     397.0000000        2.4885910
     398.0000000        2.4818280
     399.0000000        2.4914038
     400.0000000        2.4941862
     401.0000000        2.4963143
     402.0000000        2.4936192
     403.0000000        2.4876854
     404.0000000        2.4839485
     405.0000000        2.4883657
     406.0000000        2.4907918
     407.0000000        2.4840064
     408.0000000        2.4765785
     409.0000000        2.4588103
     410.0000000        2.4497168
     411.0000000        2.4460607
     412.0000000        2.4447854
     413.0000000        2.4473355
     414.0000000        2.4516006
     415.0000000        2.4592228
     416.0000000        2.4688754
     417.0000000        2.4770188
     418.0000000        2.4889908
     419.0000000        2.4949925
     420.0000000        2.5011218
     421.0000000        2.5059009
     422.0000000        2.5095837
     423.0000000        2.5096784
     424.0000000        2.5010321
     425.0000000        2.4954669
     426.0000000        2.5016184
     427.0000000        2.5132592
     428.0000000        2.5158992
     429.0000000        2.5156109
     430.0000000        2.5161247
     431.0000000        2.5135891
     432.0000000        2.5053916
     433.0000000        2.5028636
     434.0000000        2.5066435
     435.0000000        2.5072870
     436.0000000        2.5069447
     437.0000000        2.5005767
     438.0000000        2.4992344
     439.0000000        2.5029800
     440.0000000        2.5114217
     441.0000000        2.5074606
     442.0000000        2.4933982
     443.0000000        2.4804118
     444.0000000        2.4659202
     445.0000000        2.4520636
     446.0000000        2.4489517
     447.0000000        2.4468937
     448.0000000        2.4490747
     449.0000000        2.4604838
     450.0000000        2.4752104
     451.0000000        2.4834549
     452.0000000        2.4826186
     453.0000000        2.4778006
     454.0000000        2.4711549
     455.0000000        2.4756927
     456.0000000        2.4845288
     457.0000000        2.4923871
     458.0000000        2.4956279
     459.0000000        2.4922369
     460.0000000        2.4824572
     461.0000000        2.4791138
     462.0000000        2.4766335
     463.0000000        2.4786062
     464.0000000        2.4758935
     465.0000000        2.4630365
     466.0000000        2.4658999
     467.0000000        2.4780397
     468.0000000        2.4915960
     469.0000000        2.4998622
     470.0000000        2.4999070
     471.0000000        2.5076063
     472.0000000        2.5097556
     473.0000000        2.5089808
     474.0000000        2.5122592
     475.0000000        2.5107582
     476.0000000        2.5071182
     477.0000000        2.4983728
     478.0000000        2.4888463
     479.0000000        2.4769306
     480.0000000        2.4649644
     481.0000000        2.4499831
     482.0000000        2.4416180
     483.0000000        2.4361253
     484.0000000        2.4301701
     485.0000000        2.4229753
     486.0000000        2.4138782
     487.0000000        2.4093535
     488.0000000        2.4057574
     489.0000000        2.4167356
     490.0000000        2.4307532
     491.0000000        2.4375024
     492.0000000        2.4468300
     493.0000000        2.4559104
     494.0000000        2.4609666
     495.0000000        2.4664259
     496.0000000        2.4679666
     497.0000000        2.4563112
     498.0000000        2.4565616
     499.0000000        2.4626970
     500.0000000        2.4663014
     501.0000000        2.4682295
     502.0000000        2.4674196
     503.0000000        2.4645588
     504.0000000        2.4640183
     505.0000000        2.4664676
     506.0000000        2.4809582
     507.0000000        2.4943221
     508.0000000        2.5016551
     509.0000000        2.5091941
     510.0000000        2.5194910
     511.0000000        2.5311894
     512.0000000        2.5397003
     513.0000000        2.5464442
     514.0000000        2.5421607
     515.0000000        2.5297868
     516.0000000        2.5161736
     517.0000000        2.4986877
     518.0000000        2.4823005
     519.0000000        2.4621387
     520.0000000        2.4480803
     521.0000000        2.4372911
     522.0000000        2.4366465
     523.0000000        2.4402499
     524.0000000        2.4584286
     525.0000000        2.4748836
     526.0000000        2.4743090
     527.0000000        2.4665859
     528.0000000        2.4672518
     529.0000000        2.4774175
     530.0000000        2.4932806
     531.0000000        2.5056775
     532.0000000        2.5152521
     533.0000000        2.5147889
     534.0000000        2.5044909
     535.0000000        2.4912112
     536.0000000        2.4785748
     537.0000000        2.4758816
     538.0000000        2.4714577
     539.0000000        2.4750309
     540.0000000        2.4840093
     541.0000000        2.4893320
     542.0000000        2.4899278
     543.0000000        2.4778059
     544.0000000        2.4714656
     545.0000000        2.4831023
     546.0000000        2.4914658
     547.0000000        2.4901123
     548.0000000        2.4804556
     549.0000000        2.4833579
     550.0000000        2.4866590
     551.0000000        2.4860373
     552.0000000        2.4836645
     553.0000000        2.4852030
     554.0000000        2.4842839
     555.0000000        2.4838574
     556.0000000        2.4915743
     557.0000000        2.5111544
     558.0000000        2.5262163
     559.0000000        2.5320013
     560.0000000        2.5337393
     561.0000000        2.5406559
     562.0000000        2.5372279
     563.0000000        2.5352244
     564.0000000        2.5286555
     565.0000000        2.5238738
     566.0000000        2.5210903
     567.0000000        2.5274823
     568.0000000        2.5350688
     569.0000000        2.5382667
     570.0000000        2.5340478
     571.0000000        2.5274572
     572.0000000        2.5275223
     573.0000000        2.5243282
     574.0000000        2.5203707
     575.0000000        2.5140507
     576.0000000        2.5116565
     577.0000000        2.5019605
     578.0000000        2.4954147
     579.0000000        2.4872520
     580.0000000        2.4788814
     581.0000000        2.4740171
     582.0000000        2.4742815
     583.0000000        2.4743662
     584.0000000        2.4750905
     585.0000000        2.4814951
     586.0000000        2.4706316
     587.0000000        2.4622605
     588.0000000        2.4557409
     589.0000000        2.4440937
     590.0000000        2.4417093
     591.0000000        2.4425664
     592.0000000        2.4437385
     593.0000000        2.4491272
     594.0000000        2.4614344
     595.0000000        2.4736021
     596.0000000        2.4825282
     597.0000000        2.4867246
     598.0000000        2.4990854
     599.0000000        2.5075679
     600.0000000        2.5037084
