       1.0000000        2.7608414
       2.0000000        2.8162820
       3.0000000        2.8070366
       4.0000000        2.7845473
       5.0000000        2.7533002
       6.0000000        2.7185338
       7.0000000        2.6895199
       8.0000000        2.6657312
       9.0000000        2.6475825
      10.0000000        2.6208591
      11.0000000        2.6030614
      12.0000000        2.5925293
      13.0000000        2.5766525
      14.0000000        2.5710399
      15.0000000        2.5708814
      16.0000000        2.5696709
      17.0000000        2.5649371
      18.0000000        2.5668461
      19.0000000        2.5729723
      20.0000000        2.5705159
      21.0000000        2.5656424
      22.0000000        2.5614784
      23.0000000        2.5606351
      24.0000000        2.5627017
      25.0000000        2.5673296
      26.0000000        2.5783925
      27.0000000        2.5921144
      28.0000000        2.6053617
      29.0000000        2.6130097
      30.0000000        2.6168876
      31.0000000        2.6235700
      32.0000000        2.6329429
      33.0000000        2.6407559
      34.0000000        2.6351438
      35.0000000        2.6259267
      36.0000000        2.6139588
      37.0000000        2.6055708
      38.0000000        2.6009367
      39.0000000        2.6024148
      40.0000000        2.6035709
      41.0000000        2.6014457
      42.0000000        2.6056828
      43.0000000        2.6096938
      44.0000000        2.5992351
      45.0000000        2.5888047
      46.0000000        2.5756962
      47.0000000        2.5655253
      48.0000000        2.5552719
      49.0000000        2.5420849
      50.0000000        2.5322983
      51.0000000        2.5157130
      52.0000000        2.5044405
      53.0000000        2.4993854
      54.0000000        2.4973373
      55.0000000        2.4974420
      56.0000000        2.5039556
      57.0000000        2.5166008
      58.0000000        2.5208042
      59.0000000        2.5253775
      60.0000000        2.5280604
      61.0000000        2.5325711
      62.0000000        2.5405443
      63.0000000        2.5513370
      64.0000000        2.5662811
      65.0000000        2.5757313
      66.0000000        2.5857038
      67.0000000        2.5912361
      68.0000000        2.5975795
      69.0000000        2.6050792
      70.0000000        2.6019046
      71.0000000        2.5895216
      72.0000000        2.5750158
      73.0000000        2.5633802
      74.0000000        2.5576615
      75.0000000        2.5503061
      76.0000000        2.5482535
      77.0000000        2.5438499
      78.0000000        2.5292821
      79.0000000        2.5203965
      80.0000000        2.5077293
      81.0000000        2.4960022
      82.0000000        2.4864757
      83.0000000        2.4746521
      84.0000000        2.4677842
      85.0000000        2.4566016
      86.0000000        2.4513488
      87.0000000        2.4505327
      88.0000000        2.4598653
      89.0000000        2.4729624
      90.0000000        2.4932716
      91.0000000        2.5177591
      92.0000000        2.5387528
      93.0000000        2.5558197
      94.0000000        2.5581806
      95.0000000        2.5544069
      96.0000000        2.5550849
      97.0000000        2.5518706
      98.0000000        2.5554829
      99.0000000        2.5616698
     100.0000000        2.5632181
     101.0000000        2.5666809
     102.0000000        2.5680399
     103.0000000        2.5672395
     104.0000000        2.5724437
     105.0000000        2.5817685
     106.0000000        2.5953693
     107.0000000        2.6090906
     108.0000000        2.6137273
     109.0000000        2.6088092
     110.0000000        2.6128383
     111.0000000        2.6099792
     112.0000000        2.5984046
     113.0000000        2.5900009
     114.0000000        2.5887923
     115.0000000        2.5974708
     116.0000000        2.6057003
     117.0000000        2.6212568
     118.0000000        2.6222892
     119.0000000        2.6107674
     120.0000000        2.5961592
     121.0000000        2.5838897
     122.0000000        2.5747786
     123.0000000        2.5675554
     124.0000000        2.5659461
     125.0000000        2.5575082
     126.0000000        2.5488288
     127.0000000        2.5413244
     128.0000000        2.5467160
     129.0000000        2.5569372
     130.0000000        2.5692074
     131.0000000        2.5730963
     132.0000000        2.5818992
     133.0000000        2.5965643
     134.0000000        2.6043770
     135.0000000        2.6210878
     136.0000000        2.6383381
     137.0000000        2.6595633
     138.0000000        2.6805456
     139.0000000        2.6965671
     140.0000000        2.7115285
     141.0000000        2.7296498
     142.0000000        2.7406197
     143.0000000        2.7481933
     144.0000000        2.7504585
     145.0000000        2.7411339
     146.0000000        2.7335324
     147.0000000        2.7223580
     148.0000000        2.7128432
     149.0000000        2.6995049
     150.0000000        2.6844368
     151.0000000        2.6688516
     152.0000000        2.6544373
     153.0000000        2.6387506
     154.0000000        2.6231956
     155.0000000        2.6096940
     156.0000000        2.5979617
     157.0000000        2.5849667
     158.0000000        2.5655825
     159.0000000        2.5466113
     160.0000000        2.5299196
     161.0000000        2.5190656
     162.0000000        2.5135124
     163.0000000        2.5187964
     164.0000000        2.5252004
     165.0000000        2.5298133
     166.0000000        2.5346408
     167.0000000        2.5384803
     168.0000000        2.5415053
     169.0000000        2.5432062
     170.0000000        2.5440462
     171.0000000        2.5421071
     172.0000000        2.5355632
     173.0000000        2.5301151
     174.0000000        2.5305753
     175.0000000        2.5367489
     176.0000000        2.5372479
     177.0000000        2.5391591
     178.0000000        2.5436318
     179.0000000        2.5592589
     180.0000000        2.5750921
     181.0000000        2.5807154
     182.0000000        2.5826662
     183.0000000        2.5814369
     184.0000000        2.5760767
     185.0000000        2.5648298
     186.0000000        2.5538318
     187.0000000        2.5512114
     188.0000000        2.5468729
     189.0000000        2.5480087
     190.0000000        2.5473886
     191.0000000        2.5463400
     192.0000000        2.5477588
     193.0000000        2.5425167
     194.0000000        2.5392892
     195.0000000        2.5311117
     196.0000000        2.5269010
     197.0000000        2.5233495
     198.0000000        2.5292892
     199.0000000        2.5370357
     200.0000000        2.5427659
     201.0000000        2.5481074
     202.0000000        2.5581093
     203.0000000        2.5656376
     204.0000000        2.5705428
     205.0000000        2.5667484
     206.0000000        2.5638993
     207.0000000        2.5570331
     208.0000000        2.5509920
     209.0000000        2.5411227
     210.0000000        2.5364692
     211.0000000        2.5316408
     212.0000000        2.5214219
     213.0000000        2.5172901
     214.0000000        2.5140939
     215.0000000        2.5086303
     216.0000000        2.5087748
     217.0000000        2.5152557
     218.0000000        2.5259752
     219.0000000        2.5335598
     220.0000000        2.5371692
     221.0000000        2.5404160
     222.0000000        2.5402150
     223.0000000        2.5394430
     224.0000000        2.5412021
     225.0000000        2.5502827
     226.0000000        2.5537775
     227.0000000        2.5630279
     228.0000000        2.5634818
     229.0000000        2.5668149
     230.0000000        2.5695822
     231.0000000        2.5745001
     232.0000000        2.5804520
     233.0000000        2.5864270
     234.0000000        2.5899589
     235.0000000        2.5906079
     236.0000000        2.5827942
     237.0000000        2.5773017
     238.0000000        2.5678678
     239.0000000        2.5599847
     240.0000000        2.5547810
     241.0000000        2.5515282
     242.0000000        2.5395670
     243.0000000        2.5356948
     244.0000000        2.5309563
     245.0000000        2.5306711
     246.0000000        2.5372698
     247.0000000        2.5408347
     248.0000000        2.5414636
     249.0000000        2.5420983
     250.0000000        2.5337894
     251.0000000        2.5336747
     252.0000000        2.5427325
     253.0000000        2.5480256
     254.0000000        2.5534060
     255.0000000        2.5659914
     256.0000000        2.5827467
     257.0000000        2.5996327
     258.0000000        2.6098247
     259.0000000        2.6159000
     260.0000000        2.6169114
     261.0000000        2.6127417
     262.0000000        2.6152494
     263.0000000        2.6241467
     264.0000000        2.6293824
     265.0000000        2.6290205
     266.0000000        2.6242092
     267.0000000        2.6197355
     268.0000000        2.6024354
     269.0000000        2.5903015
     270.0000000        2.5751808
     271.0000000        2.5691586
     272.0000000        2.5695221
     273.0000000        2.5729451
     274.0000000        2.5796854
     275.0000000        2.5851421
     276.0000000        2.5916390
     277.0000000        2.5962884
     278.0000000        2.6001182
     279.0000000        2.5912762
     280.0000000        2.5783627
     281.0000000        2.5656180
     282.0000000        2.5655737
     283.0000000        2.5686877
     284.0000000        2.5599318
     285.0000000        2.5595522
     286.0000000        2.5605474
     287.0000000        2.5495303
     288.0000000        2.5433581
     289.0000000        2.5363672
     290.0000000        2.5298231
     291.0000000        2.5291493
     292.0000000        2.5233393
     293.0000000        2.5267475
     294.0000000        2.5345871
     295.0000000        2.5459635
     296.0000000        2.5536344
     297.0000000        2.5566692
     298.0000000        2.5590565
     299.0000000        2.5672882
     300.0000000        2.5784194
     301.0000000        2.5910189
     302.0000000        2.6018970
     303.0000000        2.6112614
     304.0000000        2.6137168
     305.0000000        2.6159558
     306.0000000        2.6179121
     307.0000000        2.6150475
     308.0000000        2.6044836
     309.0000000        2.5905800
     310.0000000        2.5818601
     311.0000000        2.5773962
     312.0000000        2.5717087
     313.0000000        2.5681093
     314.0000000        2.5700710
     315.0000000        2.5714431
     316.0000000        2.5779560
     317.0000000        2.5774090
     318.0000000        2.5715561
     319.0000000        2.5694125
     320.0000000        2.5734699
     321.0000000        2.5711038
     322.0000000        2.5691864
     323.0000000        2.5674083
     324.0000000        2.5675700
     325.0000000        2.5660934
     326.0000000        2.5615551
     327.0000000        2.5521052
     328.0000000        2.5488136
     329.0000000        2.5528452
     330.0000000        2.5522604
     331.0000000        2.5561571
     332.0000000        2.5569723
     333.0000000        2.5498073
     334.0000000        2.5430501
     335.0000000        2.5392621
     336.0000000        2.5368938
     337.0000000        2.5365827
     338.0000000        2.5417705
     339.0000000        2.5509491
     340.0000000        2.5594735
     341.0000000        2.5620124
     342.0000000        2.5626576
     343.0000000        2.5582633
     344.0000000        2.5504496
     345.0000000        2.5472300
     346.0000000        2.5436356
     347.0000000        2.5430689
     348.0000000        2.5505774
     349.0000000        2.5568514
     350.0000000        2.5716119
     351.0000000        2.5766621
     352.0000000        2.5712352
     353.0000000        2.5668879
     354.0000000        2.5709739
     355.0000000        2.5759590
     356.0000000        2.5831406
     357.0000000        2.5887427
     358.0000000        2.5880849
     359.0000000        2.5810156
     360.0000000        2.5741456
     361.0000000        2.5687909
     362.0000000        2.5634878
     363.0000000        2.5605831
     364.0000000        2.5664971
     365.0000000        2.5772760
     366.0000000        2.5891361
     367.0000000        2.6005502
     368.0000000        2.5973020
     369.0000000        2.5905962
     370.0000000        2.5870860
     371.0000000        2.5789106
     372.0000000        2.5636601
     373.0000000        2.5429254
     374.0000000        2.5272322
     375.0000000        2.5222354
     376.0000000        2.5238254
     377.0000000        2.5241230
     378.0000000        2.5296130
     379.0000000        2.5384829
     380.0000000        2.5544550
     381.0000000        2.5708122
     382.0000000        2.5872717
     383.0000000        2.5995905
     384.0000000        2.6140676
     385.0000000        2.6321959
     386.0000000        2.6408944
     387.0000000        2.6617172
     388.0000000        2.6720138
     389.0000000        2.6714394
     390.0000000        2.6698167
     391.0000000        2.6675968
     392.0000000        2.6704280
     393.0000000        2.6598895
     394.0000000        2.6541064
     395.0000000        2.6563194
     396.0000000        2.6458199
     397.0000000        2.6410916
     398.0000000        2.6462524
     399.0000000        2.6445167
     400.0000000        2.6418457
     401.0000000        2.6461647
     402.0000000        2.6534266
     403.0000000        2.6541371
     404.0000000        2.6485674
     405.0000000        2.6456985
     406.0000000        2.6346474
     407.0000000        2.6201146
     408.0000000        2.6037860
     409.0000000        2.5852149
     410.0000000        2.5640655
     411.0000000        2.5505519
     412.0000000        2.5399649
     413.0000000        2.5392661
     414.0000000        2.5354614
     415.0000000        2.5344341
     416.0000000        2.5331781
     417.0000000        2.5327458
     418.0000000        2.5312877
     419.0000000        2.5317838
     420.0000000        2.5309012
     421.0000000        2.5320859
     422.0000000        2.5368884
     423.0000000        2.5428286
     424.0000000        2.5515552
     425.0000000        2.5647614
     426.0000000        2.5755734
     427.0000000        2.5850558
     428.0000000        2.5935512
     429.0000000        2.5987270
     430.0000000        2.6059003
     431.0000000        2.6069479
     432.0000000        2.6141365
     433.0000000        2.6133974
     434.0000000        2.6015522
     435.0000000        2.5941055
     436.0000000        2.5912399
     437.0000000        2.5933981
     438.0000000        2.6025763
     439.0000000        2.6011665
     440.0000000        2.6071608
     441.0000000        2.6069281
     442.0000000        2.6025321
     443.0000000        2.5953555
     444.0000000        2.5898223
     445.0000000        2.5921681
     446.0000000        2.5941420
     447.0000000        2.5928547
     448.0000000        2.5883873
     449.0000000        2.5874643
     450.0000000        2.5866106
     451.0000000        2.5791109
     452.0000000        2.5737748
     453.0000000        2.5675645
     454.0000000        2.5673401
     455.0000000        2.5723078
     456.0000000        2.5826051
     457.0000000        2.5989430
     458.0000000        2.6130793
     459.0000000        2.6269364
     460.0000000        2.6426983
     461.0000000        2.6454594
     462.0000000        2.6437280
     463.0000000        2.6428127
     464.0000000        2.6366625
     465.0000000        2.6369309
     466.0000000        2.6359344
     467.0000000        2.6357586
     468.0000000        2.6275024
     469.0000000        2.6242349
     470.0000000        2.6109607
     471.0000000        2.5960805
     472.0000000        2.5823262
     473.0000000        2.5761771
     474.0000000        2.5666783
     475.0000000        2.5635467
     476.0000000        2.5591052
     477.0000000        2.5581086
     478.0000000        2.5520468
     479.0000000        2.5458937
     480.0000000        2.5399032
     481.0000000        2.5373266
     482.0000000        2.5298829
     483.0000000        2.5313299
     484.0000000        2.5407801
     485.0000000        2.5547845
     486.0000000        2.5722315
     487.0000000        2.5984504
     488.0000000        2.6192253
     489.0000000        2.6340585
     490.0000000        2.6427708
     491.0000000        2.6549106
     492.0000000        2.6557758
     493.0000000        2.6598921
     494.0000000        2.6641147
     495.0000000        2.6571698
     496.0000000        2.6459558
     497.0000000        2.6379035
     498.0000000        2.6195791
     499.0000000        2.5978444
     500.0000000        2.5784152
     501.0000000        2.5624487
     502.0000000        2.5531366
     503.0000000        2.5427570
     504.0000000        2.5328412
     505.0000000        2.5157609
     506.0000000        2.4984174
     507.0000000        2.4891171
     508.0000000        2.4806204
     509.0000000        2.4787309
     510.0000000        2.4776564
     511.0000000        2.4735155
     512.0000000        2.4727991
     513.0000000        2.4743695
     514.0000000        2.4760323
     515.0000000        2.4804187
     516.0000000        2.4827325
     517.0000000        2.4821317
     518.0000000        2.4849186
     519.0000000        2.4864323
     520.0000000        2.4953964
     521.0000000        2.5130196
     522.0000000        2.5353627
     523.0000000        2.5590856
     524.0000000        2.5821657
     525.0000000        2.5890403
     526.0000000        2.5855227
     527.0000000        2.5787511
     528.0000000        2.5716140
     529.0000000        2.5748076
     530.0000000        2.5765703
     531.0000000        2.5762875
     532.0000000        2.5836780
     533.0000000        2.5913088
     534.0000000        2.5889206
     535.0000000        2.5874074
     536.0000000        2.5897517
     537.0000000        2.5874197
     538.0000000        2.5871446
     539.0000000        2.5898769
     540.0000000        2.5928719
     541.0000000        2.5966568
     542.0000000        2.6004598
     543.0000000        2.6056278
     544.0000000        2.6166255
     545.0000000        2.6262007
     546.0000000        2.6258142
     547.0000000        2.6240296
     548.0000000        2.6211686
     549.0000000        2.6186047
     550.0000000        2.6118684
     551.0000000        2.6025102
     552.0000000        2.5920887
     553.0000000        2.5758150
     554.0000000        2.5566976
     555.0000000        2.5393138
     556.0000000        2.5315492
     557.0000000        2.5230293
     558.0000000        2.5175915
     559.0000000        2.5183353
     560.0000000        2.5121071
     561.0000000        2.5124631
     562.0000000        2.5204291
     563.0000000        2.5284350
     564.0000000        2.5351131
     565.0000000        2.5441103
     566.0000000        2.5564904
     567.0000000        2.5642669
     568.0000000        2.5649476
     569.0000000        2.5653360
     570.0000000        2.5617712
     571.0000000        2.5571682
     572.0000000        2.5624490
     573.0000000        2.5650027
     574.0000000        2.5673456
     575.0000000        2.5695474
     576.0000000        2.5760682
     577.0000000        2.5831554
     578.0000000        2.5897851
     579.0000000        2.5939319
     580.0000000        2.6062391
     581.0000000        2.6138351
     582.0000000        2.6164680
     583.0000000        2.6205182
     584.0000000        2.6261034
     585.0000000        2.6308808
     586.0000000        2.6358318
     587.0000000        2.6390798
     588.0000000        2.6380599
     589.0000000        2.6353660
     590.0000000        2.6326029
     591.0000000        2.6313479
     592.0000000        2.6337917
     593.0000000        2.6398129
     594.0000000        2.6474371
     595.0000000        2.6502001
     596.0000000        2.6472936
     597.0000000        2.6455193
     598.0000000        2.6457958
     599.0000000        2.6443555
     600.0000000        2.6385441
