       1.0000000        6.8626095
       2.0000000        6.8757131
       3.0000000        6.9098651
       4.0000000        6.9170842
       5.0000000        6.9477736
       6.0000000        7.0083230
       7.0000000        7.0755883
       8.0000000        7.1595521
       9.0000000        7.2005767
      10.0000000        7.2322661
      11.0000000        7.2686855
      12.0000000        7.2901051
      13.0000000        7.2786892
      14.0000000        7.2597543
      15.0000000        7.2243545
      16.0000000        7.2007474
      17.0000000        7.1474878
      18.0000000        7.0444010
      19.0000000        7.0102796
      20.0000000        6.9983306
      21.0000000        7.0403132
      22.0000000        7.0927103
      23.0000000        7.0810868
      24.0000000        7.0395767
      25.0000000        7.0676797
      26.0000000        7.1396379
      27.0000000        7.2099932
      28.0000000        7.2857731
      29.0000000        7.3429845
      30.0000000        7.4006494
      31.0000000        7.4546910
      32.0000000        7.4452852
      33.0000000        7.4341693
      34.0000000        7.3854583
      35.0000000        7.3466685
      36.0000000        7.3608176
      37.0000000        7.2996135
      38.0000000        7.2340978
      39.0000000        7.1748123
      40.0000000        7.0885426
      41.0000000        7.0347906
      42.0000000        7.0001390
      43.0000000        6.9470474
      44.0000000        6.9260785
      45.0000000        6.9060155
      46.0000000        6.8904552
      47.0000000        6.8723992
      48.0000000        6.9458340
      49.0000000        6.9921821
      50.0000000        7.0225960
      51.0000000        7.0793286
      52.0000000        7.1657057
      53.0000000        7.1903863
      54.0000000        7.1775219
      55.0000000        7.1974051
      56.0000000        7.2149188
      57.0000000        7.2332475
      58.0000000        7.2692179
      59.0000000        7.2877903
      60.0000000        7.3085064
      61.0000000        7.3032520
      62.0000000        7.3475367
      63.0000000        7.3833353
      64.0000000        7.3942584
      65.0000000        7.4200543
      66.0000000        7.4163893
      67.0000000        7.4175610
      68.0000000        7.3884128
      69.0000000        7.3418338
      70.0000000        7.2617354
      71.0000000        7.2065741
      72.0000000        7.2201426
      73.0000000        7.2717908
      74.0000000        7.3194564
      75.0000000        7.3484300
      76.0000000        7.4228482
      77.0000000        7.4385531
      78.0000000        7.4557141
      79.0000000        7.4837151
      80.0000000        7.5470772
      81.0000000        7.5252048
      82.0000000        7.4808411
      83.0000000        7.4391372
      84.0000000        7.3912955
      85.0000000        7.3800542
      86.0000000        7.3572662
      87.0000000        7.3348196
      88.0000000        7.3682063
      89.0000000        7.4363208
      90.0000000        7.4615611
      91.0000000        7.4720841
      92.0000000        7.4388493
      93.0000000        7.3541570
      94.0000000        7.3025643
      95.0000000        7.2283348
      96.0000000        7.1922051
      97.0000000        7.1690780
      98.0000000        7.1560699
      99.0000000        7.1554393
     100.0000000        7.1963851
     101.0000000        7.2537133
     102.0000000        7.3895576
     103.0000000        7.4752049
     104.0000000        7.5696972
     105.0000000        7.6627814
     106.0000000        7.7573123
     107.0000000        7.7286738
     108.0000000        7.6725286
     109.0000000        7.6277790
     110.0000000        7.5512327
     111.0000000        7.4947404
     112.0000000        7.4656452
     113.0000000        7.4457048
     114.0000000        7.4052239
     115.0000000        7.3961032
     116.0000000        7.3310056
     117.0000000        7.2299952
     118.0000000        7.2400049
     119.0000000        7.3263526
     120.0000000        7.3430153
     121.0000000        7.3337822
     122.0000000        7.3027028
     123.0000000        7.2804312
     124.0000000        7.2426996
     125.0000000        7.2438030
     126.0000000        7.2774785
     127.0000000        7.2784623
     128.0000000        7.2705927
     129.0000000        7.2296039
     130.0000000        7.1919713
     131.0000000        7.1472791
     132.0000000        7.1171712
     133.0000000        7.0835188
     134.0000000        7.0373135
     135.0000000        7.0180361
     136.0000000        7.0364852
     137.0000000        7.0389222
     138.0000000        7.0415615
     139.0000000        6.9777685
     140.0000000        6.8890033
     141.0000000        6.8704311
     142.0000000        6.8330615
     143.0000000        6.8216063
     144.0000000        6.8302944
     145.0000000        6.7841209
     146.0000000        6.7548386
     147.0000000        6.7772008
     148.0000000        6.8232590
     149.0000000        6.8981452
     150.0000000        6.9531037
     151.0000000        7.0313945
     152.0000000        7.0868859
     153.0000000        7.1209963
     154.0000000        7.1571481
     155.0000000        7.1799646
     156.0000000        7.2199693
     157.0000000        7.2593880
     158.0000000        7.2792552
     159.0000000        7.2999583
     160.0000000        7.3051901
     161.0000000        7.3498069
     162.0000000        7.4292994
     163.0000000        7.4829947
     164.0000000        7.5260875
     165.0000000        7.5229315
     166.0000000        7.5344796
     167.0000000        7.5389709
     168.0000000        7.5295198
     169.0000000        7.5294615
     170.0000000        7.5724830
     171.0000000        7.5953888
     172.0000000        7.6348672
     173.0000000        7.5964964
     174.0000000        7.5254892
     175.0000000        7.4534047
     176.0000000        7.3829080
     177.0000000        7.3139566
     178.0000000        7.2305790
     179.0000000        7.1481647
     180.0000000        7.1086550
     181.0000000        7.0503851
     182.0000000        6.9862636
     183.0000000        6.9823620
     184.0000000        7.0034927
     185.0000000        7.0346596
     186.0000000        7.0065824
     187.0000000        7.0530904
     188.0000000        7.0576653
     189.0000000        7.0596227
     190.0000000        7.1354593
     191.0000000        7.2309262
     192.0000000        7.2329099
     193.0000000        7.2806694
     194.0000000        7.3309239
     195.0000000        7.3563462
     196.0000000        7.3655167
     197.0000000        7.3856661
     198.0000000        7.3998647
     199.0000000        7.4326843
     200.0000000        7.4253471
     201.0000000        7.3825424
     202.0000000        7.3748748
     203.0000000        7.3720038
     204.0000000        7.3591632
     205.0000000        7.3159730
     206.0000000        7.2846698
     207.0000000        7.2426015
     208.0000000        7.1811128
     209.0000000        7.0708993
     210.0000000        7.0321600
     211.0000000        7.0685830
     212.0000000        7.1188530
     213.0000000        7.1440095
     214.0000000        7.1433524
     215.0000000        7.1406534
     216.0000000        7.1303464
     217.0000000        7.1676282
     218.0000000        7.1531729
     219.0000000        7.1359453
     220.0000000        7.0849260
     221.0000000        7.0992961
     222.0000000        7.1347455
     223.0000000        7.1605914
     224.0000000        7.1861464
     225.0000000        7.2100545
     226.0000000        7.2356800
     227.0000000        7.2505958
     228.0000000        7.3283952
     229.0000000        7.3773023
     230.0000000        7.3933755
     231.0000000        7.3993891
     232.0000000        7.3618465
     233.0000000        7.3579809
     234.0000000        7.3402127
     235.0000000        7.3674639
     236.0000000        7.3674705
     237.0000000        7.3600375
     238.0000000        7.2895481
     239.0000000        7.1991051
     240.0000000        7.2109374
     241.0000000        7.1878358
     242.0000000        7.2419305
     243.0000000        7.3028360
     244.0000000        7.2768201
     245.0000000        7.2113040
     246.0000000        7.1627654
     247.0000000        7.1418257
     248.0000000        7.1015902
     249.0000000        7.0848178
     250.0000000        7.0296526
     251.0000000        7.0161666
     252.0000000        7.0421345
     253.0000000        7.0715012
     254.0000000        7.0481900
     255.0000000        7.0163625
     256.0000000        6.9779472
     257.0000000        6.9759456
     258.0000000        7.0140102
     259.0000000        7.0256239
     260.0000000        7.0721598
     261.0000000        7.1434860
     262.0000000        7.1195583
     263.0000000        7.1098633
     264.0000000        7.0923149
     265.0000000        7.0942658
     266.0000000        7.0458249
     267.0000000        7.0043052
     268.0000000        6.9430486
     269.0000000        6.9084561
     270.0000000        6.8668689
     271.0000000        6.9030901
     272.0000000        6.9245667
     273.0000000        6.9775430
     274.0000000        7.0298881
     275.0000000        7.0313241
     276.0000000        7.0804322
     277.0000000        7.1346256
     278.0000000        7.1764136
     279.0000000        7.1978903
     280.0000000        7.2104479
     281.0000000        7.1824545
     282.0000000        7.1623600
     283.0000000        7.0865373
     284.0000000        7.0564678
     285.0000000        7.0532851
     286.0000000        7.0868485
     287.0000000        7.1095559
     288.0000000        7.0696394
     289.0000000        6.9996339
     290.0000000        6.9614697
     291.0000000        6.8982229
     292.0000000        6.8604285
     293.0000000        6.8143376
     294.0000000        6.8039669
     295.0000000        6.7531274
     296.0000000        6.7602173
     297.0000000        6.8033878
     298.0000000        6.8325888
     299.0000000        6.7725539
     300.0000000        6.6378146
     301.0000000        6.5100191
     302.0000000        6.4110365
     303.0000000        6.3847183
     304.0000000        6.3350398
     305.0000000        6.3066038
     306.0000000        6.3202386
     307.0000000        6.3811349
     308.0000000        6.4849606
     309.0000000        6.6112438
     310.0000000        6.7681997
     311.0000000        6.8673618
     312.0000000        6.9114383
     313.0000000        6.9279192
     314.0000000        6.9388902
     315.0000000        6.9284927
     316.0000000        6.8971532
     317.0000000        6.8724616
     318.0000000        6.8237227
     319.0000000        6.8133837
     320.0000000        6.8202066
     321.0000000        6.8405280
     322.0000000        6.8383773
     323.0000000        6.8492631
     324.0000000        6.8575143
     325.0000000        6.8841501
     326.0000000        6.8864372
     327.0000000        6.9525275
     328.0000000        7.0550597
     329.0000000        7.1511734
     330.0000000        7.1945042
     331.0000000        7.2412510
     332.0000000        7.2954201
     333.0000000        7.3358467
     334.0000000        7.3220532
     335.0000000        7.3126365
     336.0000000        7.3747883
     337.0000000        7.4592661
     338.0000000        7.5624198
     339.0000000        7.5833876
     340.0000000        7.6060342
     341.0000000        7.6231248
     342.0000000        7.6320404
     343.0000000        7.6162165
     344.0000000        7.5035891
     345.0000000        7.4261237
     346.0000000        7.3380136
     347.0000000        7.2469324
     348.0000000        7.1605948
     349.0000000        7.1481569
     350.0000000        7.2188683
     351.0000000        7.2842538
     352.0000000        7.3618116
     353.0000000        7.4655748
     354.0000000        7.5499050
     355.0000000        7.5404787
     356.0000000        7.4865813
     357.0000000        7.4397882
     358.0000000        7.4107360
     359.0000000        7.3954955
     360.0000000        7.4076783
     361.0000000        7.4358515
     362.0000000        7.4499040
     363.0000000        7.4239312
     364.0000000        7.4288505
     365.0000000        7.4307631
     366.0000000        7.4671319
     367.0000000        7.4194971
     368.0000000        7.4087477
     369.0000000        7.3654802
     370.0000000        7.3487411
     371.0000000        7.3285465
     372.0000000        7.2968564
     373.0000000        7.2644215
     374.0000000        7.2664998
     375.0000000        7.2629844
     376.0000000        7.2901458
     377.0000000        7.3051448
     378.0000000        7.2399526
     379.0000000        7.1451703
     380.0000000        7.0742109
     381.0000000        6.9820432
     382.0000000        6.9046823
     383.0000000        6.8760141
     384.0000000        6.9107429
     385.0000000        6.9095791
     386.0000000        6.9605585
     387.0000000        6.9929128
     388.0000000        7.0360350
     389.0000000        7.0295818
     390.0000000        7.0201098
     391.0000000        7.0160895
     392.0000000        7.0449096
     393.0000000        7.0632535
     394.0000000        7.1048631
     395.0000000        7.1253581
     396.0000000        7.1838473
     397.0000000        7.2033739
     398.0000000        7.2024865
     399.0000000        7.1992030
     400.0000000        7.2154882
     401.0000000        7.1906511
     402.0000000        7.1963592
     403.0000000        7.2489231
     404.0000000        7.3104345
     405.0000000        7.3655678
     406.0000000        7.4224902
     407.0000000        7.4606909
     408.0000000        7.4258226
     409.0000000        7.3738815
     410.0000000        7.2982555
     411.0000000        7.2350619
     412.0000000        7.1830269
     413.0000000        7.1953777
     414.0000000        7.1604861
     415.0000000        7.1246777
     416.0000000        7.1270051
     417.0000000        7.1027608
     418.0000000        7.0352851
     419.0000000        6.9732583
     420.0000000        6.8908744
     421.0000000        6.7847016
     422.0000000        6.6780082
     423.0000000        6.6476851
     424.0000000        6.6311306
     425.0000000        6.6378094
     426.0000000        6.6878647
     427.0000000        6.7338422
     428.0000000        6.7595507
     429.0000000        6.7619687
     430.0000000        6.7157627
     431.0000000        6.7057504
     432.0000000        6.7003993
     433.0000000        6.7055876
     434.0000000        6.7591226
     435.0000000        6.8555740
     436.0000000        6.9484986
     437.0000000        6.9718130
     438.0000000        6.9998937
     439.0000000        7.0770394
     440.0000000        7.1224478
     441.0000000        7.1169493
     442.0000000        7.1609388
     443.0000000        7.1639865
     444.0000000        7.1949044
     445.0000000        7.2628064
     446.0000000        7.3586683
     447.0000000        7.3985717
     448.0000000        7.3846159
     449.0000000        7.3915549
     450.0000000        7.3882012
     451.0000000        7.3597405
     452.0000000        7.2840900
     453.0000000        7.2113568
     454.0000000        7.1699407
     455.0000000        7.1108728
     456.0000000        7.0689743
     457.0000000        7.0775147
     458.0000000        7.0580014
     459.0000000        7.0306957
     460.0000000        7.0294097
     461.0000000        7.0440852
     462.0000000        7.1062947
     463.0000000        7.2098109
     464.0000000        7.1985070
     465.0000000        7.2037108
     466.0000000        7.2013168
     467.0000000        7.1740520
     468.0000000        7.1340277
     469.0000000        7.1353626
     470.0000000        7.1098667
     471.0000000        7.0640472
     472.0000000        6.9934975
     473.0000000        6.9229573
     474.0000000        6.9152542
     475.0000000        6.9478643
     476.0000000        6.9207613
     477.0000000        6.8803291
     478.0000000        6.8714360
     479.0000000        6.9373624
     480.0000000        7.0206857
     481.0000000        7.1373373
     482.0000000        7.3141766
     483.0000000        7.4625697
     484.0000000        7.4919505
     485.0000000        7.4603691
     486.0000000        7.4745199
     487.0000000        7.4697740
     488.0000000        7.5003845
     489.0000000        7.5079495
     490.0000000        7.4737774
     491.0000000        7.4038936
     492.0000000        7.2718426
     493.0000000        7.1179568
     494.0000000        7.0145277
     495.0000000        6.9356206
     496.0000000        6.8772333
     497.0000000        6.8372783
     498.0000000        6.8208440
     499.0000000        6.7756172
     500.0000000        6.7772549
     501.0000000        6.7901952
     502.0000000        6.7863210
     503.0000000        6.8221008
     504.0000000        6.8524263
     505.0000000        6.8258575
     506.0000000        6.8054540
     507.0000000        6.7910573
     508.0000000        6.7731971
     509.0000000        6.7744868
     510.0000000        6.8100220
     511.0000000        6.8779093
     512.0000000        6.9152336
     513.0000000        6.9453125
     514.0000000        6.9710225
     515.0000000        6.9841819
     516.0000000        7.0307177
     517.0000000        7.1453371
     518.0000000        7.2362582
     519.0000000        7.3578644
     520.0000000        7.4019115
     521.0000000        7.3747857
     522.0000000        7.3260266
     523.0000000        7.3097423
     524.0000000        7.3173430
     525.0000000        7.3328176
     526.0000000        7.3465826
     527.0000000        7.3729650
     528.0000000        7.3869003
     529.0000000        7.3762825
     530.0000000        7.3491020
     531.0000000        7.3203503
     532.0000000        7.2995229
     533.0000000        7.3280311
     534.0000000        7.3527478
     535.0000000        7.3683522
     536.0000000        7.3817919
     537.0000000        7.4154003
     538.0000000        7.4602734
     539.0000000        7.4273248
     540.0000000        7.3928214
     541.0000000        7.3227242
     542.0000000        7.2514041
     543.0000000        7.1680426
     544.0000000        7.1294774
     545.0000000        7.1447762
     546.0000000        7.2191723
     547.0000000        7.2894440
     548.0000000        7.3647370
     549.0000000        7.3851405
     550.0000000        7.3704528
     551.0000000        7.3729346
     552.0000000        7.4622169
     553.0000000        7.5296367
     554.0000000        7.5904659
     555.0000000        7.6158055
     556.0000000        7.6067071
     557.0000000        7.6559964
     558.0000000        7.7319159
     559.0000000        7.7290037
     560.0000000        7.6485111
     561.0000000        7.5645053
     562.0000000        7.4825224
     563.0000000        7.3987666
     564.0000000        7.3956365
     565.0000000        7.4158051
     566.0000000        7.4405305
     567.0000000        7.4213472
     568.0000000        7.3397627
     569.0000000        7.2507369
     570.0000000        7.1472149
     571.0000000        7.0832506
     572.0000000        7.0385694
     573.0000000        7.0054834
     574.0000000        6.9539705
     575.0000000        6.9332031
     576.0000000        6.9557239
     577.0000000        6.9717570
     578.0000000        7.0337361
     579.0000000        7.0601556
     580.0000000        7.1169641
     581.0000000        7.1170181
     582.0000000        7.0761244
     583.0000000        7.0326342
     584.0000000        7.0707890
     585.0000000        7.0730777
     586.0000000        7.0953337
     587.0000000        7.1052036
     588.0000000        7.1104046
     589.0000000        7.1075979
     590.0000000        7.1488759
     591.0000000        7.1586646
     592.0000000        7.1297408
     593.0000000        7.1191642
     594.0000000        7.0951720
     595.0000000        7.0506814
     596.0000000        6.9586336
     597.0000000        6.9479400
     598.0000000        6.9818397
     599.0000000        7.0576354
     600.0000000        7.1110658
