       1.0000000        2.3546977
       2.0000000        2.3600688
       3.0000000        2.3610895
       4.0000000        2.3658371
       5.0000000        2.3808870
       6.0000000        2.4014135
       7.0000000        2.4175601
       8.0000000        2.4279395
       9.0000000        2.4346768
      10.0000000        2.4410043
      11.0000000        2.4472808
      12.0000000        2.4533767
      13.0000000        2.4520857
      14.0000000        2.4457897
      15.0000000        2.4391385
      16.0000000        2.4353157
      17.0000000        2.4293537
      18.0000000        2.4223893
      19.0000000        2.4248545
      20.0000000        2.4328496
      21.0000000        2.4382863
      22.0000000        2.4306800
      23.0000000        2.4145520
      24.0000000        2.4065402
      25.0000000        2.4102132
      26.0000000        2.4230731
      27.0000000        2.4402367
      28.0000000        2.4620735
      29.0000000        2.4758023
      30.0000000        2.4777100
      31.0000000        2.4746780
      32.0000000        2.4751555
      33.0000000        2.4750565
      34.0000000        2.4676115
      35.0000000        2.4593584
      36.0000000        2.4483259
      37.0000000        2.4245186
      38.0000000        2.3976465
      39.0000000        2.3827539
      40.0000000        2.3800168
      41.0000000        2.3770412
      42.0000000        2.3752163
      43.0000000        2.3745968
      44.0000000        2.3754942
      45.0000000        2.3715793
      46.0000000        2.3663106
      47.0000000        2.3646950
      48.0000000        2.3717010
      49.0000000        2.3840730
      50.0000000        2.4016118
      51.0000000        2.4262396
      52.0000000        2.4485565
      53.0000000        2.4617413
      54.0000000        2.4614771
      55.0000000        2.4559219
      56.0000000        2.4587014
      57.0000000        2.4676679
      58.0000000        2.4721321
      59.0000000        2.4702557
      60.0000000        2.4701930
      61.0000000        2.4618149
      62.0000000        2.4577212
      63.0000000        2.4606392
      64.0000000        2.4525069
      65.0000000        2.4480838
      66.0000000        2.4510056
      67.0000000        2.4535609
      68.0000000        2.4408510
      69.0000000        2.4175045
      70.0000000        2.3988858
      71.0000000        2.4021126
      72.0000000        2.4222868
      73.0000000        2.4465628
      74.0000000        2.4672810
      75.0000000        2.4786055
      76.0000000        2.4887221
      77.0000000        2.5049235
      78.0000000        2.5315910
      79.0000000        2.5448319
      80.0000000        2.5372115
      81.0000000        2.5060901
      82.0000000        2.4655528
      83.0000000        2.4408493
      84.0000000        2.4369550
      85.0000000        2.4364365
      86.0000000        2.4351650
      87.0000000        2.4382948
      88.0000000        2.4475722
      89.0000000        2.4592538
      90.0000000        2.4664643
      91.0000000        2.4701398
      92.0000000        2.4623695
      93.0000000        2.4443993
      94.0000000        2.4327050
      95.0000000        2.4162578
      96.0000000        2.4043388
      97.0000000        2.3993266
      98.0000000        2.4060441
      99.0000000        2.4240060
     100.0000000        2.4505791
     101.0000000        2.4839622
     102.0000000        2.5214729
     103.0000000        2.5477147
     104.0000000        2.5795798
     105.0000000        2.6027093
     106.0000000        2.6010453
     107.0000000        2.5753615
     108.0000000        2.5498069
     109.0000000        2.5298049
     110.0000000        2.5080875
     111.0000000        2.4835572
     112.0000000        2.4608735
     113.0000000        2.4455237
     114.0000000        2.4338883
     115.0000000        2.4124052
     116.0000000        2.3959699
     117.0000000        2.3948778
     118.0000000        2.4069115
     119.0000000        2.4166829
     120.0000000        2.4266163
     121.0000000        2.4331995
     122.0000000        2.4377418
     123.0000000        2.4497270
     124.0000000        2.4638778
     125.0000000        2.4705023
     126.0000000        2.4674893
     127.0000000        2.4622459
     128.0000000        2.4635949
     129.0000000        2.4572075
     130.0000000        2.4464194
     131.0000000        2.4346423
     132.0000000        2.4182744
     133.0000000        2.3997945
     134.0000000        2.3905907
     135.0000000        2.4003734
     136.0000000        2.4129366
     137.0000000        2.4130057
     138.0000000        2.4013117
     139.0000000        2.3755075
     140.0000000        2.3552233
     141.0000000        2.3491231
     142.0000000        2.3418062
     143.0000000        2.3357389
     144.0000000        2.3354774
     145.0000000        2.3385311
     146.0000000        2.3412045
     147.0000000        2.3466213
     148.0000000        2.3614790
     149.0000000        2.3845540
     150.0000000        2.3973159
     151.0000000        2.3998642
     152.0000000        2.3923116
     153.0000000        2.3875788
     154.0000000        2.3969940
     155.0000000        2.4097800
     156.0000000        2.4229933
     157.0000000        2.4360159
     158.0000000        2.4419795
     159.0000000        2.4445366
     160.0000000        2.4466982
     161.0000000        2.4538253
     162.0000000        2.4570138
     163.0000000        2.4560589
     164.0000000        2.4578991
     165.0000000        2.4672530
     166.0000000        2.4881638
     167.0000000        2.5029623
     168.0000000        2.5056579
     169.0000000        2.5071791
     170.0000000        2.5065045
     171.0000000        2.4954601
     172.0000000        2.4903778
     173.0000000        2.4890928
     174.0000000        2.4789102
     175.0000000        2.4612492
     176.0000000        2.4435148
     177.0000000        2.4306638
     178.0000000        2.4182432
     179.0000000        2.3991847
     180.0000000        2.3844042
     181.0000000        2.3686943
     182.0000000        2.3554520
     183.0000000        2.3510450
     184.0000000        2.3540886
     185.0000000        2.3586581
     186.0000000        2.3564232
     187.0000000        2.3592483
     188.0000000        2.3683193
     189.0000000        2.3913661
     190.0000000        2.4232522
     191.0000000        2.4526861
     192.0000000        2.4693148
     193.0000000        2.4764444
     194.0000000        2.4636918
     195.0000000        2.4558429
     196.0000000        2.4567085
     197.0000000        2.4530999
     198.0000000        2.4553403
     199.0000000        2.4659440
     200.0000000        2.4730783
     201.0000000        2.4739671
     202.0000000        2.4774872
     203.0000000        2.4785534
     204.0000000        2.4680726
     205.0000000        2.4511220
     206.0000000        2.4413468
     207.0000000        2.4279807
     208.0000000        2.4152083
     209.0000000        2.4112070
     210.0000000        2.4257819
     211.0000000        2.4426130
     212.0000000        2.4487920
     213.0000000        2.4477690
     214.0000000        2.4398054
     215.0000000        2.4311822
     216.0000000        2.4187756
     217.0000000        2.4134932
     218.0000000        2.4079914
     219.0000000        2.3966748
     220.0000000        2.3890423
     221.0000000        2.3988750
     222.0000000        2.4082403
     223.0000000        2.4267425
     224.0000000        2.4506373
     225.0000000        2.4592554
     226.0000000        2.4699975
     227.0000000        2.4892059
     228.0000000        2.5007795
     229.0000000        2.4907805
     230.0000000        2.4786662
     231.0000000        2.4755552
     232.0000000        2.4721022
     233.0000000        2.4757673
     234.0000000        2.4799865
     235.0000000        2.4755650
     236.0000000        2.4612848
     237.0000000        2.4414205
     238.0000000        2.4250161
     239.0000000        2.4258268
     240.0000000        2.4410164
     241.0000000        2.4538565
     242.0000000        2.4666961
     243.0000000        2.4650240
     244.0000000        2.4454638
     245.0000000        2.4266721
     246.0000000        2.4144355
     247.0000000        2.4103425
     248.0000000        2.4075914
     249.0000000        2.4024728
     250.0000000        2.3926301
     251.0000000        2.3968306
     252.0000000        2.4057192
     253.0000000        2.4105982
     254.0000000        2.4043418
     255.0000000        2.3958065
     256.0000000        2.3905432
     257.0000000        2.3950454
     258.0000000        2.4057849
     259.0000000        2.4070511
     260.0000000        2.4124914
     261.0000000        2.4179008
     262.0000000        2.4033756
     263.0000000        2.3923236
     264.0000000        2.3850533
     265.0000000        2.3792221
     266.0000000        2.3675527
     267.0000000        2.3601074
     268.0000000        2.3588190
     269.0000000        2.3619631
     270.0000000        2.3666653
     271.0000000        2.3798337
     272.0000000        2.3869425
     273.0000000        2.3880085
     274.0000000        2.3864505
     275.0000000        2.3897253
     276.0000000        2.4047788
     277.0000000        2.4234056
     278.0000000        2.4364857
     279.0000000        2.4380168
     280.0000000        2.4391143
     281.0000000        2.4408618
     282.0000000        2.4254312
     283.0000000        2.4053561
     284.0000000        2.4062154
     285.0000000        2.4185063
     286.0000000        2.4290104
     287.0000000        2.4317184
     288.0000000        2.4269904
     289.0000000        2.4153866
     290.0000000        2.3895942
     291.0000000        2.3581513
     292.0000000        2.3464047
     293.0000000        2.3460370
     294.0000000        2.3482792
     295.0000000        2.3539164
     296.0000000        2.3585617
     297.0000000        2.3494501
     298.0000000        2.3313377
     299.0000000        2.3044366
     300.0000000        2.2733799
     301.0000000        2.2495956
     302.0000000        2.2356982
     303.0000000        2.2276870
     304.0000000        2.2144191
     305.0000000        2.2082216
     306.0000000        2.2185271
     307.0000000        2.2465804
     308.0000000        2.2925759
     309.0000000        2.3484455
     310.0000000        2.3928868
     311.0000000        2.4087069
     312.0000000        2.4088746
     313.0000000        2.4034279
     314.0000000        2.3881376
     315.0000000        2.3678709
     316.0000000        2.3528963
     317.0000000        2.3434378
     318.0000000        2.3397950
     319.0000000        2.3437637
     320.0000000        2.3503151
     321.0000000        2.3629261
     322.0000000        2.3748949
     323.0000000        2.3793236
     324.0000000        2.3824289
     325.0000000        2.3884680
     326.0000000        2.3994127
     327.0000000        2.4141405
     328.0000000        2.4169706
     329.0000000        2.4122490
     330.0000000        2.4145234
     331.0000000        2.4330877
     332.0000000        2.4560868
     333.0000000        2.4693811
     334.0000000        2.4678331
     335.0000000        2.4730157
     336.0000000        2.4926804
     337.0000000        2.5062825
     338.0000000        2.5160868
     339.0000000        2.5195807
     340.0000000        2.5236220
     341.0000000        2.5214069
     342.0000000        2.5105543
     343.0000000        2.4896392
     344.0000000        2.4663526
     345.0000000        2.4533165
     346.0000000        2.4379732
     347.0000000        2.4337298
     348.0000000        2.4406051
     349.0000000        2.4539791
     350.0000000        2.4599804
     351.0000000        2.4645835
     352.0000000        2.4750425
     353.0000000        2.4819861
     354.0000000        2.4805856
     355.0000000        2.4774639
     356.0000000        2.4794376
     357.0000000        2.4770692
     358.0000000        2.4771353
     359.0000000        2.4844082
     360.0000000        2.4949396
     361.0000000        2.5015586
     362.0000000        2.5060010
     363.0000000        2.5115051
     364.0000000        2.5122562
     365.0000000        2.5016499
     366.0000000        2.4930540
     367.0000000        2.4845572
     368.0000000        2.4720488
     369.0000000        2.4655602
     370.0000000        2.4663479
     371.0000000        2.4588498
     372.0000000        2.4473204
     373.0000000        2.4438275
     374.0000000        2.4410074
     375.0000000        2.4394207
     376.0000000        2.4483218
     377.0000000        2.4527487
     378.0000000        2.4337993
     379.0000000        2.4008475
     380.0000000        2.3709457
     381.0000000        2.3486810
     382.0000000        2.3364801
     383.0000000        2.3433431
     384.0000000        2.3611110
     385.0000000        2.3753450
     386.0000000        2.3916785
     387.0000000        2.3996435
     388.0000000        2.3913652
     389.0000000        2.3652852
     390.0000000        2.3499405
     391.0000000        2.3526869
     392.0000000        2.3674460
     393.0000000        2.3835569
     394.0000000        2.4082368
     395.0000000        2.4293991
     396.0000000        2.4387453
     397.0000000        2.4229286
     398.0000000        2.4012234
     399.0000000        2.3939812
     400.0000000        2.3964332
     401.0000000        2.4066255
     402.0000000        2.4285211
     403.0000000        2.4608468
     404.0000000        2.4908482
     405.0000000        2.5022265
     406.0000000        2.4957003
     407.0000000        2.4902282
     408.0000000        2.4810103
     409.0000000        2.4638864
     410.0000000        2.4406447
     411.0000000        2.4170915
     412.0000000        2.4066362
     413.0000000        2.4062770
     414.0000000        2.4036558
     415.0000000        2.3941185
     416.0000000        2.3797442
     417.0000000        2.3574867
     418.0000000        2.3327265
     419.0000000        2.3122456
     420.0000000        2.2960824
     421.0000000        2.2846085
     422.0000000        2.2778224
     423.0000000        2.2829574
     424.0000000        2.2969645
     425.0000000        2.3140136
     426.0000000        2.3330497
     427.0000000        2.3369189
     428.0000000        2.3223143
     429.0000000        2.2982817
     430.0000000        2.2862184
     431.0000000        2.3001466
     432.0000000        2.3213389
     433.0000000        2.3414664
     434.0000000        2.3590250
     435.0000000        2.3765834
     436.0000000        2.3873882
     437.0000000        2.3951362
     438.0000000        2.4017247
     439.0000000        2.4083098
     440.0000000        2.4155575
     441.0000000        2.4247702
     442.0000000        2.4382541
     443.0000000        2.4424709
     444.0000000        2.4506308
     445.0000000        2.4577355
     446.0000000        2.4529222
     447.0000000        2.4532488
     448.0000000        2.4602802
     449.0000000        2.4686852
     450.0000000        2.4687294
     451.0000000        2.4607516
     452.0000000        2.4496347
     453.0000000        2.4334682
     454.0000000        2.4188517
     455.0000000        2.4024711
     456.0000000        2.3946956
     457.0000000        2.4001205
     458.0000000        2.4102684
     459.0000000        2.4254057
     460.0000000        2.4427165
     461.0000000        2.4529711
     462.0000000        2.4535565
     463.0000000        2.4556488
     464.0000000        2.4479722
     465.0000000        2.4381014
     466.0000000        2.4253566
     467.0000000        2.4100616
     468.0000000        2.4023621
     469.0000000        2.4051278
     470.0000000        2.3995882
     471.0000000        2.3876074
     472.0000000        2.3707437
     473.0000000        2.3619792
     474.0000000        2.3622495
     475.0000000        2.3604495
     476.0000000        2.3570071
     477.0000000        2.3587355
     478.0000000        2.3709563
     479.0000000        2.3989142
     480.0000000        2.4357577
     481.0000000        2.4756915
     482.0000000        2.5068640
     483.0000000        2.5154208
     484.0000000        2.5078576
     485.0000000        2.4976802
     486.0000000        2.5010066
     487.0000000        2.5169274
     488.0000000        2.5243570
     489.0000000        2.5080486
     490.0000000        2.4760072
     491.0000000        2.4334893
     492.0000000        2.3929464
     493.0000000        2.3664674
     494.0000000        2.3582840
     495.0000000        2.3542088
     496.0000000        2.3485422
     497.0000000        2.3490458
     498.0000000        2.3470511
     499.0000000        2.3385247
     500.0000000        2.3374605
     501.0000000        2.3401088
     502.0000000        2.3381741
     503.0000000        2.3365836
     504.0000000        2.3331702
     505.0000000        2.3190200
     506.0000000        2.3066297
     507.0000000        2.3045053
     508.0000000        2.3089511
     509.0000000        2.3162785
     510.0000000        2.3287924
     511.0000000        2.3378178
     512.0000000        2.3438502
     513.0000000        2.3545405
     514.0000000        2.3697595
     515.0000000        2.3853831
     516.0000000        2.4026338
     517.0000000        2.4261907
     518.0000000        2.4505580
     519.0000000        2.4710008
     520.0000000        2.4762224
     521.0000000        2.4714934
     522.0000000        2.4619585
     523.0000000        2.4563261
     524.0000000        2.4576222
     525.0000000        2.4623318
     526.0000000        2.4701077
     527.0000000        2.4699721
     528.0000000        2.4547969
     529.0000000        2.4357263
     530.0000000        2.4253036
     531.0000000        2.4156323
     532.0000000        2.4124280
     533.0000000        2.4253999
     534.0000000        2.4459127
     535.0000000        2.4616670
     536.0000000        2.4719506
     537.0000000        2.4753681
     538.0000000        2.4680411
     539.0000000        2.4641204
     540.0000000        2.4637838
     541.0000000        2.4520510
     542.0000000        2.4325989
     543.0000000        2.4085439
     544.0000000        2.3970131
     545.0000000        2.3979018
     546.0000000        2.4160184
     547.0000000        2.4413548
     548.0000000        2.4729083
     549.0000000        2.4988218
     550.0000000        2.5148945
     551.0000000        2.5271741
     552.0000000        2.5387131
     553.0000000        2.5442793
     554.0000000        2.5521292
     555.0000000        2.5546229
     556.0000000        2.5463818
     557.0000000        2.5339706
     558.0000000        2.5194508
     559.0000000        2.5007286
     560.0000000        2.4773947
     561.0000000        2.4603645
     562.0000000        2.4518040
     563.0000000        2.4577578
     564.0000000        2.4740286
     565.0000000        2.4847757
     566.0000000        2.4800365
     567.0000000        2.4639141
     568.0000000        2.4503941
     569.0000000        2.4346968
     570.0000000        2.4079521
     571.0000000        2.3865965
     572.0000000        2.3707389
     573.0000000        2.3673011
     574.0000000        2.3729025
     575.0000000        2.3786746
     576.0000000        2.3781987
     577.0000000        2.3816461
     578.0000000        2.3857952
     579.0000000        2.3807585
     580.0000000        2.3735596
     581.0000000        2.3706425
     582.0000000        2.3755212
     583.0000000        2.3832400
     584.0000000        2.3898980
     585.0000000        2.3909004
     586.0000000        2.3908273
     587.0000000        2.3865576
     588.0000000        2.3947448
     589.0000000        2.4073399
     590.0000000        2.4092730
     591.0000000        2.3985783
     592.0000000        2.3850276
     593.0000000        2.3774221
     594.0000000        2.3684096
     595.0000000        2.3561245
     596.0000000        2.3494223
     597.0000000        2.3529665
     598.0000000        2.3561257
     599.0000000        2.3667582
     600.0000000        2.3854239
