       1.0000000        2.1701305
       2.0000000        2.1726046
       3.0000000        2.1730745
       4.0000000        2.1752584
       5.0000000        2.1821663
       6.0000000        2.1915529
       7.0000000        2.1989095
       8.0000000        2.2036257
       9.0000000        2.2066820
      10.0000000        2.2095473
      11.0000000        2.2123859
      12.0000000        2.2151401
      13.0000000        2.2145562
      14.0000000        2.2117112
      15.0000000        2.2087016
      16.0000000        2.2069702
      17.0000000        2.2042663
      18.0000000        2.2011044
      19.0000000        2.2022231
      20.0000000        2.2058499
      21.0000000        2.2083130
      22.0000000        2.2048671
      23.0000000        2.1975408
      24.0000000        2.1938922
      25.0000000        2.1955655
      26.0000000        2.2014158
      27.0000000        2.2091999
      28.0000000        2.2190640
      29.0000000        2.2252424
      30.0000000        2.2261012
      31.0000000        2.2247381
      32.0000000        2.2249525
      33.0000000        2.2249072
      34.0000000        2.2215574
      35.0000000        2.2178392
      36.0000000        2.2128603
      37.0000000        2.2020752
      38.0000000        2.1898372
      39.0000000        2.1830256
      40.0000000        2.1817713
      41.0000000        2.1804047
      42.0000000        2.1795664
      43.0000000        2.1792817
      44.0000000        2.1796930
      45.0000000        2.1778965
      46.0000000        2.1754758
      47.0000000        2.1747324
      48.0000000        2.1779511
      49.0000000        2.1836252
      50.0000000        2.1916432
      51.0000000        2.2028520
      52.0000000        2.2129614
      53.0000000        2.2189114
      54.0000000        2.2187934
      55.0000000        2.2162888
      56.0000000        2.2175431
      57.0000000        2.2215834
      58.0000000        2.2235913
      59.0000000        2.2227461
      60.0000000        2.2227187
      61.0000000        2.2189457
      62.0000000        2.2171001
      63.0000000        2.2184162
      64.0000000        2.2147474
      65.0000000        2.2127504
      66.0000000        2.2140715
      67.0000000        2.2152250
      68.0000000        2.2094796
      69.0000000        2.1988873
      70.0000000        2.1904018
      71.0000000        2.1918731
      72.0000000        2.2010581
      73.0000000        2.2120612
      74.0000000        2.2214098
      75.0000000        2.2265024
      76.0000000        2.2310421
      77.0000000        2.2382917
      78.0000000        2.2501743
      79.0000000        2.2560511
      80.0000000        2.2526715
      81.0000000        2.2388144
      82.0000000        2.2206328
      83.0000000        2.2094791
      84.0000000        2.2077155
      85.0000000        2.2074792
      86.0000000        2.2069027
      87.0000000        2.2083197
      88.0000000        2.2125161
      89.0000000        2.2177896
      90.0000000        2.2210400
      91.0000000        2.2226946
      92.0000000        2.2191954
      93.0000000        2.2110829
      94.0000000        2.2057860
      95.0000000        2.1983163
      96.0000000        2.1928868
      97.0000000        2.1905994
      98.0000000        2.1936641
      99.0000000        2.2018373
     100.0000000        2.2138727
     101.0000000        2.2289014
     102.0000000        2.2456694
     103.0000000        2.2573266
     104.0000000        2.2713995
     105.0000000        2.2815614
     106.0000000        2.2808352
     107.0000000        2.2695475
     108.0000000        2.2582588
     109.0000000        2.2493849
     110.0000000        2.2397087
     111.0000000        2.2287259
     112.0000000        2.2185228
     113.0000000        2.2115927
     114.0000000        2.2063248
     115.0000000        2.1965652
     116.0000000        2.1890700
     117.0000000        2.1885707
     118.0000000        2.1940610
     119.0000000        2.1985106
     120.0000000        2.2030246
     121.0000000        2.2060113
     122.0000000        2.2080693
     123.0000000        2.2134907
     124.0000000        2.2198741
     125.0000000        2.2228572
     126.0000000        2.2215023
     127.0000000        2.2191422
     128.0000000        2.2197495
     129.0000000        2.2168713
     130.0000000        2.2119987
     131.0000000        2.2066665
     132.0000000        2.1992345
     133.0000000        2.1908150
     134.0000000        2.1866090
     135.0000000        2.1910765
     136.0000000        2.1968031
     137.0000000        2.1968343
     138.0000000        2.1915050
     139.0000000        2.1796994
     140.0000000        2.1703727
     141.0000000        2.1675599
     142.0000000        2.1641812
     143.0000000        2.1613765
     144.0000000        2.1612554
     145.0000000        2.1626673
     146.0000000        2.1639030
     147.0000000        2.1664052
     148.0000000        2.1732523
     149.0000000        2.1838439
     150.0000000        2.1896803
     151.0000000        2.1908441
     152.0000000        2.1873944
     153.0000000        2.1852312
     154.0000000        2.1895361
     155.0000000        2.1953673
     156.0000000        2.2013783
     157.0000000        2.2072868
     158.0000000        2.2099881
     159.0000000        2.2111454
     160.0000000        2.2121222
     161.0000000        2.2153418
     162.0000000        2.2167811
     163.0000000        2.2163515
     164.0000000        2.2171822
     165.0000000        2.2213967
     166.0000000        2.2307899
     167.0000000        2.2374141
     168.0000000        2.2386189
     169.0000000        2.2392986
     170.0000000        2.2389977
     171.0000000        2.2340598
     172.0000000        2.2317836
     173.0000000        2.2312078
     174.0000000        2.2266388
     175.0000000        2.2186913
     176.0000000        2.2106836
     177.0000000        2.2048631
     178.0000000        2.1992216
     179.0000000        2.1905372
     180.0000000        2.1837785
     181.0000000        2.1765730
     182.0000000        2.1704795
     183.0000000        2.1684480
     184.0000000        2.1698513
     185.0000000        2.1719570
     186.0000000        2.1709282
     187.0000000        2.1722283
     188.0000000        2.1764007
     189.0000000        2.1869643
     190.0000000        2.2014964
     191.0000000        2.2148268
     192.0000000        2.2223220
     193.0000000        2.2255278
     194.0000000        2.2197907
     195.0000000        2.2162519
     196.0000000        2.2166426
     197.0000000        2.2150145
     198.0000000        2.2160261
     199.0000000        2.2208064
     200.0000000        2.2240167
     201.0000000        2.2244163
     202.0000000        2.2259986
     203.0000000        2.2264779
     204.0000000        2.2217665
     205.0000000        2.2141228
     206.0000000        2.2097030
     207.0000000        2.2036450
     208.0000000        2.1978419
     209.0000000        2.1960192
     210.0000000        2.2026446
     211.0000000        2.2102721
     212.0000000        2.2130671
     213.0000000        2.2126048
     214.0000000        2.2090030
     215.0000000        2.2050962
     216.0000000        2.1994638
     217.0000000        2.1970611
     218.0000000        2.1945562
     219.0000000        2.1893928
     220.0000000        2.1859038
     221.0000000        2.1903968
     222.0000000        2.1946685
     223.0000000        2.2030835
     224.0000000        2.2139032
     225.0000000        2.2177920
     226.0000000        2.2226303
     227.0000000        2.2312567
     228.0000000        2.2364378
     229.0000000        2.2319629
     230.0000000        2.2265291
     231.0000000        2.2251308
     232.0000000        2.2235777
     233.0000000        2.2252250
     234.0000000        2.2271199
     235.0000000        2.2251329
     236.0000000        2.2187061
     237.0000000        2.2097347
     238.0000000        2.2022991
     239.0000000        2.2026660
     240.0000000        2.2095504
     241.0000000        2.2153542
     242.0000000        2.2211435
     243.0000000        2.2203908
     244.0000000        2.2115641
     245.0000000        2.2030506
     246.0000000        2.1974881
     247.0000000        2.1956244
     248.0000000        2.1943703
     249.0000000        2.1920364
     250.0000000        2.1875417
     251.0000000        2.1894610
     252.0000000        2.1935160
     253.0000000        2.1957400
     254.0000000        2.1928892
     255.0000000        2.1889937
     256.0000000        2.1865878
     257.0000000        2.1886458
     258.0000000        2.1935475
     259.0000000        2.1941249
     260.0000000        2.1966033
     261.0000000        2.1990645
     262.0000000        2.1924508
     263.0000000        2.1874027
     264.0000000        2.1840758
     265.0000000        2.1814044
     266.0000000        2.1760480
     267.0000000        2.1726239
     268.0000000        2.1720304
     269.0000000        2.1734767
     270.0000000        2.1756392
     271.0000000        2.1816835
     272.0000000        2.1849389
     273.0000000        2.1854267
     274.0000000        2.1847131
     275.0000000        2.1862118
     276.0000000        2.1930869
     277.0000000        2.2015646
     278.0000000        2.2074981
     279.0000000        2.2081926
     280.0000000        2.2086904
     281.0000000        2.2094815
     282.0000000        2.2024868
     283.0000000        2.1933537
     284.0000000        2.1937442
     285.0000000        2.1993396
     286.0000000        2.2041097
     287.0000000        2.2053385
     288.0000000        2.2031941
     289.0000000        2.1979208
     290.0000000        2.1861544
     291.0000000        2.1717229
     292.0000000        2.1663063
     293.0000000        2.1661355
     294.0000000        2.1671700
     295.0000000        2.1697698
     296.0000000        2.1719096
     297.0000000        2.1677101
     298.0000000        2.1593387
     299.0000000        2.1468444
     300.0000000        2.1323285
     301.0000000        2.1211436
     302.0000000        2.1145809
     303.0000000        2.1107883
     304.0000000        2.1044931
     305.0000000        2.1015460
     306.0000000        2.1064441
     307.0000000        2.1197202
     308.0000000        2.1413093
     309.0000000        2.1672449
     310.0000000        2.1876566
     311.0000000        2.1948786
     312.0000000        2.1949558
     313.0000000        2.1924736
     314.0000000        2.1854873
     315.0000000        2.1761940
     316.0000000        2.1693008
     317.0000000        2.1649368
     318.0000000        2.1632528
     319.0000000        2.1650858
     320.0000000        2.1681092
     321.0000000        2.1739173
     322.0000000        2.1794167
     323.0000000        2.1814485
     324.0000000        2.1828716
     325.0000000        2.1856360
     326.0000000        2.1906383
     327.0000000        2.1973515
     328.0000000        2.1986396
     329.0000000        2.1964915
     330.0000000        2.1975272
     331.0000000        2.2059591
     332.0000000        2.2163606
     333.0000000        2.2223513
     334.0000000        2.2216549
     335.0000000        2.2239873
     336.0000000        2.2328122
     337.0000000        2.2388976
     338.0000000        2.2432756
     339.0000000        2.2448351
     340.0000000        2.2466340
     341.0000000        2.2456481
     342.0000000        2.2408097
     343.0000000        2.2314558
     344.0000000        2.2209938
     345.0000000        2.2151170
     346.0000000        2.2081776
     347.0000000        2.2062538
     348.0000000        2.2093673
     349.0000000        2.2154119
     350.0000000        2.2181206
     351.0000000        2.2201948
     352.0000000        2.2249005
     353.0000000        2.2280188
     354.0000000        2.2273922
     355.0000000        2.2259912
     356.0000000        2.2268779
     357.0000000        2.2258124
     358.0000000        2.2258413
     359.0000000        2.2291069
     360.0000000        2.2338259
     361.0000000        2.2367868
     362.0000000        2.2387724
     363.0000000        2.2412298
     364.0000000        2.2415645
     365.0000000        2.2368288
     366.0000000        2.2329826
     367.0000000        2.2291734
     368.0000000        2.2235539
     369.0000000        2.2206335
     370.0000000        2.2209876
     371.0000000        2.2176089
     372.0000000        2.2124052
     373.0000000        2.2108257
     374.0000000        2.2095492
     375.0000000        2.2088313
     376.0000000        2.2128572
     377.0000000        2.2148576
     378.0000000        2.2062852
     379.0000000        2.1912980
     380.0000000        2.1776090
     381.0000000        2.1673594
     382.0000000        2.1617219
     383.0000000        2.1648929
     384.0000000        2.1730838
     385.0000000        2.1796246
     386.0000000        2.1871057
     387.0000000        2.1907456
     388.0000000        2.1869643
     389.0000000        2.1750064
     390.0000000        2.1679397
     391.0000000        2.1692050
     392.0000000        2.1759984
     393.0000000        2.1833909
     394.0000000        2.1946654
     395.0000000        2.2042873
     396.0000000        2.2085238
     397.0000000        2.2013512
     398.0000000        2.1914687
     399.0000000        2.1881611
     400.0000000        2.1892807
     401.0000000        2.1939309
     402.0000000        2.2038879
     403.0000000        2.2185071
     404.0000000        2.2319901
     405.0000000        2.2370839
     406.0000000        2.2341659
     407.0000000        2.2317164
     408.0000000        2.2275832
     409.0000000        2.2198820
     410.0000000        2.2093863
     411.0000000        2.1986980
     412.0000000        2.1939366
     413.0000000        2.1937723
     414.0000000        2.1925783
     415.0000000        2.1882246
     416.0000000        2.1816449
     417.0000000        2.1714191
     418.0000000        2.1599844
     419.0000000        2.1504800
     420.0000000        2.1429501
     421.0000000        2.1375880
     422.0000000        2.1344099
     423.0000000        2.1368136
     424.0000000        2.1433587
     425.0000000        2.1512985
     426.0000000        2.1601300
     427.0000000        2.1619217
     428.0000000        2.1551559
     429.0000000        2.1439753
     430.0000000        2.1383414
     431.0000000        2.1448443
     432.0000000        2.1547024
     433.0000000        2.1640234
     434.0000000        2.1721220
     435.0000000        2.1801913
     436.0000000        2.1851420
     437.0000000        2.1886857
     438.0000000        2.1916947
     439.0000000        2.1946990
     440.0000000        2.1980004
     441.0000000        2.2021878
     442.0000000        2.2082999
     443.0000000        2.2102087
     444.0000000        2.2138977
     445.0000000        2.2171061
     446.0000000        2.2149351
     447.0000000        2.2150824
     448.0000000        2.2182546
     449.0000000        2.2220404
     450.0000000        2.2220607
     451.0000000        2.2184672
     452.0000000        2.2134495
     453.0000000        2.2061331
     454.0000000        2.1994965
     455.0000000        2.1920357
     456.0000000        2.1884854
     457.0000000        2.1909633
     458.0000000        2.1955891
     459.0000000        2.2024720
     460.0000000        2.2103183
     461.0000000        2.2149537
     462.0000000        2.2152185
     463.0000000        2.2161639
     464.0000000        2.2126975
     465.0000000        2.2082324
     466.0000000        2.2024536
     467.0000000        2.1954970
     468.0000000        2.1919878
     469.0000000        2.1932485
     470.0000000        2.1907218
     471.0000000        2.1852462
     472.0000000        2.1775150
     473.0000000        2.1734865
     474.0000000        2.1736112
     475.0000000        2.1727822
     476.0000000        2.1711974
     477.0000000        2.1719923
     478.0000000        2.1776114
     479.0000000        2.1904132
     480.0000000        2.2071705
     481.0000000        2.2251909
     482.0000000        2.2391565
     483.0000000        2.2429760
     484.0000000        2.2396023
     485.0000000        2.2350543
     486.0000000        2.2365422
     487.0000000        2.2436488
     488.0000000        2.2469580
     489.0000000        2.2396874
     490.0000000        2.2253346
     491.0000000        2.2061446
     492.0000000        2.1876893
     493.0000000        2.1755502
     494.0000000        2.1717834
     495.0000000        2.1699059
     496.0000000        2.1672924
     497.0000000        2.1675251
     498.0000000        2.1666045
     499.0000000        2.1626658
     500.0000000        2.1621735
     501.0000000        2.1633973
     502.0000000        2.1625021
     503.0000000        2.1617656
     504.0000000        2.1601863
     505.0000000        2.1536269
     506.0000000        2.1478660
     507.0000000        2.1468768
     508.0000000        2.1489470
     509.0000000        2.1523535
     510.0000000        2.1581600
     511.0000000        2.1623380
     512.0000000        2.1651261
     513.0000000        2.1700590
     514.0000000        2.1770618
     515.0000000        2.1842270
     516.0000000        2.1921103
     517.0000000        2.2028313
     518.0000000        2.2138672
     519.0000000        2.2230833
     520.0000000        2.2254314
     521.0000000        2.2233043
     522.0000000        2.2190104
     523.0000000        2.2164705
     524.0000000        2.2170563
     525.0000000        2.2191801
     526.0000000        2.2226818
     527.0000000        2.2226224
     528.0000000        2.2157841
     529.0000000        2.2071600
     530.0000000        2.2024317
     531.0000000        2.1980352
     532.0000000        2.1965761
     533.0000000        2.2024732
     534.0000000        2.2117667
     535.0000000        2.2188778
     536.0000000        2.2235081
     537.0000000        2.2250443
     538.0000000        2.2217493
     539.0000000        2.2199848
     540.0000000        2.2198334
     541.0000000        2.2145410
     542.0000000        2.2057385
     543.0000000        2.1948051
     544.0000000        2.1895444
     545.0000000        2.1899495
     546.0000000        2.1982064
     547.0000000        2.2097032
     548.0000000        2.2239387
     549.0000000        2.2355602
     550.0000000        2.2427385
     551.0000000        2.2482083
     552.0000000        2.2533357
     553.0000000        2.2558062
     554.0000000        2.2592857
     555.0000000        2.2603891
     556.0000000        2.2567399
     557.0000000        2.2512321
     558.0000000        2.2447727
     559.0000000        2.2364178
     560.0000000        2.2259591
     561.0000000        2.2182941
     562.0000000        2.2144322
     563.0000000        2.2171187
     564.0000000        2.2244449
     565.0000000        2.2292712
     566.0000000        2.2271447
     567.0000000        2.2198932
     568.0000000        2.2137930
     569.0000000        2.2066894
     570.0000000        2.1945350
     571.0000000        2.1847808
     572.0000000        2.1775103
     573.0000000        2.1759315
     574.0000000        2.1785045
     575.0000000        2.1811533
     576.0000000        2.1809371
     577.0000000        2.1825159
     578.0000000        2.1844144
     579.0000000        2.1821074
     580.0000000        2.1788063
     581.0000000        2.1774678
     582.0000000        2.1797068
     583.0000000        2.1832445
     584.0000000        2.1862919
     585.0000000        2.1867509
     586.0000000        2.1867177
     587.0000000        2.1847649
     588.0000000        2.1885095
     589.0000000        2.1942575
     590.0000000        2.1951385
     591.0000000        2.1902616
     592.0000000        2.1840670
     593.0000000        2.1805813
     594.0000000        2.1764450
     595.0000000        2.1707921
     596.0000000        2.1677012
     597.0000000        2.1693342
     598.0000000        2.1707900
     599.0000000        2.1756830
     600.0000000        2.1842461
