       1.0000000        6.4774375
       2.0000000        6.6532909
       3.0000000        6.6009670
       4.0000000        6.4199350
       5.0000000        6.2493865
       6.0000000        6.1157425
       7.0000000        5.9901515
       8.0000000        5.9413924
       9.0000000        5.8876591
      10.0000000        5.8203904
      11.0000000        5.7328389
      12.0000000        5.6486116
      13.0000000        5.5769301
      14.0000000        5.5420267
      15.0000000        5.4874450
      16.0000000        5.4530523
      17.0000000        5.4377464
      18.0000000        5.4460194
      19.0000000        5.4384870
      20.0000000        5.4372325
      21.0000000        5.4435413
      22.0000000        5.4538772
      23.0000000        5.4713738
      24.0000000        5.5137329
      25.0000000        5.5615276
      26.0000000        5.5770614
      27.0000000        5.5528450
      28.0000000        5.4925566
      29.0000000        5.4467661
      30.0000000        5.4277548
      31.0000000        5.4200626
      32.0000000        5.4314932
      33.0000000        5.4440428
      34.0000000        5.4570546
      35.0000000        5.4510416
      36.0000000        5.4284400
      37.0000000        5.4062316
      38.0000000        5.3720285
      39.0000000        5.3364306
      40.0000000        5.3035543
      41.0000000        5.2820631
      42.0000000        5.2770193
      43.0000000        5.3047474
      44.0000000        5.3357865
      45.0000000        5.3656218
      46.0000000        5.4056614
      47.0000000        5.4309178
      48.0000000        5.4409900
      49.0000000        5.4162688
      50.0000000        5.3888003
      51.0000000        5.3902757
      52.0000000        5.3882614
      53.0000000        5.3680067
      54.0000000        5.3373008
      55.0000000        5.3243187
      56.0000000        5.3551689
      57.0000000        5.3832385
      58.0000000        5.3849312
      59.0000000        5.3643063
      60.0000000        5.3320057
      61.0000000        5.3045372
      62.0000000        5.2848683
      63.0000000        5.2945069
      64.0000000        5.2632794
      65.0000000        5.2208432
      66.0000000        5.1904524
      67.0000000        5.1817852
      68.0000000        5.1941743
      69.0000000        5.2134350
      70.0000000        5.2419299
      71.0000000        5.3044435
      72.0000000        5.3323488
      73.0000000        5.3910443
      74.0000000        5.4614514
      75.0000000        5.5314627
      76.0000000        5.5888782
      77.0000000        5.6235583
      78.0000000        5.6390442
      79.0000000        5.6188793
      80.0000000        5.6341645
      81.0000000        5.6496829
      82.0000000        5.6554305
      83.0000000        5.6653455
      84.0000000        5.6692892
      85.0000000        5.6488233
      86.0000000        5.6418628
      87.0000000        5.6413969
      88.0000000        5.6086565
      89.0000000        5.5549155
      90.0000000        5.5045243
      91.0000000        5.4801026
      92.0000000        5.4551513
      93.0000000        5.4562797
      94.0000000        5.4367576
      95.0000000        5.4190773
      96.0000000        5.4128677
      97.0000000        5.3747651
      98.0000000        5.3291935
      99.0000000        5.2873294
     100.0000000        5.2442058
     101.0000000        5.2117315
     102.0000000        5.2298556
     103.0000000        5.2565535
     104.0000000        5.2980442
     105.0000000        5.3299430
     106.0000000        5.3778900
     107.0000000        5.4388860
     108.0000000        5.4550393
     109.0000000        5.4505901
     110.0000000        5.4264538
     111.0000000        5.3989658
     112.0000000        5.3815468
     113.0000000        5.3730275
     114.0000000        5.3870077
     115.0000000        5.4030664
     116.0000000        5.4045069
     117.0000000        5.3883530
     118.0000000        5.3603267
     119.0000000        5.3685070
     120.0000000        5.3947414
     121.0000000        5.4075406
     122.0000000        5.4213079
     123.0000000        5.4231624
     124.0000000        5.4119567
     125.0000000        5.4270076
     126.0000000        5.4072978
     127.0000000        5.3411955
     128.0000000        5.2892003
     129.0000000        5.2702355
     130.0000000        5.2673949
     131.0000000        5.2650826
     132.0000000        5.2832682
     133.0000000        5.3025367
     134.0000000        5.2920335
     135.0000000        5.2729157
     136.0000000        5.2828137
     137.0000000        5.2884388
     138.0000000        5.2596074
     139.0000000        5.2335443
     140.0000000        5.2222828
     141.0000000        5.2291002
     142.0000000        5.2437486
     143.0000000        5.2688219
     144.0000000        5.2879511
     145.0000000        5.3167710
     146.0000000        5.3430504
     147.0000000        5.3593757
     148.0000000        5.3807280
     149.0000000        5.4063094
     150.0000000        5.4386389
     151.0000000        5.4732002
     152.0000000        5.5044528
     153.0000000        5.5101218
     154.0000000        5.4907301
     155.0000000        5.4417842
     156.0000000        5.4156003
     157.0000000        5.3667392
     158.0000000        5.3411392
     159.0000000        5.3302999
     160.0000000        5.3380492
     161.0000000        5.3624701
     162.0000000        5.3989926
     163.0000000        5.4126548
     164.0000000        5.4265999
     165.0000000        5.4279203
     166.0000000        5.4063275
     167.0000000        5.3590331
     168.0000000        5.3130401
     169.0000000        5.2906962
     170.0000000        5.2992457
     171.0000000        5.3309039
     172.0000000        5.3834989
     173.0000000        5.4218243
     174.0000000        5.4540417
     175.0000000        5.4987313
     176.0000000        5.5546802
     177.0000000        5.5929094
     178.0000000        5.5771817
     179.0000000        5.5189411
     180.0000000        5.4457431
     181.0000000        5.4085459
     182.0000000        5.3561378
     183.0000000        5.3242062
     184.0000000        5.3162182
     185.0000000        5.2922581
     186.0000000        5.3036408
     187.0000000        5.3399934
     188.0000000        5.3406424
     189.0000000        5.3349194
     190.0000000        5.3344825
     191.0000000        5.3016474
     192.0000000        5.2714526
     193.0000000        5.2009008
     194.0000000        5.1474725
     195.0000000        5.1227391
     196.0000000        5.1437767
     197.0000000        5.1629366
     198.0000000        5.2058239
     199.0000000        5.2701927
     200.0000000        5.3158842
     201.0000000        5.3464021
     202.0000000        5.3451756
     203.0000000        5.3067874
     204.0000000        5.2751131
     205.0000000        5.2720488
     206.0000000        5.2836194
     207.0000000        5.3085342
     208.0000000        5.3124903
     209.0000000        5.3142562
     210.0000000        5.2720318
     211.0000000        5.2039316
     212.0000000        5.1344107
     213.0000000        5.1004308
     214.0000000        5.0981688
     215.0000000        5.0948883
     216.0000000        5.1017112
     217.0000000        5.1251870
     218.0000000        5.1466717
     219.0000000        5.1504276
     220.0000000        5.1724506
     221.0000000        5.1836145
     222.0000000        5.1746568
     223.0000000        5.1169769
     224.0000000        5.0656605
     225.0000000        5.0203179
     226.0000000        4.9853715
     227.0000000        4.9490065
     228.0000000        4.9318819
     229.0000000        4.9569483
     230.0000000        5.0029071
     231.0000000        5.0748200
     232.0000000        5.1648135
     233.0000000        5.2473902
     234.0000000        5.3034222
     235.0000000        5.3415081
     236.0000000        5.3479008
     237.0000000        5.3268347
     238.0000000        5.3247714
     239.0000000        5.3119770
     240.0000000        5.2621322
     241.0000000        5.2016180
     242.0000000        5.1256118
     243.0000000        5.0894094
     244.0000000        5.0602333
     245.0000000        5.0385028
     246.0000000        5.0397289
     247.0000000        5.0827460
     248.0000000        5.1262468
     249.0000000        5.1759512
     250.0000000        5.2111771
     251.0000000        5.2267666
     252.0000000        5.2510081
     253.0000000        5.2499712
     254.0000000        5.2653638
     255.0000000        5.3024596
     256.0000000        5.3412857
     257.0000000        5.3803055
     258.0000000        5.4123471
     259.0000000        5.4222274
     260.0000000        5.4182130
     261.0000000        5.4120075
     262.0000000        5.4424206
     263.0000000        5.4768479
     264.0000000        5.4791995
     265.0000000        5.4612152
     266.0000000        5.4692195
     267.0000000        5.4542047
     268.0000000        5.4237950
     269.0000000        5.4266388
     270.0000000        5.4182714
     271.0000000        5.4091223
     272.0000000        5.3929668
     273.0000000        5.3824595
     274.0000000        5.3876969
     275.0000000        5.3908400
     276.0000000        5.3854844
     277.0000000        5.3894918
     278.0000000        5.3874546
     279.0000000        5.3892124
     280.0000000        5.3863074
     281.0000000        5.3867590
     282.0000000        5.3687793
     283.0000000        5.3653905
     284.0000000        5.3403438
     285.0000000        5.3143387
     286.0000000        5.2872154
     287.0000000        5.2570602
     288.0000000        5.2279503
     289.0000000        5.1863388
     290.0000000        5.1650204
     291.0000000        5.1427668
     292.0000000        5.0879283
     293.0000000        5.0432957
     294.0000000        5.0048519
     295.0000000        4.9753001
     296.0000000        4.9721783
     297.0000000        4.9671563
     298.0000000        4.9556724
     299.0000000        4.9686408
     300.0000000        5.0100778
     301.0000000        5.0531394
     302.0000000        5.0983393
     303.0000000        5.1688242
     304.0000000        5.2209570
     305.0000000        5.2223715
     306.0000000        5.2403010
     307.0000000        5.2467884
     308.0000000        5.2288483
     309.0000000        5.2049096
     310.0000000        5.2043592
     311.0000000        5.2254744
     312.0000000        5.2466097
     313.0000000        5.2716677
     314.0000000        5.2865977
     315.0000000        5.2488953
     316.0000000        5.1981675
     317.0000000        5.1614954
     318.0000000        5.1311254
     319.0000000        5.1185153
     320.0000000        5.0948520
     321.0000000        5.0703609
     322.0000000        5.0606828
     323.0000000        5.0619749
     324.0000000        5.0575935
     325.0000000        5.0458850
     326.0000000        5.0438218
     327.0000000        5.0594559
     328.0000000        5.0897598
     329.0000000        5.1035135
     330.0000000        5.1115078
     331.0000000        5.1355215
     332.0000000        5.1602705
     333.0000000        5.1590208
     334.0000000        5.1572114
     335.0000000        5.1650836
     336.0000000        5.1668664
     337.0000000        5.1992103
     338.0000000        5.2550718
     339.0000000        5.3302730
     340.0000000        5.4098996
     341.0000000        5.4956560
     342.0000000        5.5641870
     343.0000000        5.5954993
     344.0000000        5.5912496
     345.0000000        5.5410423
     346.0000000        5.4958445
     347.0000000        5.4429101
     348.0000000        5.3879163
     349.0000000        5.3510014
     350.0000000        5.3273506
     351.0000000        5.3346636
     352.0000000        5.3570604
     353.0000000        5.4116677
     354.0000000        5.4490266
     355.0000000        5.4687107
     356.0000000        5.4769768
     357.0000000        5.5015947
     358.0000000        5.5088908
     359.0000000        5.4949510
     360.0000000        5.4878978
     361.0000000        5.5036416
     362.0000000        5.5038445
     363.0000000        5.5109906
     364.0000000        5.5142074
     365.0000000        5.5197695
     366.0000000        5.5248935
     367.0000000        5.5244137
     368.0000000        5.5361796
     369.0000000        5.5213103
     370.0000000        5.4853491
     371.0000000        5.4354988
     372.0000000        5.3770379
     373.0000000        5.3180766
     374.0000000        5.2671949
     375.0000000        5.2187119
     376.0000000        5.1845923
     377.0000000        5.1488245
     378.0000000        5.1140404
     379.0000000        5.0827658
     380.0000000        5.0439699
     381.0000000        4.9972322
     382.0000000        4.9637267
     383.0000000        4.9287471
     384.0000000        4.9230305
     385.0000000        4.9332346
     386.0000000        4.9478517
     387.0000000        4.9610168
     388.0000000        4.9617736
     389.0000000        4.9606858
     390.0000000        4.9729506
     391.0000000        5.0015292
     392.0000000        5.0374626
     393.0000000        5.0747887
     394.0000000        5.1022133
     395.0000000        5.0966382
     396.0000000        5.1040845
     397.0000000        5.1132136
     398.0000000        5.1632953
     399.0000000        5.2062012
     400.0000000        5.2426033
     401.0000000        5.2486504
     402.0000000        5.2306340
     403.0000000        5.2239268
     404.0000000        5.2408511
     405.0000000        5.2335339
     406.0000000        5.2244397
     407.0000000        5.2055996
     408.0000000        5.1957174
     409.0000000        5.2048147
     410.0000000        5.2093473
     411.0000000        5.2205122
     412.0000000        5.2550137
     413.0000000        5.2907851
     414.0000000        5.3350533
     415.0000000        5.3523093
     416.0000000        5.3696246
     417.0000000        5.3570879
     418.0000000        5.3494930
     419.0000000        5.3802835
     420.0000000        5.4189292
     421.0000000        5.4126672
     422.0000000        5.3877678
     423.0000000        5.3746912
     424.0000000        5.3504096
     425.0000000        5.3343893
     426.0000000        5.3475024
     427.0000000        5.3803968
     428.0000000        5.3857153
     429.0000000        5.3627421
     430.0000000        5.3499846
     431.0000000        5.3192264
     432.0000000        5.2973467
     433.0000000        5.2734013
     434.0000000        5.2823027
     435.0000000        5.2807752
     436.0000000        5.2834263
     437.0000000        5.2805414
     438.0000000        5.2745925
     439.0000000        5.2565069
     440.0000000        5.2400874
     441.0000000        5.2525581
     442.0000000        5.2416419
     443.0000000        5.2444436
     444.0000000        5.2475656
     445.0000000        5.2182438
     446.0000000        5.2046047
     447.0000000        5.2094829
     448.0000000        5.2312684
     449.0000000        5.2113521
     450.0000000        5.2244353
     451.0000000        5.2390074
     452.0000000        5.2670401
     453.0000000        5.2853163
     454.0000000        5.2881220
     455.0000000        5.2925924
     456.0000000        5.2733742
     457.0000000        5.2455869
     458.0000000        5.2070295
     459.0000000        5.1546890
     460.0000000        5.1228237
     461.0000000        5.1242771
     462.0000000        5.1390637
     463.0000000        5.2000605
     464.0000000        5.2657176
     465.0000000        5.3212451
     466.0000000        5.3354252
     467.0000000        5.3121092
     468.0000000        5.2690431
     469.0000000        5.2537303
     470.0000000        5.2868774
     471.0000000        5.3128301
     472.0000000        5.2827861
     473.0000000        5.2565479
     474.0000000        5.2352076
     475.0000000        5.2118715
     476.0000000        5.1902840
     477.0000000        5.1827381
     478.0000000        5.2024145
     479.0000000        5.1969698
     480.0000000        5.2282615
     481.0000000        5.2528106
     482.0000000        5.2692465
     483.0000000        5.3000411
     484.0000000        5.3145234
     485.0000000        5.3183498
     486.0000000        5.2978468
     487.0000000        5.2424280
     488.0000000        5.1724658
     489.0000000        5.1034941
     490.0000000        5.0613928
     491.0000000        5.0345215
     492.0000000        5.0439594
     493.0000000        5.0683754
     494.0000000        5.1073829
     495.0000000        5.1435159
     496.0000000        5.1957752
     497.0000000        5.2447894
     498.0000000        5.2287769
     499.0000000        5.2085193
     500.0000000        5.1515393
     501.0000000        5.1076865
     502.0000000        5.0704011
     503.0000000        5.0410981
     504.0000000        5.0089623
     505.0000000        4.9786818
     506.0000000        4.9700069
     507.0000000        4.9708846
     508.0000000        4.9723557
     509.0000000        5.0029782
     510.0000000        5.0526976
     511.0000000        5.1287393
     512.0000000        5.2163208
     513.0000000        5.2961384
     514.0000000        5.3749720
     515.0000000        5.4386241
     516.0000000        5.4758675
     517.0000000        5.5022079
     518.0000000        5.5170717
     519.0000000        5.5227338
     520.0000000        5.5178162
     521.0000000        5.5152458
     522.0000000        5.5054062
     523.0000000        5.5137897
     524.0000000        5.4965973
     525.0000000        5.4915845
     526.0000000        5.4848360
     527.0000000        5.4993504
     528.0000000        5.4862493
     529.0000000        5.4783134
     530.0000000        5.4934498
     531.0000000        5.5011600
     532.0000000        5.5013508
     533.0000000        5.4790270
     534.0000000        5.4442097
     535.0000000        5.4741202
     536.0000000        5.4920090
     537.0000000        5.5056759
     538.0000000        5.4792148
     539.0000000        5.4740472
     540.0000000        5.4683102
     541.0000000        5.4483371
     542.0000000        5.4251495
     543.0000000        5.4078031
     544.0000000        5.3767004
     545.0000000        5.3464662
     546.0000000        5.3187077
     547.0000000        5.2897127
     548.0000000        5.2303669
     549.0000000        5.1969669
     550.0000000        5.1579748
     551.0000000        5.1614191
     552.0000000        5.1788452
     553.0000000        5.2166506
     554.0000000        5.2445089
     555.0000000        5.2727817
     556.0000000        5.3144616
     557.0000000        5.3111839
     558.0000000        5.3318546
     559.0000000        5.3552647
     560.0000000        5.3828340
     561.0000000        5.4045550
     562.0000000        5.4220093
     563.0000000        5.4373286
     564.0000000        5.4653454
     565.0000000        5.4779951
     566.0000000        5.4656559
     567.0000000        5.4705504
     568.0000000        5.4484361
     569.0000000        5.4493511
     570.0000000        5.4240569
     571.0000000        5.4047401
     572.0000000        5.3799526
     573.0000000        5.3553198
     574.0000000        5.3292241
     575.0000000        5.2847387
     576.0000000        5.2294986
     577.0000000        5.1746788
     578.0000000        5.1167917
     579.0000000        5.0838755
     580.0000000        5.0809302
     581.0000000        5.0868286
     582.0000000        5.1281711
     583.0000000        5.2037700
     584.0000000        5.3001316
     585.0000000        5.4452112
     586.0000000        5.5005129
     587.0000000        5.4822697
     588.0000000        5.4369728
     589.0000000        5.4084216
     590.0000000        5.3664449
     591.0000000        5.3297505
     592.0000000        5.3012026
     593.0000000        5.2648137
     594.0000000        5.2484964
     595.0000000        5.2264118
     596.0000000        5.1999238
     597.0000000        5.2040168
     598.0000000        5.1991894
     599.0000000        5.2108891
     600.0000000        5.2302147
