       1.0000000        5.6002550
       2.0000000        5.8717479
       3.0000000        5.9841376
       4.0000000        6.0510640
       5.0000000        6.0388039
       6.0000000        6.0013513
       7.0000000        5.9689101
       8.0000000        5.9340771
       9.0000000        5.8511773
      10.0000000        5.7646367
      11.0000000        5.7057083
      12.0000000        5.6371404
      13.0000000        5.5501047
      14.0000000        5.4825212
      15.0000000        5.4154221
      16.0000000        5.3683592
      17.0000000        5.3142009
      18.0000000        5.3004957
      19.0000000        5.3093966
      20.0000000        5.3213936
      21.0000000        5.3651820
      22.0000000        5.3874357
      23.0000000        5.4010934
      24.0000000        5.3887115
      25.0000000        5.4091805
      26.0000000        5.3904781
      27.0000000        5.3705556
      28.0000000        5.3257359
      29.0000000        5.2850421
      30.0000000        5.2434135
      31.0000000        5.1882175
      32.0000000        5.1939156
      33.0000000        5.2273929
      34.0000000        5.2388319
      35.0000000        5.2376986
      36.0000000        5.2480304
      37.0000000        5.2282010
      38.0000000        5.1945074
      39.0000000        5.1512647
      40.0000000        5.1493420
      41.0000000        5.1439801
      42.0000000        5.1568920
      43.0000000        5.1634879
      44.0000000        5.1746541
      45.0000000        5.1814628
      46.0000000        5.1813946
      47.0000000        5.1823375
      48.0000000        5.1434988
      49.0000000        5.0937032
      50.0000000        5.0618194
      51.0000000        5.0334843
      52.0000000        4.9708058
      53.0000000        4.9037599
      54.0000000        4.8436910
      55.0000000        4.8207393
      56.0000000        4.8276334
      57.0000000        4.8566948
      58.0000000        4.9475517
      59.0000000        5.0020520
      60.0000000        5.0554686
      61.0000000        5.1194536
      62.0000000        5.1925116
      63.0000000        5.2925933
      64.0000000        5.3668905
      65.0000000        5.4163399
      66.0000000        5.4154881
      67.0000000        5.3979730
      68.0000000        5.3846539
      69.0000000        5.3608710
      70.0000000        5.3346122
      71.0000000        5.2832810
      72.0000000        5.2505926
      73.0000000        5.2424775
      74.0000000        5.2280658
      75.0000000        5.2189812
      76.0000000        5.2408219
      77.0000000        5.2781583
      78.0000000        5.3289033
      79.0000000        5.3348569
      80.0000000        5.3793836
      81.0000000        5.4287927
      82.0000000        5.4705126
      83.0000000        5.4978738
      84.0000000        5.4881104
      85.0000000        5.4734249
      86.0000000        5.4407390
      87.0000000        5.4210026
      88.0000000        5.3987631
      89.0000000        5.3839495
      90.0000000        5.3776500
      91.0000000        5.3795600
      92.0000000        5.3823891
      93.0000000        5.4321963
      94.0000000        5.4499683
      95.0000000        5.4594049
      96.0000000        5.4668350
      97.0000000        5.4450895
      98.0000000        5.4274914
      99.0000000        5.4054108
     100.0000000        5.3899918
     101.0000000        5.3586520
     102.0000000        5.3372167
     103.0000000        5.3408405
     104.0000000        5.3546636
     105.0000000        5.3762206
     106.0000000        5.3927390
     107.0000000        5.3911648
     108.0000000        5.3857297
     109.0000000        5.3807659
     110.0000000        5.3808040
     111.0000000        5.3426258
     112.0000000        5.2989257
     113.0000000        5.2564911
     114.0000000        5.2054595
     115.0000000        5.1564128
     116.0000000        5.1044659
     117.0000000        5.0602019
     118.0000000        5.0537857
     119.0000000        5.0676332
     120.0000000        5.1005647
     121.0000000        5.1664354
     122.0000000        5.2351999
     123.0000000        5.3074456
     124.0000000        5.3752904
     125.0000000        5.4427210
     126.0000000        5.5180821
     127.0000000        5.5754725
     128.0000000        5.5942917
     129.0000000        5.5937469
     130.0000000        5.5696781
     131.0000000        5.5721749
     132.0000000        5.5599370
     133.0000000        5.5499636
     134.0000000        5.5636869
     135.0000000        5.5579274
     136.0000000        5.5568794
     137.0000000        5.5563439
     138.0000000        5.5151871
     139.0000000        5.4451505
     140.0000000        5.3775636
     141.0000000        5.3314216
     142.0000000        5.2974202
     143.0000000        5.2629916
     144.0000000        5.2383935
     145.0000000        5.2141904
     146.0000000        5.2118172
     147.0000000        5.2122558
     148.0000000        5.2208890
     149.0000000        5.2528455
     150.0000000        5.2927151
     151.0000000        5.3339495
     152.0000000        5.3548970
     153.0000000        5.3628325
     154.0000000        5.3858964
     155.0000000        5.3950362
     156.0000000        5.3632048
     157.0000000        5.3386503
     158.0000000        5.2915620
     159.0000000        5.2552638
     160.0000000        5.2037443
     161.0000000        5.1342674
     162.0000000        5.0857217
     163.0000000        5.0508385
     164.0000000        5.0400106
     165.0000000        5.0487061
     166.0000000        5.0878602
     167.0000000        5.1277499
     168.0000000        5.1201059
     169.0000000        5.1110349
     170.0000000        5.1033246
     171.0000000        5.0978960
     172.0000000        5.0714105
     173.0000000        5.0643424
     174.0000000        5.0567544
     175.0000000        5.0800782
     176.0000000        5.1077879
     177.0000000        5.1088470
     178.0000000        5.0960665
     179.0000000        5.0630679
     180.0000000        5.0248931
     181.0000000        4.9629117
     182.0000000        4.9194220
     183.0000000        4.8993289
     184.0000000        4.9131354
     185.0000000        4.9676266
     186.0000000        5.0255266
     187.0000000        5.0763651
     188.0000000        5.1171357
     189.0000000        5.1742938
     190.0000000        5.2482511
     191.0000000        5.3486471
     192.0000000        5.4649192
     193.0000000        5.5991116
     194.0000000        5.6942529
     195.0000000        5.7621125
     196.0000000        5.8247900
     197.0000000        5.8856355
     198.0000000        5.9175440
     199.0000000        5.8912571
     200.0000000        5.8527825
     201.0000000        5.7861103
     202.0000000        5.7169885
     203.0000000        5.6650268
     204.0000000        5.6209069
     205.0000000        5.5624721
     206.0000000        5.4792444
     207.0000000        5.3780142
     208.0000000        5.2654353
     209.0000000        5.1812015
     210.0000000        5.1370873
     211.0000000        5.1461702
     212.0000000        5.1629869
     213.0000000        5.2051954
     214.0000000        5.2646348
     215.0000000        5.3378178
     216.0000000        5.3842111
     217.0000000        5.4277513
     218.0000000        5.4504756
     219.0000000        5.4395843
     220.0000000        5.4351427
     221.0000000        5.4185896
     222.0000000        5.3750680
     223.0000000        5.3322764
     224.0000000        5.2963120
     225.0000000        5.2610181
     226.0000000        5.2275205
     227.0000000        5.2069748
     228.0000000        5.1869654
     229.0000000        5.1880134
     230.0000000        5.1867584
     231.0000000        5.1903985
     232.0000000        5.2130828
     233.0000000        5.2719736
     234.0000000        5.3344604
     235.0000000        5.4144479
     236.0000000        5.4892636
     237.0000000        5.5723674
     238.0000000        5.6577683
     239.0000000        5.7310656
     240.0000000        5.7773092
     241.0000000        5.7807909
     242.0000000        5.7899116
     243.0000000        5.8188308
     244.0000000        5.8153783
     245.0000000        5.7955938
     246.0000000        5.7586436
     247.0000000        5.7420451
     248.0000000        5.7490295
     249.0000000        5.7470386
     250.0000000        5.7291667
     251.0000000        5.6857576
     252.0000000        5.6508720
     253.0000000        5.6214849
     254.0000000        5.6030120
     255.0000000        5.5888678
     256.0000000        5.5635905
     257.0000000        5.5097021
     258.0000000        5.4559600
     259.0000000        5.3999967
     260.0000000        5.3373000
     261.0000000        5.3124177
     262.0000000        5.2746975
     263.0000000        5.2454812
     264.0000000        5.2369821
     265.0000000        5.2350081
     266.0000000        5.2615087
     267.0000000        5.3185539
     268.0000000        5.3720044
     269.0000000        5.4111898
     270.0000000        5.4512585
     271.0000000        5.4919032
     272.0000000        5.5003269
     273.0000000        5.5206915
     274.0000000        5.5180667
     275.0000000        5.5194168
     276.0000000        5.5499835
     277.0000000        5.5655834
     278.0000000        5.5578375
     279.0000000        5.5294774
     280.0000000        5.4864410
     281.0000000        5.4250819
     282.0000000        5.3898186
     283.0000000        5.3463956
     284.0000000        5.2869322
     285.0000000        5.2739916
     286.0000000        5.2703028
     287.0000000        5.2589557
     288.0000000        5.2344756
     289.0000000        5.2351352
     290.0000000        5.2339229
     291.0000000        5.2525575
     292.0000000        5.2828026
     293.0000000        5.3166078
     294.0000000        5.2858948
     295.0000000        5.2465887
     296.0000000        5.2118799
     297.0000000        5.1671214
     298.0000000        5.1348058
     299.0000000        5.1121897
     300.0000000        5.1164764
     301.0000000        5.1159878
     302.0000000        5.1469187
     303.0000000        5.2018610
     304.0000000        5.2663815
     305.0000000        5.3298052
     306.0000000        5.4004116
     307.0000000        5.4597684
     308.0000000        5.4842126
     309.0000000        5.5443683
     310.0000000        5.5892211
     311.0000000        5.6080655
     312.0000000        5.6176271
     313.0000000        5.6087059
     314.0000000        5.5974313
     315.0000000        5.5685147
     316.0000000        5.5391474
     317.0000000        5.4638923
     318.0000000        5.3937484
     319.0000000        5.3371787
     320.0000000        5.2557872
     321.0000000        5.2052718
     322.0000000        5.1936870
     323.0000000        5.1881235
     324.0000000        5.2199922
     325.0000000        5.2439444
     326.0000000        5.2300458
     327.0000000        5.2372364
     328.0000000        5.2781613
     329.0000000        5.3336118
     330.0000000        5.3647221
     331.0000000        5.3868684
     332.0000000        5.3675339
     333.0000000        5.3448910
     334.0000000        5.3442660
     335.0000000        5.3715754
     336.0000000        5.3946843
     337.0000000        5.4253831
     338.0000000        5.4201791
     339.0000000        5.4055350
     340.0000000        5.3991329
     341.0000000        5.4096838
     342.0000000        5.3825168
     343.0000000        5.3912250
     344.0000000        5.4016998
     345.0000000        5.4326547
     346.0000000        5.4457148
     347.0000000        5.4218477
     348.0000000        5.3863361
     349.0000000        5.3452637
     350.0000000        5.2965635
     351.0000000        5.2382756
     352.0000000        5.2003486
     353.0000000        5.1974859
     354.0000000        5.2232043
     355.0000000        5.2866623
     356.0000000        5.3282022
     357.0000000        5.3645482
     358.0000000        5.4116412
     359.0000000        5.4084863
     360.0000000        5.3881103
     361.0000000        5.3732318
     362.0000000        5.3491596
     363.0000000        5.3273381
     364.0000000        5.3280391
     365.0000000        5.3050283
     366.0000000        5.2644122
     367.0000000        5.2319786
     368.0000000        5.2305822
     369.0000000        5.2444637
     370.0000000        5.2408527
     371.0000000        5.2187117
     372.0000000        5.2016581
     373.0000000        5.2121630
     374.0000000        5.2041066
     375.0000000        5.1883684
     376.0000000        5.1922190
     377.0000000        5.2288968
     378.0000000        5.2976242
     379.0000000        5.3736995
     380.0000000        5.4194507
     381.0000000        5.4348785
     382.0000000        5.4702430
     383.0000000        5.5243617
     384.0000000        5.5850369
     385.0000000        5.6254353
     386.0000000        5.6402896
     387.0000000        5.6359265
     388.0000000        5.6240182
     389.0000000        5.5752848
     390.0000000        5.4998975
     391.0000000        5.4333549
     392.0000000        5.3870544
     393.0000000        5.3378669
     394.0000000        5.3092111
     395.0000000        5.3003199
     396.0000000        5.3126816
     397.0000000        5.3194371
     398.0000000        5.3242742
     399.0000000        5.3401227
     400.0000000        5.3356260
     401.0000000        5.3439569
     402.0000000        5.3207065
     403.0000000        5.3133312
     404.0000000        5.3101963
     405.0000000        5.3058333
     406.0000000        5.3070187
     407.0000000        5.2874089
     408.0000000        5.2665047
     409.0000000        5.2442947
     410.0000000        5.2333308
     411.0000000        5.2103701
     412.0000000        5.1660874
     413.0000000        5.1214254
     414.0000000        5.0972323
     415.0000000        5.0900506
     416.0000000        5.1037444
     417.0000000        5.1707066
     418.0000000        5.2599475
     419.0000000        5.3245191
     420.0000000        5.3829231
     421.0000000        5.4598465
     422.0000000        5.4942208
     423.0000000        5.5069263
     424.0000000        5.5013724
     425.0000000        5.4909020
     426.0000000        5.4765373
     427.0000000        5.4516673
     428.0000000        5.4521887
     429.0000000        5.4521444
     430.0000000        5.4738725
     431.0000000        5.4766100
     432.0000000        5.4902399
     433.0000000        5.4715819
     434.0000000        5.4624844
     435.0000000        5.4723700
     436.0000000        5.5079768
     437.0000000        5.5482310
     438.0000000        5.5791079
     439.0000000        5.5891749
     440.0000000        5.6007818
     441.0000000        5.5916330
     442.0000000        5.5951174
     443.0000000        5.6051344
     444.0000000        5.6303390
     445.0000000        5.6587157
     446.0000000        5.6561535
     447.0000000        5.6764511
     448.0000000        5.7075532
     449.0000000        5.7288773
     450.0000000        5.6926912
     451.0000000        5.6263449
     452.0000000        5.5634618
     453.0000000        5.5259205
     454.0000000        5.5364043
     455.0000000        5.5123578
     456.0000000        5.4903776
     457.0000000        5.4997594
     458.0000000        5.5051887
     459.0000000        5.5074690
     460.0000000        5.5170597
     461.0000000        5.5276975
     462.0000000        5.5419945
     463.0000000        5.5532743
     464.0000000        5.5378682
     465.0000000        5.4881158
     466.0000000        5.4563580
     467.0000000        5.4181363
     468.0000000        5.3700115
     469.0000000        5.3303980
     470.0000000        5.2839711
     471.0000000        5.2315901
     472.0000000        5.1991008
     473.0000000        5.1864019
     474.0000000        5.1856187
     475.0000000        5.2233595
     476.0000000        5.2611302
     477.0000000        5.2839110
     478.0000000        5.3118086
     479.0000000        5.3283362
     480.0000000        5.3324181
     481.0000000        5.3106738
     482.0000000        5.2694959
     483.0000000        5.2198159
     484.0000000        5.1796007
     485.0000000        5.2057445
     486.0000000        5.2837322
     487.0000000        5.3900131
     488.0000000        5.4910271
     489.0000000        5.5627155
     490.0000000        5.5920745
     491.0000000        5.5629820
     492.0000000        5.5269822
     493.0000000        5.4958369
     494.0000000        5.4308620
     495.0000000        5.3567501
     496.0000000        5.2722419
     497.0000000        5.1934108
     498.0000000        5.1621727
     499.0000000        5.1730947
     500.0000000        5.2140891
     501.0000000        5.2276760
     502.0000000        5.2680577
     503.0000000        5.3092881
     504.0000000        5.3276293
     505.0000000        5.3377177
     506.0000000        5.3506909
     507.0000000        5.3607223
     508.0000000        5.3829845
     509.0000000        5.3681365
     510.0000000        5.3343869
     511.0000000        5.2997914
     512.0000000        5.2579001
     513.0000000        5.2378469
     514.0000000        5.2223026
     515.0000000        5.2302537
     516.0000000        5.2566906
     517.0000000        5.2875003
     518.0000000        5.2923665
     519.0000000        5.3103570
     520.0000000        5.3234754
     521.0000000        5.3280523
     522.0000000        5.3504698
     523.0000000        5.3258147
     524.0000000        5.2771188
     525.0000000        5.2293922
     526.0000000        5.1983461
     527.0000000        5.1778654
     528.0000000        5.1843310
     529.0000000        5.1948559
     530.0000000        5.1761677
     531.0000000        5.1482195
     532.0000000        5.1139080
     533.0000000        5.0979665
     534.0000000        5.0676023
     535.0000000        5.0645767
     536.0000000        5.0488748
     537.0000000        5.0538180
     538.0000000        5.0579513
     539.0000000        5.0607127
     540.0000000        5.1015505
     541.0000000        5.1775338
     542.0000000        5.2527947
     543.0000000        5.3028279
     544.0000000        5.3284147
     545.0000000        5.3410160
     546.0000000        5.3823484
     547.0000000        5.4380600
     548.0000000        5.5041309
     549.0000000        5.5603636
     550.0000000        5.5995242
     551.0000000        5.6367289
     552.0000000        5.6449149
     553.0000000        5.6576429
     554.0000000        5.6668915
     555.0000000        5.6558283
     556.0000000        5.6185346
     557.0000000        5.5831351
     558.0000000        5.5278105
     559.0000000        5.4679264
     560.0000000        5.4284530
     561.0000000        5.3951278
     562.0000000        5.3575259
     563.0000000        5.3311207
     564.0000000        5.3217041
     565.0000000        5.3174238
     566.0000000        5.3377650
     567.0000000        5.3858812
     568.0000000        5.4619149
     569.0000000        5.5378301
     570.0000000        5.6112092
     571.0000000        5.6697886
     572.0000000        5.6895765
     573.0000000        5.6958094
     574.0000000        5.6756696
     575.0000000        5.6335430
     576.0000000        5.6062275
     577.0000000        5.5882124
     578.0000000        5.5576467
     579.0000000        5.5559382
     580.0000000        5.5553490
     581.0000000        5.5639250
     582.0000000        5.5547396
     583.0000000        5.5251431
     584.0000000        5.4826561
     585.0000000        5.4300464
     586.0000000        5.3889408
     587.0000000        5.3730890
     588.0000000        5.3747068
     589.0000000        5.3994471
     590.0000000        5.4088640
     591.0000000        5.4144181
     592.0000000        5.3954552
     593.0000000        5.3681224
     594.0000000        5.2977307
     595.0000000        5.2343172
     596.0000000        5.1630711
     597.0000000        5.1434089
     598.0000000        5.1626014
     599.0000000        5.1757846
     600.0000000        5.2146826
