       1.0000000        3.2822163
       2.0000000        3.1885567
       3.0000000        3.0875752
       4.0000000        2.9914961
       5.0000000        2.9029450
       6.0000000        2.8313775
       7.0000000        2.7652454
       8.0000000        2.7027197
       9.0000000        2.6469107
      10.0000000        2.6196706
      11.0000000        2.6059566
      12.0000000        2.5848088
      13.0000000        2.5664403
      14.0000000        2.5500886
      15.0000000        2.5416429
      16.0000000        2.5316372
      17.0000000        2.5205212
      18.0000000        2.5125461
      19.0000000        2.5057273
      20.0000000        2.5024137
      21.0000000        2.4953940
      22.0000000        2.4836154
      23.0000000        2.4744220
      24.0000000        2.4772062
      25.0000000        2.4855828
      26.0000000        2.4920139
      27.0000000        2.4960058
      28.0000000        2.4951298
      29.0000000        2.5040116
      30.0000000        2.5165761
      31.0000000        2.5167212
      32.0000000        2.5175183
      33.0000000        2.5267234
      34.0000000        2.5291038
      35.0000000        2.5218468
      36.0000000        2.5014930
      37.0000000        2.4820209
      38.0000000        2.4664392
      39.0000000        2.4478245
      40.0000000        2.4269009
      41.0000000        2.4135306
      42.0000000        2.4062753
      43.0000000        2.4079499
      44.0000000        2.4114816
      45.0000000        2.4191723
      46.0000000        2.4357419
      47.0000000        2.4508884
      48.0000000        2.4636786
      49.0000000        2.4755385
      50.0000000        2.4780791
      51.0000000        2.4784110
      52.0000000        2.4731998
      53.0000000        2.4683769
      54.0000000        2.4662001
      55.0000000        2.4556367
      56.0000000        2.4372203
      57.0000000        2.4263737
      58.0000000        2.4162748
      59.0000000        2.4150968
      60.0000000        2.4157581
      61.0000000        2.4161398
      62.0000000        2.4192758
      63.0000000        2.4245467
      64.0000000        2.4253023
      65.0000000        2.4289818
      66.0000000        2.4313962
      67.0000000        2.4331009
      68.0000000        2.4358742
      69.0000000        2.4356103
      70.0000000        2.4339089
      71.0000000        2.4340849
      72.0000000        2.4251790
      73.0000000        2.4184859
      74.0000000        2.4209425
      75.0000000        2.4311481
      76.0000000        2.4365392
      77.0000000        2.4299898
      78.0000000        2.4243503
      79.0000000        2.4176443
      80.0000000        2.4193714
      81.0000000        2.4211767
      82.0000000        2.4305108
      83.0000000        2.4336758
      84.0000000        2.4380360
      85.0000000        2.4412658
      86.0000000        2.4345565
      87.0000000        2.4334085
      88.0000000        2.4328897
      89.0000000        2.4353793
      90.0000000        2.4441416
      91.0000000        2.4453654
      92.0000000        2.4334891
      93.0000000        2.4250140
      94.0000000        2.4242446
      95.0000000        2.4150662
      96.0000000        2.4028742
      97.0000000        2.3980303
      98.0000000        2.3873429
      99.0000000        2.3818521
     100.0000000        2.3764803
     101.0000000        2.3786480
     102.0000000        2.3921702
     103.0000000        2.4174204
     104.0000000        2.4425616
     105.0000000        2.4607258
     106.0000000        2.4693360
     107.0000000        2.4638219
     108.0000000        2.4532719
     109.0000000        2.4441743
     110.0000000        2.4412429
     111.0000000        2.4397712
     112.0000000        2.4381976
     113.0000000        2.4506898
     114.0000000        2.4695816
     115.0000000        2.4763153
     116.0000000        2.4804201
     117.0000000        2.4766285
     118.0000000        2.4689677
     119.0000000        2.4572084
     120.0000000        2.4483471
     121.0000000        2.4384658
     122.0000000        2.4266665
     123.0000000        2.4217067
     124.0000000        2.4164217
     125.0000000        2.4119647
     126.0000000        2.3994741
     127.0000000        2.3888087
     128.0000000        2.3901260
     129.0000000        2.3955252
     130.0000000        2.4040945
     131.0000000        2.4099672
     132.0000000        2.4188485
     133.0000000        2.4293778
     134.0000000        2.4437943
     135.0000000        2.4556482
     136.0000000        2.4696825
     137.0000000        2.4813087
     138.0000000        2.4894707
     139.0000000        2.4995298
     140.0000000        2.4962230
     141.0000000        2.4797206
     142.0000000        2.4794209
     143.0000000        2.4713314
     144.0000000        2.4603341
     145.0000000        2.4518578
     146.0000000        2.4381642
     147.0000000        2.4178610
     148.0000000        2.4014542
     149.0000000        2.3959255
     150.0000000        2.4077976
     151.0000000        2.4255686
     152.0000000        2.4402823
     153.0000000        2.4514794
     154.0000000        2.4594393
     155.0000000        2.4750335
     156.0000000        2.4915397
     157.0000000        2.5072591
     158.0000000        2.5177627
     159.0000000        2.5233939
     160.0000000        2.5151134
     161.0000000        2.5098712
     162.0000000        2.5042601
     163.0000000        2.5002341
     164.0000000        2.4909871
     165.0000000        2.4991701
     166.0000000        2.5144441
     167.0000000        2.5169830
     168.0000000        2.5131841
     169.0000000        2.4987123
     170.0000000        2.4835160
     171.0000000        2.4773378
     172.0000000        2.4766150
     173.0000000        2.4715509
     174.0000000        2.4732640
     175.0000000        2.4754090
     176.0000000        2.4780002
     177.0000000        2.4813995
     178.0000000        2.4800096
     179.0000000        2.4718115
     180.0000000        2.4665108
     181.0000000        2.4683845
     182.0000000        2.4580605
     183.0000000        2.4451711
     184.0000000        2.4396143
     185.0000000        2.4431770
     186.0000000        2.4444196
     187.0000000        2.4396527
     188.0000000        2.4323459
     189.0000000        2.4186239
     190.0000000        2.4052873
     191.0000000        2.3923197
     192.0000000        2.4000964
     193.0000000        2.4134657
     194.0000000        2.4277260
     195.0000000        2.4308562
     196.0000000        2.4385147
     197.0000000        2.4396241
     198.0000000        2.4406760
     199.0000000        2.4388449
     200.0000000        2.4380400
     201.0000000        2.4410455
     202.0000000        2.4511476
     203.0000000        2.4631784
     204.0000000        2.4756753
     205.0000000        2.4801207
     206.0000000        2.4780841
     207.0000000        2.4794245
     208.0000000        2.4804735
     209.0000000        2.4790678
     210.0000000        2.4773896
     211.0000000        2.4683416
     212.0000000        2.4642031
     213.0000000        2.4656134
     214.0000000        2.4591672
     215.0000000        2.4492793
     216.0000000        2.4428196
     217.0000000        2.4304547
     218.0000000        2.4264281
     219.0000000        2.4206944
     220.0000000        2.4130425
     221.0000000        2.4054313
     222.0000000        2.3990004
     223.0000000        2.3962126
     224.0000000        2.3935518
     225.0000000        2.3928297
     226.0000000        2.3891101
     227.0000000        2.3857167
     228.0000000        2.3853889
     229.0000000        2.3839324
     230.0000000        2.3918869
     231.0000000        2.4028301
     232.0000000        2.4112518
     233.0000000        2.4295766
     234.0000000        2.4484251
     235.0000000        2.4577727
     236.0000000        2.4626675
     237.0000000        2.4586337
     238.0000000        2.4526236
     239.0000000        2.4494355
     240.0000000        2.4503446
     241.0000000        2.4437952
     242.0000000        2.4321048
     243.0000000        2.4181082
     244.0000000        2.4030814
     245.0000000        2.4010396
     246.0000000        2.4052951
     247.0000000        2.4127390
     248.0000000        2.4280226
     249.0000000        2.4400568
     250.0000000        2.4523408
     251.0000000        2.4529150
     252.0000000        2.4509099
     253.0000000        2.4483082
     254.0000000        2.4492028
     255.0000000        2.4478967
     256.0000000        2.4481878
     257.0000000        2.4406939
     258.0000000        2.4312768
     259.0000000        2.4203563
     260.0000000        2.4142435
     261.0000000        2.4114203
     262.0000000        2.4098179
     263.0000000        2.4090919
     264.0000000        2.4167428
     265.0000000        2.4243977
     266.0000000        2.4299133
     267.0000000        2.4333687
     268.0000000        2.4318693
     269.0000000        2.4343159
     270.0000000        2.4345069
     271.0000000        2.4364126
     272.0000000        2.4357016
     273.0000000        2.4269145
     274.0000000        2.4173431
     275.0000000        2.4065282
     276.0000000        2.4002225
     277.0000000        2.3971193
     278.0000000        2.3922367
     279.0000000        2.3948259
     280.0000000        2.3880372
     281.0000000        2.3950467
     282.0000000        2.4080424
     283.0000000        2.4216292
     284.0000000        2.4237125
     285.0000000        2.4297056
     286.0000000        2.4421835
     287.0000000        2.4480643
     288.0000000        2.4507718
     289.0000000        2.4495051
     290.0000000        2.4471498
     291.0000000        2.4510095
     292.0000000        2.4574358
     293.0000000        2.4733613
     294.0000000        2.4807198
     295.0000000        2.4854345
     296.0000000        2.4903467
     297.0000000        2.4861677
     298.0000000        2.4762492
     299.0000000        2.4642060
     300.0000000        2.4524567
     301.0000000        2.4403331
     302.0000000        2.4401724
     303.0000000        2.4323285
     304.0000000        2.4323523
     305.0000000        2.4262323
     306.0000000        2.4183700
     307.0000000        2.4122691
     308.0000000        2.4007316
     309.0000000        2.3928812
     310.0000000        2.3780227
     311.0000000        2.3816671
     312.0000000        2.3946981
     313.0000000        2.4212823
     314.0000000        2.4472578
     315.0000000        2.4700789
     316.0000000        2.4820695
     317.0000000        2.4877379
     318.0000000        2.4913108
     319.0000000        2.4858067
     320.0000000        2.4758158
     321.0000000        2.4685297
     322.0000000        2.4715598
     323.0000000        2.4701991
     324.0000000        2.4522257
     325.0000000        2.4388878
     326.0000000        2.4345684
     327.0000000        2.4435835
     328.0000000        2.4425864
     329.0000000        2.4376135
     330.0000000        2.4389324
     331.0000000        2.4424717
     332.0000000        2.4495196
     333.0000000        2.4464173
     334.0000000        2.4426181
     335.0000000        2.4379537
     336.0000000        2.4415045
     337.0000000        2.4418969
     338.0000000        2.4458492
     339.0000000        2.4525251
     340.0000000        2.4600639
     341.0000000        2.4643943
     342.0000000        2.4690096
     343.0000000        2.4657907
     344.0000000        2.4702349
     345.0000000        2.4855535
     346.0000000        2.5045817
     347.0000000        2.5163164
     348.0000000        2.5150747
     349.0000000        2.5114224
     350.0000000        2.5051618
     351.0000000        2.5012083
     352.0000000        2.5026374
     353.0000000        2.5053267
     354.0000000        2.5166323
     355.0000000        2.5160353
     356.0000000        2.5078118
     357.0000000        2.4955769
     358.0000000        2.4865770
     359.0000000        2.4886634
     360.0000000        2.4872186
     361.0000000        2.4750319
     362.0000000        2.4688723
     363.0000000        2.4661682
     364.0000000        2.4563272
     365.0000000        2.4539902
     366.0000000        2.4570000
     367.0000000        2.4603899
     368.0000000        2.4657574
     369.0000000        2.4700150
     370.0000000        2.4674554
     371.0000000        2.4685068
     372.0000000        2.4668496
     373.0000000        2.4621139
     374.0000000        2.4580500
     375.0000000        2.4531503
     376.0000000        2.4469051
     377.0000000        2.4415390
     378.0000000        2.4383738
     379.0000000        2.4334385
     380.0000000        2.4319284
     381.0000000        2.4307561
     382.0000000        2.4398637
     383.0000000        2.4513235
     384.0000000        2.4603422
     385.0000000        2.4746733
     386.0000000        2.4912426
     387.0000000        2.5081608
     388.0000000        2.5246849
     389.0000000        2.5182588
     390.0000000        2.5119116
     391.0000000        2.5059917
     392.0000000        2.5009911
     393.0000000        2.4987175
     394.0000000        2.4971793
     395.0000000        2.4941571
     396.0000000        2.4868221
     397.0000000        2.4750476
     398.0000000        2.4753020
     399.0000000        2.4712672
     400.0000000        2.4725699
     401.0000000        2.4629962
     402.0000000        2.4575477
     403.0000000        2.4541290
     404.0000000        2.4628410
     405.0000000        2.4745541
     406.0000000        2.4681623
     407.0000000        2.4491053
     408.0000000        2.4299321
     409.0000000        2.4178472
     410.0000000        2.4198940
     411.0000000        2.4252748
     412.0000000        2.4324744
     413.0000000        2.4386914
     414.0000000        2.4466922
     415.0000000        2.4453318
     416.0000000        2.4405029
     417.0000000        2.4435709
     418.0000000        2.4506500
     419.0000000        2.4590201
     420.0000000        2.4683836
     421.0000000        2.4694209
     422.0000000        2.4670310
     423.0000000        2.4692707
     424.0000000        2.4701395
     425.0000000        2.4744830
     426.0000000        2.4800265
     427.0000000        2.4771264
     428.0000000        2.4758811
     429.0000000        2.4825253
     430.0000000        2.4844348
     431.0000000        2.4726334
     432.0000000        2.4614685
     433.0000000        2.4590819
     434.0000000        2.4618554
     435.0000000        2.4643166
     436.0000000        2.4677541
     437.0000000        2.4776251
     438.0000000        2.4831395
     439.0000000        2.5026982
     440.0000000        2.5175316
     441.0000000        2.5261478
     442.0000000        2.5346441
     443.0000000        2.5372443
     444.0000000        2.5450630
     445.0000000        2.5573587
     446.0000000        2.5641093
     447.0000000        2.5652888
     448.0000000        2.5504203
     449.0000000        2.5330126
     450.0000000        2.5179939
     451.0000000        2.5028255
     452.0000000        2.4963777
     453.0000000        2.4907796
     454.0000000        2.4823344
     455.0000000        2.4719088
     456.0000000        2.4594939
     457.0000000        2.4608955
     458.0000000        2.4565191
     459.0000000        2.4502425
     460.0000000        2.4577258
     461.0000000        2.4567401
     462.0000000        2.4514410
     463.0000000        2.4435732
     464.0000000        2.4356086
     465.0000000        2.4298453
     466.0000000        2.4201903
     467.0000000        2.4182615
     468.0000000        2.4213302
     469.0000000        2.4239373
     470.0000000        2.4313109
     471.0000000        2.4424841
     472.0000000        2.4529634
     473.0000000        2.4605398
     474.0000000        2.4648194
     475.0000000        2.4638636
     476.0000000        2.4721386
     477.0000000        2.4759998
     478.0000000        2.4784269
     479.0000000        2.4920895
     480.0000000        2.4980142
     481.0000000        2.4899356
     482.0000000        2.4848154
     483.0000000        2.4838035
     484.0000000        2.4935930
     485.0000000        2.5006552
     486.0000000        2.4922822
     487.0000000        2.4911287
     488.0000000        2.4994137
     489.0000000        2.5017538
     490.0000000        2.5025499
     491.0000000        2.5039303
     492.0000000        2.5105007
     493.0000000        2.5159190
     494.0000000        2.5190895
     495.0000000        2.5154424
     496.0000000        2.5078347
     497.0000000        2.5005944
     498.0000000        2.5014813
     499.0000000        2.4969954
     500.0000000        2.4876895
     501.0000000        2.4756837
     502.0000000        2.4706366
     503.0000000        2.4650819
     504.0000000        2.4602115
     505.0000000        2.4611990
     506.0000000        2.4643929
     507.0000000        2.4566126
     508.0000000        2.4470584
     509.0000000        2.4506001
     510.0000000        2.4533632
     511.0000000        2.4546225
     512.0000000        2.4492900
     513.0000000        2.4514270
     514.0000000        2.4519262
     515.0000000        2.4529388
     516.0000000        2.4612637
     517.0000000        2.4641917
     518.0000000        2.4708152
     519.0000000        2.4726396
     520.0000000        2.4767258
     521.0000000        2.4858646
     522.0000000        2.4871902
     523.0000000        2.4920576
     524.0000000        2.4943914
     525.0000000        2.4923124
     526.0000000        2.4994979
     527.0000000        2.5056520
     528.0000000        2.5062973
     529.0000000        2.5053427
     530.0000000        2.5055759
     531.0000000        2.5163970
     532.0000000        2.5129354
     533.0000000        2.5076368
     534.0000000        2.5047224
     535.0000000        2.5223322
     536.0000000        2.5391009
     537.0000000        2.5379016
     538.0000000        2.5332654
     539.0000000        2.5301127
     540.0000000        2.5223157
     541.0000000        2.5100958
     542.0000000        2.5117271
     543.0000000        2.5256619
     544.0000000        2.5367572
     545.0000000        2.5476935
     546.0000000        2.5594690
     547.0000000        2.5636528
     548.0000000        2.5696230
     549.0000000        2.5623012
     550.0000000        2.5456738
     551.0000000        2.5255573
     552.0000000        2.5133147
     553.0000000        2.5000288
     554.0000000        2.4869411
     555.0000000        2.4854591
     556.0000000        2.4919393
     557.0000000        2.5004599
     558.0000000        2.5019672
     559.0000000        2.4979787
     560.0000000        2.4967053
     561.0000000        2.4982297
     562.0000000        2.4983282
     563.0000000        2.4928348
     564.0000000        2.4867761
     565.0000000        2.4805329
     566.0000000        2.4826152
     567.0000000        2.4801834
     568.0000000        2.4740248
     569.0000000        2.4776709
     570.0000000        2.4836230
     571.0000000        2.4828155
     572.0000000        2.4674170
     573.0000000        2.4569201
     574.0000000        2.4576983
     575.0000000        2.4684026
     576.0000000        2.4781411
     577.0000000        2.4778614
     578.0000000        2.4851968
     579.0000000        2.4964414
     580.0000000        2.4991550
     581.0000000        2.4935801
     582.0000000        2.4804626
     583.0000000        2.4683475
     584.0000000        2.4644935
     585.0000000        2.4612777
     586.0000000        2.4571788
     587.0000000        2.4555314
     588.0000000        2.4525054
     589.0000000        2.4566982
     590.0000000        2.4621603
     591.0000000        2.4675667
     592.0000000        2.4653847
     593.0000000        2.4662185
     594.0000000        2.4680820
     595.0000000        2.4610136
     596.0000000        2.4600575
     597.0000000        2.4571433
     598.0000000        2.4534247
     599.0000000        2.4570072
     600.0000000        2.4641457
