       1.0000000       21.6850390
       2.0000000       12.3296870
       3.0000000        8.7580562
       4.0000000        7.0031435
       5.0000000        6.0794748
       6.0000000        5.5248423
       7.0000000        5.1264338
       8.0000000        4.7701771
       9.0000000        4.4392114
      10.0000000        4.1307712
      11.0000000        3.8417030
      12.0000000        3.5830421
      13.0000000        3.3543037
      14.0000000        3.1715762
      15.0000000        3.0174446
      16.0000000        2.8810583
      17.0000000        2.7721052
      18.0000000        2.6778827
      19.0000000        2.6015678
      20.0000000        2.5358313
      21.0000000        2.4784324
      22.0000000        2.4180350
      23.0000000        2.3639852
      24.0000000        2.3154311
      25.0000000        2.2709533
      26.0000000        2.2315058
      27.0000000        2.2029397
      28.0000000        2.1783601
      29.0000000        2.1615181
      30.0000000        2.1483930
      31.0000000        2.1327524
      32.0000000        2.1103862
      33.0000000        2.0876228
      34.0000000        2.0665266
      35.0000000        2.0445760
      36.0000000        2.0195230
      37.0000000        1.9910869
      38.0000000        1.9622057
      39.0000000        1.9344210
      40.0000000        1.9057240
      41.0000000        1.8747971
      42.0000000        1.8416202
      43.0000000        1.8073818
      44.0000000        1.7757740
      45.0000000        1.7462234
      46.0000000        1.7140824
      47.0000000        1.6818186
      48.0000000        1.6512269
      49.0000000        1.6211074
      50.0000000        1.5910017
      51.0000000        1.5586690
      52.0000000        1.5247251
      53.0000000        1.4957872
      54.0000000        1.4754311
      55.0000000        1.4632891
      56.0000000        1.4575728
      57.0000000        1.4522022
      58.0000000        1.4484968
      59.0000000        1.4458472
      60.0000000        1.4445975
      61.0000000        1.4399483
      62.0000000        1.4415944
      63.0000000        1.4520995
      64.0000000        1.4684241
      65.0000000        1.4900496
      66.0000000        1.5131033
      67.0000000        1.5447952
      68.0000000        1.5861915
      69.0000000        1.6271753
      70.0000000        1.6726470
      71.0000000        1.7217348
      72.0000000        1.7754102
      73.0000000        1.8329557
      74.0000000        1.8936012
      75.0000000        1.9526458
      76.0000000        2.0194623
      77.0000000        2.0796761
      78.0000000        2.1501901
      79.0000000        2.2314151
      80.0000000        2.3159859
      81.0000000        2.3953590
      82.0000000        2.4758190
      83.0000000        2.5547673
      84.0000000        2.6299056
      85.0000000        2.7082360
      86.0000000        2.7859297
      87.0000000        2.8642607
      88.0000000        2.9442667
      89.0000000        3.0251493
      90.0000000        3.1090769
      91.0000000        3.1929172
      92.0000000        3.2762276
      93.0000000        3.3592662
      94.0000000        3.4392439
      95.0000000        3.5145571
      96.0000000        3.5869841
      97.0000000        3.6575992
      98.0000000        3.7209227
      99.0000000        3.7737244
     100.0000000        3.8202872
     101.0000000        3.8449176
     102.0000000        3.8618495
     103.0000000        3.8691507
     104.0000000        3.8585784
     105.0000000        3.8169337
     106.0000000        3.7735944
     107.0000000        3.7265770
     108.0000000        3.6770281
     109.0000000        3.6153809
     110.0000000        3.5493360
     111.0000000        3.4919480
     112.0000000        3.4294454
     113.0000000        3.3587653
     114.0000000        3.2998460
     115.0000000        3.2390370
     116.0000000        3.1714959
     117.0000000        3.1005905
     118.0000000        3.0278048
     119.0000000        2.9634668
     120.0000000        2.9158788
     121.0000000        2.8815050
     122.0000000        2.8571639
     123.0000000        2.8317882
     124.0000000        2.8041130
     125.0000000        2.7814215
     126.0000000        2.7601312
     127.0000000        2.7415247
     128.0000000        2.7272587
     129.0000000        2.7211000
     130.0000000        2.7134442
     131.0000000        2.7103365
     132.0000000        2.7094676
     133.0000000        2.7100657
     134.0000000        2.7169049
     135.0000000        2.7324525
     136.0000000        2.7482022
     137.0000000        2.7673911
     138.0000000        2.7902753
     139.0000000        2.8181322
     140.0000000        2.8433145
     141.0000000        2.8614315
     142.0000000        2.8718719
     143.0000000        2.8845784
     144.0000000        2.8953298
     145.0000000        2.9008642
     146.0000000        2.8951652
     147.0000000        2.8806455
     148.0000000        2.8601394
     149.0000000        2.8329064
     150.0000000        2.7927105
     151.0000000        2.7425905
     152.0000000        2.6906262
     153.0000000        2.6504680
     154.0000000        2.6122396
     155.0000000        2.5765390
     156.0000000        2.5450699
     157.0000000        2.5105296
     158.0000000        2.4801098
     159.0000000        2.4572957
     160.0000000        2.4366373
     161.0000000        2.4220565
     162.0000000        2.4127850
     163.0000000        2.4047637
     164.0000000        2.4050173
     165.0000000        2.4060372
     166.0000000        2.4077711
     167.0000000        2.4038825
     168.0000000        2.3966857
     169.0000000        2.3874639
     170.0000000        2.3725948
     171.0000000        2.3511263
     172.0000000        2.3277785
     173.0000000        2.2949931
     174.0000000        2.2560140
     175.0000000        2.2178753
     176.0000000        2.1813004
     177.0000000        2.1518692
     178.0000000        2.1302993
     179.0000000        2.1085086
     180.0000000        2.0909845
     181.0000000        2.0756955
     182.0000000        2.0603024
     183.0000000        2.0451347
     184.0000000        2.0340478
     185.0000000        2.0270031
     186.0000000        2.0211487
     187.0000000        2.0146663
     188.0000000        2.0068555
     189.0000000        1.9998411
     190.0000000        1.9997565
     191.0000000        2.0041283
     192.0000000        2.0089166
     193.0000000        2.0222126
     194.0000000        2.0404344
     195.0000000        2.0618469
     196.0000000        2.0846383
     197.0000000        2.1058433
     198.0000000        2.1212744
     199.0000000        2.1353385
     200.0000000        2.1491071
     201.0000000        2.1604632
     202.0000000        2.1684858
     203.0000000        2.1690234
     204.0000000        2.1658188
     205.0000000        2.1624809
     206.0000000        2.1565088
     207.0000000        2.1500683
     208.0000000        2.1444594
     209.0000000        2.1401312
     210.0000000        2.1348783
     211.0000000        2.1338565
     212.0000000        2.1414843
     213.0000000        2.1556960
     214.0000000        2.1732608
     215.0000000        2.1914616
     216.0000000        2.2114595
     217.0000000        2.2341534
     218.0000000        2.2544888
     219.0000000        2.2696497
     220.0000000        2.2828594
     221.0000000        2.2947415
     222.0000000        2.3053632
     223.0000000        2.3125936
     224.0000000        2.3182342
     225.0000000        2.3257724
     226.0000000        2.3379490
     227.0000000        2.3537218
     228.0000000        2.3750190
     229.0000000        2.4030307
     230.0000000        2.4386069
     231.0000000        2.4756660
     232.0000000        2.5113027
     233.0000000        2.5434434
     234.0000000        2.5698360
     235.0000000        2.5941686
     236.0000000        2.6188327
     237.0000000        2.6434429
     238.0000000        2.6675172
     239.0000000        2.6898756
     240.0000000        2.7138844
     241.0000000        2.7409773
     242.0000000        2.7628548
     243.0000000        2.7817905
     244.0000000        2.7996732
     245.0000000        2.8165037
     246.0000000        2.8249799
     247.0000000        2.8396814
     248.0000000        2.8614410
     249.0000000        2.8921703
     250.0000000        2.9362707
     251.0000000        2.9969374
     252.0000000        3.0713027
     253.0000000        3.1579110
     254.0000000        3.2473666
     255.0000000        3.3403109
     256.0000000        3.4410070
     257.0000000        3.5410171
     258.0000000        3.6293008
     259.0000000        3.7043616
     260.0000000        3.7710860
     261.0000000        3.8174600
     262.0000000        3.8324007
     263.0000000        3.8383378
     264.0000000        3.8302827
     265.0000000        3.8021796
     266.0000000        3.7437064
     267.0000000        3.6645579
     268.0000000        3.5765395
     269.0000000        3.5049267
     270.0000000        3.4317796
     271.0000000        3.3549637
     272.0000000        3.2874152
     273.0000000        3.2199700
     274.0000000        3.1555053
     275.0000000        3.1057361
     276.0000000        3.0689495
     277.0000000        3.0413330
     278.0000000        3.0120445
     279.0000000        2.9883928
     280.0000000        2.9784872
     281.0000000        2.9782174
     282.0000000        2.9795817
     283.0000000        2.9859107
     284.0000000        3.0014132
     285.0000000        3.0183979
     286.0000000        3.0263031
     287.0000000        3.0150880
     288.0000000        2.9924782
     289.0000000        2.9594828
     290.0000000        2.9095118
     291.0000000        2.8489804
     292.0000000        2.7869323
     293.0000000        2.7164840
     294.0000000        2.6450384
     295.0000000        2.5623925
     296.0000000        2.4687972
     297.0000000        2.3825919
     298.0000000        2.3084143
     299.0000000        2.2425064
     300.0000000        2.1784957
     301.0000000        2.1240422
     302.0000000        2.0856750
     303.0000000        2.0608797
     304.0000000        2.0458224
     305.0000000        2.0362040
     306.0000000        2.0358484
     307.0000000        2.0431878
     308.0000000        2.0618638
     309.0000000        2.0900647
     310.0000000        2.1265934
     311.0000000        2.1665076
     312.0000000        2.2060633
     313.0000000        2.2446707
     314.0000000        2.2840404
     315.0000000        2.3219027
     316.0000000        2.3504469
     317.0000000        2.3658391
     318.0000000        2.3700524
     319.0000000        2.3600514
     320.0000000        2.3374747
     321.0000000        2.3098051
     322.0000000        2.2817397
     323.0000000        2.2498536
     324.0000000        2.2215285
     325.0000000        2.1966411
     326.0000000        2.1704692
     327.0000000        2.1389117
     328.0000000        2.1073773
     329.0000000        2.0841994
     330.0000000        2.0669869
     331.0000000        2.0527275
     332.0000000        2.0340928
     333.0000000        2.0158285
     334.0000000        1.9989560
     335.0000000        1.9819502
     336.0000000        1.9668255
     337.0000000        1.9571683
     338.0000000        1.9525841
     339.0000000        1.9516166
     340.0000000        1.9524953
     341.0000000        1.9599797
     342.0000000        1.9754805
     343.0000000        1.9982812
     344.0000000        2.0307487
     345.0000000        2.0681827
     346.0000000        2.1103258
     347.0000000        2.1562276
     348.0000000        2.2061864
     349.0000000        2.2633019
     350.0000000        2.3289065
     351.0000000        2.3987218
     352.0000000        2.4739879
     353.0000000        2.5556765
     354.0000000        2.6451843
     355.0000000        2.7439165
     356.0000000        2.8511881
     357.0000000        2.9664333
     358.0000000        3.0928149
     359.0000000        3.2222421
     360.0000000        3.3516845
     361.0000000        3.4777821
     362.0000000        3.5922546
     363.0000000        3.6887023
     364.0000000        3.7616096
     365.0000000        3.8112643
     366.0000000        3.8409538
     367.0000000        3.8471407
     368.0000000        3.8182987
     369.0000000        3.7754336
     370.0000000        3.7192970
     371.0000000        3.6418894
     372.0000000        3.5559811
     373.0000000        3.4672827
     374.0000000        3.3682520
     375.0000000        3.2723751
     376.0000000        3.1896158
     377.0000000        3.1186472
     378.0000000        3.0700145
     379.0000000        3.0345128
     380.0000000        3.0066687
     381.0000000        2.9946385
     382.0000000        2.9951000
     383.0000000        3.0076358
     384.0000000        3.0346138
     385.0000000        3.0699287
     386.0000000        3.1134190
     387.0000000        3.1648731
     388.0000000        3.2108275
     389.0000000        3.2425215
     390.0000000        3.2637325
     391.0000000        3.2749646
     392.0000000        3.2771152
     393.0000000        3.2640161
     394.0000000        3.2268718
     395.0000000        3.1773028
     396.0000000        3.1129825
     397.0000000        3.0516863
     398.0000000        2.9897332
     399.0000000        2.9335049
     400.0000000        2.8850287
     401.0000000        2.8452385
     402.0000000        2.8112113
     403.0000000        2.7865033
     404.0000000        2.7705131
     405.0000000        2.7688756
     406.0000000        2.7787201
     407.0000000        2.7974346
     408.0000000        2.8303742
     409.0000000        2.8742864
     410.0000000        2.9247195
     411.0000000        2.9753719
     412.0000000        3.0252003
     413.0000000        3.0731336
     414.0000000        3.1194958
     415.0000000        3.1649578
     416.0000000        3.2048094
     417.0000000        3.2475381
     418.0000000        3.2894159
     419.0000000        3.3271654
     420.0000000        3.3538150
     421.0000000        3.3704569
     422.0000000        3.3806442
     423.0000000        3.3792319
     424.0000000        3.3791503
     425.0000000        3.3704601
     426.0000000        3.3570512
     427.0000000        3.3313997
     428.0000000        3.3038014
     429.0000000        3.2773435
     430.0000000        3.2449008
     431.0000000        3.2118618
     432.0000000        3.1827933
     433.0000000        3.1608615
     434.0000000        3.1459131
     435.0000000        3.1377896
     436.0000000        3.1404329
     437.0000000        3.1432899
     438.0000000        3.1509469
     439.0000000        3.1627159
     440.0000000        3.1850182
     441.0000000        3.2130958
     442.0000000        3.2412589
     443.0000000        3.2759319
     444.0000000        3.3038296
     445.0000000        3.3144349
     446.0000000        3.3038852
     447.0000000        3.2686060
     448.0000000        3.2150839
     449.0000000        3.1479628
     450.0000000        3.0643871
     451.0000000        2.9723253
     452.0000000        2.8743318
     453.0000000        2.7766848
     454.0000000        2.6729272
     455.0000000        2.5706270
     456.0000000        2.4802895
     457.0000000        2.4049301
     458.0000000        2.3372723
     459.0000000        2.2762908
     460.0000000        2.2227398
     461.0000000        2.1703538
     462.0000000        2.1248117
     463.0000000        2.0876417
     464.0000000        2.0492604
     465.0000000        2.0098337
     466.0000000        1.9720962
     467.0000000        1.9426766
     468.0000000        1.9114041
     469.0000000        1.8807891
     470.0000000        1.8488415
     471.0000000        1.8199275
     472.0000000        1.7955111
     473.0000000        1.7777103
     474.0000000        1.7623230
     475.0000000        1.7507146
     476.0000000        1.7417852
     477.0000000        1.7354097
     478.0000000        1.7294574
     479.0000000        1.7250602
     480.0000000        1.7229370
     481.0000000        1.7229348
     482.0000000        1.7262780
     483.0000000        1.7315658
     484.0000000        1.7379620
     485.0000000        1.7441814
     486.0000000        1.7530771
     487.0000000        1.7594709
     488.0000000        1.7627580
     489.0000000        1.7629296
     490.0000000        1.7564612
     491.0000000        1.7627325
     492.0000000        1.7789008
     493.0000000        1.7974473
     494.0000000        1.8182755
     495.0000000        1.8384498
     496.0000000        1.8566077
     497.0000000        1.8696179
     498.0000000        1.8791053
     499.0000000        1.8864365
     500.0000000        1.8887386
     501.0000000        1.8851909
     502.0000000        1.8718904
     503.0000000        1.8464950
     504.0000000        1.8249478
     505.0000000        1.8038729
     506.0000000        1.7911805
     507.0000000        1.7869823
     508.0000000        1.7869586
     509.0000000        1.7902756
     510.0000000        1.7991540
     511.0000000        1.8085397
     512.0000000        1.8233479
     513.0000000        1.8427533
     514.0000000        1.8676858
     515.0000000        1.8975369
     516.0000000        1.9293806
     517.0000000        1.9642246
     518.0000000        2.0012536
     519.0000000        2.0449844
     520.0000000        2.0907446
     521.0000000        2.1366051
     522.0000000        2.1868566
     523.0000000        2.2417756
     524.0000000        2.2988782
     525.0000000        2.3592712
     526.0000000        2.4232562
     527.0000000        2.4914601
     528.0000000        2.5617281
     529.0000000        2.6323629
     530.0000000        2.6939567
     531.0000000        2.7479828
     532.0000000        2.7858811
     533.0000000        2.8093227
     534.0000000        2.8257635
     535.0000000        2.8349387
     536.0000000        2.8299265
     537.0000000        2.8050309
     538.0000000        2.7634406
     539.0000000        2.7075590
     540.0000000        2.6448636
     541.0000000        2.5805905
     542.0000000        2.5115189
     543.0000000        2.4434146
     544.0000000        2.3783175
     545.0000000        2.3208134
     546.0000000        2.2677063
     547.0000000        2.2194993
     548.0000000        2.1748348
     549.0000000        2.1395461
     550.0000000        2.1146568
     551.0000000        2.0958085
     552.0000000        2.0833875
     553.0000000        2.0760504
     554.0000000        2.0766686
     555.0000000        2.0821875
     556.0000000        2.0875037
     557.0000000        2.0911135
     558.0000000        2.0965812
     559.0000000        2.1073077
     560.0000000        2.1226809
     561.0000000        2.1437642
     562.0000000        2.1687165
     563.0000000        2.1975591
     564.0000000        2.2205110
     565.0000000        2.2388913
     566.0000000        2.2524517
     567.0000000        2.2561132
     568.0000000        2.2529485
     569.0000000        2.2481803
     570.0000000        2.2381472
     571.0000000        2.2208721
     572.0000000        2.2016070
     573.0000000        2.1801533
     574.0000000        2.1613032
     575.0000000        2.1472167
     576.0000000        2.1331778
     577.0000000        2.1195513
     578.0000000        2.1072373
     579.0000000        2.0977717
     580.0000000        2.0979296
     581.0000000        2.1062551
     582.0000000        2.1196230
     583.0000000        2.1343495
     584.0000000        2.1475329
     585.0000000        2.1569440
     586.0000000        2.1663292
     587.0000000        2.1764279
     588.0000000        2.1893079
     589.0000000        2.2043404
     590.0000000        2.2210033
     591.0000000        2.2399965
     592.0000000        2.2614076
     593.0000000        2.2812482
     594.0000000        2.3019577
     595.0000000        2.3255930
     596.0000000        2.3532821
     597.0000000        2.3904342
     598.0000000        2.4313548
     599.0000000        2.4765735
     600.0000000        2.5294663
