       1.0000000        2.9658058
       2.0000000        2.7760603
       3.0000000        2.6027765
       4.0000000        2.4728916
       5.0000000        2.3826509
       6.0000000        2.3183527
       7.0000000        2.2728341
       8.0000000        2.2397661
       9.0000000        2.2171488
      10.0000000        2.1990621
      11.0000000        2.1802886
      12.0000000        2.1637614
      13.0000000        2.1484170
      14.0000000        2.1332943
      15.0000000        2.1207960
      16.0000000        2.1098475
      17.0000000        2.1030254
      18.0000000        2.0985229
      19.0000000        2.0959756
      20.0000000        2.0961914
      21.0000000        2.0983827
      22.0000000        2.1033857
      23.0000000        2.1067684
      24.0000000        2.1078100
      25.0000000        2.1128340
      26.0000000        2.1197135
      27.0000000        2.1295943
      28.0000000        2.1398737
      29.0000000        2.1462753
      30.0000000        2.1476121
      31.0000000        2.1443992
      32.0000000        2.1416023
      33.0000000        2.1387656
      34.0000000        2.1328878
      35.0000000        2.1220107
      36.0000000        2.1162069
      37.0000000        2.1157176
      38.0000000        2.1181090
      39.0000000        2.1190348
      40.0000000        2.1196299
      41.0000000        2.1220737
      42.0000000        2.1233430
      43.0000000        2.1163504
      44.0000000        2.1075771
      45.0000000        2.1024098
      46.0000000        2.1015353
      47.0000000        2.1032658
      48.0000000        2.1055787
      49.0000000        2.1128047
      50.0000000        2.1239450
      51.0000000        2.1346204
      52.0000000        2.1467321
      53.0000000        2.1576402
      54.0000000        2.1684973
      55.0000000        2.1757801
      56.0000000        2.1741183
      57.0000000        2.1712983
      58.0000000        2.1711063
      59.0000000        2.1720641
      60.0000000        2.1753600
      61.0000000        2.1735346
      62.0000000        2.1681304
      63.0000000        2.1656976
      64.0000000        2.1687584
      65.0000000        2.1699281
      66.0000000        2.1640069
      67.0000000        2.1573334
      68.0000000        2.1516654
      69.0000000        2.1465762
      70.0000000        2.1424346
      71.0000000        2.1394160
      72.0000000        2.1360297
      73.0000000        2.1352155
      74.0000000        2.1377099
      75.0000000        2.1429336
      76.0000000        2.1520867
      77.0000000        2.1611524
      78.0000000        2.1652904
      79.0000000        2.1602824
      80.0000000        2.1497431
      81.0000000        2.1378000
      82.0000000        2.1216097
      83.0000000        2.1088264
      84.0000000        2.1049082
      85.0000000        2.1105995
      86.0000000        2.1209857
      87.0000000        2.1311448
      88.0000000        2.1383827
      89.0000000        2.1402245
      90.0000000        2.1362975
      91.0000000        2.1278815
      92.0000000        2.1191585
      93.0000000        2.1125319
      94.0000000        2.1088033
      95.0000000        2.1054113
      96.0000000        2.1074197
      97.0000000        2.1152279
      98.0000000        2.1288915
      99.0000000        2.1451542
     100.0000000        2.1608839
     101.0000000        2.1733403
     102.0000000        2.1817820
     103.0000000        2.1841583
     104.0000000        2.1781750
     105.0000000        2.1713934
     106.0000000        2.1635249
     107.0000000        2.1585376
     108.0000000        2.1566694
     109.0000000        2.1549456
     110.0000000        2.1563425
     111.0000000        2.1578503
     112.0000000        2.1534164
     113.0000000        2.1465912
     114.0000000        2.1411860
     115.0000000        2.1359808
     116.0000000        2.1302745
     117.0000000        2.1275933
     118.0000000        2.1226587
     119.0000000        2.1147220
     120.0000000        2.1084654
     121.0000000        2.1067235
     122.0000000        2.1039677
     123.0000000        2.1002197
     124.0000000        2.1009955
     125.0000000        2.1025169
     126.0000000        2.1041787
     127.0000000        2.1063845
     128.0000000        2.1082613
     129.0000000        2.1080558
     130.0000000        2.1100810
     131.0000000        2.1121812
     132.0000000        2.1144922
     133.0000000        2.1185856
     134.0000000        2.1239755
     135.0000000        2.1284339
     136.0000000        2.1320195
     137.0000000        2.1356792
     138.0000000        2.1415491
     139.0000000        2.1451182
     140.0000000        2.1455910
     141.0000000        2.1406105
     142.0000000        2.1360245
     143.0000000        2.1347475
     144.0000000        2.1366539
     145.0000000        2.1424510
     146.0000000        2.1507659
     147.0000000        2.1512563
     148.0000000        2.1493812
     149.0000000        2.1483779
     150.0000000        2.1443050
     151.0000000        2.1364987
     152.0000000        2.1316974
     153.0000000        2.1306016
     154.0000000        2.1318123
     155.0000000        2.1341531
     156.0000000        2.1360722
     157.0000000        2.1418355
     158.0000000        2.1502254
     159.0000000        2.1581113
     160.0000000        2.1646414
     161.0000000        2.1719780
     162.0000000        2.1800151
     163.0000000        2.1880136
     164.0000000        2.1969111
     165.0000000        2.2024264
     166.0000000        2.2026439
     167.0000000        2.1974394
     168.0000000        2.1847112
     169.0000000        2.1727364
     170.0000000        2.1634972
     171.0000000        2.1544962
     172.0000000        2.1441486
     173.0000000        2.1394444
     174.0000000        2.1400769
     175.0000000        2.1413164
     176.0000000        2.1430247
     177.0000000        2.1440454
     178.0000000        2.1443830
     179.0000000        2.1453383
     180.0000000        2.1468134
     181.0000000        2.1495531
     182.0000000        2.1537378
     183.0000000        2.1607552
     184.0000000        2.1682618
     185.0000000        2.1747482
     186.0000000        2.1817818
     187.0000000        2.1842198
     188.0000000        2.1815050
     189.0000000        2.1742861
     190.0000000        2.1669097
     191.0000000        2.1604571
     192.0000000        2.1567047
     193.0000000        2.1631079
     194.0000000        2.1751411
     195.0000000        2.1841409
     196.0000000        2.1891005
     197.0000000        2.1927004
     198.0000000        2.1930203
     199.0000000        2.1854959
     200.0000000        2.1735251
     201.0000000        2.1587057
     202.0000000        2.1438105
     203.0000000        2.1333356
     204.0000000        2.1284873
     205.0000000        2.1237154
     206.0000000        2.1170838
     207.0000000        2.1137521
     208.0000000        2.1149406
     209.0000000        2.1158230
     210.0000000        2.1204371
     211.0000000        2.1213217
     212.0000000        2.1170807
     213.0000000        2.1124914
     214.0000000        2.1094203
     215.0000000        2.1062131
     216.0000000        2.1021049
     217.0000000        2.0994818
     218.0000000        2.0981643
     219.0000000        2.0981989
     220.0000000        2.0988071
     221.0000000        2.1001959
     222.0000000        2.1006672
     223.0000000        2.1019962
     224.0000000        2.1061983
     225.0000000        2.1126792
     226.0000000        2.1180019
     227.0000000        2.1187253
     228.0000000        2.1187696
     229.0000000        2.1204326
     230.0000000        2.1239724
     231.0000000        2.1270378
     232.0000000        2.1277549
     233.0000000        2.1297791
     234.0000000        2.1342640
     235.0000000        2.1363208
     236.0000000        2.1370201
     237.0000000        2.1331971
     238.0000000        2.1285925
     239.0000000        2.1279280
     240.0000000        2.1284330
     241.0000000        2.1297235
     242.0000000        2.1321709
     243.0000000        2.1304839
     244.0000000        2.1251533
     245.0000000        2.1188033
     246.0000000        2.1142604
     247.0000000        2.1129110
     248.0000000        2.1141322
     249.0000000        2.1184759
     250.0000000        2.1247227
     251.0000000        2.1349120
     252.0000000        2.1458702
     253.0000000        2.1536622
     254.0000000        2.1558270
     255.0000000        2.1572645
     256.0000000        2.1614594
     257.0000000        2.1644669
     258.0000000        2.1662149
     259.0000000        2.1646225
     260.0000000        2.1615911
     261.0000000        2.1555769
     262.0000000        2.1509268
     263.0000000        2.1487491
     264.0000000        2.1482415
     265.0000000        2.1438527
     266.0000000        2.1394382
     267.0000000        2.1371412
     268.0000000        2.1413753
     269.0000000        2.1535559
     270.0000000        2.1677568
     271.0000000        2.1762116
     272.0000000        2.1765604
     273.0000000        2.1735086
     274.0000000        2.1678395
     275.0000000        2.1679235
     276.0000000        2.1703620
     277.0000000        2.1663890
     278.0000000        2.1559379
     279.0000000        2.1483531
     280.0000000        2.1466453
     281.0000000        2.1438324
     282.0000000        2.1364348
     283.0000000        2.1304865
     284.0000000        2.1318259
     285.0000000        2.1404328
     286.0000000        2.1519217
     287.0000000        2.1581690
     288.0000000        2.1605840
     289.0000000        2.1586645
     290.0000000        2.1521716
     291.0000000        2.1437650
     292.0000000        2.1429183
     293.0000000        2.1486387
     294.0000000        2.1561015
     295.0000000        2.1632724
     296.0000000        2.1679163
     297.0000000        2.1639125
     298.0000000        2.1544032
     299.0000000        2.1502099
     300.0000000        2.1590242
     301.0000000        2.1775417
     302.0000000        2.1981356
     303.0000000        2.2097619
     304.0000000        2.2079759
     305.0000000        2.2021055
     306.0000000        2.1964080
     307.0000000        2.1879699
     308.0000000        2.1837242
     309.0000000        2.1852093
     310.0000000        2.1830802
     311.0000000        2.1773922
     312.0000000        2.1684716
     313.0000000        2.1576149
     314.0000000        2.1494284
     315.0000000        2.1464205
     316.0000000        2.1454647
     317.0000000        2.1440294
     318.0000000        2.1423547
     319.0000000        2.1422265
     320.0000000        2.1443284
     321.0000000        2.1504905
     322.0000000        2.1609495
     323.0000000        2.1714058
     324.0000000        2.1761198
     325.0000000        2.1746860
     326.0000000        2.1685131
     327.0000000        2.1621819
     328.0000000        2.1601739
     329.0000000        2.1649957
     330.0000000        2.1743064
     331.0000000        2.1805449
     332.0000000        2.1770551
     333.0000000        2.1704454
     334.0000000        2.1621826
     335.0000000        2.1518691
     336.0000000        2.1446714
     337.0000000        2.1453202
     338.0000000        2.1507921
     339.0000000        2.1526358
     340.0000000        2.1488898
     341.0000000        2.1431391
     342.0000000        2.1408546
     343.0000000        2.1427741
     344.0000000        2.1442955
     345.0000000        2.1419778
     346.0000000        2.1381443
     347.0000000        2.1389160
     348.0000000        2.1409776
     349.0000000        2.1492641
     350.0000000        2.1619968
     351.0000000        2.1762736
     352.0000000        2.1843812
     353.0000000        2.1884544
     354.0000000        2.1941075
     355.0000000        2.1995676
     356.0000000        2.1968312
     357.0000000        2.1896212
     358.0000000        2.1807733
     359.0000000        2.1716785
     360.0000000        2.1599252
     361.0000000        2.1462069
     362.0000000        2.1286206
     363.0000000        2.1149163
     364.0000000        2.1083930
     365.0000000        2.1073146
     366.0000000        2.1059663
     367.0000000        2.1020920
     368.0000000        2.1004474
     369.0000000        2.1018245
     370.0000000        2.1012645
     371.0000000        2.0979693
     372.0000000        2.0988748
     373.0000000        2.1022067
     374.0000000        2.1059141
     375.0000000        2.1087010
     376.0000000        2.1120162
     377.0000000        2.1157496
     378.0000000        2.1176085
     379.0000000        2.1171169
     380.0000000        2.1122346
     381.0000000        2.1043043
     382.0000000        2.0975435
     383.0000000        2.0979033
     384.0000000        2.1036382
     385.0000000        2.1079640
     386.0000000        2.1070018
     387.0000000        2.1032565
     388.0000000        2.0989356
     389.0000000        2.1010234
     390.0000000        2.1075425
     391.0000000        2.1133037
     392.0000000        2.1187868
     393.0000000        2.1245558
     394.0000000        2.1278996
     395.0000000        2.1286941
     396.0000000        2.1309652
     397.0000000        2.1354830
     398.0000000        2.1398811
     399.0000000        2.1449413
     400.0000000        2.1524968
     401.0000000        2.1585491
     402.0000000        2.1607740
     403.0000000        2.1645153
     404.0000000        2.1684828
     405.0000000        2.1685364
     406.0000000        2.1624811
     407.0000000        2.1553957
     408.0000000        2.1481133
     409.0000000        2.1413262
     410.0000000        2.1385119
     411.0000000        2.1358740
     412.0000000        2.1299636
     413.0000000        2.1171861
     414.0000000        2.1050589
     415.0000000        2.1000643
     416.0000000        2.1002281
     417.0000000        2.1043396
     418.0000000        2.1094589
     419.0000000        2.1156929
     420.0000000        2.1235385
     421.0000000        2.1320853
     422.0000000        2.1357958
     423.0000000        2.1317976
     424.0000000        2.1244011
     425.0000000        2.1220276
     426.0000000        2.1239972
     427.0000000        2.1285262
     428.0000000        2.1311080
     429.0000000        2.1342406
     430.0000000        2.1385972
     431.0000000        2.1443949
     432.0000000        2.1462579
     433.0000000        2.1453438
     434.0000000        2.1446114
     435.0000000        2.1452801
     436.0000000        2.1475341
     437.0000000        2.1482179
     438.0000000        2.1450489
     439.0000000        2.1384172
     440.0000000        2.1374090
     441.0000000        2.1420310
     442.0000000        2.1458459
     443.0000000        2.1467433
     444.0000000        2.1454265
     445.0000000        2.1445825
     446.0000000        2.1434188
     447.0000000        2.1395309
     448.0000000        2.1366422
     449.0000000        2.1380582
     450.0000000        2.1392834
     451.0000000        2.1408174
     452.0000000        2.1450584
     453.0000000        2.1470308
     454.0000000        2.1481829
     455.0000000        2.1524148
     456.0000000        2.1542253
     457.0000000        2.1511164
     458.0000000        2.1443629
     459.0000000        2.1380129
     460.0000000        2.1292019
     461.0000000        2.1203854
     462.0000000        2.1167104
     463.0000000        2.1216295
     464.0000000        2.1280861
     465.0000000        2.1327956
     466.0000000        2.1335495
     467.0000000        2.1345644
     468.0000000        2.1420186
     469.0000000        2.1550598
     470.0000000        2.1647873
     471.0000000        2.1676285
     472.0000000        2.1621103
     473.0000000        2.1537526
     474.0000000        2.1455650
     475.0000000        2.1387606
     476.0000000        2.1403177
     477.0000000        2.1477828
     478.0000000        2.1548307
     479.0000000        2.1516299
     480.0000000        2.1441441
     481.0000000        2.1424432
     482.0000000        2.1444867
     483.0000000        2.1411080
     484.0000000        2.1331844
     485.0000000        2.1311758
     486.0000000        2.1304460
     487.0000000        2.1296306
     488.0000000        2.1358964
     489.0000000        2.1445274
     490.0000000        2.1492338
     491.0000000        2.1487429
     492.0000000        2.1493177
     493.0000000        2.1490686
     494.0000000        2.1459310
     495.0000000        2.1425779
     496.0000000        2.1382172
     497.0000000        2.1374426
     498.0000000        2.1375113
     499.0000000        2.1380012
     500.0000000        2.1387162
     501.0000000        2.1367769
     502.0000000        2.1321888
     503.0000000        2.1281316
     504.0000000        2.1281104
     505.0000000        2.1328197
     506.0000000        2.1382465
     507.0000000        2.1450422
     508.0000000        2.1520655
     509.0000000        2.1540236
     510.0000000        2.1481354
     511.0000000        2.1384192
     512.0000000        2.1311133
     513.0000000        2.1292253
     514.0000000        2.1287606
     515.0000000        2.1317098
     516.0000000        2.1355612
     517.0000000        2.1389630
     518.0000000        2.1445987
     519.0000000        2.1522999
     520.0000000        2.1577454
     521.0000000        2.1571300
     522.0000000        2.1521928
     523.0000000        2.1452179
     524.0000000        2.1352170
     525.0000000        2.1243796
     526.0000000        2.1144643
     527.0000000        2.1075714
     528.0000000        2.1010504
     529.0000000        2.0936153
     530.0000000        2.0894449
     531.0000000        2.0906470
     532.0000000        2.0974445
     533.0000000        2.1035571
     534.0000000        2.1035540
     535.0000000        2.0995195
     536.0000000        2.0969348
     537.0000000        2.0962472
     538.0000000        2.0950191
     539.0000000        2.0950210
     540.0000000        2.0989966
     541.0000000        2.1045463
     542.0000000        2.1097877
     543.0000000        2.1163275
     544.0000000        2.1233149
     545.0000000        2.1298556
     546.0000000        2.1366103
     547.0000000        2.1411860
     548.0000000        2.1455650
     549.0000000        2.1507936
     550.0000000        2.1559951
     551.0000000        2.1562917
     552.0000000        2.1489136
     553.0000000        2.1382453
     554.0000000        2.1289494
     555.0000000        2.1203978
     556.0000000        2.1123896
     557.0000000        2.1050136
     558.0000000        2.1038561
     559.0000000        2.1095383
     560.0000000        2.1212311
     561.0000000        2.1336708
     562.0000000        2.1443033
     563.0000000        2.1513562
     564.0000000        2.1568637
     565.0000000        2.1618147
     566.0000000        2.1650310
     567.0000000        2.1631184
     568.0000000        2.1582761
     569.0000000        2.1547654
     570.0000000        2.1522133
     571.0000000        2.1535168
     572.0000000        2.1544569
     573.0000000        2.1504719
     574.0000000        2.1474304
     575.0000000        2.1436191
     576.0000000        2.1414652
     577.0000000        2.1412816
     578.0000000        2.1403625
     579.0000000        2.1397514
     580.0000000        2.1333675
     581.0000000        2.1229947
     582.0000000        2.1140754
     583.0000000        2.1077919
     584.0000000        2.1017957
     585.0000000        2.0982163
     586.0000000        2.0976124
     587.0000000        2.1001613
     588.0000000        2.1017478
     589.0000000        2.1042526
     590.0000000        2.1070213
     591.0000000        2.1114781
     592.0000000        2.1187091
     593.0000000        2.1277590
     594.0000000        2.1418333
     595.0000000        2.1546812
     596.0000000        2.1596425
     597.0000000        2.1578965
     598.0000000        2.1577351
     599.0000000        2.1601243
     600.0000000        2.1613839
