       1.0000000        4.9648794
       2.0000000        4.8757193
       3.0000000        4.8291595
       4.0000000        4.7948453
       5.0000000        4.7658791
       6.0000000        4.7566310
       7.0000000        4.7546680
       8.0000000        4.7522496
       9.0000000        4.7422307
      10.0000000        4.7374117
      11.0000000        4.7270413
      12.0000000        4.7269461
      13.0000000        4.7326625
      14.0000000        4.7336315
      15.0000000        4.7384307
      16.0000000        4.7437978
      17.0000000        4.7515424
      18.0000000        4.7563728
      19.0000000        4.7611845
      20.0000000        4.7716383
      21.0000000        4.7796680
      22.0000000        4.7943743
      23.0000000        4.8044464
      24.0000000        4.8095761
      25.0000000        4.7908050
      26.0000000        4.7786642
      27.0000000        4.7685861
      28.0000000        4.7764569
      29.0000000        4.7844447
      30.0000000        4.7841274
      31.0000000        4.7875226
      32.0000000        4.7906300
      33.0000000        4.7837856
      34.0000000        4.7817840
      35.0000000        4.7799320
      36.0000000        4.7667743
      37.0000000        4.7616409
      38.0000000        4.7601627
      39.0000000        4.7661050
      40.0000000        4.7655059
      41.0000000        4.7719028
      42.0000000        4.7751482
      43.0000000        4.7831757
      44.0000000        4.7919695
      45.0000000        4.8021746
      46.0000000        4.8126141
      47.0000000        4.8167912
      48.0000000        4.8118929
      49.0000000        4.7971656
      50.0000000        4.7826733
      51.0000000        4.7824442
      52.0000000        4.7872162
      53.0000000        4.7868931
      54.0000000        4.7831167
      55.0000000        4.7881106
      56.0000000        4.7901025
      57.0000000        4.7766168
      58.0000000        4.7571461
      59.0000000        4.7318769
      60.0000000        4.7131164
      61.0000000        4.7075021
      62.0000000        4.7152735
      63.0000000        4.7291143
      64.0000000        4.7403264
      65.0000000        4.7412344
      66.0000000        4.7516144
      67.0000000        4.7717933
      68.0000000        4.7776954
      69.0000000        4.7847551
      70.0000000        4.7941435
      71.0000000        4.8014358
      72.0000000        4.8184304
      73.0000000        4.8307762
      74.0000000        4.8248956
      75.0000000        4.8130225
      76.0000000        4.7922231
      77.0000000        4.7790311
      78.0000000        4.7531424
      79.0000000        4.7413151
      80.0000000        4.7309815
      81.0000000        4.7240522
      82.0000000        4.7170514
      83.0000000        4.7101266
      84.0000000        4.6994255
      85.0000000        4.6918657
      86.0000000        4.6943972
      87.0000000        4.7147853
      88.0000000        4.7466257
      89.0000000        4.7842169
      90.0000000        4.8093216
      91.0000000        4.8267700
      92.0000000        4.8376382
      93.0000000        4.8369839
      94.0000000        4.8307326
      95.0000000        4.8326779
      96.0000000        4.8331696
      97.0000000        4.8329265
      98.0000000        4.8318878
      99.0000000        4.8363767
     100.0000000        4.8512033
     101.0000000        4.8699747
     102.0000000        4.8701742
     103.0000000        4.8689268
     104.0000000        4.8717169
     105.0000000        4.8718535
     106.0000000        4.8513753
     107.0000000        4.8236664
     108.0000000        4.8039037
     109.0000000        4.7860060
     110.0000000        4.7681481
     111.0000000        4.7536396
     112.0000000        4.7435087
     113.0000000        4.7375696
     114.0000000        4.7344693
     115.0000000        4.7395569
     116.0000000        4.7532207
     117.0000000        4.7768774
     118.0000000        4.7981650
     119.0000000        4.7986699
     120.0000000        4.7938565
     121.0000000        4.7971891
     122.0000000        4.8137405
     123.0000000        4.8393900
     124.0000000        4.8543755
     125.0000000        4.8682114
     126.0000000        4.8725182
     127.0000000        4.8796208
     128.0000000        4.8793548
     129.0000000        4.8702466
     130.0000000        4.8545269
     131.0000000        4.8403124
     132.0000000        4.8271388
     133.0000000        4.8073344
     134.0000000        4.7863657
     135.0000000        4.7664263
     136.0000000        4.7541544
     137.0000000        4.7468853
     138.0000000        4.7380732
     139.0000000        4.7357942
     140.0000000        4.7323239
     141.0000000        4.7321832
     142.0000000        4.7242405
     143.0000000        4.7341118
     144.0000000        4.7583029
     145.0000000        4.7896532
     146.0000000        4.8122092
     147.0000000        4.8227647
     148.0000000        4.8209946
     149.0000000        4.8267250
     150.0000000        4.8379232
     151.0000000        4.8436609
     152.0000000        4.8402926
     153.0000000        4.8423142
     154.0000000        4.8505133
     155.0000000        4.8663956
     156.0000000        4.8799390
     157.0000000        4.8875272
     158.0000000        4.8917984
     159.0000000        4.8927803
     160.0000000        4.8821035
     161.0000000        4.8644207
     162.0000000        4.8536631
     163.0000000        4.8327806
     164.0000000        4.8142280
     165.0000000        4.7918997
     166.0000000        4.7770710
     167.0000000        4.7703709
     168.0000000        4.7786804
     169.0000000        4.7807251
     170.0000000        4.7743167
     171.0000000        4.7776794
     172.0000000        4.7832743
     173.0000000        4.7884831
     174.0000000        4.7981518
     175.0000000        4.8053127
     176.0000000        4.8034888
     177.0000000        4.8062465
     178.0000000        4.8090423
     179.0000000        4.7955588
     180.0000000        4.7882317
     181.0000000        4.7938174
     182.0000000        4.7985138
     183.0000000        4.7885331
     184.0000000        4.7798866
     185.0000000        4.7770112
     186.0000000        4.7784838
     187.0000000        4.7876878
     188.0000000        4.7942629
     189.0000000        4.7958624
     190.0000000        4.7945934
     191.0000000        4.7830003
     192.0000000        4.7724072
     193.0000000        4.7645184
     194.0000000        4.7582701
     195.0000000        4.7454803
     196.0000000        4.7448579
     197.0000000        4.7469362
     198.0000000        4.7546950
     199.0000000        4.7576836
     200.0000000        4.7553344
     201.0000000        4.7602215
     202.0000000        4.7727514
     203.0000000        4.7830812
     204.0000000        4.7959430
     205.0000000        4.8076260
     206.0000000        4.8207625
     207.0000000        4.8318674
     208.0000000        4.8491265
     209.0000000        4.8693913
     210.0000000        4.8666135
     211.0000000        4.8482481
     212.0000000        4.8360306
     213.0000000        4.8106847
     214.0000000        4.8050751
     215.0000000        4.8075957
     216.0000000        4.8141138
     217.0000000        4.8083758
     218.0000000        4.8025509
     219.0000000        4.8042549
     220.0000000        4.8027133
     221.0000000        4.8064452
     222.0000000        4.8095964
     223.0000000        4.8231657
     224.0000000        4.8388304
     225.0000000        4.8609538
     226.0000000        4.8666130
     227.0000000        4.8650903
     228.0000000        4.8492272
     229.0000000        4.8323320
     230.0000000        4.8243736
     231.0000000        4.8271536
     232.0000000        4.8289269
     233.0000000        4.8312191
     234.0000000        4.8282376
     235.0000000        4.8222241
     236.0000000        4.8155842
     237.0000000        4.8072749
     238.0000000        4.8148199
     239.0000000        4.8242711
     240.0000000        4.8305784
     241.0000000        4.8315185
     242.0000000        4.8359741
     243.0000000        4.8352430
     244.0000000        4.8326307
     245.0000000        4.8338905
     246.0000000        4.8422213
     247.0000000        4.8479655
     248.0000000        4.8472032
     249.0000000        4.8456522
     250.0000000        4.8445663
     251.0000000        4.8473277
     252.0000000        4.8539120
     253.0000000        4.8557561
     254.0000000        4.8588808
     255.0000000        4.8629089
     256.0000000        4.8706514
     257.0000000        4.8611011
     258.0000000        4.8494503
     259.0000000        4.8362242
     260.0000000        4.8254682
     261.0000000        4.8179250
     262.0000000        4.8087310
     263.0000000        4.8039300
     264.0000000        4.7917193
     265.0000000        4.7765191
     266.0000000        4.7553960
     267.0000000        4.7285267
     268.0000000        4.7036242
     269.0000000        4.6805896
     270.0000000        4.6569216
     271.0000000        4.6447828
     272.0000000        4.6407573
     273.0000000        4.6373859
     274.0000000        4.6440563
     275.0000000        4.6519500
     276.0000000        4.6669250
     277.0000000        4.6865153
     278.0000000        4.7117973
     279.0000000        4.7262186
     280.0000000        4.7329354
     281.0000000        4.7382920
     282.0000000        4.7455286
     283.0000000        4.7663164
     284.0000000        4.7987354
     285.0000000        4.8217648
     286.0000000        4.8339405
     287.0000000        4.8395207
     288.0000000        4.8440447
     289.0000000        4.8408432
     290.0000000        4.8191368
     291.0000000        4.8005554
     292.0000000        4.7907829
     293.0000000        4.7879568
     294.0000000        4.7819589
     295.0000000        4.7719605
     296.0000000        4.7635651
     297.0000000        4.7706231
     298.0000000        4.7783080
     299.0000000        4.7802144
     300.0000000        4.7780646
     301.0000000        4.7645765
     302.0000000        4.7563276
     303.0000000        4.7543178
     304.0000000        4.7603023
     305.0000000        4.7644828
     306.0000000        4.7567614
     307.0000000        4.7579966
     308.0000000        4.7627866
     309.0000000        4.7604649
     310.0000000        4.7661386
     311.0000000        4.7718295
     312.0000000        4.7641956
     313.0000000        4.7511387
     314.0000000        4.7448482
     315.0000000        4.7342349
     316.0000000        4.7314041
     317.0000000        4.7245591
     318.0000000        4.7203411
     319.0000000        4.7286679
     320.0000000        4.7348253
     321.0000000        4.7403622
     322.0000000        4.7539479
     323.0000000        4.7553180
     324.0000000        4.7611611
     325.0000000        4.7649842
     326.0000000        4.7645657
     327.0000000        4.7555542
     328.0000000        4.7606927
     329.0000000        4.7705023
     330.0000000        4.7818635
     331.0000000        4.7881551
     332.0000000        4.7996517
     333.0000000        4.8134890
     334.0000000        4.8281457
     335.0000000        4.8378015
     336.0000000        4.8514920
     337.0000000        4.8609058
     338.0000000        4.8599036
     339.0000000        4.8574521
     340.0000000        4.8563399
     341.0000000        4.8543567
     342.0000000        4.8715528
     343.0000000        4.8847059
     344.0000000        4.8728397
     345.0000000        4.8580571
     346.0000000        4.8493007
     347.0000000        4.8383365
     348.0000000        4.8281503
     349.0000000        4.8206803
     350.0000000        4.8181124
     351.0000000        4.8101755
     352.0000000        4.8055396
     353.0000000        4.8105812
     354.0000000        4.8124571
     355.0000000        4.8117012
     356.0000000        4.8154655
     357.0000000        4.8230255
     358.0000000        4.8308836
     359.0000000        4.8452762
     360.0000000        4.8515258
     361.0000000        4.8473001
     362.0000000        4.8384250
     363.0000000        4.8223395
     364.0000000        4.8120851
     365.0000000        4.8176548
     366.0000000        4.8272921
     367.0000000        4.8212409
     368.0000000        4.8164936
     369.0000000        4.8014476
     370.0000000        4.8012532
     371.0000000        4.8065901
     372.0000000        4.8056247
     373.0000000        4.8011664
     374.0000000        4.8020244
     375.0000000        4.8053805
     376.0000000        4.8108668
     377.0000000        4.8033457
     378.0000000        4.8057222
     379.0000000        4.7996927
     380.0000000        4.7961486
     381.0000000        4.7812709
     382.0000000        4.7657422
     383.0000000        4.7568058
     384.0000000        4.7601422
     385.0000000        4.7655406
     386.0000000        4.7717800
     387.0000000        4.7818277
     388.0000000        4.8051116
     389.0000000        4.8212385
     390.0000000        4.8330828
     391.0000000        4.8445202
     392.0000000        4.8440643
     393.0000000        4.8372061
     394.0000000        4.8328048
     395.0000000        4.8281912
     396.0000000        4.8224283
     397.0000000        4.8206229
     398.0000000        4.8084996
     399.0000000        4.8040816
     400.0000000        4.7917292
     401.0000000        4.7866727
     402.0000000        4.7846950
     403.0000000        4.7900922
     404.0000000        4.8020573
     405.0000000        4.8144250
     406.0000000        4.8244120
     407.0000000        4.8333703
     408.0000000        4.8385279
     409.0000000        4.8426978
     410.0000000        4.8541168
     411.0000000        4.8551502
     412.0000000        4.8505113
     413.0000000        4.8381454
     414.0000000        4.8157091
     415.0000000        4.7986797
     416.0000000        4.7762457
     417.0000000        4.7587146
     418.0000000        4.7564272
     419.0000000        4.7666352
     420.0000000        4.7812990
     421.0000000        4.7864002
     422.0000000        4.7974686
     423.0000000        4.8093270
     424.0000000        4.8230830
     425.0000000        4.8432403
     426.0000000        4.8657708
     427.0000000        4.8845178
     428.0000000        4.8850938
     429.0000000        4.8764194
     430.0000000        4.8720512
     431.0000000        4.8691399
     432.0000000        4.8623926
     433.0000000        4.8582116
     434.0000000        4.8697742
     435.0000000        4.8767345
     436.0000000        4.8759590
     437.0000000        4.8590257
     438.0000000        4.8442514
     439.0000000        4.8213670
     440.0000000        4.8026793
     441.0000000        4.7962750
     442.0000000        4.7950290
     443.0000000        4.7893737
     444.0000000        4.7846968
     445.0000000        4.7835201
     446.0000000        4.7760434
     447.0000000        4.7758609
     448.0000000        4.7812927
     449.0000000        4.7811757
     450.0000000        4.7789625
     451.0000000        4.7758393
     452.0000000        4.7763399
     453.0000000        4.7686159
     454.0000000        4.7573436
     455.0000000        4.7489344
     456.0000000        4.7402472
     457.0000000        4.7326118
     458.0000000        4.7260633
     459.0000000        4.7280413
     460.0000000        4.7379685
     461.0000000        4.7593722
     462.0000000        4.7762446
     463.0000000        4.7806904
     464.0000000        4.7869264
     465.0000000        4.7934782
     466.0000000        4.7884320
     467.0000000        4.7851904
     468.0000000        4.7812297
     469.0000000        4.7738654
     470.0000000        4.7771755
     471.0000000        4.7886559
     472.0000000        4.7936223
     473.0000000        4.7923963
     474.0000000        4.7874481
     475.0000000        4.7857072
     476.0000000        4.7932718
     477.0000000        4.8093410
     478.0000000        4.8166419
     479.0000000        4.8216692
     480.0000000        4.8277556
     481.0000000        4.8329540
     482.0000000        4.8430188
     483.0000000        4.8406166
     484.0000000        4.8446356
     485.0000000        4.8496038
     486.0000000        4.8407062
     487.0000000        4.8197395
     488.0000000        4.8072459
     489.0000000        4.8097408
     490.0000000        4.8202731
     491.0000000        4.8213934
     492.0000000        4.8125893
     493.0000000        4.7970116
     494.0000000        4.7855237
     495.0000000        4.7815216
     496.0000000        4.7860794
     497.0000000        4.8020336
     498.0000000        4.8145249
     499.0000000        4.8226386
     500.0000000        4.8204241
     501.0000000        4.8059590
     502.0000000        4.7941374
     503.0000000        4.7937068
     504.0000000        4.7703272
     505.0000000        4.7473162
     506.0000000        4.7356580
     507.0000000        4.7396461
     508.0000000        4.7486149
     509.0000000        4.7679010
     510.0000000        4.7853311
     511.0000000        4.7900199
     512.0000000        4.7921150
     513.0000000        4.7830056
     514.0000000        4.7716848
     515.0000000        4.7684673
     516.0000000        4.7704034
     517.0000000        4.7584883
     518.0000000        4.7428457
     519.0000000        4.7308800
     520.0000000        4.7230920
     521.0000000        4.7254613
     522.0000000        4.7255984
     523.0000000        4.7289024
     524.0000000        4.7379209
     525.0000000        4.7521217
     526.0000000        4.7501594
     527.0000000        4.7548252
     528.0000000        4.7582126
     529.0000000        4.7582341
     530.0000000        4.7625199
     531.0000000        4.7481658
     532.0000000        4.7335385
     533.0000000        4.7196417
     534.0000000        4.7072452
     535.0000000        4.6985186
     536.0000000        4.6944537
     537.0000000        4.6891701
     538.0000000        4.6875299
     539.0000000        4.6910654
     540.0000000        4.7032853
     541.0000000        4.7210397
     542.0000000        4.7316308
     543.0000000        4.7367699
     544.0000000        4.7370204
     545.0000000        4.7284363
     546.0000000        4.7146384
     547.0000000        4.7033994
     548.0000000        4.7036939
     549.0000000        4.6915854
     550.0000000        4.6985689
     551.0000000        4.7068464
     552.0000000        4.7262083
     553.0000000        4.7331572
     554.0000000        4.7293895
     555.0000000        4.7230320
     556.0000000        4.7100374
     557.0000000        4.7049444
     558.0000000        4.7072793
     559.0000000        4.7098289
     560.0000000        4.7038043
     561.0000000        4.7021161
     562.0000000        4.7032898
     563.0000000        4.7138273
     564.0000000        4.7255967
     565.0000000        4.7251183
     566.0000000        4.7257435
     567.0000000        4.7254252
     568.0000000        4.7379338
     569.0000000        4.7481341
     570.0000000        4.7374689
     571.0000000        4.7356899
     572.0000000        4.7386084
     573.0000000        4.7517670
     574.0000000        4.7689215
     575.0000000        4.7741399
     576.0000000        4.7691246
     577.0000000        4.7786472
     578.0000000        4.7916229
     579.0000000        4.8097373
     580.0000000        4.8236357
     581.0000000        4.8354314
     582.0000000        4.8321663
     583.0000000        4.8322883
     584.0000000        4.8281972
     585.0000000        4.8267480
     586.0000000        4.8151303
     587.0000000        4.7976652
     588.0000000        4.7894226
     589.0000000        4.7992807
     590.0000000        4.8076664
     591.0000000        4.8107941
     592.0000000        4.8095852
     593.0000000        4.8010360
     594.0000000        4.7911637
     595.0000000        4.7884263
     596.0000000        4.7749095
     597.0000000        4.7676240
     598.0000000        4.7519239
     599.0000000        4.7463624
     600.0000000        4.7378345
