       1.0000000        6.9804316
       2.0000000        6.9619497
       3.0000000        6.9681223
       4.0000000        6.9710943
       5.0000000        7.0400554
       6.0000000        7.0868941
       7.0000000        7.1174562
       8.0000000        7.1728098
       9.0000000        7.2151301
      10.0000000        7.2836600
      11.0000000        7.3490722
      12.0000000        7.3911034
      13.0000000        7.4722533
      14.0000000        7.5001451
      15.0000000        7.4144125
      16.0000000        7.3208287
      17.0000000        7.2345073
      18.0000000        7.1810001
      19.0000000        7.1603044
      20.0000000        7.1633370
      21.0000000        7.1667136
      22.0000000        7.2235986
      23.0000000        7.3488467
      24.0000000        7.4242408
      25.0000000        7.4825055
      26.0000000        7.5402485
      27.0000000        7.5625118
      28.0000000        7.6200474
      29.0000000        7.6382399
      30.0000000        7.6012598
      31.0000000        7.5847552
      32.0000000        7.5718816
      33.0000000        7.5687729
      34.0000000        7.5657218
      35.0000000        7.5352007
      36.0000000        7.5209174
      37.0000000        7.4367351
      38.0000000        7.4138678
      39.0000000        7.4032061
      40.0000000        7.3756649
      41.0000000        7.2928407
      42.0000000        7.2633284
      43.0000000        7.2164486
      44.0000000        7.1671565
      45.0000000        7.0873373
      46.0000000        6.9894719
      47.0000000        6.9084742
      48.0000000        6.8650496
      49.0000000        6.8387783
      50.0000000        6.8603604
      51.0000000        6.9145968
      52.0000000        6.9703737
      53.0000000        7.0392877
      54.0000000        7.0241134
      55.0000000        6.9949776
      56.0000000        6.9849401
      57.0000000        7.0178432
      58.0000000        7.0290289
      59.0000000        6.9825308
      60.0000000        6.9277125
      61.0000000        6.9356749
      62.0000000        6.9807001
      63.0000000        7.0072795
      64.0000000        7.0529027
      65.0000000        7.1230548
      66.0000000        7.2240270
      67.0000000        7.3268902
      68.0000000        7.3721201
      69.0000000        7.4183278
      70.0000000        7.4498224
      71.0000000        7.4879181
      72.0000000        7.4607743
      73.0000000        7.4264735
      74.0000000        7.3968856
      75.0000000        7.4217702
      76.0000000        7.4336207
      77.0000000        7.4228288
      78.0000000        7.3516561
      79.0000000        7.2746880
      80.0000000        7.1270174
      81.0000000        7.0281900
      82.0000000        7.0049493
      83.0000000        6.9971276
      84.0000000        6.9948829
      85.0000000        6.9692688
      86.0000000        6.9808000
      87.0000000        6.9473894
      88.0000000        6.9911709
      89.0000000        7.0689793
      90.0000000        7.0783078
      91.0000000        7.0864918
      92.0000000        7.0794698
      93.0000000        7.0887259
      94.0000000        7.0785369
      95.0000000        7.0492963
      96.0000000        6.9939640
      97.0000000        6.9990173
      98.0000000        7.0312775
      99.0000000        7.0310328
     100.0000000        7.0595313
     101.0000000        7.0822992
     102.0000000        7.1133638
     103.0000000        7.1041308
     104.0000000        7.0730842
     105.0000000        7.0561630
     106.0000000        7.0559502
     107.0000000        7.0596672
     108.0000000        6.9658590
     109.0000000        6.8884363
     110.0000000        6.7958739
     111.0000000        6.7520088
     112.0000000        6.7046887
     113.0000000        6.6372121
     114.0000000        6.6429670
     115.0000000        6.6259848
     116.0000000        6.6830113
     117.0000000        6.6933858
     118.0000000        6.6799171
     119.0000000        6.7307241
     120.0000000        6.7954934
     121.0000000        6.8905989
     122.0000000        6.9784197
     123.0000000        7.0242785
     124.0000000        7.0440799
     125.0000000        7.0501953
     126.0000000        7.0339118
     127.0000000        6.9860475
     128.0000000        6.9747689
     129.0000000        7.0023984
     130.0000000        7.0109935
     131.0000000        6.9857340
     132.0000000        6.9772286
     133.0000000        6.9889922
     134.0000000        6.9696238
     135.0000000        6.8729321
     136.0000000        6.8099329
     137.0000000        6.8192786
     138.0000000        6.8792508
     139.0000000        6.9383549
     140.0000000        6.9573666
     141.0000000        6.9142815
     142.0000000        6.9482341
     143.0000000        6.9772771
     144.0000000        7.0719908
     145.0000000        7.1313467
     146.0000000        7.1830461
     147.0000000        7.1391301
     148.0000000        7.0970677
     149.0000000        7.1227702
     150.0000000        7.1016252
     151.0000000        7.1252153
     152.0000000        7.2217869
     153.0000000        7.3587364
     154.0000000        7.4567966
     155.0000000        7.5493165
     156.0000000        7.6036220
     157.0000000        7.6452474
     158.0000000        7.6411903
     159.0000000        7.6600149
     160.0000000        7.6126680
     161.0000000        7.5642878
     162.0000000        7.5422079
     163.0000000        7.5132728
     164.0000000        7.4304920
     165.0000000        7.3626155
     166.0000000        7.3338125
     167.0000000        7.3680287
     168.0000000        7.3820801
     169.0000000        7.4065700
     170.0000000        7.3988667
     171.0000000        7.4418312
     172.0000000        7.4908251
     173.0000000        7.4845249
     174.0000000        7.3679485
     175.0000000        7.2986559
     176.0000000        7.2585232
     177.0000000        7.1697784
     178.0000000        7.0794980
     179.0000000        7.0693166
     180.0000000        7.0933468
     181.0000000        7.1001266
     182.0000000        7.1171943
     183.0000000        7.2128715
     184.0000000        7.3351747
     185.0000000        7.4089110
     186.0000000        7.4767116
     187.0000000        7.4715865
     188.0000000        7.3770492
     189.0000000        7.2351375
     190.0000000        7.1551020
     191.0000000        7.0827587
     192.0000000        7.0760977
     193.0000000        7.0690758
     194.0000000        7.0987605
     195.0000000        7.0946793
     196.0000000        7.1708047
     197.0000000        7.2667829
     198.0000000        7.3191246
     199.0000000        7.3566055
     200.0000000        7.3602480
     201.0000000        7.3662322
     202.0000000        7.3735733
     203.0000000        7.3884358
     204.0000000        7.3825466
     205.0000000        7.3956566
     206.0000000        7.3638692
     207.0000000        7.3264002
     208.0000000        7.3125449
     209.0000000        7.2479473
     210.0000000        7.2217203
     211.0000000        7.1697529
     212.0000000        7.1262384
     213.0000000        7.1131458
     214.0000000        7.1338512
     215.0000000        7.1661843
     216.0000000        7.1476203
     217.0000000        7.1057541
     218.0000000        7.0478273
     219.0000000        7.0536394
     220.0000000        7.1127758
     221.0000000        7.1093250
     222.0000000        7.1557883
     223.0000000        7.2536916
     224.0000000        7.3247859
     225.0000000        7.3656465
     226.0000000        7.4188335
     227.0000000        7.4264828
     228.0000000        7.3248560
     229.0000000        7.3014162
     230.0000000        7.2690707
     231.0000000        7.1945837
     232.0000000        7.1627930
     233.0000000        7.1877556
     234.0000000        7.2102039
     235.0000000        7.2633852
     236.0000000        7.3325189
     237.0000000        7.3682305
     238.0000000        7.3442573
     239.0000000        7.2910622
     240.0000000        7.2718647
     241.0000000        7.2362685
     242.0000000        7.1873893
     243.0000000        7.1664985
     244.0000000        7.1697971
     245.0000000        7.1430137
     246.0000000        7.1609252
     247.0000000        7.2310805
     248.0000000        7.3327302
     249.0000000        7.4752187
     250.0000000        7.6141099
     251.0000000        7.6800980
     252.0000000        7.7139078
     253.0000000        7.7596961
     254.0000000        7.7579592
     255.0000000        7.7224040
     256.0000000        7.7177006
     257.0000000        7.6904548
     258.0000000        7.6464471
     259.0000000        7.5423512
     260.0000000        7.4924067
     261.0000000        7.5127173
     262.0000000        7.5494000
     263.0000000        7.5493408
     264.0000000        7.5095443
     265.0000000        7.4606885
     266.0000000        7.4294690
     267.0000000        7.3950724
     268.0000000        7.4110366
     269.0000000        7.4461125
     270.0000000        7.4944584
     271.0000000        7.4790690
     272.0000000        7.4179789
     273.0000000        7.4262504
     274.0000000        7.4725766
     275.0000000        7.4772968
     276.0000000        7.4143262
     277.0000000        7.3513714
     278.0000000        7.3344340
     279.0000000        7.3008976
     280.0000000        7.3166878
     281.0000000        7.3373348
     282.0000000        7.3876860
     283.0000000        7.3834317
     284.0000000        7.3547826
     285.0000000        7.3129037
     286.0000000        7.2718022
     287.0000000        7.2706914
     288.0000000        7.2584219
     289.0000000        7.2577921
     290.0000000        7.2719404
     291.0000000        7.2446395
     292.0000000        7.2039611
     293.0000000        7.1585323
     294.0000000        7.1779241
     295.0000000        7.1351979
     296.0000000        7.1589556
     297.0000000        7.1793786
     298.0000000        7.1172364
     299.0000000        7.1303106
     300.0000000        7.1072631
     301.0000000        7.1050558
     302.0000000        7.1236767
     303.0000000        7.1862765
     304.0000000        7.2131789
     305.0000000        7.2023675
     306.0000000        7.2455210
     307.0000000        7.3021291
     308.0000000        7.3439639
     309.0000000        7.3404586
     310.0000000        7.3520949
     311.0000000        7.3934189
     312.0000000        7.3930151
     313.0000000        7.4648964
     314.0000000        7.5106776
     315.0000000        7.4859770
     316.0000000        7.4661746
     317.0000000        7.4653683
     318.0000000        7.4692817
     319.0000000        7.4828533
     320.0000000        7.4811369
     321.0000000        7.5561636
     322.0000000        7.5647379
     323.0000000        7.5044459
     324.0000000        7.5381380
     325.0000000        7.5610690
     326.0000000        7.5202723
     327.0000000        7.4533475
     328.0000000        7.4380992
     329.0000000        7.4297313
     330.0000000        7.4040969
     331.0000000        7.3996250
     332.0000000        7.2960069
     333.0000000        7.1826963
     334.0000000        7.0468244
     335.0000000        6.9028279
     336.0000000        6.8129354
     337.0000000        6.7202604
     338.0000000        6.6942707
     339.0000000        6.6583625
     340.0000000        6.5918797
     341.0000000        6.5529612
     342.0000000        6.5127358
     343.0000000        6.4927354
     344.0000000        6.5315592
     345.0000000        6.6166573
     346.0000000        6.6690354
     347.0000000        6.6975475
     348.0000000        6.7298263
     349.0000000        6.7502446
     350.0000000        6.7659924
     351.0000000        6.8081985
     352.0000000        6.8658965
     353.0000000        6.9093413
     354.0000000        6.9323742
     355.0000000        6.9799255
     356.0000000        7.0590817
     357.0000000        7.1191937
     358.0000000        7.1496144
     359.0000000        7.1420363
     360.0000000        7.1226798
     361.0000000        7.1389952
     362.0000000        7.2234648
     363.0000000        7.3339356
     364.0000000        7.3990717
     365.0000000        7.4358394
     366.0000000        7.4185417
     367.0000000        7.3971818
     368.0000000        7.3602671
     369.0000000        7.3179390
     370.0000000        7.2929467
     371.0000000        7.3215342
     372.0000000        7.3712631
     373.0000000        7.3883440
     374.0000000        7.4091611
     375.0000000        7.3681164
     376.0000000        7.3497778
     377.0000000        7.3372435
     378.0000000        7.3182253
     379.0000000        7.3182057
     380.0000000        7.2954374
     381.0000000        7.2165685
     382.0000000        7.1163343
     383.0000000        7.0697409
     384.0000000        6.9830101
     385.0000000        6.8828244
     386.0000000        6.8213541
     387.0000000        6.7978312
     388.0000000        6.8384116
     389.0000000        6.8381383
     390.0000000        6.8745142
     391.0000000        6.8333210
     392.0000000        6.8176451
     393.0000000        6.7467027
     394.0000000        6.7217848
     395.0000000        6.7640490
     396.0000000        6.8254608
     397.0000000        6.8289523
     398.0000000        6.8447110
     399.0000000        6.8916508
     400.0000000        6.9728834
     401.0000000        7.0440777
     402.0000000        7.1281218
     403.0000000        7.1570565
     404.0000000        7.1685757
     405.0000000        7.1944451
     406.0000000        7.2093934
     407.0000000        7.1924070
     408.0000000        7.2392421
     409.0000000        7.3117170
     410.0000000        7.3826216
     411.0000000        7.4390489
     412.0000000        7.4849317
     413.0000000        7.5647592
     414.0000000        7.5957979
     415.0000000        7.5902101
     416.0000000        7.6054963
     417.0000000        7.5968558
     418.0000000        7.5436218
     419.0000000        7.4881223
     420.0000000        7.4454888
     421.0000000        7.4549216
     422.0000000        7.5561622
     423.0000000        7.5933507
     424.0000000        7.6648694
     425.0000000        7.7935334
     426.0000000        7.8590984
     427.0000000        7.8949565
     428.0000000        7.8459925
     429.0000000        7.8197228
     430.0000000        7.8673684
     431.0000000        7.8454459
     432.0000000        7.7936800
     433.0000000        7.8366703
     434.0000000        7.7997993
     435.0000000        7.7409842
     436.0000000        7.6496318
     437.0000000        7.5547844
     438.0000000        7.4939797
     439.0000000        7.4100208
     440.0000000        7.3032715
     441.0000000        7.2458115
     442.0000000        7.2313889
     443.0000000        7.2730462
     444.0000000        7.3536248
     445.0000000        7.3608976
     446.0000000        7.3870696
     447.0000000        7.4200476
     448.0000000        7.3993600
     449.0000000        7.4235387
     450.0000000        7.4435323
     451.0000000        7.4385787
     452.0000000        7.4419329
     453.0000000        7.3647099
     454.0000000        7.2821601
     455.0000000        7.2126566
     456.0000000        7.1851515
     457.0000000        7.1937436
     458.0000000        7.2052453
     459.0000000        7.2134422
     460.0000000        7.2680814
     461.0000000        7.2509101
     462.0000000        7.2340816
     463.0000000        7.2330583
     464.0000000        7.1744732
     465.0000000        7.1992410
     466.0000000        7.3018655
     467.0000000        7.3906786
     468.0000000        7.4226857
     469.0000000        7.4201003
     470.0000000        7.3846588
     471.0000000        7.3541128
     472.0000000        7.2974795
     473.0000000        7.2394232
     474.0000000        7.1851702
     475.0000000        7.1683252
     476.0000000        7.1402984
     477.0000000        7.1532493
     478.0000000        7.1398211
     479.0000000        7.1158379
     480.0000000        7.0683560
     481.0000000        6.9994644
     482.0000000        7.0101782
     483.0000000        7.0259834
     484.0000000        7.0223510
     485.0000000        7.0249688
     486.0000000        6.9687748
     487.0000000        7.0217630
     488.0000000        7.1460576
     489.0000000        7.2595219
     490.0000000        7.3813648
     491.0000000        7.3911540
     492.0000000        7.3966671
     493.0000000        7.3600094
     494.0000000        7.4007118
     495.0000000        7.4732769
     496.0000000        7.5434557
     497.0000000        7.5510821
     498.0000000        7.5327930
     499.0000000        7.4517109
     500.0000000        7.4531183
     501.0000000        7.4746744
     502.0000000        7.5080825
     503.0000000        7.5623392
     504.0000000        7.5782660
     505.0000000        7.5805564
     506.0000000        7.5346139
     507.0000000        7.4606838
     508.0000000        7.3852936
     509.0000000        7.2627915
     510.0000000        7.1567003
     511.0000000        7.0455635
     512.0000000        6.9672879
     513.0000000        6.9239771
     514.0000000        6.8356011
     515.0000000        6.8023574
     516.0000000        6.8153434
     517.0000000        6.8174313
     518.0000000        6.7770283
     519.0000000        6.7768480
     520.0000000        6.8039175
     521.0000000        6.7920140
     522.0000000        6.8566260
     523.0000000        6.9366689
     524.0000000        6.9881707
     525.0000000        7.0746761
     526.0000000        7.2119779
     527.0000000        7.3183290
     528.0000000        7.3646950
     529.0000000        7.4039762
     530.0000000        7.3378991
     531.0000000        7.2552284
     532.0000000        7.1496872
     533.0000000        7.0944224
     534.0000000        7.0616301
     535.0000000        7.0741122
     536.0000000        7.1150337
     537.0000000        7.1137930
     538.0000000        7.1232427
     539.0000000        7.1742686
     540.0000000        7.1693803
     541.0000000        7.1723101
     542.0000000        7.1928690
     543.0000000        7.1363678
     544.0000000        7.1307548
     545.0000000        7.1938624
     546.0000000        7.2205511
     547.0000000        7.2207476
     548.0000000        7.2487863
     549.0000000        7.2595567
     550.0000000        7.2887926
     551.0000000        7.3970248
     552.0000000        7.4692753
     553.0000000        7.5457016
     554.0000000        7.6657847
     555.0000000        7.7485470
     556.0000000        7.8035035
     557.0000000        7.8308861
     558.0000000        7.8481000
     559.0000000        7.8329118
     560.0000000        7.8297281
     561.0000000        7.8215616
     562.0000000        7.7652084
     563.0000000        7.7072468
     564.0000000        7.6851347
     565.0000000        7.6162051
     566.0000000        7.5822514
     567.0000000        7.5377066
     568.0000000        7.4940133
     569.0000000        7.5100142
     570.0000000        7.5289982
     571.0000000        7.5676926
     572.0000000        7.5277927
     573.0000000        7.4178066
     574.0000000        7.3586240
     575.0000000        7.3138189
     576.0000000        7.3168929
     577.0000000        7.3440621
     578.0000000        7.3814192
     579.0000000        7.4132377
     580.0000000        7.4003051
     581.0000000        7.3468218
     582.0000000        7.3406665
     583.0000000        7.3476801
     584.0000000        7.3185050
     585.0000000        7.2930803
     586.0000000        7.2271213
     587.0000000        7.1653586
     588.0000000        7.1273563
     589.0000000        7.0897363
     590.0000000        7.0529698
     591.0000000        7.0081445
     592.0000000        7.0422957
     593.0000000        7.0797483
     594.0000000        7.0681716
     595.0000000        7.0298931
     596.0000000        6.9950620
     597.0000000        6.9308973
     598.0000000        6.8328175
     599.0000000        6.7832262
     600.0000000        6.7374878
