       1.0000000        6.0621080
       2.0000000        6.1313359
       3.0000000        6.0082531
       4.0000000        5.8630261
       5.0000000        5.7171314
       6.0000000        5.6204048
       7.0000000        5.5106090
       8.0000000        5.4262393
       9.0000000        5.3808855
      10.0000000        5.3355391
      11.0000000        5.3382947
      12.0000000        5.3261202
      13.0000000        5.3618686
      14.0000000        5.3997730
      15.0000000        5.4438587
      16.0000000        5.4634707
      17.0000000        5.4760638
      18.0000000        5.4814297
      19.0000000        5.5114943
      20.0000000        5.5504442
      21.0000000        5.6009140
      22.0000000        5.6023775
      23.0000000        5.5628782
      24.0000000        5.4949683
      25.0000000        5.4534254
      26.0000000        5.4437756
      27.0000000        5.4449387
      28.0000000        5.4340378
      29.0000000        5.4246836
      30.0000000        5.4131740
      31.0000000        5.4095967
      32.0000000        5.3843293
      33.0000000        5.3624367
      34.0000000        5.3163348
      35.0000000        5.2739495
      36.0000000        5.2348607
      37.0000000        5.1990315
      38.0000000        5.1666893
      39.0000000        5.1238736
      40.0000000        5.1134854
      41.0000000        5.1108122
      42.0000000        5.1411224
      43.0000000        5.1881126
      44.0000000        5.2332761
      45.0000000        5.2620947
      46.0000000        5.2731808
      47.0000000        5.2454647
      48.0000000        5.2254530
      49.0000000        5.2284616
      50.0000000        5.2742809
      51.0000000        5.3151821
      52.0000000        5.3289542
      53.0000000        5.3278146
      54.0000000        5.3332564
      55.0000000        5.3274516
      56.0000000        5.3030325
      57.0000000        5.2974196
      58.0000000        5.2680529
      59.0000000        5.2510977
      60.0000000        5.2297145
      61.0000000        5.1940975
      62.0000000        5.1585730
      63.0000000        5.1436454
      64.0000000        5.1653380
      65.0000000        5.2104447
      66.0000000        5.2482860
      67.0000000        5.3188939
      68.0000000        5.3951416
      69.0000000        5.4875771
      70.0000000        5.5867752
      71.0000000        5.6673744
      72.0000000        5.6996312
      73.0000000        5.7162391
      74.0000000        5.6969099
      75.0000000        5.7071284
      76.0000000        5.7051228
      77.0000000        5.6824928
      78.0000000        5.6513774
      79.0000000        5.6244201
      80.0000000        5.6229757
      81.0000000        5.5991350
      82.0000000        5.5449703
      83.0000000        5.4847084
      84.0000000        5.4414387
      85.0000000        5.4358224
      86.0000000        5.4550655
      87.0000000        5.4156620
      88.0000000        5.3851860
      89.0000000        5.3650760
      90.0000000        5.3405508
      91.0000000        5.3016017
      92.0000000        5.3217460
      93.0000000        5.3558782
      94.0000000        5.3957365
      95.0000000        5.4547888
      96.0000000        5.4805335
      97.0000000        5.5010282
      98.0000000        5.4850724
      99.0000000        5.4501195
     100.0000000        5.4140270
     101.0000000        5.3950151
     102.0000000        5.3809421
     103.0000000        5.3736827
     104.0000000        5.3602439
     105.0000000        5.3171168
     106.0000000        5.2836020
     107.0000000        5.2609730
     108.0000000        5.2507431
     109.0000000        5.2201986
     110.0000000        5.2061149
     111.0000000        5.1863706
     112.0000000        5.1989614
     113.0000000        5.2493654
     114.0000000        5.3241614
     115.0000000        5.3991930
     116.0000000        5.4385748
     117.0000000        5.4767811
     118.0000000        5.5112060
     119.0000000        5.5310774
     120.0000000        5.5382051
     121.0000000        5.5285417
     122.0000000        5.4927305
     123.0000000        5.4575731
     124.0000000        5.3996852
     125.0000000        5.3396101
     126.0000000        5.2836041
     127.0000000        5.2547774
     128.0000000        5.2231980
     129.0000000        5.2184365
     130.0000000        5.2169629
     131.0000000        5.2203049
     132.0000000        5.2014136
     133.0000000        5.1928894
     134.0000000        5.1829673
     135.0000000        5.1684141
     136.0000000        5.1619639
     137.0000000        5.1449239
     138.0000000        5.1086725
     139.0000000        5.1087453
     140.0000000        5.1398946
     141.0000000        5.1758316
     142.0000000        5.2344841
     143.0000000        5.3181438
     144.0000000        5.3719638
     145.0000000        5.4323912
     146.0000000        5.4959336
     147.0000000        5.5451557
     148.0000000        5.5773445
     149.0000000        5.6096084
     150.0000000        5.6193594
     151.0000000        5.6120865
     152.0000000        5.5695076
     153.0000000        5.5450730
     154.0000000        5.5109534
     155.0000000        5.4911726
     156.0000000        5.4847558
     157.0000000        5.4876234
     158.0000000        5.5052995
     159.0000000        5.5145418
     160.0000000        5.5317778
     161.0000000        5.5310899
     162.0000000        5.5305710
     163.0000000        5.5408171
     164.0000000        5.5388003
     165.0000000        5.5640079
     166.0000000        5.5733145
     167.0000000        5.5571900
     168.0000000        5.4941999
     169.0000000        5.4252546
     170.0000000        5.3302828
     171.0000000        5.2389053
     172.0000000        5.1744868
     173.0000000        5.1512798
     174.0000000        5.1633587
     175.0000000        5.2040349
     176.0000000        5.2729753
     177.0000000        5.3167961
     178.0000000        5.3682065
     179.0000000        5.3945128
     180.0000000        5.4077420
     181.0000000        5.4008057
     182.0000000        5.3927684
     183.0000000        5.3838363
     184.0000000        5.3676618
     185.0000000        5.3477659
     186.0000000        5.3112732
     187.0000000        5.2790783
     188.0000000        5.2399977
     189.0000000        5.2358286
     190.0000000        5.2254795
     191.0000000        5.2265479
     192.0000000        5.2140394
     193.0000000        5.1729986
     194.0000000        5.1337997
     195.0000000        5.1121163
     196.0000000        5.1007906
     197.0000000        5.0800121
     198.0000000        5.0804805
     199.0000000        5.1012200
     200.0000000        5.0956983
     201.0000000        5.0679380
     202.0000000        5.0501169
     203.0000000        5.0570607
     204.0000000        5.0807729
     205.0000000        5.1458159
     206.0000000        5.2317780
     207.0000000        5.2909433
     208.0000000        5.3499329
     209.0000000        5.4052322
     210.0000000        5.4658391
     211.0000000        5.4691982
     212.0000000        5.4486342
     213.0000000        5.4456170
     214.0000000        5.4498636
     215.0000000        5.4362268
     216.0000000        5.4321212
     217.0000000        5.4716132
     218.0000000        5.4866998
     219.0000000        5.4960327
     220.0000000        5.4898488
     221.0000000        5.4899440
     222.0000000        5.4474539
     223.0000000        5.3747319
     224.0000000        5.2971922
     225.0000000        5.2409252
     226.0000000        5.2010746
     227.0000000        5.1611543
     228.0000000        5.1146004
     229.0000000        5.0526087
     230.0000000        4.9811415
     231.0000000        4.9518144
     232.0000000        4.9349400
     233.0000000        4.9180252
     234.0000000        4.9125597
     235.0000000        4.9343019
     236.0000000        4.9590869
     237.0000000        5.0073893
     238.0000000        5.0650038
     239.0000000        5.1190066
     240.0000000        5.1485849
     241.0000000        5.1794551
     242.0000000        5.2188073
     243.0000000        5.2929781
     244.0000000        5.3624192
     245.0000000        5.4045824
     246.0000000        5.4084810
     247.0000000        5.3823169
     248.0000000        5.3752098
     249.0000000        5.3786428
     250.0000000        5.3767839
     251.0000000        5.3282645
     252.0000000        5.2634249
     253.0000000        5.1895759
     254.0000000        5.1206599
     255.0000000        5.0832079
     256.0000000        5.0897828
     257.0000000        5.1139582
     258.0000000        5.1232653
     259.0000000        5.1449346
     260.0000000        5.1625896
     261.0000000        5.1527999
     262.0000000        5.1650001
     263.0000000        5.1681711
     264.0000000        5.1991937
     265.0000000        5.2401157
     266.0000000        5.2602301
     267.0000000        5.3079860
     268.0000000        5.3355403
     269.0000000        5.3354788
     270.0000000        5.3466286
     271.0000000        5.3408481
     272.0000000        5.3390050
     273.0000000        5.3495897
     274.0000000        5.3492916
     275.0000000        5.3514163
     276.0000000        5.3568209
     277.0000000        5.3681999
     278.0000000        5.3654723
     279.0000000        5.3524138
     280.0000000        5.3473902
     281.0000000        5.3666264
     282.0000000        5.3935722
     283.0000000        5.4080235
     284.0000000        5.4231045
     285.0000000        5.4236931
     286.0000000        5.4246705
     287.0000000        5.4131345
     288.0000000        5.4258266
     289.0000000        5.4247215
     290.0000000        5.4152945
     291.0000000        5.4051710
     292.0000000        5.3673197
     293.0000000        5.3088596
     294.0000000        5.2373785
     295.0000000        5.1799643
     296.0000000        5.1624278
     297.0000000        5.1940136
     298.0000000        5.2280657
     299.0000000        5.2644461
     300.0000000        5.3106045
     301.0000000        5.3460358
     302.0000000        5.4214446
     303.0000000        5.4986427
     304.0000000        5.5514090
     305.0000000        5.5578540
     306.0000000        5.5483817
     307.0000000        5.5461284
     308.0000000        5.5643232
     309.0000000        5.5931235
     310.0000000        5.6262674
     311.0000000        5.6371109
     312.0000000        5.6358842
     313.0000000        5.5825912
     314.0000000        5.5341624
     315.0000000        5.5156804
     316.0000000        5.4929330
     317.0000000        5.4860772
     318.0000000        5.4951722
     319.0000000        5.4936708
     320.0000000        5.5108569
     321.0000000        5.4694825
     322.0000000        5.4316473
     323.0000000        5.4144114
     324.0000000        5.3871671
     325.0000000        5.3864193
     326.0000000        5.3800691
     327.0000000        5.3861271
     328.0000000        5.3660035
     329.0000000        5.3280906
     330.0000000        5.2704121
     331.0000000        5.2194766
     332.0000000        5.1643484
     333.0000000        5.1217961
     334.0000000        5.0377749
     335.0000000        4.9901172
     336.0000000        4.9732359
     337.0000000        4.9829886
     338.0000000        5.0090372
     339.0000000        5.0386940
     340.0000000        5.0745310
     341.0000000        5.1345642
     342.0000000        5.2012256
     343.0000000        5.2222920
     344.0000000        5.2309278
     345.0000000        5.2299635
     346.0000000        5.2401854
     347.0000000        5.2461098
     348.0000000        5.2449610
     349.0000000        5.2597556
     350.0000000        5.3086946
     351.0000000        5.3744544
     352.0000000        5.4361976
     353.0000000        5.4648911
     354.0000000        5.4668754
     355.0000000        5.4354972
     356.0000000        5.4219036
     357.0000000        5.3899968
     358.0000000        5.3569451
     359.0000000        5.3389622
     360.0000000        5.3229906
     361.0000000        5.3039998
     362.0000000        5.2653525
     363.0000000        5.2127985
     364.0000000        5.1557416
     365.0000000        5.1170887
     366.0000000        5.1061947
     367.0000000        5.1187180
     368.0000000        5.1324083
     369.0000000        5.1697008
     370.0000000        5.2117476
     371.0000000        5.2835048
     372.0000000        5.3188670
     373.0000000        5.3319719
     374.0000000        5.3539798
     375.0000000        5.3737795
     376.0000000        5.3919705
     377.0000000        5.4013489
     378.0000000        5.4387245
     379.0000000        5.4829613
     380.0000000        5.4950425
     381.0000000        5.5096654
     382.0000000        5.4933414
     383.0000000        5.4805966
     384.0000000        5.4837764
     385.0000000        5.5036393
     386.0000000        5.5385639
     387.0000000        5.5463867
     388.0000000        5.4987882
     389.0000000        5.4428194
     390.0000000        5.3796587
     391.0000000        5.3585511
     392.0000000        5.3633368
     393.0000000        5.3524941
     394.0000000        5.3451865
     395.0000000        5.3618188
     396.0000000        5.4067089
     397.0000000        5.4507932
     398.0000000        5.5106847
     399.0000000        5.5554638
     400.0000000        5.5801620
     401.0000000        5.5776056
     402.0000000        5.5873903
     403.0000000        5.6123385
     404.0000000        5.6267372
     405.0000000        5.6079715
     406.0000000        5.5529144
     407.0000000        5.4688453
     408.0000000        5.3915924
     409.0000000        5.3369736
     410.0000000        5.2547157
     411.0000000        5.1767813
     412.0000000        5.1051145
     413.0000000        5.0627931
     414.0000000        5.0461130
     415.0000000        5.0435106
     416.0000000        5.0432928
     417.0000000        5.0423825
     418.0000000        5.0674030
     419.0000000        5.1114550
     420.0000000        5.1725346
     421.0000000        5.2163664
     422.0000000        5.2510607
     423.0000000        5.2609933
     424.0000000        5.2407927
     425.0000000        5.2297201
     426.0000000        5.2154136
     427.0000000        5.2241768
     428.0000000        5.2738010
     429.0000000        5.3461419
     430.0000000        5.4092688
     431.0000000        5.4699043
     432.0000000        5.5086338
     433.0000000        5.5478748
     434.0000000        5.5878587
     435.0000000        5.5865360
     436.0000000        5.5464896
     437.0000000        5.5470305
     438.0000000        5.5504554
     439.0000000        5.5193798
     440.0000000        5.4844036
     441.0000000        5.4638669
     442.0000000        5.4515528
     443.0000000        5.4193128
     444.0000000        5.3968686
     445.0000000        5.3778122
     446.0000000        5.3559729
     447.0000000        5.3458654
     448.0000000        5.3501797
     449.0000000        5.3719700
     450.0000000        5.4242193
     451.0000000        5.4869137
     452.0000000        5.5600840
     453.0000000        5.5877624
     454.0000000        5.5843715
     455.0000000        5.5333962
     456.0000000        5.4763324
     457.0000000        5.4324073
     458.0000000        5.4243368
     459.0000000        5.4391592
     460.0000000        5.4298376
     461.0000000        5.4315531
     462.0000000        5.4166216
     463.0000000        5.4095347
     464.0000000        5.4299084
     465.0000000        5.4753984
     466.0000000        5.5136698
     467.0000000        5.5268264
     468.0000000        5.5603232
     469.0000000        5.5690086
     470.0000000        5.5559900
     471.0000000        5.5476087
     472.0000000        5.5235222
     473.0000000        5.4965084
     474.0000000        5.4835328
     475.0000000        5.4898779
     476.0000000        5.5315371
     477.0000000        5.5343965
     478.0000000        5.5136561
     479.0000000        5.5033000
     480.0000000        5.5421547
     481.0000000        5.5769754
     482.0000000        5.5640375
     483.0000000        5.5291203
     484.0000000        5.4773286
     485.0000000        5.4052671
     486.0000000        5.3236490
     487.0000000        5.2456871
     488.0000000        5.1759541
     489.0000000        5.1370364
     490.0000000        5.1040327
     491.0000000        5.0627983
     492.0000000        5.0180862
     493.0000000        5.0105571
     494.0000000        5.0262734
     495.0000000        5.0587484
     496.0000000        5.1012651
     497.0000000        5.1142565
     498.0000000        5.1464994
     499.0000000        5.1819416
     500.0000000        5.2136355
     501.0000000        5.2505345
     502.0000000        5.3038097
     503.0000000        5.3745534
     504.0000000        5.4194965
     505.0000000        5.4592709
     506.0000000        5.4793503
     507.0000000        5.4875331
     508.0000000        5.4821775
     509.0000000        5.4661461
     510.0000000        5.4537731
     511.0000000        5.4280254
     512.0000000        5.4076927
     513.0000000        5.3857657
     514.0000000        5.3659175
     515.0000000        5.3342776
     516.0000000        5.2742368
     517.0000000        5.2184271
     518.0000000        5.1736298
     519.0000000        5.1631876
     520.0000000        5.1715501
     521.0000000        5.1789560
     522.0000000        5.1859755
     523.0000000        5.2055523
     524.0000000        5.2529594
     525.0000000        5.3248044
     526.0000000        5.4098568
     527.0000000        5.4883696
     528.0000000        5.5540032
     529.0000000        5.6132624
     530.0000000        5.6429180
     531.0000000        5.6637118
     532.0000000        5.6694883
     533.0000000        5.6617232
     534.0000000        5.6281551
     535.0000000        5.5723072
     536.0000000        5.5025511
     537.0000000        5.4457599
     538.0000000        5.4126950
     539.0000000        5.4026953
     540.0000000        5.3983311
     541.0000000        5.3663016
     542.0000000        5.3645007
     543.0000000        5.3555126
     544.0000000        5.3315679
     545.0000000        5.2949576
     546.0000000        5.2732510
     547.0000000        5.2667860
     548.0000000        5.2660133
     549.0000000        5.2722352
     550.0000000        5.2921943
     551.0000000        5.3106406
     552.0000000        5.3295057
     553.0000000        5.3599473
     554.0000000        5.3818240
     555.0000000        5.4230759
     556.0000000        5.4544132
     557.0000000        5.4453473
     558.0000000        5.3823775
     559.0000000        5.3381057
     560.0000000        5.2719342
     561.0000000        5.1842332
     562.0000000        5.0929819
     563.0000000        5.0043988
     564.0000000        4.9321462
     565.0000000        4.8772672
     566.0000000        4.8502139
     567.0000000        4.8222288
     568.0000000        4.7982217
     569.0000000        4.7982359
     570.0000000        4.7955527
     571.0000000        4.7994286
     572.0000000        4.8202961
     573.0000000        4.8665924
     574.0000000        4.9062489
     575.0000000        4.9318987
     576.0000000        4.9622777
     577.0000000        4.9696782
     578.0000000        4.9829011
     579.0000000        5.0498232
     580.0000000        5.1502953
     581.0000000        5.2213333
     582.0000000        5.2804191
     583.0000000        5.2953435
     584.0000000        5.2809446
     585.0000000        5.2544660
     586.0000000        5.2660881
     587.0000000        5.2792037
     588.0000000        5.3212814
     589.0000000        5.3457596
     590.0000000        5.3602622
     591.0000000        5.3534768
     592.0000000        5.3301543
     593.0000000        5.2990933
     594.0000000        5.2871804
     595.0000000        5.2576965
     596.0000000        5.2173642
     597.0000000        5.1916127
     598.0000000        5.1533976
     599.0000000        5.1832108
     600.0000000        5.2277148
