       1.0000000        7.3254748
       2.0000000        7.2601785
       3.0000000        7.2732325
       4.0000000        7.2256515
       5.0000000        7.1530383
       6.0000000        7.1132139
       7.0000000        7.0766537
       8.0000000        7.0217066
       9.0000000        6.9802947
      10.0000000        6.9401269
      11.0000000        6.9450011
      12.0000000        6.9861685
      13.0000000        7.0524661
      14.0000000        7.0784741
      15.0000000        7.1433647
      16.0000000        7.2481817
      17.0000000        7.3766108
      18.0000000        7.5161836
      19.0000000        7.6584403
      20.0000000        7.7172409
      21.0000000        7.7398186
      22.0000000        7.7885871
      23.0000000        7.8024780
      24.0000000        7.8644461
      25.0000000        7.8941711
      26.0000000        7.9484274
      27.0000000        7.9975915
      28.0000000        8.0022115
      29.0000000        7.9969387
      30.0000000        8.0011016
      31.0000000        7.9640328
      32.0000000        7.9755399
      33.0000000        7.9925393
      34.0000000        7.9949842
      35.0000000        7.9343494
      36.0000000        7.8986772
      37.0000000        7.8249586
      38.0000000        7.8194570
      39.0000000        7.8586343
      40.0000000        7.9274036
      41.0000000        8.0252443
      42.0000000        8.1423188
      43.0000000        8.2992669
      44.0000000        8.5745640
      45.0000000        8.8818591
      46.0000000        9.1220763
      47.0000000        9.2844186
      48.0000000        9.4666599
      49.0000000        9.5520258
      50.0000000        9.5958347
      51.0000000        9.5993141
      52.0000000        9.7241692
      53.0000000        9.7591827
      54.0000000        9.7840685
      55.0000000        9.7826069
      56.0000000        9.5733589
      57.0000000        9.3716068
      58.0000000        9.1989254
      59.0000000        9.0308387
      60.0000000        9.0139424
      61.0000000        8.9428237
      62.0000000        8.7952225
      63.0000000        8.7152670
      64.0000000        8.6285668
      65.0000000        8.6638637
      66.0000000        8.7790890
      67.0000000        8.9451965
      68.0000000        9.0262643
      69.0000000        9.1482071
      70.0000000        9.3566666
      71.0000000        9.5330712
      72.0000000        9.8611029
      73.0000000       10.1782100
      74.0000000       10.5748230
      75.0000000       10.9917190
      76.0000000       11.3312290
      77.0000000       11.6180860
      78.0000000       11.9749310
      79.0000000       12.2434170
      80.0000000       12.4920290
      81.0000000       12.9665510
      82.0000000       13.4617190
      83.0000000       13.9791220
      84.0000000       14.1840180
      85.0000000       14.3092770
      86.0000000       14.6594300
      87.0000000       15.0656100
      88.0000000       15.0922560
      89.0000000       15.3647430
      90.0000000       15.5537010
      91.0000000       15.6882430
      92.0000000       15.7223930
      93.0000000       15.4526900
      94.0000000       15.3570530
      95.0000000       15.5207250
      96.0000000       15.5452720
      97.0000000       15.6078970
      98.0000000       15.6619040
      99.0000000       15.6199410
     100.0000000       15.5982470
     101.0000000       15.8177810
     102.0000000       15.9463500
     103.0000000       15.8743360
     104.0000000       15.8905200
     105.0000000       15.8085010
     106.0000000       15.6738170
     107.0000000       15.5950320
     108.0000000       15.5776200
     109.0000000       15.3901870
     110.0000000       15.4060560
     111.0000000       15.4135020
     112.0000000       15.3532540
     113.0000000       15.4429470
     114.0000000       15.3459820
     115.0000000       15.4181530
     116.0000000       15.5129590
     117.0000000       15.5547640
     118.0000000       15.6500310
     119.0000000       15.5527240
     120.0000000       15.3813780
     121.0000000       15.3591170
     122.0000000       15.5493690
     123.0000000       15.8066400
     124.0000000       15.9822580
     125.0000000       15.9907430
     126.0000000       15.9433190
     127.0000000       15.9655770
     128.0000000       15.7614310
     129.0000000       15.6787730
     130.0000000       15.7754600
     131.0000000       15.7060080
     132.0000000       15.7535000
     133.0000000       15.9642750
     134.0000000       16.0036920
     135.0000000       15.9953910
     136.0000000       15.9098580
     137.0000000       15.7205870
     138.0000000       15.5950680
     139.0000000       15.5313740
     140.0000000       15.7200660
     141.0000000       15.7791530
     142.0000000       15.8898060
     143.0000000       16.0882210
     144.0000000       15.9717920
     145.0000000       15.7710420
     146.0000000       15.7606040
     147.0000000       15.8235670
     148.0000000       15.8372710
     149.0000000       15.7985900
     150.0000000       15.9024430
     151.0000000       15.9629810
     152.0000000       15.9869870
     153.0000000       16.0895800
     154.0000000       15.9132140
     155.0000000       15.8828880
     156.0000000       15.6437710
     157.0000000       15.6545650
     158.0000000       15.5065710
     159.0000000       15.3122890
     160.0000000       15.1962870
     161.0000000       15.1963320
     162.0000000       15.2904860
     163.0000000       15.4890350
     164.0000000       15.4577530
     165.0000000       15.3260190
     166.0000000       15.2940140
     167.0000000       15.3847340
     168.0000000       15.4770880
     169.0000000       15.2847940
     170.0000000       15.3759060
     171.0000000       15.3672810
     172.0000000       15.3769480
     173.0000000       15.4640840
     174.0000000       15.5103700
     175.0000000       15.4984280
     176.0000000       15.5569720
     177.0000000       15.5923020
     178.0000000       15.6680770
     179.0000000       15.7168240
     180.0000000       15.3875990
     181.0000000       15.5337880
     182.0000000       15.4456170
     183.0000000       15.4877640
     184.0000000       15.4692170
     185.0000000       15.2847560
     186.0000000       15.2154410
     187.0000000       15.1802370
     188.0000000       15.0851100
     189.0000000       15.1654180
     190.0000000       14.8807820
     191.0000000       14.6444750
     192.0000000       14.4409690
     193.0000000       14.3375510
     194.0000000       14.1513350
     195.0000000       13.9364750
     196.0000000       13.7430560
     197.0000000       13.5481180
     198.0000000       13.5044320
     199.0000000       13.5037010
     200.0000000       13.5807710
     201.0000000       13.5258650
     202.0000000       13.5632610
     203.0000000       13.5619290
     204.0000000       13.7831180
     205.0000000       13.9786350
     206.0000000       14.0273080
     207.0000000       13.9955030
     208.0000000       14.0102310
     209.0000000       14.2358850
     210.0000000       14.1829780
     211.0000000       13.9221810
     212.0000000       13.8682070
     213.0000000       13.7690100
     214.0000000       13.9097890
     215.0000000       14.0959320
     216.0000000       14.3596230
     217.0000000       14.5462670
     218.0000000       14.8320330
     219.0000000       15.0659080
     220.0000000       15.3156760
     221.0000000       15.5416160
     222.0000000       15.5360040
     223.0000000       15.4335710
     224.0000000       15.4671020
     225.0000000       15.4692630
     226.0000000       15.3835740
     227.0000000       15.2612210
     228.0000000       15.2137270
     229.0000000       14.9939510
     230.0000000       14.8564540
     231.0000000       14.6534540
     232.0000000       14.4567480
     233.0000000       14.4361960
     234.0000000       14.4306760
     235.0000000       14.2672010
     236.0000000       14.2654380
     237.0000000       14.3032300
     238.0000000       14.1672770
     239.0000000       14.1321650
     240.0000000       13.9410060
     241.0000000       13.9538820
     242.0000000       13.7708020
     243.0000000       13.7478460
     244.0000000       13.8440330
     245.0000000       13.9898050
     246.0000000       14.1579000
     247.0000000       14.3381740
     248.0000000       14.4295370
     249.0000000       14.6234880
     250.0000000       14.5956170
     251.0000000       14.6010340
     252.0000000       14.5653290
     253.0000000       14.4937160
     254.0000000       14.5401910
     255.0000000       14.7028240
     256.0000000       14.6448800
     257.0000000       14.6782420
     258.0000000       14.9275550
     259.0000000       15.2198720
     260.0000000       15.4453610
     261.0000000       15.5589680
     262.0000000       15.5684410
     263.0000000       15.7475830
     264.0000000       15.5536200
     265.0000000       15.5033710
     266.0000000       15.4584820
     267.0000000       15.4371220
     268.0000000       15.2550900
     269.0000000       15.0956800
     270.0000000       15.0492660
     271.0000000       14.9330510
     272.0000000       14.9789470
     273.0000000       14.8797190
     274.0000000       14.7709960
     275.0000000       14.7984120
     276.0000000       14.6373380
     277.0000000       14.5826110
     278.0000000       14.6374990
     279.0000000       14.7791870
     280.0000000       14.8142970
     281.0000000       14.9255810
     282.0000000       14.9454900
     283.0000000       14.9045810
     284.0000000       14.8638220
     285.0000000       14.8704300
     286.0000000       14.8099650
     287.0000000       14.7015400
     288.0000000       14.6851290
     289.0000000       14.6616030
     290.0000000       14.4664810
     291.0000000       14.2402750
     292.0000000       14.2695630
     293.0000000       14.3299820
     294.0000000       14.1628270
     295.0000000       14.1740680
     296.0000000       14.0333240
     297.0000000       13.9040760
     298.0000000       13.7030640
     299.0000000       13.6217160
     300.0000000       13.5447020
     301.0000000       13.6107130
     302.0000000       13.9391970
     303.0000000       13.9907370
     304.0000000       13.9398880
     305.0000000       14.2493320
     306.0000000       14.4024910
     307.0000000       14.5573140
     308.0000000       14.6005290
     309.0000000       14.6602920
     310.0000000       14.7649170
     311.0000000       14.7388050
     312.0000000       14.7611570
     313.0000000       14.7849030
     314.0000000       14.8669110
     315.0000000       14.8832730
     316.0000000       15.1133780
     317.0000000       15.1738860
     318.0000000       15.3685490
     319.0000000       15.2701750
     320.0000000       15.1378430
     321.0000000       15.1337930
     322.0000000       15.1220230
     323.0000000       15.0495840
     324.0000000       15.0600680
     325.0000000       14.9204180
     326.0000000       14.7805800
     327.0000000       14.4680210
     328.0000000       14.1470390
     329.0000000       14.0717740
     330.0000000       14.1465420
     331.0000000       14.4597970
     332.0000000       14.4886600
     333.0000000       14.4536640
     334.0000000       14.5127080
     335.0000000       14.6515880
     336.0000000       14.7737670
     337.0000000       14.7886220
     338.0000000       14.9041960
     339.0000000       15.1333580
     340.0000000       14.9320550
     341.0000000       14.6048560
     342.0000000       14.4967710
     343.0000000       14.1691760
     344.0000000       13.9941990
     345.0000000       13.9023270
     346.0000000       13.9029820
     347.0000000       13.8411600
     348.0000000       13.6990480
     349.0000000       13.6903880
     350.0000000       13.6630680
     351.0000000       13.7791780
     352.0000000       13.9443180
     353.0000000       13.9240220
     354.0000000       13.7840570
     355.0000000       13.6934210
     356.0000000       13.7326160
     357.0000000       13.8230050
     358.0000000       13.8075500
     359.0000000       13.8344770
     360.0000000       13.8859700
     361.0000000       13.9906100
     362.0000000       13.9132770
     363.0000000       13.8748490
     364.0000000       13.9170390
     365.0000000       13.9755100
     366.0000000       14.0177890
     367.0000000       14.0328310
     368.0000000       14.1170160
     369.0000000       14.0111540
     370.0000000       13.9101720
     371.0000000       13.8235990
     372.0000000       14.1518260
     373.0000000       14.2733310
     374.0000000       14.3676200
     375.0000000       14.4542210
     376.0000000       14.6397540
     377.0000000       14.6150660
     378.0000000       14.6528310
     379.0000000       14.6428840
     380.0000000       14.9209160
     381.0000000       14.9552650
     382.0000000       15.2348000
     383.0000000       15.2983760
     384.0000000       15.2155170
     385.0000000       15.2162420
     386.0000000       15.2906770
     387.0000000       15.4528770
     388.0000000       15.4813550
     389.0000000       15.4577300
     390.0000000       15.3013570
     391.0000000       15.1443980
     392.0000000       15.2005240
     393.0000000       15.2531430
     394.0000000       15.3159750
     395.0000000       15.3523470
     396.0000000       15.3712780
     397.0000000       15.4249920
     398.0000000       15.5997370
     399.0000000       15.8697880
     400.0000000       15.8244200
     401.0000000       15.7015420
     402.0000000       15.4911100
     403.0000000       15.6168760
     404.0000000       15.5289740
     405.0000000       15.6015780
     406.0000000       15.7928040
     407.0000000       15.9544120
     408.0000000       15.7139450
     409.0000000       15.6244960
     410.0000000       15.5436370
     411.0000000       15.4816710
     412.0000000       15.4217750
     413.0000000       15.2716280
     414.0000000       15.4277960
     415.0000000       15.4954060
     416.0000000       15.6208640
     417.0000000       15.3484250
     418.0000000       15.0829700
     419.0000000       14.7444600
     420.0000000       14.5509330
     421.0000000       14.4747930
     422.0000000       14.5281570
     423.0000000       14.3195410
     424.0000000       14.3248490
     425.0000000       14.3828470
     426.0000000       14.5354810
     427.0000000       14.7858250
     428.0000000       14.8191990
     429.0000000       14.9335730
     430.0000000       14.9219530
     431.0000000       14.9914640
     432.0000000       15.1945360
     433.0000000       15.2656110
     434.0000000       15.1345020
     435.0000000       15.0218310
     436.0000000       14.8802220
     437.0000000       14.9516370
     438.0000000       14.9286140
     439.0000000       14.7190480
     440.0000000       14.5459810
     441.0000000       14.6102380
     442.0000000       14.5442800
     443.0000000       14.5075860
     444.0000000       14.4467340
     445.0000000       14.3290190
     446.0000000       14.2714730
     447.0000000       14.4696620
     448.0000000       14.4228840
     449.0000000       14.3369050
     450.0000000       14.4426070
     451.0000000       14.3646130
     452.0000000       14.4046050
     453.0000000       14.3632210
     454.0000000       14.4102090
     455.0000000       14.3793160
     456.0000000       14.1618610
     457.0000000       14.0966690
     458.0000000       14.0040400
     459.0000000       13.7932260
     460.0000000       13.7050040
     461.0000000       13.6866040
     462.0000000       13.6540180
     463.0000000       13.5444990
     464.0000000       13.6961710
     465.0000000       13.5870030
     466.0000000       13.7237370
     467.0000000       13.7228790
     468.0000000       13.6264390
     469.0000000       13.6607130
     470.0000000       13.9984860
     471.0000000       14.1983870
     472.0000000       14.2974940
     473.0000000       14.4074750
     474.0000000       14.4109560
     475.0000000       14.3834110
     476.0000000       14.3974160
     477.0000000       14.4195380
     478.0000000       14.6755210
     479.0000000       14.8979780
     480.0000000       15.1045090
     481.0000000       15.3810980
     482.0000000       15.5834560
     483.0000000       15.6004870
     484.0000000       15.5623040
     485.0000000       15.5615570
     486.0000000       15.5118810
     487.0000000       15.2721010
     488.0000000       15.1812590
     489.0000000       15.0375390
     490.0000000       15.0260030
     491.0000000       15.0402040
     492.0000000       15.0647450
     493.0000000       15.0336540
     494.0000000       14.8812340
     495.0000000       14.7862480
     496.0000000       14.9710030
     497.0000000       15.1628300
     498.0000000       15.0782500
     499.0000000       14.9104370
     500.0000000       14.7513930
     501.0000000       14.6112810
     502.0000000       14.5356140
     503.0000000       14.1999050
     504.0000000       14.0231370
     505.0000000       14.0706310
     506.0000000       14.0664840
     507.0000000       13.9667290
     508.0000000       14.2672890
     509.0000000       14.2151180
     510.0000000       14.0603810
     511.0000000       14.1484200
     512.0000000       13.9066990
     513.0000000       13.7656330
     514.0000000       13.6262470
     515.0000000       13.5529750
     516.0000000       13.4242820
     517.0000000       13.4155610
     518.0000000       13.5632020
     519.0000000       13.4921230
     520.0000000       13.7615530
     521.0000000       13.7666030
     522.0000000       13.8266610
     523.0000000       13.8600500
     524.0000000       13.8639420
     525.0000000       13.8070700
     526.0000000       13.8040860
     527.0000000       13.8790230
     528.0000000       14.1249540
     529.0000000       14.4106360
     530.0000000       14.6215840
     531.0000000       14.8095900
     532.0000000       15.0004530
     533.0000000       15.0216360
     534.0000000       15.0081260
     535.0000000       14.9802320
     536.0000000       14.8156740
     537.0000000       14.6105010
     538.0000000       14.5683940
     539.0000000       14.4850050
     540.0000000       14.5752290
     541.0000000       14.5523400
     542.0000000       14.4735190
     543.0000000       14.6700010
     544.0000000       14.5933090
     545.0000000       14.7272840
     546.0000000       14.7461710
     547.0000000       14.6582810
     548.0000000       14.7063820
     549.0000000       14.5873100
     550.0000000       14.5013160
     551.0000000       14.4732100
     552.0000000       14.3874050
     553.0000000       14.4873570
     554.0000000       14.8423390
     555.0000000       15.0073150
     556.0000000       15.1564530
     557.0000000       15.2862780
     558.0000000       15.3115300
     559.0000000       15.4123910
     560.0000000       15.7333560
     561.0000000       15.7963200
     562.0000000       15.7029170
     563.0000000       15.6987050
     564.0000000       15.4872660
     565.0000000       15.5767180
     566.0000000       15.5319100
     567.0000000       15.4888660
     568.0000000       15.4712650
     569.0000000       15.5499800
     570.0000000       15.5570400
     571.0000000       15.5357950
     572.0000000       15.4973590
     573.0000000       15.6021990
     574.0000000       15.7600130
     575.0000000       15.9105400
     576.0000000       15.9934870
     577.0000000       15.7558850
     578.0000000       15.7276140
     579.0000000       15.7472290
     580.0000000       15.5865170
     581.0000000       15.5709660
     582.0000000       15.5765290
     583.0000000       15.5108490
     584.0000000       15.4773990
     585.0000000       15.3796780
     586.0000000       15.4242570
     587.0000000       15.4917340
     588.0000000       15.5364500
     589.0000000       15.6964670
     590.0000000       15.7634500
     591.0000000       15.7183990
     592.0000000       15.7767560
     593.0000000       15.7684920
     594.0000000       15.7267460
     595.0000000       15.6176810
     596.0000000       15.6484390
     597.0000000       15.5599140
     598.0000000       15.5343330
     599.0000000       15.5565930
     600.0000000       15.5786080
