       1.0000000        2.9977276
       2.0000000        1.7027084
       3.0000000        1.2542815
       4.0000000        0.9773234
       5.0000000        0.8132418
       6.0000000        0.6858714
       7.0000000        0.5684745
       8.0000000        0.4838525
       9.0000000        0.4263683
      10.0000000        0.3915172
      11.0000000        0.3643835
      12.0000000        0.3460641
      13.0000000        0.3330999
      14.0000000        0.3200455
      15.0000000        0.3129067
      16.0000000        0.3087347
      17.0000000        0.3110560
      18.0000000        0.3121615
      19.0000000        0.3150955
      20.0000000        0.3179391
      21.0000000        0.3223396
      22.0000000        0.3257375
      23.0000000        0.3236498
      24.0000000        0.3169780
      25.0000000        0.3078449
      26.0000000        0.3018532
      27.0000000        0.2998675
      28.0000000        0.2947808
      29.0000000        0.2891465
      30.0000000        0.2886808
      31.0000000        0.2841330
      32.0000000        0.2772165
      33.0000000        0.2812961
      34.0000000        0.2824860
      35.0000000        0.2837373
      36.0000000        0.2878248
      37.0000000        0.2940648
      38.0000000        0.2999052
      39.0000000        0.3039198
      40.0000000        0.3049748
      41.0000000        0.3083380
      42.0000000        0.3191134
      43.0000000        0.3292992
      44.0000000        0.3373934
      45.0000000        0.3447357
      46.0000000        0.3494834
      47.0000000        0.3518122
      48.0000000        0.3524054
      49.0000000        0.3496147
      50.0000000        0.3438693
      51.0000000        0.3365065
      52.0000000        0.3270455
      53.0000000        0.3224889
      54.0000000        0.3189746
      55.0000000        0.3188775
      56.0000000        0.3224259
      57.0000000        0.3248845
      58.0000000        0.3277531
      59.0000000        0.3315593
      60.0000000        0.3352100
      61.0000000        0.3314370
      62.0000000        0.3251525
      63.0000000        0.3162006
      64.0000000        0.3095714
      65.0000000        0.3006412
      66.0000000        0.2923665
      67.0000000        0.2858102
      68.0000000        0.2785596
      69.0000000        0.2728756
      70.0000000        0.2695486
      71.0000000        0.2713357
      72.0000000        0.2701380
      73.0000000        0.2694637
      74.0000000        0.2661419
      75.0000000        0.2653557
      76.0000000        0.2661041
      77.0000000        0.2672815
      78.0000000        0.2672126
      79.0000000        0.2680990
      80.0000000        0.2675472
      81.0000000        0.2697295
      82.0000000        0.2748129
      83.0000000        0.2803521
      84.0000000        0.2821424
      85.0000000        0.2894046
      86.0000000        0.2984482
      87.0000000        0.3033962
      88.0000000        0.3137896
      89.0000000        0.3190616
      90.0000000        0.3151397
      91.0000000        0.3127558
      92.0000000        0.3083898
      93.0000000        0.3056191
      94.0000000        0.3036604
      95.0000000        0.3003812
      96.0000000        0.2940817
      97.0000000        0.2920694
      98.0000000        0.2879910
      99.0000000        0.2843497
     100.0000000        0.2787664
     101.0000000        0.2756782
     102.0000000        0.2782767
     103.0000000        0.2826528
     104.0000000        0.2828255
     105.0000000        0.2819997
     106.0000000        0.2767512
     107.0000000        0.2693084
     108.0000000        0.2599992
     109.0000000        0.2519707
     110.0000000        0.2492309
     111.0000000        0.2518502
     112.0000000        0.2516954
     113.0000000        0.2533044
     114.0000000        0.2607357
     115.0000000        0.2698201
     116.0000000        0.2770752
     117.0000000        0.2852030
     118.0000000        0.2917449
     119.0000000        0.3001299
     120.0000000        0.3023813
     121.0000000        0.2989720
     122.0000000        0.2965074
     123.0000000        0.2957738
     124.0000000        0.2999225
     125.0000000        0.3046876
     126.0000000        0.3107389
     127.0000000        0.3164547
     128.0000000        0.3188188
     129.0000000        0.3167917
     130.0000000        0.3116664
     131.0000000        0.3104342
     132.0000000        0.3078998
     133.0000000        0.3070109
     134.0000000        0.3074349
     135.0000000        0.3043740
     136.0000000        0.3036980
     137.0000000        0.3041525
     138.0000000        0.3073925
     139.0000000        0.3118865
     140.0000000        0.3177647
     141.0000000        0.3192672
     142.0000000        0.3216470
     143.0000000        0.3250454
     144.0000000        0.3212992
     145.0000000        0.3145362
     146.0000000        0.3049246
     147.0000000        0.2956744
     148.0000000        0.2905781
     149.0000000        0.2882996
     150.0000000        0.2856900
     151.0000000        0.2854264
     152.0000000        0.2883464
     153.0000000        0.2937063
     154.0000000        0.2952536
     155.0000000        0.2975589
     156.0000000        0.2987984
     157.0000000        0.2931966
     158.0000000        0.2867271
     159.0000000        0.2876277
     160.0000000        0.2900241
     161.0000000        0.2870397
     162.0000000        0.2900965
     163.0000000        0.2939766
     164.0000000        0.2985724
     165.0000000        0.2987727
     166.0000000        0.2958656
     167.0000000        0.2986699
     168.0000000        0.2999217
     169.0000000        0.3001455
     170.0000000        0.2997890
     171.0000000        0.2945364
     172.0000000        0.2924839
     173.0000000        0.2900141
     174.0000000        0.2900050
     175.0000000        0.2874096
     176.0000000        0.2823387
     177.0000000        0.2768506
     178.0000000        0.2728212
     179.0000000        0.2673898
     180.0000000        0.2629351
     181.0000000        0.2640452
     182.0000000        0.2703786
     183.0000000        0.2742872
     184.0000000        0.2762404
     185.0000000        0.2797076
     186.0000000        0.2830105
     187.0000000        0.2804985
     188.0000000        0.2805073
     189.0000000        0.2795277
     190.0000000        0.2776220
     191.0000000        0.2779561
     192.0000000        0.2744611
     193.0000000        0.2737375
     194.0000000        0.2772441
     195.0000000        0.2770492
     196.0000000        0.2788095
     197.0000000        0.2852677
     198.0000000        0.2895048
     199.0000000        0.2904154
     200.0000000        0.2906287
     201.0000000        0.2906437
     202.0000000        0.2899035
     203.0000000        0.2875814
     204.0000000        0.2851008
     205.0000000        0.2899417
     206.0000000        0.2938447
     207.0000000        0.2963239
     208.0000000        0.3019992
     209.0000000        0.3092372
     210.0000000        0.3140545
     211.0000000        0.3168809
     212.0000000        0.3196560
     213.0000000        0.3238899
     214.0000000        0.3328945
     215.0000000        0.3354077
     216.0000000        0.3353258
     217.0000000        0.3334119
     218.0000000        0.3327316
     219.0000000        0.3285423
     220.0000000        0.3184013
     221.0000000        0.3123086
     222.0000000        0.3104984
     223.0000000        0.3119993
     224.0000000        0.3093647
     225.0000000        0.3081261
     226.0000000        0.3084790
     227.0000000        0.3091858
     228.0000000        0.3075388
     229.0000000        0.3078862
     230.0000000        0.3027332
     231.0000000        0.2980063
     232.0000000        0.2929181
     233.0000000        0.2934205
     234.0000000        0.2936250
     235.0000000        0.2912355
     236.0000000        0.2840447
     237.0000000        0.2794457
     238.0000000        0.2760442
     239.0000000        0.2778862
     240.0000000        0.2784755
     241.0000000        0.2831395
     242.0000000        0.2875456
     243.0000000        0.2981822
     244.0000000        0.3074652
     245.0000000        0.3187868
     246.0000000        0.3234193
     247.0000000        0.3211953
     248.0000000        0.3208359
     249.0000000        0.3191742
     250.0000000        0.3197286
     251.0000000        0.3179188
     252.0000000        0.3115315
     253.0000000        0.3068628
     254.0000000        0.3038733
     255.0000000        0.2982877
     256.0000000        0.2899297
     257.0000000        0.2851755
     258.0000000        0.2793016
     259.0000000        0.2765621
     260.0000000        0.2799539
     261.0000000        0.2880470
     262.0000000        0.2994399
     263.0000000        0.3093746
     264.0000000        0.3158607
     265.0000000        0.3161669
     266.0000000        0.3184520
     267.0000000        0.3197520
     268.0000000        0.3227922
     269.0000000        0.3172987
     270.0000000        0.3088555
     271.0000000        0.3067435
     272.0000000        0.3062937
     273.0000000        0.3055922
     274.0000000        0.2999722
     275.0000000        0.2970993
     276.0000000        0.3003607
     277.0000000        0.3070178
     278.0000000        0.3142761
     279.0000000        0.3185788
     280.0000000        0.3224722
     281.0000000        0.3246658
     282.0000000        0.3188595
     283.0000000        0.3116729
     284.0000000        0.3127857
     285.0000000        0.3133839
     286.0000000        0.3116726
     287.0000000        0.3109625
     288.0000000        0.3118504
     289.0000000        0.3139957
     290.0000000        0.3233349
     291.0000000        0.3298824
     292.0000000        0.3329044
     293.0000000        0.3342872
     294.0000000        0.3332830
     295.0000000        0.3348607
     296.0000000        0.3352734
     297.0000000        0.3346902
     298.0000000        0.3331820
     299.0000000        0.3313431
     300.0000000        0.3292578
     301.0000000        0.3269208
     302.0000000        0.3223710
     303.0000000        0.3181513
     304.0000000        0.3097357
     305.0000000        0.3047113
     306.0000000        0.3062687
     307.0000000        0.3083991
     308.0000000        0.3096085
     309.0000000        0.3151052
     310.0000000        0.3189778
     311.0000000        0.3206445
     312.0000000        0.3184789
     313.0000000        0.3204221
     314.0000000        0.3216338
     315.0000000        0.3196668
     316.0000000        0.3120505
     317.0000000        0.3104635
     318.0000000        0.3117583
     319.0000000        0.3143386
     320.0000000        0.3237731
     321.0000000        0.3275371
     322.0000000        0.3324849
     323.0000000        0.3373455
     324.0000000        0.3395562
     325.0000000        0.3448214
     326.0000000        0.3542926
     327.0000000        0.3597718
     328.0000000        0.3592415
     329.0000000        0.3522222
     330.0000000        0.3419041
     331.0000000        0.3356816
     332.0000000        0.3289433
     333.0000000        0.3235044
     334.0000000        0.3220147
     335.0000000        0.3161048
     336.0000000        0.3131613
     337.0000000        0.3123733
     338.0000000        0.3089649
     339.0000000        0.3069788
     340.0000000        0.3054448
     341.0000000        0.3048543
     342.0000000        0.3049987
     343.0000000        0.3037091
     344.0000000        0.3030101
     345.0000000        0.3006387
     346.0000000        0.2933357
     347.0000000        0.2885896
     348.0000000        0.2859376
     349.0000000        0.2834848
     350.0000000        0.2853064
     351.0000000        0.2772349
     352.0000000        0.2708019
     353.0000000        0.2681916
     354.0000000        0.2652519
     355.0000000        0.2629541
     356.0000000        0.2609776
     357.0000000        0.2614483
     358.0000000        0.2643128
     359.0000000        0.2678591
     360.0000000        0.2747329
     361.0000000        0.2784423
     362.0000000        0.2783844
     363.0000000        0.2779252
     364.0000000        0.2799254
     365.0000000        0.2839844
     366.0000000        0.2920089
     367.0000000        0.3058774
     368.0000000        0.3235588
     369.0000000        0.3362990
     370.0000000        0.3421973
     371.0000000        0.3471063
     372.0000000        0.3565446
     373.0000000        0.3626741
     374.0000000        0.3703452
     375.0000000        0.3688361
     376.0000000        0.3662726
     377.0000000        0.3599987
     378.0000000        0.3524250
     379.0000000        0.3503978
     380.0000000        0.3494571
     381.0000000        0.3442352
     382.0000000        0.3384533
     383.0000000        0.3324438
     384.0000000        0.3239184
     385.0000000        0.3201381
     386.0000000        0.3132626
     387.0000000        0.3049484
     388.0000000        0.2952406
     389.0000000        0.2864485
     390.0000000        0.2802790
     391.0000000        0.2785852
     392.0000000        0.2794484
     393.0000000        0.2829209
     394.0000000        0.2867381
     395.0000000        0.2885603
     396.0000000        0.2925402
     397.0000000        0.2966723
     398.0000000        0.2970872
     399.0000000        0.2973005
     400.0000000        0.2978985
     401.0000000        0.3035189
     402.0000000        0.3068313
     403.0000000        0.3071115
     404.0000000        0.3051687
     405.0000000        0.3064482
     406.0000000        0.3109356
     407.0000000        0.3139254
     408.0000000        0.3116038
     409.0000000        0.3072893
     410.0000000        0.2992428
     411.0000000        0.2942745
     412.0000000        0.2952318
     413.0000000        0.2906178
     414.0000000        0.2871703
     415.0000000        0.2829846
     416.0000000        0.2821538
     417.0000000        0.2825949
     418.0000000        0.2829466
     419.0000000        0.2807414
     420.0000000        0.2766537
     421.0000000        0.2734089
     422.0000000        0.2658589
     423.0000000        0.2673678
     424.0000000        0.2683782
     425.0000000        0.2707351
     426.0000000        0.2753244
     427.0000000        0.2808728
     428.0000000        0.2865463
     429.0000000        0.2847267
     430.0000000        0.2832622
     431.0000000        0.2851561
     432.0000000        0.2882515
     433.0000000        0.2938854
     434.0000000        0.2944668
     435.0000000        0.2920746
     436.0000000        0.2885341
     437.0000000        0.2859050
     438.0000000        0.2855399
     439.0000000        0.2829814
     440.0000000        0.2813351
     441.0000000        0.2792018
     442.0000000        0.2805744
     443.0000000        0.2804813
     444.0000000        0.2799787
     445.0000000        0.2784881
     446.0000000        0.2816030
     447.0000000        0.2839526
     448.0000000        0.2877830
     449.0000000        0.2869076
     450.0000000        0.2879200
     451.0000000        0.2978118
     452.0000000        0.3016728
     453.0000000        0.3032670
     454.0000000        0.3041983
     455.0000000        0.3008616
     456.0000000        0.3011181
     457.0000000        0.3040197
     458.0000000        0.3112267
     459.0000000        0.3195590
     460.0000000        0.3228752
     461.0000000        0.3260384
     462.0000000        0.3275527
     463.0000000        0.3244459
     464.0000000        0.3190637
     465.0000000        0.3091130
     466.0000000        0.3059169
     467.0000000        0.3002836
     468.0000000        0.2992396
     469.0000000        0.3005474
     470.0000000        0.3021623
     471.0000000        0.3012064
     472.0000000        0.3012393
     473.0000000        0.3003172
     474.0000000        0.2986155
     475.0000000        0.2991287
     476.0000000        0.3026977
     477.0000000        0.3000583
     478.0000000        0.2980036
     479.0000000        0.2960349
     480.0000000        0.2953768
     481.0000000        0.2949637
     482.0000000        0.2898599
     483.0000000        0.2842632
     484.0000000        0.2823724
     485.0000000        0.2843550
     486.0000000        0.2893898
     487.0000000        0.2963007
     488.0000000        0.2993459
     489.0000000        0.3028324
     490.0000000        0.3057733
     491.0000000        0.3073610
     492.0000000        0.3077295
     493.0000000        0.3036686
     494.0000000        0.2961071
     495.0000000        0.2932783
     496.0000000        0.2911601
     497.0000000        0.2885199
     498.0000000        0.2804432
     499.0000000        0.2685722
     500.0000000        0.2587399
     501.0000000        0.2584036
     502.0000000        0.2580212
     503.0000000        0.2595000
     504.0000000        0.2614335
     505.0000000        0.2648228
     506.0000000        0.2648647
     507.0000000        0.2629038
     508.0000000        0.2625517
     509.0000000        0.2580803
     510.0000000        0.2529162
     511.0000000        0.2498161
     512.0000000        0.2525637
     513.0000000        0.2563345
     514.0000000        0.2606818
     515.0000000        0.2644172
     516.0000000        0.2693091
     517.0000000        0.2725441
     518.0000000        0.2711242
     519.0000000        0.2701238
     520.0000000        0.2713091
     521.0000000        0.2775474
     522.0000000        0.2810131
     523.0000000        0.2839468
     524.0000000        0.2870354
     525.0000000        0.2937003
     526.0000000        0.2960251
     527.0000000        0.2941734
     528.0000000        0.2918552
     529.0000000        0.2868428
     530.0000000        0.2835508
     531.0000000        0.2833875
     532.0000000        0.2762655
     533.0000000        0.2701252
     534.0000000        0.2707495
     535.0000000        0.2717821
     536.0000000        0.2739667
     537.0000000        0.2742486
     538.0000000        0.2771281
     539.0000000        0.2838986
     540.0000000        0.2906675
     541.0000000        0.2954491
     542.0000000        0.2971866
     543.0000000        0.3030360
     544.0000000        0.3077987
     545.0000000        0.3114077
     546.0000000        0.3151973
     547.0000000        0.3155132
     548.0000000        0.3140729
     549.0000000        0.3093527
     550.0000000        0.3048727
     551.0000000        0.3071530
     552.0000000        0.3055091
     553.0000000        0.3078322
     554.0000000        0.3062065
     555.0000000        0.3039904
     556.0000000        0.2988707
     557.0000000        0.2919325
     558.0000000        0.2849897
     559.0000000        0.2775887
     560.0000000        0.2735674
     561.0000000        0.2750737
     562.0000000        0.2785056
     563.0000000        0.2817578
     564.0000000        0.2911825
     565.0000000        0.3010738
     566.0000000        0.3044325
     567.0000000        0.2971011
     568.0000000        0.2970010
     569.0000000        0.2949739
     570.0000000        0.2912572
     571.0000000        0.2875969
     572.0000000        0.2876148
     573.0000000        0.2912971
     574.0000000        0.2910349
     575.0000000        0.2898547
     576.0000000        0.2916758
     577.0000000        0.2919241
     578.0000000        0.2933178
     579.0000000        0.2937159
     580.0000000        0.2829312
     581.0000000        0.2811420
     582.0000000        0.2860803
     583.0000000        0.2881767
     584.0000000        0.2902548
     585.0000000        0.2894899
     586.0000000        0.2885047
     587.0000000        0.2836363
     588.0000000        0.2784802
     589.0000000        0.2750445
     590.0000000        0.2771564
     591.0000000        0.2785444
     592.0000000        0.2790564
     593.0000000        0.2780401
     594.0000000        0.2808808
     595.0000000        0.2873881
     596.0000000        0.2949649
     597.0000000        0.3042299
     598.0000000        0.3123194
     599.0000000        0.3148018
     600.0000000        0.3169642
