       1.0000000        4.4595919
       2.0000000        3.8743083
       3.0000000        3.5879402
       4.0000000        3.3738081
       5.0000000        3.2180378
       6.0000000        3.0782325
       7.0000000        2.9373531
       8.0000000        2.8214974
       9.0000000        2.7367899
      10.0000000        2.6727278
      11.0000000        2.6221488
      12.0000000        2.5894649
      13.0000000        2.5627923
      14.0000000        2.5419462
      15.0000000        2.5298200
      16.0000000        2.5155318
      17.0000000        2.5113926
      18.0000000        2.5108106
      19.0000000        2.5123389
      20.0000000        2.5155647
      21.0000000        2.5165782
      22.0000000        2.5149660
      23.0000000        2.5103428
      24.0000000        2.5040514
      25.0000000        2.4918895
      26.0000000        2.4831579
      27.0000000        2.4803805
      28.0000000        2.4669659
      29.0000000        2.4504700
      30.0000000        2.4477286
      31.0000000        2.4363813
      32.0000000        2.4242165
      33.0000000        2.4316902
      34.0000000        2.4375856
      35.0000000        2.4405797
      36.0000000        2.4503996
      37.0000000        2.4639404
      38.0000000        2.4786289
      39.0000000        2.4868696
      40.0000000        2.4925847
      41.0000000        2.4967906
      42.0000000        2.5088451
      43.0000000        2.5259480
      44.0000000        2.5425353
      45.0000000        2.5520055
      46.0000000        2.5610540
      47.0000000        2.5660698
      48.0000000        2.5707865
      49.0000000        2.5746248
      50.0000000        2.5656612
      51.0000000        2.5560915
      52.0000000        2.5418720
      53.0000000        2.5346155
      54.0000000        2.5293994
      55.0000000        2.5225124
      56.0000000        2.5246689
      57.0000000        2.5269687
      58.0000000        2.5309372
      59.0000000        2.5351133
      60.0000000        2.5407495
      61.0000000        2.5417299
      62.0000000        2.5332124
      63.0000000        2.5159943
      64.0000000        2.5059533
      65.0000000        2.4907422
      66.0000000        2.4760480
      67.0000000        2.4589682
      68.0000000        2.4404924
      69.0000000        2.4274018
      70.0000000        2.4129336
      71.0000000        2.4116714
      72.0000000        2.4115102
      73.0000000        2.4146111
      74.0000000        2.4097319
      75.0000000        2.4097426
      76.0000000        2.4126561
      77.0000000        2.4152994
      78.0000000        2.4115231
      79.0000000        2.4091775
      80.0000000        2.4085674
      81.0000000        2.4123213
      82.0000000        2.4218457
      83.0000000        2.4312716
      84.0000000        2.4351635
      85.0000000        2.4486003
      86.0000000        2.4671094
      87.0000000        2.4776385
      88.0000000        2.4962404
      89.0000000        2.5081978
      90.0000000        2.5009685
      91.0000000        2.4958663
      92.0000000        2.4921842
      93.0000000        2.4849467
      94.0000000        2.4841712
      95.0000000        2.4784675
      96.0000000        2.4655845
      97.0000000        2.4620750
      98.0000000        2.4612174
      99.0000000        2.4535949
     100.0000000        2.4437704
     101.0000000        2.4321160
     102.0000000        2.4317658
     103.0000000        2.4356532
     104.0000000        2.4317849
     105.0000000        2.4331031
     106.0000000        2.4234390
     107.0000000        2.4082925
     108.0000000        2.3927801
     109.0000000        2.3766768
     110.0000000        2.3701305
     111.0000000        2.3732367
     112.0000000        2.3734474
     113.0000000        2.3791056
     114.0000000        2.3953679
     115.0000000        2.4121811
     116.0000000        2.4243131
     117.0000000        2.4420273
     118.0000000        2.4559872
     119.0000000        2.4724479
     120.0000000        2.4796495
     121.0000000        2.4797213
     122.0000000        2.4762819
     123.0000000        2.4775879
     124.0000000        2.4874697
     125.0000000        2.4942341
     126.0000000        2.5042989
     127.0000000        2.5170586
     128.0000000        2.5240641
     129.0000000        2.5178440
     130.0000000        2.5099008
     131.0000000        2.5067930
     132.0000000        2.4992137
     133.0000000        2.4939756
     134.0000000        2.4951572
     135.0000000        2.4863119
     136.0000000        2.4834566
     137.0000000        2.4891307
     138.0000000        2.4982605
     139.0000000        2.4992478
     140.0000000        2.5090306
     141.0000000        2.5111060
     142.0000000        2.5109265
     143.0000000        2.5182984
     144.0000000        2.5132377
     145.0000000        2.5068755
     146.0000000        2.4876876
     147.0000000        2.4720716
     148.0000000        2.4625227
     149.0000000        2.4532945
     150.0000000        2.4442005
     151.0000000        2.4427485
     152.0000000        2.4477985
     153.0000000        2.4602060
     154.0000000        2.4654522
     155.0000000        2.4686756
     156.0000000        2.4689190
     157.0000000        2.4557512
     158.0000000        2.4443958
     159.0000000        2.4416809
     160.0000000        2.4429858
     161.0000000        2.4406984
     162.0000000        2.4508371
     163.0000000        2.4579439
     164.0000000        2.4638276
     165.0000000        2.4711332
     166.0000000        2.4754746
     167.0000000        2.4843442
     168.0000000        2.4863670
     169.0000000        2.4908786
     170.0000000        2.4886661
     171.0000000        2.4737146
     172.0000000        2.4637651
     173.0000000        2.4554732
     174.0000000        2.4511135
     175.0000000        2.4424694
     176.0000000        2.4347744
     177.0000000        2.4250269
     178.0000000        2.4152272
     179.0000000        2.3995721
     180.0000000        2.3879616
     181.0000000        2.3888648
     182.0000000        2.3960910
     183.0000000        2.4053128
     184.0000000        2.4094000
     185.0000000        2.4202766
     186.0000000        2.4275761
     187.0000000        2.4283600
     188.0000000        2.4305954
     189.0000000        2.4277005
     190.0000000        2.4240172
     191.0000000        2.4244173
     192.0000000        2.4184711
     193.0000000        2.4186370
     194.0000000        2.4299190
     195.0000000        2.4327946
     196.0000000        2.4314365
     197.0000000        2.4401388
     198.0000000        2.4475360
     199.0000000        2.4439387
     200.0000000        2.4395406
     201.0000000        2.4422872
     202.0000000        2.4479380
     203.0000000        2.4467945
     204.0000000        2.4422810
     205.0000000        2.4473741
     206.0000000        2.4545629
     207.0000000        2.4583116
     208.0000000        2.4652226
     209.0000000        2.4767139
     210.0000000        2.4880452
     211.0000000        2.4947369
     212.0000000        2.5030229
     213.0000000        2.5125697
     214.0000000        2.5282567
     215.0000000        2.5343275
     216.0000000        2.5356281
     217.0000000        2.5345988
     218.0000000        2.5326662
     219.0000000        2.5294943
     220.0000000        2.5138388
     221.0000000        2.5043564
     222.0000000        2.5005028
     223.0000000        2.4968524
     224.0000000        2.4915242
     225.0000000        2.4920115
     226.0000000        2.4939456
     227.0000000        2.4919767
     228.0000000        2.4921875
     229.0000000        2.4973707
     230.0000000        2.4906991
     231.0000000        2.4806468
     232.0000000        2.4648108
     233.0000000        2.4632556
     234.0000000        2.4619112
     235.0000000        2.4607165
     236.0000000        2.4508035
     237.0000000        2.4387305
     238.0000000        2.4317660
     239.0000000        2.4331870
     240.0000000        2.4362710
     241.0000000        2.4480534
     242.0000000        2.4548287
     243.0000000        2.4682436
     244.0000000        2.4809859
     245.0000000        2.4998775
     246.0000000        2.5081863
     247.0000000        2.5087197
     248.0000000        2.5132892
     249.0000000        2.5140135
     250.0000000        2.5162852
     251.0000000        2.5090547
     252.0000000        2.4997344
     253.0000000        2.4962220
     254.0000000        2.4886694
     255.0000000        2.4760320
     256.0000000        2.4604661
     257.0000000        2.4464371
     258.0000000        2.4349165
     259.0000000        2.4330182
     260.0000000        2.4373460
     261.0000000        2.4466968
     262.0000000        2.4641685
     263.0000000        2.4821806
     264.0000000        2.4932489
     265.0000000        2.4969888
     266.0000000        2.5018382
     267.0000000        2.5027773
     268.0000000        2.5100467
     269.0000000        2.5018330
     270.0000000        2.4850993
     271.0000000        2.4828265
     272.0000000        2.4832637
     273.0000000        2.4814141
     274.0000000        2.4751315
     275.0000000        2.4746666
     276.0000000        2.4780111
     277.0000000        2.4878466
     278.0000000        2.5023961
     279.0000000        2.5088346
     280.0000000        2.5147369
     281.0000000        2.5178113
     282.0000000        2.5113709
     283.0000000        2.5027609
     284.0000000        2.5035565
     285.0000000        2.5012119
     286.0000000        2.4953239
     287.0000000        2.4938228
     288.0000000        2.4968252
     289.0000000        2.5049422
     290.0000000        2.5186949
     291.0000000        2.5276599
     292.0000000        2.5388393
     293.0000000        2.5477014
     294.0000000        2.5549026
     295.0000000        2.5592527
     296.0000000        2.5576022
     297.0000000        2.5539780
     298.0000000        2.5516744
     299.0000000        2.5460050
     300.0000000        2.5379694
     301.0000000        2.5298488
     302.0000000        2.5186591
     303.0000000        2.5119708
     304.0000000        2.4990494
     305.0000000        2.4860404
     306.0000000        2.4873424
     307.0000000        2.4925306
     308.0000000        2.4958506
     309.0000000        2.5039017
     310.0000000        2.5076270
     311.0000000        2.5074637
     312.0000000        2.5039058
     313.0000000        2.5082784
     314.0000000        2.5091431
     315.0000000        2.5032325
     316.0000000        2.4929252
     317.0000000        2.4903142
     318.0000000        2.4897795
     319.0000000        2.4945772
     320.0000000        2.5087266
     321.0000000        2.5188208
     322.0000000        2.5323391
     323.0000000        2.5444694
     324.0000000        2.5457933
     325.0000000        2.5584857
     326.0000000        2.5786695
     327.0000000        2.5876215
     328.0000000        2.5947719
     329.0000000        2.5846097
     330.0000000        2.5700262
     331.0000000        2.5567997
     332.0000000        2.5450454
     333.0000000        2.5358610
     334.0000000        2.5308464
     335.0000000        2.5195599
     336.0000000        2.5121384
     337.0000000        2.5119076
     338.0000000        2.5102501
     339.0000000        2.5061975
     340.0000000        2.5013645
     341.0000000        2.5017815
     342.0000000        2.4978409
     343.0000000        2.4899676
     344.0000000        2.4849114
     345.0000000        2.4819136
     346.0000000        2.4670732
     347.0000000        2.4525299
     348.0000000        2.4475548
     349.0000000        2.4481742
     350.0000000        2.4531722
     351.0000000        2.4394672
     352.0000000        2.4286962
     353.0000000        2.4185677
     354.0000000        2.4070086
     355.0000000        2.4012244
     356.0000000        2.3970315
     357.0000000        2.3986762
     358.0000000        2.4079630
     359.0000000        2.4205990
     360.0000000        2.4352942
     361.0000000        2.4404502
     362.0000000        2.4392414
     363.0000000        2.4384313
     364.0000000        2.4447949
     365.0000000        2.4535704
     366.0000000        2.4717758
     367.0000000        2.4986732
     368.0000000        2.5292790
     369.0000000        2.5536211
     370.0000000        2.5642540
     371.0000000        2.5735292
     372.0000000        2.5872211
     373.0000000        2.5988319
     374.0000000        2.6139259
     375.0000000        2.6110961
     376.0000000        2.6039314
     377.0000000        2.5947971
     378.0000000        2.5840008
     379.0000000        2.5797708
     380.0000000        2.5746858
     381.0000000        2.5642648
     382.0000000        2.5540161
     383.0000000        2.5474572
     384.0000000        2.5349309
     385.0000000        2.5271091
     386.0000000        2.5168452
     387.0000000        2.5004249
     388.0000000        2.4809043
     389.0000000        2.4544265
     390.0000000        2.4361589
     391.0000000        2.4325149
     392.0000000        2.4359729
     393.0000000        2.4446495
     394.0000000        2.4571137
     395.0000000        2.4619722
     396.0000000        2.4719501
     397.0000000        2.4825342
     398.0000000        2.4773142
     399.0000000        2.4751515
     400.0000000        2.4790311
     401.0000000        2.4937565
     402.0000000        2.4967859
     403.0000000        2.4971890
     404.0000000        2.4943683
     405.0000000        2.4975271
     406.0000000        2.5027208
     407.0000000        2.5081453
     408.0000000        2.5059853
     409.0000000        2.4990447
     410.0000000        2.4854658
     411.0000000        2.4774082
     412.0000000        2.4755967
     413.0000000        2.4651146
     414.0000000        2.4577010
     415.0000000        2.4496050
     416.0000000        2.4483373
     417.0000000        2.4517338
     418.0000000        2.4542243
     419.0000000        2.4432695
     420.0000000        2.4319906
     421.0000000        2.4234455
     422.0000000        2.4119952
     423.0000000        2.4151046
     424.0000000        2.4153221
     425.0000000        2.4153302
     426.0000000        2.4198408
     427.0000000        2.4252055
     428.0000000        2.4351065
     429.0000000        2.4323802
     430.0000000        2.4287825
     431.0000000        2.4309714
     432.0000000        2.4378269
     433.0000000        2.4516087
     434.0000000        2.4584002
     435.0000000        2.4576192
     436.0000000        2.4528975
     437.0000000        2.4450629
     438.0000000        2.4421947
     439.0000000        2.4391894
     440.0000000        2.4353855
     441.0000000        2.4328017
     442.0000000        2.4363291
     443.0000000        2.4366732
     444.0000000        2.4361947
     445.0000000        2.4328430
     446.0000000        2.4398003
     447.0000000        2.4502075
     448.0000000        2.4596753
     449.0000000        2.4559662
     450.0000000        2.4576240
     451.0000000        2.4744592
     452.0000000        2.4807158
     453.0000000        2.4887264
     454.0000000        2.4944127
     455.0000000        2.4863183
     456.0000000        2.4858317
     457.0000000        2.4855781
     458.0000000        2.4943373
     459.0000000        2.5080152
     460.0000000        2.5109067
     461.0000000        2.5160925
     462.0000000        2.5235507
     463.0000000        2.5213139
     464.0000000        2.5120416
     465.0000000        2.4964721
     466.0000000        2.4927466
     467.0000000        2.4848731
     468.0000000        2.4821258
     469.0000000        2.4828098
     470.0000000        2.4794033
     471.0000000        2.4756076
     472.0000000        2.4736972
     473.0000000        2.4727395
     474.0000000        2.4709680
     475.0000000        2.4756687
     476.0000000        2.4833059
     477.0000000        2.4787292
     478.0000000        2.4716232
     479.0000000        2.4651847
     480.0000000        2.4645557
     481.0000000        2.4635100
     482.0000000        2.4561448
     483.0000000        2.4422011
     484.0000000        2.4396250
     485.0000000        2.4425735
     486.0000000        2.4535980
     487.0000000        2.4634681
     488.0000000        2.4694276
     489.0000000        2.4732778
     490.0000000        2.4763186
     491.0000000        2.4768031
     492.0000000        2.4761617
     493.0000000        2.4676139
     494.0000000        2.4562600
     495.0000000        2.4512496
     496.0000000        2.4534161
     497.0000000        2.4518583
     498.0000000        2.4401410
     499.0000000        2.4241033
     500.0000000        2.4046233
     501.0000000        2.4002450
     502.0000000        2.3935828
     503.0000000        2.3893874
     504.0000000        2.3894782
     505.0000000        2.3991535
     506.0000000        2.3979325
     507.0000000        2.3943131
     508.0000000        2.3949478
     509.0000000        2.3877227
     510.0000000        2.3772111
     511.0000000        2.3723209
     512.0000000        2.3789082
     513.0000000        2.3869588
     514.0000000        2.3965416
     515.0000000        2.4069393
     516.0000000        2.4184170
     517.0000000        2.4219975
     518.0000000        2.4133422
     519.0000000        2.4087412
     520.0000000        2.4088364
     521.0000000        2.4211907
     522.0000000        2.4312382
     523.0000000        2.4395304
     524.0000000        2.4457257
     525.0000000        2.4552243
     526.0000000        2.4620595
     527.0000000        2.4593480
     528.0000000        2.4563086
     529.0000000        2.4492726
     530.0000000        2.4456265
     531.0000000        2.4445181
     532.0000000        2.4277017
     533.0000000        2.4131250
     534.0000000        2.4121714
     535.0000000        2.4162066
     536.0000000        2.4201488
     537.0000000        2.4221776
     538.0000000        2.4322832
     539.0000000        2.4460003
     540.0000000        2.4619708
     541.0000000        2.4735458
     542.0000000        2.4790027
     543.0000000        2.4873276
     544.0000000        2.4950054
     545.0000000        2.4972322
     546.0000000        2.5035884
     547.0000000        2.5023544
     548.0000000        2.5020502
     549.0000000        2.5022140
     550.0000000        2.4983089
     551.0000000        2.5029438
     552.0000000        2.4984908
     553.0000000        2.4966297
     554.0000000        2.4961395
     555.0000000        2.4969912
     556.0000000        2.4828210
     557.0000000        2.4692609
     558.0000000        2.4536524
     559.0000000        2.4385691
     560.0000000        2.4250882
     561.0000000        2.4227273
     562.0000000        2.4262280
     563.0000000        2.4273894
     564.0000000        2.4389758
     565.0000000        2.4586260
     566.0000000        2.4703348
     567.0000000        2.4565482
     568.0000000        2.4544799
     569.0000000        2.4489975
     570.0000000        2.4390705
     571.0000000        2.4265964
     572.0000000        2.4287121
     573.0000000        2.4415703
     574.0000000        2.4489243
     575.0000000        2.4492254
     576.0000000        2.4563286
     577.0000000        2.4628763
     578.0000000        2.4635279
     579.0000000        2.4626346
     580.0000000        2.4439573
     581.0000000        2.4430592
     582.0000000        2.4522085
     583.0000000        2.4569573
     584.0000000        2.4603419
     585.0000000        2.4579177
     586.0000000        2.4583523
     587.0000000        2.4516947
     588.0000000        2.4366429
     589.0000000        2.4240086
     590.0000000        2.4265091
     591.0000000        2.4287121
     592.0000000        2.4308679
     593.0000000        2.4290154
     594.0000000        2.4299059
     595.0000000        2.4386413
     596.0000000        2.4536641
     597.0000000        2.4695735
     598.0000000        2.4866562
     599.0000000        2.4940658
     600.0000000        2.5022340
