       1.0000000        2.5119678
       2.0000000        2.4771181
       3.0000000        2.4386131
       4.0000000        2.4034781
       5.0000000        2.3857226
       6.0000000        2.3853688
       7.0000000        2.3889875
       8.0000000        2.3935200
       9.0000000        2.3832423
      10.0000000        2.3537650
      11.0000000        2.3272303
      12.0000000        2.3149311
      13.0000000        2.3164853
      14.0000000        2.3249750
      15.0000000        2.3286312
      16.0000000        2.3224034
      17.0000000        2.3181547
      18.0000000        2.3172949
      19.0000000        2.3141989
      20.0000000        2.3062015
      21.0000000        2.2937081
      22.0000000        2.2784591
      23.0000000        2.2693029
      24.0000000        2.2694812
      25.0000000        2.2692321
      26.0000000        2.2772659
      27.0000000        2.2919613
      28.0000000        2.3012763
      29.0000000        2.3011769
      30.0000000        2.3037816
      31.0000000        2.3052577
      32.0000000        2.3170850
      33.0000000        2.3336981
      34.0000000        2.3441101
      35.0000000        2.3376120
      36.0000000        2.3300701
      37.0000000        2.3137406
      38.0000000        2.2899454
      39.0000000        2.2774090
      40.0000000        2.2893155
      41.0000000        2.3002654
      42.0000000        2.3084571
      43.0000000        2.3161701
      44.0000000        2.3302076
      45.0000000        2.3550475
      46.0000000        2.3825304
      47.0000000        2.3980483
      48.0000000        2.3971034
      49.0000000        2.3864306
      50.0000000        2.3762643
      51.0000000        2.3708225
      52.0000000        2.3698849
      53.0000000        2.3602805
      54.0000000        2.3380761
      55.0000000        2.3146962
      56.0000000        2.2911778
      57.0000000        2.2662275
      58.0000000        2.2400674
      59.0000000        2.2299502
      60.0000000        2.2305248
      61.0000000        2.2362118
      62.0000000        2.2331728
      63.0000000        2.2294309
      64.0000000        2.2204031
      65.0000000        2.2024535
      66.0000000        2.2002155
      67.0000000        2.2061958
      68.0000000        2.2096881
      69.0000000        2.2071407
      70.0000000        2.1995271
      71.0000000        2.1918442
      72.0000000        2.1866597
      73.0000000        2.1863658
      74.0000000        2.1901501
      75.0000000        2.1882066
      76.0000000        2.1845708
      77.0000000        2.1857787
      78.0000000        2.1875869
      79.0000000        2.1883345
      80.0000000        2.1913705
      81.0000000        2.2055873
      82.0000000        2.2285777
      83.0000000        2.2498788
      84.0000000        2.2715029
      85.0000000        2.2978485
      86.0000000        2.3154406
      87.0000000        2.3181513
      88.0000000        2.3185835
      89.0000000        2.3159726
      90.0000000        2.3067791
      91.0000000        2.2976110
      92.0000000        2.2995794
      93.0000000        2.3103934
      94.0000000        2.3191948
      95.0000000        2.3179809
      96.0000000        2.3107124
      97.0000000        2.3039077
      98.0000000        2.3018465
      99.0000000        2.3046434
     100.0000000        2.3101560
     101.0000000        2.3160214
     102.0000000        2.3189335
     103.0000000        2.3052561
     104.0000000        2.2850995
     105.0000000        2.2742829
     106.0000000        2.2762778
     107.0000000        2.2962569
     108.0000000        2.3281465
     109.0000000        2.3568209
     110.0000000        2.3745983
     111.0000000        2.3713968
     112.0000000        2.3559428
     113.0000000        2.3270416
     114.0000000        2.2997534
     115.0000000        2.2853474
     116.0000000        2.2827390
     117.0000000        2.2768194
     118.0000000        2.2781729
     119.0000000        2.2893240
     120.0000000        2.3078998
     121.0000000        2.3174880
     122.0000000        2.3147838
     123.0000000        2.3068004
     124.0000000        2.2826489
     125.0000000        2.2448559
     126.0000000        2.2102971
     127.0000000        2.1855641
     128.0000000        2.1731816
     129.0000000        2.1737937
     130.0000000        2.1840029
     131.0000000        2.1950111
     132.0000000        2.2047149
     133.0000000        2.2109571
     134.0000000        2.2041052
     135.0000000        2.1956017
     136.0000000        2.1872847
     137.0000000        2.1816739
     138.0000000        2.1832581
     139.0000000        2.1865150
     140.0000000        2.1901260
     141.0000000        2.1965855
     142.0000000        2.2104623
     143.0000000        2.2263068
     144.0000000        2.2359068
     145.0000000        2.2513945
     146.0000000        2.2621964
     147.0000000        2.2774959
     148.0000000        2.2988076
     149.0000000        2.3075404
     150.0000000        2.2921139
     151.0000000        2.2675276
     152.0000000        2.2501485
     153.0000000        2.2405047
     154.0000000        2.2345766
     155.0000000        2.2229304
     156.0000000        2.2169566
     157.0000000        2.2151862
     158.0000000        2.2082051
     159.0000000        2.2023973
     160.0000000        2.2070778
     161.0000000        2.2132495
     162.0000000        2.2160153
     163.0000000        2.2137120
     164.0000000        2.2148011
     165.0000000        2.2184492
     166.0000000        2.2298960
     167.0000000        2.2488938
     168.0000000        2.2678759
     169.0000000        2.2720050
     170.0000000        2.2633618
     171.0000000        2.2554737
     172.0000000        2.2488011
     173.0000000        2.2394253
     174.0000000        2.2363978
     175.0000000        2.2326913
     176.0000000        2.2260346
     177.0000000        2.2151399
     178.0000000        2.2031907
     179.0000000        2.1894639
     180.0000000        2.1841549
     181.0000000        2.1923575
     182.0000000        2.2004725
     183.0000000        2.2015049
     184.0000000        2.2036740
     185.0000000        2.2087604
     186.0000000        2.2146456
     187.0000000        2.2306985
     188.0000000        2.2511703
     189.0000000        2.2708405
     190.0000000        2.2911280
     191.0000000        2.3181097
     192.0000000        2.3401002
     193.0000000        2.3525847
     194.0000000        2.3470221
     195.0000000        2.3305714
     196.0000000        2.3091345
     197.0000000        2.2908190
     198.0000000        2.2802662
     199.0000000        2.2751023
     200.0000000        2.2805422
     201.0000000        2.2988651
     202.0000000        2.3108173
     203.0000000        2.3035332
     204.0000000        2.2813233
     205.0000000        2.2587847
     206.0000000        2.2364304
     207.0000000        2.2249619
     208.0000000        2.2268079
     209.0000000        2.2287584
     210.0000000        2.2327196
     211.0000000        2.2325752
     212.0000000        2.2279485
     213.0000000        2.2182181
     214.0000000        2.2131737
     215.0000000        2.2174456
     216.0000000        2.2273089
     217.0000000        2.2369193
     218.0000000        2.2542694
     219.0000000        2.2795122
     220.0000000        2.3061247
     221.0000000        2.3228407
     222.0000000        2.3303003
     223.0000000        2.3346711
     224.0000000        2.3291451
     225.0000000        2.3134497
     226.0000000        2.3037715
     227.0000000        2.3112807
     228.0000000        2.3185673
     229.0000000        2.3085987
     230.0000000        2.2947354
     231.0000000        2.2897171
     232.0000000        2.2910814
     233.0000000        2.2883986
     234.0000000        2.2792516
     235.0000000        2.2751876
     236.0000000        2.2758832
     237.0000000        2.2773147
     238.0000000        2.2805979
     239.0000000        2.2812759
     240.0000000        2.2802504
     241.0000000        2.2758827
     242.0000000        2.2716161
     243.0000000        2.2710783
     244.0000000        2.2606470
     245.0000000        2.2427951
     246.0000000        2.2285112
     247.0000000        2.2207384
     248.0000000        2.2107756
     249.0000000        2.2043825
     250.0000000        2.2027731
     251.0000000        2.2069208
     252.0000000        2.2132388
     253.0000000        2.2185920
     254.0000000        2.2282879
     255.0000000        2.2405410
     256.0000000        2.2543586
     257.0000000        2.2662314
     258.0000000        2.2650425
     259.0000000        2.2670759
     260.0000000        2.2753378
     261.0000000        2.2918849
     262.0000000        2.3073855
     263.0000000        2.3218020
     264.0000000        2.3257663
     265.0000000        2.3120322
     266.0000000        2.3008533
     267.0000000        2.2919873
     268.0000000        2.2817666
     269.0000000        2.2644653
     270.0000000        2.2444134
     271.0000000        2.2311593
     272.0000000        2.2203354
     273.0000000        2.2075612
     274.0000000        2.1872855
     275.0000000        2.1737654
     276.0000000        2.1722687
     277.0000000        2.1841396
     278.0000000        2.1989250
     279.0000000        2.2104304
     280.0000000        2.2221096
     281.0000000        2.2350754
     282.0000000        2.2395598
     283.0000000        2.2412131
     284.0000000        2.2454772
     285.0000000        2.2491841
     286.0000000        2.2482053
     287.0000000        2.2493174
     288.0000000        2.2352253
     289.0000000        2.2017022
     290.0000000        2.1707186
     291.0000000        2.1516007
     292.0000000        2.1363217
     293.0000000        2.1291673
     294.0000000        2.1329686
     295.0000000        2.1490416
     296.0000000        2.1775020
     297.0000000        2.2012752
     298.0000000        2.2126165
     299.0000000        2.2211385
     300.0000000        2.2304017
     301.0000000        2.2342091
     302.0000000        2.2338946
     303.0000000        2.2306622
     304.0000000        2.2305350
     305.0000000        2.2384796
     306.0000000        2.2604142
     307.0000000        2.2840199
     308.0000000        2.2928246
     309.0000000        2.2793944
     310.0000000        2.2580074
     311.0000000        2.2427906
     312.0000000        2.2444283
     313.0000000        2.2480892
     314.0000000        2.2465247
     315.0000000        2.2414136
     316.0000000        2.2361793
     317.0000000        2.2439254
     318.0000000        2.2593609
     319.0000000        2.2718063
     320.0000000        2.2739840
     321.0000000        2.2785362
     322.0000000        2.2885428
     323.0000000        2.2938455
     324.0000000        2.2910521
     325.0000000        2.2902588
     326.0000000        2.2844839
     327.0000000        2.2730757
     328.0000000        2.2618377
     329.0000000        2.2493014
     330.0000000        2.2408437
     331.0000000        2.2422702
     332.0000000        2.2516104
     333.0000000        2.2745149
     334.0000000        2.2989194
     335.0000000        2.3143138
     336.0000000        2.3100614
     337.0000000        2.3003243
     338.0000000        2.2948235
     339.0000000        2.3038478
     340.0000000        2.3249685
     341.0000000        2.3342438
     342.0000000        2.3417517
     343.0000000        2.3399043
     344.0000000        2.3265795
     345.0000000        2.3072903
     346.0000000        2.2817170
     347.0000000        2.2586896
     348.0000000        2.2550728
     349.0000000        2.2562289
     350.0000000        2.2496568
     351.0000000        2.2499207
     352.0000000        2.2517011
     353.0000000        2.2546329
     354.0000000        2.2587786
     355.0000000        2.2507840
     356.0000000        2.2443531
     357.0000000        2.2470755
     358.0000000        2.2456994
     359.0000000        2.2381176
     360.0000000        2.2235424
     361.0000000        2.2176993
     362.0000000        2.2241761
     363.0000000        2.2328322
     364.0000000        2.2294567
     365.0000000        2.2227174
     366.0000000        2.2227704
     367.0000000        2.2292914
     368.0000000        2.2344702
     369.0000000        2.2472037
     370.0000000        2.2621370
     371.0000000        2.2646412
     372.0000000        2.2547361
     373.0000000        2.2318501
     374.0000000        2.2163091
     375.0000000        2.2186966
     376.0000000        2.2239561
     377.0000000        2.2165027
     378.0000000        2.2020981
     379.0000000        2.1864858
     380.0000000        2.1683827
     381.0000000        2.1589911
     382.0000000        2.1569140
     383.0000000        2.1587689
     384.0000000        2.1678026
     385.0000000        2.1807842
     386.0000000        2.1911906
     387.0000000        2.1954735
     388.0000000        2.2022527
     389.0000000        2.2210272
     390.0000000        2.2316525
     391.0000000        2.2351546
     392.0000000        2.2343973
     393.0000000        2.2318144
     394.0000000        2.2318231
     395.0000000        2.2340205
     396.0000000        2.2397107
     397.0000000        2.2432463
     398.0000000        2.2425259
     399.0000000        2.2391821
     400.0000000        2.2381516
     401.0000000        2.2450560
     402.0000000        2.2544073
     403.0000000        2.2610092
     404.0000000        2.2658366
     405.0000000        2.2685067
     406.0000000        2.2688102
     407.0000000        2.2581392
     408.0000000        2.2431325
     409.0000000        2.2196614
     410.0000000        2.2021404
     411.0000000        2.1973961
     412.0000000        2.1909952
     413.0000000        2.1905780
     414.0000000        2.1988303
     415.0000000        2.2186542
     416.0000000        2.2386217
     417.0000000        2.2518028
     418.0000000        2.2585303
     419.0000000        2.2547613
     420.0000000        2.2474037
     421.0000000        2.2507351
     422.0000000        2.2605069
     423.0000000        2.2744210
     424.0000000        2.3015618
     425.0000000        2.3290086
     426.0000000        2.3419575
     427.0000000        2.3467179
     428.0000000        2.3468354
     429.0000000        2.3519866
     430.0000000        2.3596669
     431.0000000        2.3579857
     432.0000000        2.3405402
     433.0000000        2.3216895
     434.0000000        2.3138005
     435.0000000        2.3045157
     436.0000000        2.2835352
     437.0000000        2.2600827
     438.0000000        2.2397674
     439.0000000        2.2343813
     440.0000000        2.2403370
     441.0000000        2.2538492
     442.0000000        2.2657897
     443.0000000        2.2788144
     444.0000000        2.2867478
     445.0000000        2.2843143
     446.0000000        2.2816655
     447.0000000        2.2850359
     448.0000000        2.2854903
     449.0000000        2.2871505
     450.0000000        2.2832740
     451.0000000        2.2742615
     452.0000000        2.2626305
     453.0000000        2.2513800
     454.0000000        2.2468332
     455.0000000        2.2459746
     456.0000000        2.2355349
     457.0000000        2.2265569
     458.0000000        2.2260304
     459.0000000        2.2368234
     460.0000000        2.2485309
     461.0000000        2.2536784
     462.0000000        2.2555705
     463.0000000        2.2542634
     464.0000000        2.2529211
     465.0000000        2.2474980
     466.0000000        2.2388077
     467.0000000        2.2322039
     468.0000000        2.2259457
     469.0000000        2.2208844
     470.0000000        2.2175024
     471.0000000        2.2199117
     472.0000000        2.2254087
     473.0000000        2.2279188
     474.0000000        2.2199360
     475.0000000        2.2137476
     476.0000000        2.2065534
     477.0000000        2.1952111
     478.0000000        2.1748429
     479.0000000        2.1590465
     480.0000000        2.1546168
     481.0000000        2.1534527
     482.0000000        2.1522699
     483.0000000        2.1602317
     484.0000000        2.1700755
     485.0000000        2.1836467
     486.0000000        2.1918912
     487.0000000        2.1946861
     488.0000000        2.1936075
     489.0000000        2.1855708
     490.0000000        2.1694023
     491.0000000        2.1528220
     492.0000000        2.1455023
     493.0000000        2.1446742
     494.0000000        2.1516813
     495.0000000        2.1674830
     496.0000000        2.1813269
     497.0000000        2.1940064
     498.0000000        2.2057870
     499.0000000        2.2179208
     500.0000000        2.2414597
     501.0000000        2.2653327
     502.0000000        2.2856373
     503.0000000        2.2996740
     504.0000000        2.3071042
     505.0000000        2.2963692
     506.0000000        2.2798262
     507.0000000        2.2655421
     508.0000000        2.2542997
     509.0000000        2.2477090
     510.0000000        2.2359972
     511.0000000        2.2224107
     512.0000000        2.2166354
     513.0000000        2.2204580
     514.0000000        2.2246890
     515.0000000        2.2304756
     516.0000000        2.2309732
     517.0000000        2.2226603
     518.0000000        2.2103391
     519.0000000        2.1897329
     520.0000000        2.1695032
     521.0000000        2.1560604
     522.0000000        2.1542680
     523.0000000        2.1589801
     524.0000000        2.1675001
     525.0000000        2.1738913
     526.0000000        2.1766828
     527.0000000        2.1866684
     528.0000000        2.2034943
     529.0000000        2.2133132
     530.0000000        2.2145154
     531.0000000        2.2212844
     532.0000000        2.2442741
     533.0000000        2.2730523
     534.0000000        2.2889469
     535.0000000        2.2938201
     536.0000000        2.3055760
     537.0000000        2.3199980
     538.0000000        2.3234615
     539.0000000        2.3107551
     540.0000000        2.2866342
     541.0000000        2.2557165
     542.0000000        2.2318058
     543.0000000        2.2299892
     544.0000000        2.2386342
     545.0000000        2.2430019
     546.0000000        2.2385458
     547.0000000        2.2236643
     548.0000000        2.2052476
     549.0000000        2.1919715
     550.0000000        2.1832097
     551.0000000        2.1786846
     552.0000000        2.1879633
     553.0000000        2.2153245
     554.0000000        2.2437086
     555.0000000        2.2648334
     556.0000000        2.2719792
     557.0000000        2.2742226
     558.0000000        2.2741767
     559.0000000        2.2781992
     560.0000000        2.2811295
     561.0000000        2.2645146
     562.0000000        2.2384440
     563.0000000        2.2234355
     564.0000000        2.2206685
     565.0000000        2.2210137
     566.0000000        2.2217408
     567.0000000        2.2225060
     568.0000000        2.2212428
     569.0000000        2.2232426
     570.0000000        2.2314743
     571.0000000        2.2471194
     572.0000000        2.2692185
     573.0000000        2.3037874
     574.0000000        2.3384505
     575.0000000        2.3581031
     576.0000000        2.3682165
     577.0000000        2.3655775
     578.0000000        2.3533836
     579.0000000        2.3443646
     580.0000000        2.3459163
     581.0000000        2.3587895
     582.0000000        2.3639728
     583.0000000        2.3464209
     584.0000000        2.3306676
     585.0000000        2.3254902
     586.0000000        2.3130538
     587.0000000        2.2907795
     588.0000000        2.2683893
     589.0000000        2.2517505
     590.0000000        2.2384038
     591.0000000        2.2338770
     592.0000000        2.2353573
     593.0000000        2.2273694
     594.0000000        2.2062894
     595.0000000        2.1939347
     596.0000000        2.1927423
     597.0000000        2.1960638
     598.0000000        2.1905036
     599.0000000        2.1783456
     600.0000000        2.1694993
