       1.0000000        0.3637368
       2.0000000        0.3497193
       3.0000000        0.3369909
       4.0000000        0.3267039
       5.0000000        0.3134531
       6.0000000        0.3049018
       7.0000000        0.3021340
       8.0000000        0.3001031
       9.0000000        0.2990209
      10.0000000        0.2948608
      11.0000000        0.2890821
      12.0000000        0.2840685
      13.0000000        0.2819677
      14.0000000        0.2836847
      15.0000000        0.2852503
      16.0000000        0.2832148
      17.0000000        0.2820832
      18.0000000        0.2788926
      19.0000000        0.2769216
      20.0000000        0.2768528
      21.0000000        0.2763234
      22.0000000        0.2739112
      23.0000000        0.2692211
      24.0000000        0.2699148
      25.0000000        0.2676974
      26.0000000        0.2695253
      27.0000000        0.2717681
      28.0000000        0.2729542
      29.0000000        0.2686186
      30.0000000        0.2723160
      31.0000000        0.2703815
      32.0000000        0.2718822
      33.0000000        0.2756919
      34.0000000        0.2825990
      35.0000000        0.2824781
      36.0000000        0.2850385
      37.0000000        0.2854947
      38.0000000        0.2840277
      39.0000000        0.2774436
      40.0000000        0.2797520
      41.0000000        0.2808107
      42.0000000        0.2802492
      43.0000000        0.2795301
      44.0000000        0.2786831
      45.0000000        0.2809971
      46.0000000        0.2865305
      47.0000000        0.2972536
      48.0000000        0.3024247
      49.0000000        0.3013706
      50.0000000        0.3010761
      51.0000000        0.2978863
      52.0000000        0.3003385
      53.0000000        0.2998968
      54.0000000        0.2948768
      55.0000000        0.2872690
      56.0000000        0.2775377
      57.0000000        0.2721475
      58.0000000        0.2624930
      59.0000000        0.2604400
      60.0000000        0.2589645
      61.0000000        0.2618056
      62.0000000        0.2596762
      63.0000000        0.2583043
      64.0000000        0.2568942
      65.0000000        0.2473463
      66.0000000        0.2413735
      67.0000000        0.2416249
      68.0000000        0.2413578
      69.0000000        0.2417783
      70.0000000        0.2400389
      71.0000000        0.2393364
      72.0000000        0.2415448
      73.0000000        0.2403264
      74.0000000        0.2400115
      75.0000000        0.2403012
      76.0000000        0.2350499
      77.0000000        0.2345053
      78.0000000        0.2333481
      79.0000000        0.2344513
      80.0000000        0.2339578
      81.0000000        0.2340790
      82.0000000        0.2391929
      83.0000000        0.2485681
      84.0000000        0.2552351
      85.0000000        0.2641720
      86.0000000        0.2710210
      87.0000000        0.2737676
      88.0000000        0.2726597
      89.0000000        0.2707401
      90.0000000        0.2727141
      91.0000000        0.2735919
      92.0000000        0.2755941
      93.0000000        0.2789820
      94.0000000        0.2817858
      95.0000000        0.2815852
      96.0000000        0.2778751
      97.0000000        0.2758856
      98.0000000        0.2712661
      99.0000000        0.2718633
     100.0000000        0.2738794
     101.0000000        0.2759970
     102.0000000        0.2780225
     103.0000000        0.2748256
     104.0000000        0.2705610
     105.0000000        0.2673314
     106.0000000        0.2660723
     107.0000000        0.2712643
     108.0000000        0.2771491
     109.0000000        0.2828652
     110.0000000        0.2908717
     111.0000000        0.2920343
     112.0000000        0.2919575
     113.0000000        0.2880966
     114.0000000        0.2803899
     115.0000000        0.2724357
     116.0000000        0.2700109
     117.0000000        0.2668351
     118.0000000        0.2671917
     119.0000000        0.2661963
     120.0000000        0.2687618
     121.0000000        0.2748689
     122.0000000        0.2773502
     123.0000000        0.2776275
     124.0000000        0.2769939
     125.0000000        0.2674264
     126.0000000        0.2569722
     127.0000000        0.2463977
     128.0000000        0.2401699
     129.0000000        0.2375837
     130.0000000        0.2403972
     131.0000000        0.2419936
     132.0000000        0.2409712
     133.0000000        0.2432835
     134.0000000        0.2423782
     135.0000000        0.2439846
     136.0000000        0.2432546
     137.0000000        0.2404551
     138.0000000        0.2404866
     139.0000000        0.2405739
     140.0000000        0.2426170
     141.0000000        0.2447913
     142.0000000        0.2432149
     143.0000000        0.2454472
     144.0000000        0.2485310
     145.0000000        0.2526106
     146.0000000        0.2522394
     147.0000000        0.2534645
     148.0000000        0.2598060
     149.0000000        0.2642395
     150.0000000        0.2650176
     151.0000000        0.2649791
     152.0000000        0.2637895
     153.0000000        0.2573391
     154.0000000        0.2548005
     155.0000000        0.2519532
     156.0000000        0.2496354
     157.0000000        0.2462779
     158.0000000        0.2399756
     159.0000000        0.2370773
     160.0000000        0.2397269
     161.0000000        0.2396407
     162.0000000        0.2394165
     163.0000000        0.2366912
     164.0000000        0.2378612
     165.0000000        0.2402228
     166.0000000        0.2440490
     167.0000000        0.2495473
     168.0000000        0.2539107
     169.0000000        0.2594648
     170.0000000        0.2607009
     171.0000000        0.2592668
     172.0000000        0.2563128
     173.0000000        0.2549279
     174.0000000        0.2563881
     175.0000000        0.2574882
     176.0000000        0.2556350
     177.0000000        0.2533104
     178.0000000        0.2501136
     179.0000000        0.2460766
     180.0000000        0.2415024
     181.0000000        0.2384046
     182.0000000        0.2377618
     183.0000000        0.2382916
     184.0000000        0.2404100
     185.0000000        0.2388766
     186.0000000        0.2379268
     187.0000000        0.2424878
     188.0000000        0.2454054
     189.0000000        0.2511682
     190.0000000        0.2566071
     191.0000000        0.2647367
     192.0000000        0.2714341
     193.0000000        0.2802828
     194.0000000        0.2855511
     195.0000000        0.2862509
     196.0000000        0.2827126
     197.0000000        0.2780142
     198.0000000        0.2752641
     199.0000000        0.2723829
     200.0000000        0.2707411
     201.0000000        0.2735396
     202.0000000        0.2774020
     203.0000000        0.2758683
     204.0000000        0.2698548
     205.0000000        0.2662518
     206.0000000        0.2585774
     207.0000000        0.2516557
     208.0000000        0.2475688
     209.0000000        0.2452731
     210.0000000        0.2474044
     211.0000000        0.2471245
     212.0000000        0.2477672
     213.0000000        0.2445259
     214.0000000        0.2411056
     215.0000000        0.2402492
     216.0000000        0.2415119
     217.0000000        0.2397837
     218.0000000        0.2443117
     219.0000000        0.2522057
     220.0000000        0.2633525
     221.0000000        0.2730486
     222.0000000        0.2772963
     223.0000000        0.2821152
     224.0000000        0.2835853
     225.0000000        0.2803155
     226.0000000        0.2774200
     227.0000000        0.2745925
     228.0000000        0.2770497
     229.0000000        0.2780974
     230.0000000        0.2768770
     231.0000000        0.2739564
     232.0000000        0.2731102
     233.0000000        0.2760856
     234.0000000        0.2742854
     235.0000000        0.2726954
     236.0000000        0.2711030
     237.0000000        0.2698275
     238.0000000        0.2711597
     239.0000000        0.2725108
     240.0000000        0.2741916
     241.0000000        0.2746309
     242.0000000        0.2734758
     243.0000000        0.2698117
     244.0000000        0.2664550
     245.0000000        0.2631382
     246.0000000        0.2620736
     247.0000000        0.2595064
     248.0000000        0.2548463
     249.0000000        0.2512462
     250.0000000        0.2443726
     251.0000000        0.2417242
     252.0000000        0.2443892
     253.0000000        0.2470381
     254.0000000        0.2493953
     255.0000000        0.2499300
     256.0000000        0.2528060
     257.0000000        0.2595346
     258.0000000        0.2603797
     259.0000000        0.2634814
     260.0000000        0.2660399
     261.0000000        0.2694161
     262.0000000        0.2733967
     263.0000000        0.2777806
     264.0000000        0.2828231
     265.0000000        0.2803960
     266.0000000        0.2760041
     267.0000000        0.2717419
     268.0000000        0.2718761
     269.0000000        0.2671416
     270.0000000        0.2614207
     271.0000000        0.2585036
     272.0000000        0.2529217
     273.0000000        0.2493507
     274.0000000        0.2443544
     275.0000000        0.2398987
     276.0000000        0.2347186
     277.0000000        0.2328933
     278.0000000        0.2344283
     279.0000000        0.2391850
     280.0000000        0.2437501
     281.0000000        0.2488273
     282.0000000        0.2505892
     283.0000000        0.2536747
     284.0000000        0.2565469
     285.0000000        0.2596950
     286.0000000        0.2566413
     287.0000000        0.2564193
     288.0000000        0.2553965
     289.0000000        0.2466336
     290.0000000        0.2342803
     291.0000000        0.2274046
     292.0000000        0.2209784
     293.0000000        0.2163995
     294.0000000        0.2132984
     295.0000000        0.2120054
     296.0000000        0.2175572
     297.0000000        0.2254558
     298.0000000        0.2309905
     299.0000000        0.2374753
     300.0000000        0.2432122
     301.0000000        0.2465614
     302.0000000        0.2504515
     303.0000000        0.2502267
     304.0000000        0.2499176
     305.0000000        0.2499727
     306.0000000        0.2535129
     307.0000000        0.2583995
     308.0000000        0.2639376
     309.0000000        0.2623106
     310.0000000        0.2596567
     311.0000000        0.2559572
     312.0000000        0.2553443
     313.0000000        0.2576535
     314.0000000        0.2569717
     315.0000000        0.2601785
     316.0000000        0.2604944
     317.0000000        0.2621111
     318.0000000        0.2616656
     319.0000000        0.2655741
     320.0000000        0.2672744
     321.0000000        0.2689078
     322.0000000        0.2726342
     323.0000000        0.2749701
     324.0000000        0.2704814
     325.0000000        0.2707444
     326.0000000        0.2734021
     327.0000000        0.2728141
     328.0000000        0.2722362
     329.0000000        0.2694841
     330.0000000        0.2679721
     331.0000000        0.2706512
     332.0000000        0.2676551
     333.0000000        0.2669801
     334.0000000        0.2703777
     335.0000000        0.2749323
     336.0000000        0.2784045
     337.0000000        0.2781134
     338.0000000        0.2752866
     339.0000000        0.2766329
     340.0000000        0.2839622
     341.0000000        0.2871302
     342.0000000        0.2909020
     343.0000000        0.2924849
     344.0000000        0.2904398
     345.0000000        0.2863234
     346.0000000        0.2819216
     347.0000000        0.2754824
     348.0000000        0.2685912
     349.0000000        0.2680208
     350.0000000        0.2645789
     351.0000000        0.2625527
     352.0000000        0.2609090
     353.0000000        0.2620271
     354.0000000        0.2656523
     355.0000000        0.2635942
     356.0000000        0.2627588
     357.0000000        0.2659575
     358.0000000        0.2662122
     359.0000000        0.2638080
     360.0000000        0.2607722
     361.0000000        0.2585297
     362.0000000        0.2542386
     363.0000000        0.2526050
     364.0000000        0.2523838
     365.0000000        0.2503472
     366.0000000        0.2474067
     367.0000000        0.2481462
     368.0000000        0.2469365
     369.0000000        0.2492804
     370.0000000        0.2548035
     371.0000000        0.2550503
     372.0000000        0.2555423
     373.0000000        0.2519527
     374.0000000        0.2466638
     375.0000000        0.2464374
     376.0000000        0.2486836
     377.0000000        0.2485658
     378.0000000        0.2491961
     379.0000000        0.2500914
     380.0000000        0.2413379
     381.0000000        0.2352453
     382.0000000        0.2339057
     383.0000000        0.2316034
     384.0000000        0.2297001
     385.0000000        0.2297392
     386.0000000        0.2314794
     387.0000000        0.2344006
     388.0000000        0.2366061
     389.0000000        0.2434890
     390.0000000        0.2442132
     391.0000000        0.2449742
     392.0000000        0.2481569
     393.0000000        0.2527014
     394.0000000        0.2559694
     395.0000000        0.2562984
     396.0000000        0.2590338
     397.0000000        0.2633401
     398.0000000        0.2635760
     399.0000000        0.2603518
     400.0000000        0.2569863
     401.0000000        0.2557860
     402.0000000        0.2557695
     403.0000000        0.2568352
     404.0000000        0.2583046
     405.0000000        0.2586834
     406.0000000        0.2610525
     407.0000000        0.2598794
     408.0000000        0.2571436
     409.0000000        0.2521803
     410.0000000        0.2451560
     411.0000000        0.2431278
     412.0000000        0.2412373
     413.0000000        0.2417076
     414.0000000        0.2440342
     415.0000000        0.2491796
     416.0000000        0.2523847
     417.0000000        0.2541048
     418.0000000        0.2583770
     419.0000000        0.2614668
     420.0000000        0.2604298
     421.0000000        0.2610194
     422.0000000        0.2640579
     423.0000000        0.2662029
     424.0000000        0.2693796
     425.0000000        0.2771005
     426.0000000        0.2828137
     427.0000000        0.2860779
     428.0000000        0.2856430
     429.0000000        0.2857861
     430.0000000        0.2865283
     431.0000000        0.2890734
     432.0000000        0.2893954
     433.0000000        0.2869519
     434.0000000        0.2862795
     435.0000000        0.2860517
     436.0000000        0.2771265
     437.0000000        0.2679827
     438.0000000        0.2610906
     439.0000000        0.2600947
     440.0000000        0.2609275
     441.0000000        0.2639242
     442.0000000        0.2641085
     443.0000000        0.2686426
     444.0000000        0.2753122
     445.0000000        0.2798953
     446.0000000        0.2784471
     447.0000000        0.2758473
     448.0000000        0.2743930
     449.0000000        0.2726707
     450.0000000        0.2673078
     451.0000000        0.2629755
     452.0000000        0.2624403
     453.0000000        0.2619262
     454.0000000        0.2606587
     455.0000000        0.2599760
     456.0000000        0.2552112
     457.0000000        0.2527415
     458.0000000        0.2474383
     459.0000000        0.2462925
     460.0000000        0.2470677
     461.0000000        0.2480225
     462.0000000        0.2495310
     463.0000000        0.2515689
     464.0000000        0.2549779
     465.0000000        0.2555546
     466.0000000        0.2519363
     467.0000000        0.2489289
     468.0000000        0.2473838
     469.0000000        0.2464333
     470.0000000        0.2468054
     471.0000000        0.2484206
     472.0000000        0.2496695
     473.0000000        0.2508338
     474.0000000        0.2473782
     475.0000000        0.2470052
     476.0000000        0.2459178
     477.0000000        0.2441877
     478.0000000        0.2397828
     479.0000000        0.2351223
     480.0000000        0.2331056
     481.0000000        0.2325756
     482.0000000        0.2275595
     483.0000000        0.2273952
     484.0000000        0.2250238
     485.0000000        0.2275406
     486.0000000        0.2312082
     487.0000000        0.2361249
     488.0000000        0.2368976
     489.0000000        0.2360775
     490.0000000        0.2314833
     491.0000000        0.2287094
     492.0000000        0.2264833
     493.0000000        0.2249418
     494.0000000        0.2249450
     495.0000000        0.2307128
     496.0000000        0.2345118
     497.0000000        0.2355148
     498.0000000        0.2363805
     499.0000000        0.2399410
     500.0000000        0.2473639
     501.0000000        0.2550142
     502.0000000        0.2630122
     503.0000000        0.2689003
     504.0000000        0.2740347
     505.0000000        0.2720292
     506.0000000        0.2702604
     507.0000000        0.2652372
     508.0000000        0.2617670
     509.0000000        0.2612219
     510.0000000        0.2580044
     511.0000000        0.2559658
     512.0000000        0.2552692
     513.0000000        0.2561528
     514.0000000        0.2534517
     515.0000000        0.2524135
     516.0000000        0.2532995
     517.0000000        0.2513741
     518.0000000        0.2480071
     519.0000000        0.2416688
     520.0000000        0.2344397
     521.0000000        0.2287155
     522.0000000        0.2263168
     523.0000000        0.2239837
     524.0000000        0.2255207
     525.0000000        0.2294996
     526.0000000        0.2313859
     527.0000000        0.2365464
     528.0000000        0.2379811
     529.0000000        0.2411619
     530.0000000        0.2456103
     531.0000000        0.2473660
     532.0000000        0.2480859
     533.0000000        0.2541972
     534.0000000        0.2629477
     535.0000000        0.2681951
     536.0000000        0.2705848
     537.0000000        0.2730389
     538.0000000        0.2763761
     539.0000000        0.2757087
     540.0000000        0.2745989
     541.0000000        0.2705489
     542.0000000        0.2643420
     543.0000000        0.2592149
     544.0000000        0.2599730
     545.0000000        0.2601879
     546.0000000        0.2568227
     547.0000000        0.2520722
     548.0000000        0.2481498
     549.0000000        0.2434423
     550.0000000        0.2396904
     551.0000000        0.2370657
     552.0000000        0.2352114
     553.0000000        0.2388147
     554.0000000        0.2427142
     555.0000000        0.2474644
     556.0000000        0.2490206
     557.0000000        0.2507837
     558.0000000        0.2532853
     559.0000000        0.2536128
     560.0000000        0.2548400
     561.0000000        0.2562243
     562.0000000        0.2548234
     563.0000000        0.2525858
     564.0000000        0.2515482
     565.0000000        0.2495318
     566.0000000        0.2495175
     567.0000000        0.2469605
     568.0000000        0.2463885
     569.0000000        0.2449850
     570.0000000        0.2458584
     571.0000000        0.2498151
     572.0000000        0.2552648
     573.0000000        0.2668505
     574.0000000        0.2774281
     575.0000000        0.2813873
     576.0000000        0.2849663
     577.0000000        0.2881319
     578.0000000        0.2868695
     579.0000000        0.2854282
     580.0000000        0.2865404
     581.0000000        0.2906775
     582.0000000        0.2926856
     583.0000000        0.2908347
     584.0000000        0.2883135
     585.0000000        0.2865213
     586.0000000        0.2835406
     587.0000000        0.2787508
     588.0000000        0.2697090
     589.0000000        0.2624937
     590.0000000        0.2557954
     591.0000000        0.2548900
     592.0000000        0.2533686
     593.0000000        0.2511281
     594.0000000        0.2467765
     595.0000000        0.2427184
     596.0000000        0.2411618
     597.0000000        0.2441745
     598.0000000        0.2454037
     599.0000000        0.2460338
     600.0000000        0.2429139
