       1.0000000        5.7960471
       2.0000000        5.6717337
       3.0000000        5.5154046
       4.0000000        5.4085516
       5.0000000        5.2845105
       6.0000000        5.2229329
       7.0000000        5.1816825
       8.0000000        5.1581450
       9.0000000        5.1344824
      10.0000000        5.1209116
      11.0000000        5.0920410
      12.0000000        5.0866403
      13.0000000        5.1183631
      14.0000000        5.1761002
      15.0000000        5.1749875
      16.0000000        5.1223788
      17.0000000        5.0990180
      18.0000000        5.1152187
      19.0000000        5.1002312
      20.0000000        5.1188366
      21.0000000        5.1357345
      22.0000000        5.1523938
      23.0000000        5.1448629
      24.0000000        5.1149385
      25.0000000        5.1026920
      26.0000000        5.1068973
      27.0000000        5.1117873
      28.0000000        5.0900908
      29.0000000        5.0332012
      30.0000000        5.0184932
      31.0000000        5.0465454
      32.0000000        5.0913333
      33.0000000        5.1451479
      34.0000000        5.1730763
      35.0000000        5.1767318
      36.0000000        5.1701181
      37.0000000        5.1660182
      38.0000000        5.1582583
      39.0000000        5.1500068
      40.0000000        5.1685394
      41.0000000        5.1947354
      42.0000000        5.1886600
      43.0000000        5.1966180
      44.0000000        5.2044484
      45.0000000        5.1690754
      46.0000000        5.1154677
      47.0000000        5.0725989
      48.0000000        5.0718777
      49.0000000        5.0475563
      50.0000000        4.9886289
      51.0000000        4.9047318
      52.0000000        4.7881560
      53.0000000        4.7581444
      54.0000000        4.7702621
      55.0000000        4.8015379
      56.0000000        4.8389203
      57.0000000        4.9034623
      58.0000000        4.9478515
      59.0000000        4.9846792
      60.0000000        5.0064413
      61.0000000        4.9924524
      62.0000000        5.0020744
      63.0000000        5.0152950
      64.0000000        4.9699000
      65.0000000        4.8953640
      66.0000000        4.8042776
      67.0000000        4.7483528
      68.0000000        4.7285916
      69.0000000        4.7229204
      70.0000000        4.6932974
      71.0000000        4.6703692
      72.0000000        4.6646294
      73.0000000        4.6854436
      74.0000000        4.7202970
      75.0000000        4.7374889
      76.0000000        4.7256053
      77.0000000        4.6946612
      78.0000000        4.7101349
      79.0000000        4.7093399
      80.0000000        4.7160337
      81.0000000        4.7421764
      82.0000000        4.7580929
      83.0000000        4.7789742
      84.0000000        4.7999817
      85.0000000        4.8122151
      86.0000000        4.7812151
      87.0000000        4.7309430
      88.0000000        4.7100754
      89.0000000        4.7057480
      90.0000000        4.7185452
      91.0000000        4.7440999
      92.0000000        4.7659124
      93.0000000        4.7783101
      94.0000000        4.8083040
      95.0000000        4.8306749
      96.0000000        4.8641456
      97.0000000        4.8858816
      98.0000000        4.8858158
      99.0000000        4.8971653
     100.0000000        4.8765109
     101.0000000        4.8395367
     102.0000000        4.7986055
     103.0000000        4.8009432
     104.0000000        4.8346089
     105.0000000        4.8561120
     106.0000000        4.8744834
     107.0000000        4.9319046
     108.0000000        4.9878205
     109.0000000        4.9867488
     110.0000000        4.9977048
     111.0000000        5.0127000
     112.0000000        5.0195709
     113.0000000        5.0345853
     114.0000000        5.0518546
     115.0000000        5.0661798
     116.0000000        5.0687033
     117.0000000        5.0644810
     118.0000000        5.0535873
     119.0000000        5.0288798
     120.0000000        4.9966938
     121.0000000        4.9555152
     122.0000000        4.9384768
     123.0000000        4.8956466
     124.0000000        4.8653234
     125.0000000        4.8577818
     126.0000000        4.8709385
     127.0000000        4.8712559
     128.0000000        4.8657072
     129.0000000        4.8191376
     130.0000000        4.7809369
     131.0000000        4.7695208
     132.0000000        4.7725691
     133.0000000        4.7816718
     134.0000000        4.7589940
     135.0000000        4.7240610
     136.0000000        4.7319534
     137.0000000        4.7580359
     138.0000000        4.7922037
     139.0000000        4.8464812
     140.0000000        4.8876155
     141.0000000        4.9057940
     142.0000000        4.9306549
     143.0000000        4.9162310
     144.0000000        4.8785063
     145.0000000        4.8166611
     146.0000000        4.8055712
     147.0000000        4.7958317
     148.0000000        4.7800940
     149.0000000        4.7416864
     150.0000000        4.7109302
     151.0000000        4.7147294
     152.0000000        4.7630380
     153.0000000        4.7985684
     154.0000000        4.8180489
     155.0000000        4.8289691
     156.0000000        4.8461929
     157.0000000        4.8563216
     158.0000000        4.8859090
     159.0000000        4.9247970
     160.0000000        4.9366960
     161.0000000        4.8991330
     162.0000000        4.8524157
     163.0000000        4.8054807
     164.0000000        4.7664334
     165.0000000        4.7501570
     166.0000000        4.7352964
     167.0000000        4.7181811
     168.0000000        4.7001422
     169.0000000        4.7035572
     170.0000000        4.7423982
     171.0000000        4.7810485
     172.0000000        4.7943208
     173.0000000        4.7975925
     174.0000000        4.8140430
     175.0000000        4.7976383
     176.0000000        4.8154373
     177.0000000        4.8495232
     178.0000000        4.8814684
     179.0000000        4.9301031
     180.0000000        4.9954924
     181.0000000        5.0551346
     182.0000000        5.1459111
     183.0000000        5.2296083
     184.0000000        5.2887442
     185.0000000        5.2589267
     186.0000000        5.1910399
     187.0000000        5.1525687
     188.0000000        5.1353701
     189.0000000        5.0883743
     190.0000000        5.0236116
     191.0000000        5.0172086
     192.0000000        5.0143175
     193.0000000        5.0091679
     194.0000000        5.0061838
     195.0000000        4.9703435
     196.0000000        4.9694917
     197.0000000        4.9902453
     198.0000000        4.9929838
     199.0000000        4.9875257
     200.0000000        4.9802057
     201.0000000        5.0074630
     202.0000000        5.0298218
     203.0000000        5.0630803
     204.0000000        5.1190867
     205.0000000        5.1048702
     206.0000000        5.0910476
     207.0000000        5.0707718
     208.0000000        5.0484424
     209.0000000        5.0378801
     210.0000000        5.0233412
     211.0000000        5.0133039
     212.0000000        5.0102513
     213.0000000        4.9737290
     214.0000000        4.9629642
     215.0000000        4.9666122
     216.0000000        4.9322480
     217.0000000        4.8794357
     218.0000000        4.8552983
     219.0000000        4.8575871
     220.0000000        4.8436237
     221.0000000        4.8293666
     222.0000000        4.8377320
     223.0000000        4.8202023
     224.0000000        4.7936347
     225.0000000        4.7785891
     226.0000000        4.7569235
     227.0000000        4.7722462
     228.0000000        4.7860871
     229.0000000        4.8126001
     230.0000000        4.8289745
     231.0000000        4.8344794
     232.0000000        4.8237997
     233.0000000        4.7851648
     234.0000000        4.7419633
     235.0000000        4.7026052
     236.0000000        4.7093028
     237.0000000        4.7355971
     238.0000000        4.7883237
     239.0000000        4.8089846
     240.0000000        4.8279296
     241.0000000        4.8336620
     242.0000000        4.8477212
     243.0000000        4.9027064
     244.0000000        4.9475331
     245.0000000        5.0083493
     246.0000000        5.0738164
     247.0000000        5.1515735
     248.0000000        5.2060746
     249.0000000        5.1575974
     250.0000000        5.1036978
     251.0000000        5.0234984
     252.0000000        4.9299685
     253.0000000        4.8418087
     254.0000000        4.7684002
     255.0000000        4.6980863
     256.0000000        4.6313496
     257.0000000        4.6172629
     258.0000000        4.6174027
     259.0000000        4.6229626
     260.0000000        4.6413066
     261.0000000        4.6756871
     262.0000000        4.7312832
     263.0000000        4.8155419
     264.0000000        4.8746593
     265.0000000        4.8990278
     266.0000000        4.8804088
     267.0000000        4.8814283
     268.0000000        4.8623271
     269.0000000        4.8257815
     270.0000000        4.8360975
     271.0000000        4.8057824
     272.0000000        4.7872041
     273.0000000        4.7563164
     274.0000000        4.7182753
     275.0000000        4.7159069
     276.0000000        4.7723933
     277.0000000        4.8183910
     278.0000000        4.8451764
     279.0000000        4.8315507
     280.0000000        4.8222737
     281.0000000        4.8414354
     282.0000000        4.8921474
     283.0000000        4.9871365
     284.0000000        5.0749879
     285.0000000        5.1240493
     286.0000000        5.1615926
     287.0000000        5.1951382
     288.0000000        5.2130361
     289.0000000        5.2086414
     290.0000000        5.2231617
     291.0000000        5.2252924
     292.0000000        5.2016975
     293.0000000        5.1805988
     294.0000000        5.1479647
     295.0000000        5.1174547
     296.0000000        5.1053129
     297.0000000        5.1048459
     298.0000000        5.0680288
     299.0000000        5.0497169
     300.0000000        5.0669948
     301.0000000        5.0817790
     302.0000000        5.1036639
     303.0000000        5.1205054
     304.0000000        5.1106797
     305.0000000        5.0517369
     306.0000000        5.0109460
     307.0000000        4.9568318
     308.0000000        4.9228792
     309.0000000        4.9100230
     310.0000000        4.8957669
     311.0000000        4.8798378
     312.0000000        4.8765947
     313.0000000        4.8541143
     314.0000000        4.8183831
     315.0000000        4.7982324
     316.0000000        4.7792548
     317.0000000        4.7412183
     318.0000000        4.7496011
     319.0000000        4.7479860
     320.0000000        4.7491658
     321.0000000        4.7213844
     322.0000000        4.7100841
     323.0000000        4.6983964
     324.0000000        4.6823243
     325.0000000        4.6801114
     326.0000000        4.7039822
     327.0000000        4.7341536
     328.0000000        4.7561072
     329.0000000        4.7836644
     330.0000000        4.8383001
     331.0000000        4.8877657
     332.0000000        4.9230115
     333.0000000        4.9617247
     334.0000000        5.0145118
     335.0000000        5.0674271
     336.0000000        5.0856567
     337.0000000        5.0770444
     338.0000000        5.0649589
     339.0000000        5.0565920
     340.0000000        5.0204498
     341.0000000        4.9873657
     342.0000000        4.9627954
     343.0000000        4.9662694
     344.0000000        4.9422637
     345.0000000        4.8953567
     346.0000000        4.8839764
     347.0000000        4.8892809
     348.0000000        4.8356110
     349.0000000        4.7727065
     350.0000000        4.7173365
     351.0000000        4.6615128
     352.0000000        4.6240958
     353.0000000        4.5756850
     354.0000000        4.5543530
     355.0000000        4.5531319
     356.0000000        4.5685696
     357.0000000        4.5978797
     358.0000000        4.6342710
     359.0000000        4.6730027
     360.0000000        4.7151459
     361.0000000        4.7598108
     362.0000000        4.8217929
     363.0000000        4.8846175
     364.0000000        4.9349512
     365.0000000        4.9931605
     366.0000000        5.0712198
     367.0000000        5.1393436
     368.0000000        5.1770540
     369.0000000        5.2216179
     370.0000000        5.2493672
     371.0000000        5.2932739
     372.0000000        5.3188222
     373.0000000        5.2903411
     374.0000000        5.2374399
     375.0000000        5.1669368
     376.0000000        5.1541811
     377.0000000        5.1463492
     378.0000000        5.1303410
     379.0000000        5.0903354
     380.0000000        5.0519176
     381.0000000        5.0340912
     382.0000000        5.0065016
     383.0000000        4.9639403
     384.0000000        4.9522980
     385.0000000        4.9775863
     386.0000000        4.9752698
     387.0000000        4.9725298
     388.0000000        4.9849635
     389.0000000        4.9754209
     390.0000000        4.9789485
     391.0000000        4.9906781
     392.0000000        4.9833159
     393.0000000        4.9975215
     394.0000000        5.0197205
     395.0000000        5.0128224
     396.0000000        4.9714620
     397.0000000        4.9317573
     398.0000000        4.8798968
     399.0000000        4.8453099
     400.0000000        4.8221446
     401.0000000        4.7806429
     402.0000000        4.7455390
     403.0000000        4.7297178
     404.0000000        4.7006934
     405.0000000        4.7179675
     406.0000000        4.7701327
     407.0000000        4.8166480
     408.0000000        4.8535904
     409.0000000        4.8479390
     410.0000000        4.8136904
     411.0000000        4.8255623
     412.0000000        4.8368500
     413.0000000        4.8762080
     414.0000000        4.9252492
     415.0000000        4.9501111
     416.0000000        4.9731989
     417.0000000        4.9681878
     418.0000000        4.9716707
     419.0000000        4.9665756
     420.0000000        4.9306015
     421.0000000        4.9100713
     422.0000000        4.8810315
     423.0000000        4.8753698
     424.0000000        4.8672930
     425.0000000        4.8838896
     426.0000000        4.8927001
     427.0000000        4.8942322
     428.0000000        4.9105459
     429.0000000        4.9269847
     430.0000000        4.9202403
     431.0000000        4.9201581
     432.0000000        4.9650732
     433.0000000        5.0562496
     434.0000000        5.1269543
     435.0000000        5.1630306
     436.0000000        5.1442100
     437.0000000        5.1406141
     438.0000000        5.1294704
     439.0000000        5.1136921
     440.0000000        5.1100702
     441.0000000        5.0854259
     442.0000000        5.0796608
     443.0000000        5.0340893
     444.0000000        4.9788766
     445.0000000        4.9960023
     446.0000000        5.0316395
     447.0000000        5.0020054
     448.0000000        4.9622703
     449.0000000        4.8946364
     450.0000000        4.8008456
     451.0000000        4.7797588
     452.0000000        4.8373593
     453.0000000        4.8679176
     454.0000000        4.8806537
     455.0000000        4.8977310
     456.0000000        4.9014383
     457.0000000        4.9125037
     458.0000000        4.8889068
     459.0000000        4.8400546
     460.0000000        4.8351840
     461.0000000        4.8155355
     462.0000000        4.7825127
     463.0000000        4.7739597
     464.0000000        4.7677155
     465.0000000        4.7575790
     466.0000000        4.7535580
     467.0000000        4.7663036
     468.0000000        4.8123736
     469.0000000        4.8487588
     470.0000000        4.8778563
     471.0000000        4.8653566
     472.0000000        4.8366505
     473.0000000        4.8169875
     474.0000000        4.7750966
     475.0000000        4.7583245
     476.0000000        4.7558682
     477.0000000        4.7743636
     478.0000000        4.7723031
     479.0000000        4.7941794
     480.0000000        4.8121659
     481.0000000        4.8317251
     482.0000000        4.8081197
     483.0000000        4.8123316
     484.0000000        4.8313367
     485.0000000        4.8352704
     486.0000000        4.8463253
     487.0000000        4.8462601
     488.0000000        4.8672710
     489.0000000        4.8945459
     490.0000000        4.8781172
     491.0000000        4.8368065
     492.0000000        4.7927483
     493.0000000        4.8072025
     494.0000000        4.8174892
     495.0000000        4.8275499
     496.0000000        4.8477908
     497.0000000        4.8374554
     498.0000000        4.8049029
     499.0000000        4.7630764
     500.0000000        4.7300857
     501.0000000        4.7061611
     502.0000000        4.6634326
     503.0000000        4.6289753
     504.0000000        4.5807052
     505.0000000        4.5651691
     506.0000000        4.5727576
     507.0000000        4.6072411
     508.0000000        4.6422421
     509.0000000        4.6737843
     510.0000000        4.7123954
     511.0000000        4.7590833
     512.0000000        4.7936104
     513.0000000        4.8273297
     514.0000000        4.8456963
     515.0000000        4.8622864
     516.0000000        4.8976890
     517.0000000        4.9647710
     518.0000000        5.0085555
     519.0000000        5.0331511
     520.0000000        5.0251003
     521.0000000        5.0021136
     522.0000000        4.9729985
     523.0000000        4.9723222
     524.0000000        4.9252668
     525.0000000        4.9136667
     526.0000000        4.9062516
     527.0000000        4.9552699
     528.0000000        4.9762476
     529.0000000        4.9596217
     530.0000000        4.9513873
     531.0000000        4.9350312
     532.0000000        4.9228659
     533.0000000        4.9552660
     534.0000000        4.9758439
     535.0000000        5.0003534
     536.0000000        5.0188652
     537.0000000        5.0578983
     538.0000000        5.0690085
     539.0000000        5.0966158
     540.0000000        5.1455830
     541.0000000        5.1694293
     542.0000000        5.1938631
     543.0000000        5.2326266
     544.0000000        5.2647314
     545.0000000        5.3078437
     546.0000000        5.3062498
     547.0000000        5.3004616
     548.0000000        5.2777386
     549.0000000        5.2688016
     550.0000000        5.2851304
     551.0000000        5.3027672
     552.0000000        5.3245002
     553.0000000        5.3523964
     554.0000000        5.3847108
     555.0000000        5.3224368
     556.0000000        5.2886425
     557.0000000        5.2700729
     558.0000000        5.2310561
     559.0000000        5.1720659
     560.0000000        5.1581995
     561.0000000        5.1758575
     562.0000000        5.1897374
     563.0000000        5.1880543
     564.0000000        5.1363235
     565.0000000        5.0536100
     566.0000000        4.9669540
     567.0000000        4.9094066
     568.0000000        4.9158359
     569.0000000        4.9339239
     570.0000000        4.9574309
     571.0000000        4.9502670
     572.0000000        4.9583177
     573.0000000        4.9726890
     574.0000000        4.9744714
     575.0000000        4.9647760
     576.0000000        4.9767384
     577.0000000        5.0093223
     578.0000000        5.0264046
     579.0000000        5.0442663
     580.0000000        5.0546950
     581.0000000        5.0776586
     582.0000000        5.0584780
     583.0000000        5.0549257
     584.0000000        5.0420322
     585.0000000        4.9790970
     586.0000000        4.9436843
     587.0000000        4.9280309
     588.0000000        4.9078591
     589.0000000        4.8967117
     590.0000000        4.8743078
     591.0000000        4.8938653
     592.0000000        4.9635169
     593.0000000        5.0458688
     594.0000000        5.1055886
     595.0000000        5.1443657
     596.0000000        5.1356470
     597.0000000        5.0860573
     598.0000000        5.0647221
     599.0000000        5.0438445
     600.0000000        4.9935274
