       1.0000000        2.4042807
       2.0000000        2.4066939
       3.0000000        2.4095910
       4.0000000        2.4110342
       5.0000000        2.4117129
       6.0000000        2.4107653
       7.0000000        2.4072523
       8.0000000        2.4032755
       9.0000000        2.4022277
      10.0000000        2.4035826
      11.0000000        2.4071160
      12.0000000        2.4103329
      13.0000000        2.4107634
      14.0000000        2.4112428
      15.0000000        2.4130371
      16.0000000        2.4157885
      17.0000000        2.4182969
      18.0000000        2.4176395
      19.0000000        2.4132278
      20.0000000        2.4076058
      21.0000000        2.4042687
      22.0000000        2.4017727
      23.0000000        2.3969996
      24.0000000        2.3921913
      25.0000000        2.3902756
      26.0000000        2.3892162
      27.0000000        2.3890034
      28.0000000        2.3889810
      29.0000000        2.3914497
      30.0000000        2.3967710
      31.0000000        2.4026978
      32.0000000        2.4081873
      33.0000000        2.4119748
      34.0000000        2.4136969
      35.0000000        2.4133972
      36.0000000        2.4141358
      37.0000000        2.4165375
      38.0000000        2.4186856
      39.0000000        2.4194836
      40.0000000        2.4198350
      41.0000000        2.4222025
      42.0000000        2.4242017
      43.0000000        2.4233413
      44.0000000        2.4210324
      45.0000000        2.4181709
      46.0000000        2.4158571
      47.0000000        2.4145129
      48.0000000        2.4147389
      49.0000000        2.4156347
      50.0000000        2.4166777
      51.0000000        2.4155454
      52.0000000        2.4131350
      53.0000000        2.4103284
      54.0000000        2.4072939
      55.0000000        2.4050743
      56.0000000        2.4019676
      57.0000000        2.4001328
      58.0000000        2.4001166
      59.0000000        2.4006998
      60.0000000        2.4006295
      61.0000000        2.4028712
      62.0000000        2.4082669
      63.0000000        2.4110261
      64.0000000        2.4111179
      65.0000000        2.4111390
      66.0000000        2.4103502
      67.0000000        2.4088884
      68.0000000        2.4078128
      69.0000000        2.4104211
      70.0000000        2.4131149
      71.0000000        2.4150916
      72.0000000        2.4169450
      73.0000000        2.4167874
      74.0000000        2.4159920
      75.0000000        2.4156474
      76.0000000        2.4148855
      77.0000000        2.4147694
      78.0000000        2.4150600
      79.0000000        2.4143347
      80.0000000        2.4123516
      81.0000000        2.4132809
      82.0000000        2.4156935
      83.0000000        2.4181492
      84.0000000        2.4194247
      85.0000000        2.4215650
      86.0000000        2.4244396
      87.0000000        2.4263151
      88.0000000        2.4272138
      89.0000000        2.4287818
      90.0000000        2.4295225
      91.0000000        2.4254655
      92.0000000        2.4202385
      93.0000000        2.4185520
      94.0000000        2.4209858
      95.0000000        2.4255279
      96.0000000        2.4271952
      97.0000000        2.4255586
      98.0000000        2.4233296
      99.0000000        2.4225981
     100.0000000        2.4199037
     101.0000000        2.4150885
     102.0000000        2.4134367
     103.0000000        2.4151641
     104.0000000        2.4149524
     105.0000000        2.4116506
     106.0000000        2.4074910
     107.0000000        2.4051920
     108.0000000        2.4059004
     109.0000000        2.4078619
     110.0000000        2.4093106
     111.0000000        2.4088458
     112.0000000        2.4078420
     113.0000000        2.4072492
     114.0000000        2.4089902
     115.0000000        2.4106092
     116.0000000        2.4085366
     117.0000000        2.4050731
     118.0000000        2.4019696
     119.0000000        2.4007218
     120.0000000        2.4020353
     121.0000000        2.4026671
     122.0000000        2.4033303
     123.0000000        2.4023614
     124.0000000        2.4022702
     125.0000000        2.4029744
     126.0000000        2.4043760
     127.0000000        2.4048442
     128.0000000        2.4053198
     129.0000000        2.4058523
     130.0000000        2.4045116
     131.0000000        2.4051347
     132.0000000        2.4066088
     133.0000000        2.4075134
     134.0000000        2.4084554
     135.0000000        2.4072202
     136.0000000        2.4046474
     137.0000000        2.4034455
     138.0000000        2.4032866
     139.0000000        2.4027521
     140.0000000        2.4019254
     141.0000000        2.4007553
     142.0000000        2.4005504
     143.0000000        2.4013970
     144.0000000        2.4020795
     145.0000000        2.4014126
     146.0000000        2.3998076
     147.0000000        2.3979680
     148.0000000        2.3980853
     149.0000000        2.4001356
     150.0000000        2.3996724
     151.0000000        2.3982576
     152.0000000        2.3982645
     153.0000000        2.3968693
     154.0000000        2.3925577
     155.0000000        2.3883186
     156.0000000        2.3860370
     157.0000000        2.3860902
     158.0000000        2.3869558
     159.0000000        2.3877944
     160.0000000        2.3898422
     161.0000000        2.3937312
     162.0000000        2.3981412
     163.0000000        2.4018241
     164.0000000        2.4051914
     165.0000000        2.4090055
     166.0000000        2.4130272
     167.0000000        2.4169035
     168.0000000        2.4196685
     169.0000000        2.4214685
     170.0000000        2.4211557
     171.0000000        2.4182468
     172.0000000        2.4166065
     173.0000000        2.4177518
     174.0000000        2.4198317
     175.0000000        2.4226040
     176.0000000        2.4252524
     177.0000000        2.4283272
     178.0000000        2.4293719
     179.0000000        2.4295228
     180.0000000        2.4301102
     181.0000000        2.4294606
     182.0000000        2.4271408
     183.0000000        2.4238004
     184.0000000        2.4215865
     185.0000000        2.4198295
     186.0000000        2.4174856
     187.0000000        2.4169811
     188.0000000        2.4183587
     189.0000000        2.4184153
     190.0000000        2.4180112
     191.0000000        2.4177344
     192.0000000        2.4171275
     193.0000000        2.4184690
     194.0000000        2.4198226
     195.0000000        2.4184465
     196.0000000        2.4155159
     197.0000000        2.4123711
     198.0000000        2.4112729
     199.0000000        2.4105252
     200.0000000        2.4095482
     201.0000000        2.4101938
     202.0000000        2.4115488
     203.0000000        2.4132534
     204.0000000        2.4149841
     205.0000000        2.4147270
     206.0000000        2.4133079
     207.0000000        2.4105963
     208.0000000        2.4055388
     209.0000000        2.4002287
     210.0000000        2.3974678
     211.0000000        2.3981488
     212.0000000        2.4016061
     213.0000000        2.4055277
     214.0000000        2.4074397
     215.0000000        2.4071858
     216.0000000        2.4046297
     217.0000000        2.4003876
     218.0000000        2.3971273
     219.0000000        2.3934116
     220.0000000        2.3899500
     221.0000000        2.3897668
     222.0000000        2.3931409
     223.0000000        2.3980949
     224.0000000        2.4027801
     225.0000000        2.4074098
     226.0000000        2.4112486
     227.0000000        2.4104422
     228.0000000        2.4076725
     229.0000000        2.4051307
     230.0000000        2.4019861
     231.0000000        2.3988436
     232.0000000        2.3966235
     233.0000000        2.3957206
     234.0000000        2.3959224
     235.0000000        2.3949027
     236.0000000        2.3915079
     237.0000000        2.3886351
     238.0000000        2.3893758
     239.0000000        2.3929639
     240.0000000        2.3978722
     241.0000000        2.4036566
     242.0000000        2.4079385
     243.0000000        2.4094777
     244.0000000        2.4100251
     245.0000000        2.4093719
     246.0000000        2.4100699
     247.0000000        2.4109560
     248.0000000        2.4110161
     249.0000000        2.4099886
     250.0000000        2.4103279
     251.0000000        2.4121556
     252.0000000        2.4110083
     253.0000000        2.4093969
     254.0000000        2.4076520
     255.0000000        2.4068618
     256.0000000        2.4053438
     257.0000000        2.4021879
     258.0000000        2.3987690
     259.0000000        2.3966592
     260.0000000        2.3947433
     261.0000000        2.3945886
     262.0000000        2.3983776
     263.0000000        2.4024081
     264.0000000        2.4047422
     265.0000000        2.4052757
     266.0000000        2.4057656
     267.0000000        2.4080698
     268.0000000        2.4114532
     269.0000000        2.4137765
     270.0000000        2.4137328
     271.0000000        2.4153877
     272.0000000        2.4174792
     273.0000000        2.4193396
     274.0000000        2.4219740
     275.0000000        2.4249414
     276.0000000        2.4269981
     277.0000000        2.4267842
     278.0000000        2.4263381
     279.0000000        2.4261517
     280.0000000        2.4252547
     281.0000000        2.4239967
     282.0000000        2.4243521
     283.0000000        2.4276032
     284.0000000        2.4305740
     285.0000000        2.4296275
     286.0000000        2.4262060
     287.0000000        2.4241899
     288.0000000        2.4213717
     289.0000000        2.4179738
     290.0000000        2.4160222
     291.0000000        2.4175152
     292.0000000        2.4222594
     293.0000000        2.4316956
     294.0000000        2.4402929
     295.0000000        2.4450140
     296.0000000        2.4477099
     297.0000000        2.4480879
     298.0000000        2.4463430
     299.0000000        2.4446859
     300.0000000        2.4424931
     301.0000000        2.4380481
     302.0000000        2.4320364
     303.0000000        2.4263916
     304.0000000        2.4198795
     305.0000000        2.4123046
     306.0000000        2.4070085
     307.0000000        2.4055395
     308.0000000        2.4048167
     309.0000000        2.4035046
     310.0000000        2.4035547
     311.0000000        2.4043507
     312.0000000        2.4048911
     313.0000000        2.4041024
     314.0000000        2.4024519
     315.0000000        2.4005376
     316.0000000        2.4001271
     317.0000000        2.4021573
     318.0000000        2.4048943
     319.0000000        2.4060071
     320.0000000        2.4058284
     321.0000000        2.4042775
     322.0000000        2.4029769
     323.0000000        2.4030004
     324.0000000        2.4032785
     325.0000000        2.4041521
     326.0000000        2.4061678
     327.0000000        2.4071889
     328.0000000        2.4068917
     329.0000000        2.4059302
     330.0000000        2.4067190
     331.0000000        2.4088637
     332.0000000        2.4106387
     333.0000000        2.4129956
     334.0000000        2.4139362
     335.0000000        2.4162101
     336.0000000        2.4195451
     337.0000000        2.4216847
     338.0000000        2.4220545
     339.0000000        2.4217742
     340.0000000        2.4212143
     341.0000000        2.4201625
     342.0000000        2.4187047
     343.0000000        2.4166715
     344.0000000        2.4140311
     345.0000000        2.4105669
     346.0000000        2.4058490
     347.0000000        2.4035914
     348.0000000        2.4045306
     349.0000000        2.4071559
     350.0000000        2.4100346
     351.0000000        2.4122733
     352.0000000        2.4146081
     353.0000000        2.4147882
     354.0000000        2.4138579
     355.0000000        2.4149390
     356.0000000        2.4148873
     357.0000000        2.4122994
     358.0000000        2.4089799
     359.0000000        2.4065085
     360.0000000        2.4057774
     361.0000000        2.4070803
     362.0000000        2.4082567
     363.0000000        2.4093009
     364.0000000        2.4099040
     365.0000000        2.4109026
     366.0000000        2.4122400
     367.0000000        2.4124432
     368.0000000        2.4101528
     369.0000000        2.4082753
     370.0000000        2.4079476
     371.0000000        2.4079140
     372.0000000        2.4086475
     373.0000000        2.4090312
     374.0000000        2.4097768
     375.0000000        2.4112227
     376.0000000        2.4117921
     377.0000000        2.4127078
     378.0000000        2.4119727
     379.0000000        2.4118867
     380.0000000        2.4125863
     381.0000000        2.4124526
     382.0000000        2.4140742
     383.0000000        2.4180409
     384.0000000        2.4205562
     385.0000000        2.4203312
     386.0000000        2.4181139
     387.0000000        2.4149940
     388.0000000        2.4117173
     389.0000000        2.4096185
     390.0000000        2.4083843
     391.0000000        2.4100154
     392.0000000        2.4120433
     393.0000000        2.4121942
     394.0000000        2.4113731
     395.0000000        2.4101519
     396.0000000        2.4086818
     397.0000000        2.4092154
     398.0000000        2.4114005
     399.0000000        2.4130484
     400.0000000        2.4140265
     401.0000000        2.4138043
     402.0000000        2.4141423
     403.0000000        2.4172103
     404.0000000        2.4201465
     405.0000000        2.4229519
     406.0000000        2.4252352
     407.0000000        2.4263429
     408.0000000        2.4251424
     409.0000000        2.4230491
     410.0000000        2.4221934
     411.0000000        2.4235326
     412.0000000        2.4251802
     413.0000000        2.4258520
     414.0000000        2.4250783
     415.0000000        2.4210892
     416.0000000        2.4170398
     417.0000000        2.4153139
     418.0000000        2.4136204
     419.0000000        2.4116757
     420.0000000        2.4096522
     421.0000000        2.4071803
     422.0000000        2.4057815
     423.0000000        2.4040173
     424.0000000        2.4011304
     425.0000000        2.3993311
     426.0000000        2.4008797
     427.0000000        2.4031571
     428.0000000        2.4037198
     429.0000000        2.4055291
     430.0000000        2.4095239
     431.0000000        2.4119155
     432.0000000        2.4121054
     433.0000000        2.4137382
     434.0000000        2.4154159
     435.0000000        2.4171782
     436.0000000        2.4187456
     437.0000000        2.4187889
     438.0000000        2.4186648
     439.0000000        2.4187713
     440.0000000        2.4180343
     441.0000000        2.4149046
     442.0000000        2.4108287
     443.0000000        2.4095350
     444.0000000        2.4104412
     445.0000000        2.4118553
     446.0000000        2.4135239
     447.0000000        2.4139797
     448.0000000        2.4160086
     449.0000000        2.4195281
     450.0000000        2.4214062
     451.0000000        2.4222938
     452.0000000        2.4236544
     453.0000000        2.4243998
     454.0000000        2.4222226
     455.0000000        2.4202888
     456.0000000        2.4189498
     457.0000000        2.4171410
     458.0000000        2.4133854
     459.0000000        2.4094119
     460.0000000        2.4066136
     461.0000000        2.4054135
     462.0000000        2.4068167
     463.0000000        2.4072497
     464.0000000        2.4071318
     465.0000000        2.4074967
     466.0000000        2.4093499
     467.0000000        2.4119392
     468.0000000        2.4149156
     469.0000000        2.4148039
     470.0000000        2.4112144
     471.0000000        2.4064510
     472.0000000        2.4052778
     473.0000000        2.4055386
     474.0000000        2.4073749
     475.0000000        2.4094823
     476.0000000        2.4097928
     477.0000000        2.4097826
     478.0000000        2.4116927
     479.0000000        2.4145672
     480.0000000        2.4175113
     481.0000000        2.4189999
     482.0000000        2.4194624
     483.0000000        2.4186553
     484.0000000        2.4176558
     485.0000000        2.4155125
     486.0000000        2.4139943
     487.0000000        2.4146789
     488.0000000        2.4167173
     489.0000000        2.4181127
     490.0000000        2.4179780
     491.0000000        2.4178247
     492.0000000        2.4175995
     493.0000000        2.4183099
     494.0000000        2.4181446
     495.0000000        2.4178423
     496.0000000        2.4206144
     497.0000000        2.4234127
     498.0000000        2.4262699
     499.0000000        2.4277524
     500.0000000        2.4293198
     501.0000000        2.4284883
     502.0000000        2.4248959
     503.0000000        2.4228195
     504.0000000        2.4254719
     505.0000000        2.4301770
     506.0000000        2.4337486
     507.0000000        2.4344074
     508.0000000        2.4348516
     509.0000000        2.4336564
     510.0000000        2.4323492
     511.0000000        2.4311741
     512.0000000        2.4280588
     513.0000000        2.4258662
     514.0000000        2.4256508
     515.0000000        2.4254661
     516.0000000        2.4258173
     517.0000000        2.4280370
     518.0000000        2.4284069
     519.0000000        2.4260663
     520.0000000        2.4224532
     521.0000000        2.4200828
     522.0000000        2.4203645
     523.0000000        2.4222743
     524.0000000        2.4236426
     525.0000000        2.4252293
     526.0000000        2.4251109
     527.0000000        2.4227265
     528.0000000        2.4199042
     529.0000000        2.4157412
     530.0000000        2.4123169
     531.0000000        2.4101492
     532.0000000        2.4093065
     533.0000000        2.4095885
     534.0000000        2.4107343
     535.0000000        2.4126372
     536.0000000        2.4147635
     537.0000000        2.4161911
     538.0000000        2.4157551
     539.0000000        2.4142618
     540.0000000        2.4098224
     541.0000000        2.4052248
     542.0000000        2.4030912
     543.0000000        2.4031213
     544.0000000        2.4055469
     545.0000000        2.4086637
     546.0000000        2.4107440
     547.0000000        2.4126391
     548.0000000        2.4139094
     549.0000000        2.4128303
     550.0000000        2.4109261
     551.0000000        2.4122128
     552.0000000        2.4140040
     553.0000000        2.4159206
     554.0000000        2.4168894
     555.0000000        2.4183860
     556.0000000        2.4211578
     557.0000000        2.4256222
     558.0000000        2.4276256
     559.0000000        2.4269378
     560.0000000        2.4276059
     561.0000000        2.4297100
     562.0000000        2.4299930
     563.0000000        2.4285452
     564.0000000        2.4280471
     565.0000000        2.4272839
     566.0000000        2.4259323
     567.0000000        2.4244370
     568.0000000        2.4228717
     569.0000000        2.4195022
     570.0000000        2.4148268
     571.0000000        2.4129466
     572.0000000        2.4130236
     573.0000000        2.4127370
     574.0000000        2.4107233
     575.0000000        2.4103785
     576.0000000        2.4109903
     577.0000000        2.4120777
     578.0000000        2.4116525
     579.0000000        2.4103132
     580.0000000        2.4079682
     581.0000000        2.4058675
     582.0000000        2.4057661
     583.0000000        2.4052224
     584.0000000        2.4059793
     585.0000000        2.4066221
     586.0000000        2.4058898
     587.0000000        2.4056013
     588.0000000        2.4045418
     589.0000000        2.4027562
     590.0000000        2.4012080
     591.0000000        2.4015956
     592.0000000        2.4021853
     593.0000000        2.4004265
     594.0000000        2.3980717
     595.0000000        2.3967397
     596.0000000        2.3988817
     597.0000000        2.4021740
     598.0000000        2.4043104
     599.0000000        2.4070728
     600.0000000        2.4103653
