       1.0000000        5.0660030
       2.0000000        5.0166353
       3.0000000        4.9821002
       4.0000000        4.9709298
       5.0000000        4.9863272
       6.0000000        5.0118314
       7.0000000        5.0161287
       8.0000000        5.0271880
       9.0000000        5.0575487
      10.0000000        5.0748626
      11.0000000        5.1149918
      12.0000000        5.1551259
      13.0000000        5.1432058
      14.0000000        5.0924730
      15.0000000        5.0538842
      16.0000000        5.0235411
      17.0000000        4.9966192
      18.0000000        4.9738175
      19.0000000        4.9380982
      20.0000000        4.9078118
      21.0000000        4.9076572
      22.0000000        4.8794373
      23.0000000        4.7979081
      24.0000000        4.7228797
      25.0000000        4.6691382
      26.0000000        4.6239690
      27.0000000        4.5956443
      28.0000000        4.6063337
      29.0000000        4.6391664
      30.0000000        4.6727963
      31.0000000        4.6844231
      32.0000000        4.6901846
      33.0000000        4.7049673
      34.0000000        4.6960312
      35.0000000        4.6796779
      36.0000000        4.7100639
      37.0000000        4.7585250
      38.0000000        4.7887551
      39.0000000        4.8089946
      40.0000000        4.8147550
      41.0000000        4.8713353
      42.0000000        4.9416796
      43.0000000        5.0047837
      44.0000000        5.0436990
      45.0000000        5.0699358
      46.0000000        5.1023072
      47.0000000        5.1280195
      48.0000000        5.1554537
      49.0000000        5.1505557
      50.0000000        5.1261932
      51.0000000        5.1184887
      52.0000000        5.1060746
      53.0000000        5.1091385
      54.0000000        5.1048151
      55.0000000        5.0987160
      56.0000000        5.0762049
      57.0000000        5.0885615
      58.0000000        5.0870032
      59.0000000        5.1344961
      60.0000000        5.1597405
      61.0000000        5.1995264
      62.0000000        5.2293126
      63.0000000        5.2600459
      64.0000000        5.2973105
      65.0000000        5.3166544
      66.0000000        5.2600479
      67.0000000        5.2012848
      68.0000000        5.1233692
      69.0000000        5.0382671
      70.0000000        4.9746023
      71.0000000        4.8999300
      72.0000000        4.8403153
      73.0000000        4.8117390
      74.0000000        4.8251745
      75.0000000        4.8719999
      76.0000000        4.9161177
      77.0000000        4.9788091
      78.0000000        5.0252594
      79.0000000        5.0333319
      80.0000000        4.9932412
      81.0000000        4.9619340
      82.0000000        4.9360936
      83.0000000        4.8926348
      84.0000000        4.8998774
      85.0000000        4.9319387
      86.0000000        4.9745275
      87.0000000        4.9771493
      88.0000000        4.9711850
      89.0000000        4.9775994
      90.0000000        4.9814422
      91.0000000        4.9838899
      92.0000000        4.9802239
      93.0000000        4.9873827
      94.0000000        4.9773883
      95.0000000        4.9961545
      96.0000000        5.0074278
      97.0000000        5.0495735
      98.0000000        5.1051088
      99.0000000        5.1350100
     100.0000000        5.1218001
     101.0000000        5.1170612
     102.0000000        5.1141038
     103.0000000        5.1622751
     104.0000000        5.2062680
     105.0000000        5.2325082
     106.0000000        5.1976508
     107.0000000        5.1830952
     108.0000000        5.1707919
     109.0000000        5.1594042
     110.0000000        5.1435882
     111.0000000        5.1243715
     112.0000000        5.1267899
     113.0000000        5.1340360
     114.0000000        5.1395286
     115.0000000        5.1252686
     116.0000000        5.1072224
     117.0000000        5.0982519
     118.0000000        5.1060274
     119.0000000        5.0908954
     120.0000000        5.1106293
     121.0000000        5.1137572
     122.0000000        5.0768280
     123.0000000        5.0040195
     124.0000000        4.9608032
     125.0000000        4.9397512
     126.0000000        4.9191769
     127.0000000        4.8743547
     128.0000000        4.8325839
     129.0000000        4.8411528
     130.0000000        4.8503710
     131.0000000        4.8517382
     132.0000000        4.8513216
     133.0000000        4.8246637
     134.0000000        4.8128910
     135.0000000        4.8346571
     136.0000000        4.8824875
     137.0000000        4.9079004
     138.0000000        4.8943124
     139.0000000        4.9161978
     140.0000000        4.9185547
     141.0000000        4.9176662
     142.0000000        4.9395301
     143.0000000        4.9461968
     144.0000000        4.9333059
     145.0000000        4.9012805
     146.0000000        4.8885983
     147.0000000        4.8945989
     148.0000000        4.8672578
     149.0000000        4.8383346
     150.0000000        4.8002336
     151.0000000        4.7420629
     152.0000000        4.7048076
     153.0000000        4.7251884
     154.0000000        4.7795054
     155.0000000        4.8415158
     156.0000000        4.9035266
     157.0000000        4.9328128
     158.0000000        4.9904842
     159.0000000        5.0665382
     160.0000000        5.1668301
     161.0000000        5.2392433
     162.0000000        5.2642379
     163.0000000        5.2478772
     164.0000000        5.2224709
     165.0000000        5.1942624
     166.0000000        5.1873795
     167.0000000        5.2119315
     168.0000000        5.1834799
     169.0000000        5.1353674
     170.0000000        5.0919413
     171.0000000        5.0415190
     172.0000000        4.9536179
     173.0000000        4.9154259
     174.0000000        4.8938840
     175.0000000        4.8794070
     176.0000000        4.9055775
     177.0000000        4.9147780
     178.0000000        4.9377461
     179.0000000        4.9888929
     180.0000000        5.0557340
     181.0000000        5.0883040
     182.0000000        5.0865180
     183.0000000        5.0766654
     184.0000000        5.0744170
     185.0000000        5.0883552
     186.0000000        5.1456586
     187.0000000        5.1489127
     188.0000000        5.1820389
     189.0000000        5.1903647
     190.0000000        5.1978592
     191.0000000        5.1745169
     192.0000000        5.1642126
     193.0000000        5.1378830
     194.0000000        5.0904035
     195.0000000        5.0673611
     196.0000000        5.0670540
     197.0000000        5.1011735
     198.0000000        5.1579302
     199.0000000        5.2014869
     200.0000000        5.2271886
     201.0000000        5.2913172
     202.0000000        5.3128426
     203.0000000        5.3316408
     204.0000000        5.3299205
     205.0000000        5.2768378
     206.0000000        5.2726246
     207.0000000        5.2881010
     208.0000000        5.2898140
     209.0000000        5.2308990
     210.0000000        5.1942435
     211.0000000        5.1684489
     212.0000000        5.2246715
     213.0000000        5.2483649
     214.0000000        5.2595905
     215.0000000        5.2608021
     216.0000000        5.2335103
     217.0000000        5.1968835
     218.0000000        5.1528117
     219.0000000        5.1067189
     220.0000000        5.0936104
     221.0000000        5.0702623
     222.0000000        5.0086186
     223.0000000        4.9905648
     224.0000000        4.9987358
     225.0000000        5.0206698
     226.0000000        5.0679939
     227.0000000        5.0992211
     228.0000000        5.1366401
     229.0000000        5.1467496
     230.0000000        5.1358027
     231.0000000        5.1239451
     232.0000000        5.0884519
     233.0000000        5.0855334
     234.0000000        5.1022514
     235.0000000        5.1040899
     236.0000000        5.0898954
     237.0000000        5.0252343
     238.0000000        4.9760651
     239.0000000        4.9089933
     240.0000000        4.8532748
     241.0000000        4.8166651
     242.0000000        4.7982609
     243.0000000        4.8073267
     244.0000000        4.8144497
     245.0000000        4.8318327
     246.0000000        4.8410137
     247.0000000        4.8431791
     248.0000000        4.8728181
     249.0000000        4.8671726
     250.0000000        4.8665441
     251.0000000        4.8874191
     252.0000000        4.9068419
     253.0000000        4.9272514
     254.0000000        4.9428898
     255.0000000        4.9856034
     256.0000000        5.0537493
     257.0000000        5.1470347
     258.0000000        5.1541371
     259.0000000        5.1536950
     260.0000000        5.1585904
     261.0000000        5.1606192
     262.0000000        5.1756839
     263.0000000        5.2469227
     264.0000000        5.2801331
     265.0000000        5.2702741
     266.0000000        5.2561149
     267.0000000        5.2142083
     268.0000000        5.1310802
     269.0000000        5.0396377
     270.0000000        4.9818129
     271.0000000        4.9601867
     272.0000000        4.9387437
     273.0000000        4.9192769
     274.0000000        4.8658372
     275.0000000        4.8135367
     276.0000000        4.7618308
     277.0000000        4.7092788
     278.0000000        4.6616603
     279.0000000        4.6500359
     280.0000000        4.6059872
     281.0000000        4.5972490
     282.0000000        4.6285487
     283.0000000        4.6571586
     284.0000000        4.6789504
     285.0000000        4.7168645
     286.0000000        4.7389069
     287.0000000        4.7750271
     288.0000000        4.8377409
     289.0000000        4.8979654
     290.0000000        4.9543131
     291.0000000        4.9795265
     292.0000000        4.9850813
     293.0000000        4.9690156
     294.0000000        4.9491651
     295.0000000        4.9452733
     296.0000000        4.9453541
     297.0000000        4.9457329
     298.0000000        4.9049963
     299.0000000        4.8840446
     300.0000000        4.8856468
     301.0000000        4.9147053
     302.0000000        4.9469221
     303.0000000        4.9818068
     304.0000000        4.9890408
     305.0000000        4.9826525
     306.0000000        4.9907891
     307.0000000        5.0001966
     308.0000000        4.9676515
     309.0000000        4.9043449
     310.0000000        4.8277561
     311.0000000        4.7598114
     312.0000000        4.7413140
     313.0000000        4.7606090
     314.0000000        4.7920284
     315.0000000        4.8532349
     316.0000000        4.8774091
     317.0000000        4.8844181
     318.0000000        4.9310079
     319.0000000        4.9699719
     320.0000000        5.0128161
     321.0000000        5.0360435
     322.0000000        5.0336918
     323.0000000        5.0049241
     324.0000000        4.9741338
     325.0000000        4.9607934
     326.0000000        4.9441301
     327.0000000        4.9661010
     328.0000000        4.9910682
     329.0000000        4.9669260
     330.0000000        4.9511861
     331.0000000        4.9167183
     332.0000000        4.9507249
     333.0000000        4.9916019
     334.0000000        5.0392289
     335.0000000        5.1424880
     336.0000000        5.2290038
     337.0000000        5.2808389
     338.0000000        5.3002791
     339.0000000        5.3229923
     340.0000000        5.3086226
     341.0000000        5.2941790
     342.0000000        5.2503626
     343.0000000        5.2159073
     344.0000000        5.1517340
     345.0000000        5.1028712
     346.0000000        5.0701105
     347.0000000        5.0746137
     348.0000000        5.0680442
     349.0000000        5.0493607
     350.0000000        5.0107663
     351.0000000        4.9618642
     352.0000000        4.9220414
     353.0000000        4.8909666
     354.0000000        4.8551760
     355.0000000        4.8310099
     356.0000000        4.8222775
     357.0000000        4.8362925
     358.0000000        4.8435176
     359.0000000        4.8535381
     360.0000000        4.8641205
     361.0000000        4.8343057
     362.0000000        4.8430203
     363.0000000        4.8393333
     364.0000000        4.8283092
     365.0000000        4.8300279
     366.0000000        4.8392127
     367.0000000        4.8422260
     368.0000000        4.8431130
     369.0000000        4.8423264
     370.0000000        4.8706629
     371.0000000        4.8492934
     372.0000000        4.8249649
     373.0000000        4.8067868
     374.0000000        4.8167000
     375.0000000        4.8396556
     376.0000000        4.8701497
     377.0000000        4.8983330
     378.0000000        4.8972255
     379.0000000        4.8312249
     380.0000000        4.7760602
     381.0000000        4.7250699
     382.0000000        4.6577299
     383.0000000        4.6119622
     384.0000000        4.6059453
     385.0000000        4.6227589
     386.0000000        4.6444914
     387.0000000        4.6867363
     388.0000000        4.7547229
     389.0000000        4.7809004
     390.0000000        4.8006549
     391.0000000        4.8455530
     392.0000000        4.8746966
     393.0000000        4.9273619
     394.0000000        4.9968174
     395.0000000        5.0559618
     396.0000000        5.1072565
     397.0000000        5.1417330
     398.0000000        5.1358421
     399.0000000        5.1202156
     400.0000000        5.1025553
     401.0000000        5.0618485
     402.0000000        5.0026778
     403.0000000        4.9035028
     404.0000000        4.8162968
     405.0000000        4.7327976
     406.0000000        4.7109330
     407.0000000        4.6765376
     408.0000000        4.6274924
     409.0000000        4.6021390
     410.0000000        4.5925170
     411.0000000        4.5938084
     412.0000000        4.6121263
     413.0000000        4.6427991
     414.0000000        4.6799282
     415.0000000        4.7080241
     416.0000000        4.7520421
     417.0000000        4.7649796
     418.0000000        4.7759985
     419.0000000        4.8380091
     420.0000000        4.9294956
     421.0000000        4.9862977
     422.0000000        5.0135230
     423.0000000        5.0446031
     424.0000000        5.0797809
     425.0000000        5.1352013
     426.0000000        5.2023211
     427.0000000        5.2539368
     428.0000000        5.2889312
     429.0000000        5.3265856
     430.0000000        5.3557140
     431.0000000        5.3359880
     432.0000000        5.3252784
     433.0000000        5.2883211
     434.0000000        5.2393601
     435.0000000        5.2570516
     436.0000000        5.2652459
     437.0000000        5.2792192
     438.0000000        5.3043763
     439.0000000        5.2789533
     440.0000000        5.2501500
     441.0000000        5.2226984
     442.0000000        5.2033370
     443.0000000        5.1794411
     444.0000000        5.1342435
     445.0000000        5.0788323
     446.0000000        5.0495274
     447.0000000        5.0339435
     448.0000000        5.0175269
     449.0000000        5.0330137
     450.0000000        5.0578067
     451.0000000        5.0826521
     452.0000000        5.1040297
     453.0000000        5.1197731
     454.0000000        5.1339321
     455.0000000        5.1568584
     456.0000000        5.1757715
     457.0000000        5.1974181
     458.0000000        5.2534027
     459.0000000        5.2578635
     460.0000000        5.2509376
     461.0000000        5.2143304
     462.0000000        5.1863147
     463.0000000        5.1834556
     464.0000000        5.1292681
     465.0000000        5.1059928
     466.0000000        5.1062573
     467.0000000        5.0938640
     468.0000000        5.0810582
     469.0000000        5.0879721
     470.0000000        5.1096133
     471.0000000        5.1683035
     472.0000000        5.1929834
     473.0000000        5.1674328
     474.0000000        5.1317973
     475.0000000        5.0918226
     476.0000000        5.0782459
     477.0000000        5.1199508
     478.0000000        5.1666147
     479.0000000        5.1534137
     480.0000000        5.1310289
     481.0000000        5.1347016
     482.0000000        5.1640848
     483.0000000        5.1802560
     484.0000000        5.1486946
     485.0000000        5.1389148
     486.0000000        5.1316373
     487.0000000        5.1347175
     488.0000000        5.1427118
     489.0000000        5.1193410
     490.0000000        5.0763957
     491.0000000        5.0493305
     492.0000000        4.9963621
     493.0000000        4.8970206
     494.0000000        4.8597596
     495.0000000        4.8602984
     496.0000000        4.8673703
     497.0000000        4.8254287
     498.0000000        4.8098003
     499.0000000        4.7816160
     500.0000000        4.7637274
     501.0000000        4.7613042
     502.0000000        4.7891077
     503.0000000        4.8251858
     504.0000000        4.8351023
     505.0000000        4.8606810
     506.0000000        4.9020019
     507.0000000        4.8952475
     508.0000000        4.9024049
     509.0000000        4.9051196
     510.0000000        4.9147213
     511.0000000        4.8812375
     512.0000000        4.8887896
     513.0000000        4.9358590
     514.0000000        4.9949177
     515.0000000        5.0267238
     516.0000000        5.0217857
     517.0000000        5.0136478
     518.0000000        4.9864463
     519.0000000        4.9597223
     520.0000000        4.9187764
     521.0000000        4.8260473
     522.0000000        4.7399622
     523.0000000        4.7150795
     524.0000000        4.7216714
     525.0000000        4.7725603
     526.0000000        4.8017315
     527.0000000        4.8344937
     528.0000000        4.8894827
     529.0000000        4.9650051
     530.0000000        4.9898995
     531.0000000        4.9873148
     532.0000000        4.9786476
     533.0000000        4.9564419
     534.0000000        4.9739130
     535.0000000        5.0029676
     536.0000000        5.0364577
     537.0000000        5.0965175
     538.0000000        5.1746748
     539.0000000        5.2072745
     540.0000000        5.2223414
     541.0000000        5.2010970
     542.0000000        5.1460263
     543.0000000        5.0549039
     544.0000000        4.9676255
     545.0000000        4.8571618
     546.0000000        4.8017426
     547.0000000        4.7785574
     548.0000000        4.7627905
     549.0000000        4.7476125
     550.0000000        4.7316213
     551.0000000        4.7216189
     552.0000000        4.7230151
     553.0000000        4.7220846
     554.0000000        4.7582018
     555.0000000        4.8054412
     556.0000000        4.8155905
     557.0000000        4.7696719
     558.0000000        4.7642610
     559.0000000        4.7782546
     560.0000000        4.7953694
     561.0000000        4.8246947
     562.0000000        4.8231797
     563.0000000        4.7989122
     564.0000000        4.7894259
     565.0000000        4.8240303
     566.0000000        4.8280386
     567.0000000        4.8111695
     568.0000000        4.7607519
     569.0000000        4.7368595
     570.0000000        4.7774977
     571.0000000        4.8693172
     572.0000000        4.9409032
     573.0000000        4.9769793
     574.0000000        4.9929701
     575.0000000        4.9943038
     576.0000000        5.0013830
     577.0000000        4.9983605
     578.0000000        4.9776044
     579.0000000        4.9441516
     580.0000000        4.9481956
     581.0000000        4.9434121
     582.0000000        4.9440709
     583.0000000        4.9822773
     584.0000000        5.0324805
     585.0000000        5.0847575
     586.0000000        5.1041833
     587.0000000        5.1083698
     588.0000000        5.1166155
     589.0000000        5.1089681
     590.0000000        5.1270892
     591.0000000        5.1502151
     592.0000000        5.1420925
     593.0000000        5.1228450
     594.0000000        5.0822780
     595.0000000        5.0436013
     596.0000000        5.0051233
     597.0000000        4.9778889
     598.0000000        4.9786871
     599.0000000        4.9753038
     600.0000000        4.9201942
