       1.0000000        2.5077684
       2.0000000        2.4929459
       3.0000000        2.4844961
       4.0000000        2.4785147
       5.0000000        2.4816015
       6.0000000        2.4898200
       7.0000000        2.4885950
       8.0000000        2.4901402
       9.0000000        2.4951129
      10.0000000        2.4965146
      11.0000000        2.5045781
      12.0000000        2.5077426
      13.0000000        2.5043826
      14.0000000        2.4929254
      15.0000000        2.4876244
      16.0000000        2.4835277
      17.0000000        2.4805825
      18.0000000        2.4772179
      19.0000000        2.4667842
      20.0000000        2.4566231
      21.0000000        2.4577949
      22.0000000        2.4552908
      23.0000000        2.4343739
      24.0000000        2.4169652
      25.0000000        2.4022501
      26.0000000        2.3860199
      27.0000000        2.3762720
      28.0000000        2.3770788
      29.0000000        2.3838992
      30.0000000        2.3933160
      31.0000000        2.3961082
      32.0000000        2.3966038
      33.0000000        2.4017332
      34.0000000        2.3995407
      35.0000000        2.3912058
      36.0000000        2.3948553
      37.0000000        2.4042869
      38.0000000        2.4131026
      39.0000000        2.4212353
      40.0000000        2.4233103
      41.0000000        2.4384737
      42.0000000        2.4568477
      43.0000000        2.4739745
      44.0000000        2.4858377
      45.0000000        2.4938548
      46.0000000        2.4974556
      47.0000000        2.5015240
      48.0000000        2.5099864
      49.0000000        2.5113838
      50.0000000        2.5002117
      51.0000000        2.4989877
      52.0000000        2.5001996
      53.0000000        2.5026362
      54.0000000        2.5012872
      55.0000000        2.4990096
      56.0000000        2.4959323
      57.0000000        2.4982576
      58.0000000        2.4894190
      59.0000000        2.4946527
      60.0000000        2.5000193
      61.0000000        2.5149035
      62.0000000        2.5237706
      63.0000000        2.5326698
      64.0000000        2.5399997
      65.0000000        2.5426717
      66.0000000        2.5284176
      67.0000000        2.5140133
      68.0000000        2.5002770
      69.0000000        2.4801371
      70.0000000        2.4677684
      71.0000000        2.4508662
      72.0000000        2.4346895
      73.0000000        2.4286950
      74.0000000        2.4355428
      75.0000000        2.4488306
      76.0000000        2.4587679
      77.0000000        2.4650977
      78.0000000        2.4743173
      79.0000000        2.4781723
      80.0000000        2.4709926
      81.0000000        2.4619532
      82.0000000        2.4555438
      83.0000000        2.4496202
      84.0000000        2.4538448
      85.0000000        2.4637151
      86.0000000        2.4749744
      87.0000000        2.4787836
      88.0000000        2.4796438
      89.0000000        2.4806116
      90.0000000        2.4836249
      91.0000000        2.4808962
      92.0000000        2.4811718
      93.0000000        2.4829564
      94.0000000        2.4771769
      95.0000000        2.4822071
      96.0000000        2.4853854
      97.0000000        2.4903758
      98.0000000        2.5034029
      99.0000000        2.5115206
     100.0000000        2.5088730
     101.0000000        2.5086112
     102.0000000        2.5038188
     103.0000000        2.5127425
     104.0000000        2.5225344
     105.0000000        2.5256968
     106.0000000        2.5169387
     107.0000000        2.5153372
     108.0000000        2.5163128
     109.0000000        2.5167372
     110.0000000        2.5172231
     111.0000000        2.5124288
     112.0000000        2.5105565
     113.0000000        2.5119793
     114.0000000        2.5157285
     115.0000000        2.5100343
     116.0000000        2.5054586
     117.0000000        2.5026951
     118.0000000        2.5032339
     119.0000000        2.4996037
     120.0000000        2.5026550
     121.0000000        2.5057216
     122.0000000        2.4995179
     123.0000000        2.4853477
     124.0000000        2.4750605
     125.0000000        2.4667940
     126.0000000        2.4610128
     127.0000000        2.4524033
     128.0000000        2.4426186
     129.0000000        2.4411466
     130.0000000        2.4437144
     131.0000000        2.4456427
     132.0000000        2.4479554
     133.0000000        2.4401670
     134.0000000        2.4337773
     135.0000000        2.4375846
     136.0000000        2.4465456
     137.0000000        2.4505198
     138.0000000        2.4454904
     139.0000000        2.4512942
     140.0000000        2.4588501
     141.0000000        2.4616895
     142.0000000        2.4671874
     143.0000000        2.4696336
     144.0000000        2.4696910
     145.0000000        2.4626768
     146.0000000        2.4602697
     147.0000000        2.4641132
     148.0000000        2.4583344
     149.0000000        2.4492359
     150.0000000        2.4388404
     151.0000000        2.4243464
     152.0000000        2.4155135
     153.0000000        2.4161642
     154.0000000        2.4264681
     155.0000000        2.4441853
     156.0000000        2.4610233
     157.0000000        2.4691763
     158.0000000        2.4794414
     159.0000000        2.4937303
     160.0000000        2.5147388
     161.0000000        2.5300410
     162.0000000        2.5354004
     163.0000000        2.5332665
     164.0000000        2.5304141
     165.0000000        2.5268140
     166.0000000        2.5297472
     167.0000000        2.5382028
     168.0000000        2.5321376
     169.0000000        2.5210037
     170.0000000        2.5088406
     171.0000000        2.4959426
     172.0000000        2.4727631
     173.0000000        2.4592338
     174.0000000        2.4524257
     175.0000000        2.4410324
     176.0000000        2.4458728
     177.0000000        2.4468374
     178.0000000        2.4502382
     179.0000000        2.4618788
     180.0000000        2.4737754
     181.0000000        2.4811873
     182.0000000        2.4857554
     183.0000000        2.4874470
     184.0000000        2.4899199
     185.0000000        2.4941607
     186.0000000        2.5062358
     187.0000000        2.5112994
     188.0000000        2.5171483
     189.0000000        2.5204616
     190.0000000        2.5240276
     191.0000000        2.5188236
     192.0000000        2.5183892
     193.0000000        2.5146112
     194.0000000        2.5065253
     195.0000000        2.5012925
     196.0000000        2.5009549
     197.0000000        2.5053177
     198.0000000        2.5171783
     199.0000000        2.5265777
     200.0000000        2.5315845
     201.0000000        2.5473912
     202.0000000        2.5567586
     203.0000000        2.5594437
     204.0000000        2.5618067
     205.0000000        2.5471468
     206.0000000        2.5451596
     207.0000000        2.5451128
     208.0000000        2.5496004
     209.0000000        2.5369716
     210.0000000        2.5274551
     211.0000000        2.5222840
     212.0000000        2.5357192
     213.0000000        2.5449121
     214.0000000        2.5449286
     215.0000000        2.5449884
     216.0000000        2.5356545
     217.0000000        2.5239398
     218.0000000        2.5132797
     219.0000000        2.5019166
     220.0000000        2.4980648
     221.0000000        2.4920330
     222.0000000        2.4819257
     223.0000000        2.4802151
     224.0000000        2.4806576
     225.0000000        2.4854040
     226.0000000        2.4988563
     227.0000000        2.5066504
     228.0000000        2.5145342
     229.0000000        2.5234308
     230.0000000        2.5243626
     231.0000000        2.5245764
     232.0000000        2.5154521
     233.0000000        2.5095408
     234.0000000        2.5082922
     235.0000000        2.5036271
     236.0000000        2.4994073
     237.0000000        2.4876242
     238.0000000        2.4765542
     239.0000000        2.4628456
     240.0000000        2.4499402
     241.0000000        2.4395654
     242.0000000        2.4332108
     243.0000000        2.4324851
     244.0000000        2.4331157
     245.0000000        2.4332774
     246.0000000        2.4325814
     247.0000000        2.4347284
     248.0000000        2.4397578
     249.0000000        2.4355896
     250.0000000        2.4316790
     251.0000000        2.4339767
     252.0000000        2.4392400
     253.0000000        2.4482405
     254.0000000        2.4555452
     255.0000000        2.4672339
     256.0000000        2.4829097
     257.0000000        2.5014744
     258.0000000        2.5046122
     259.0000000        2.5050170
     260.0000000        2.5029836
     261.0000000        2.5034902
     262.0000000        2.5094154
     263.0000000        2.5262656
     264.0000000        2.5386281
     265.0000000        2.5411882
     266.0000000        2.5431888
     267.0000000        2.5345552
     268.0000000        2.5122404
     269.0000000        2.4887302
     270.0000000        2.4755235
     271.0000000        2.4672139
     272.0000000        2.4596343
     273.0000000        2.4562664
     274.0000000        2.4473622
     275.0000000        2.4370883
     276.0000000        2.4274139
     277.0000000        2.4150817
     278.0000000        2.3986759
     279.0000000        2.3915730
     280.0000000        2.3778403
     281.0000000        2.3746133
     282.0000000        2.3818729
     283.0000000        2.3900120
     284.0000000        2.3920622
     285.0000000        2.4000363
     286.0000000        2.4047158
     287.0000000        2.4120667
     288.0000000        2.4262502
     289.0000000        2.4373426
     290.0000000        2.4523702
     291.0000000        2.4579108
     292.0000000        2.4611285
     293.0000000        2.4631572
     294.0000000        2.4611351
     295.0000000        2.4626851
     296.0000000        2.4679334
     297.0000000        2.4720848
     298.0000000        2.4620302
     299.0000000        2.4517047
     300.0000000        2.4450455
     301.0000000        2.4482651
     302.0000000        2.4506378
     303.0000000        2.4603908
     304.0000000        2.4647877
     305.0000000        2.4656742
     306.0000000        2.4679301
     307.0000000        2.4706104
     308.0000000        2.4640179
     309.0000000        2.4508216
     310.0000000        2.4320679
     311.0000000        2.4142504
     312.0000000        2.4089150
     313.0000000        2.4102304
     314.0000000        2.4161315
     315.0000000        2.4299729
     316.0000000        2.4390700
     317.0000000        2.4457266
     318.0000000        2.4565067
     319.0000000        2.4655516
     320.0000000        2.4759147
     321.0000000        2.4782255
     322.0000000        2.4746017
     323.0000000        2.4690809
     324.0000000        2.4610746
     325.0000000        2.4587455
     326.0000000        2.4541357
     327.0000000        2.4602394
     328.0000000        2.4727571
     329.0000000        2.4730062
     330.0000000        2.4685531
     331.0000000        2.4593546
     332.0000000        2.4681115
     333.0000000        2.4777222
     334.0000000        2.4906673
     335.0000000        2.5131919
     336.0000000        2.5362313
     337.0000000        2.5507336
     338.0000000        2.5517676
     339.0000000        2.5569263
     340.0000000        2.5549567
     341.0000000        2.5520673
     342.0000000        2.5424671
     343.0000000        2.5419078
     344.0000000        2.5288448
     345.0000000        2.5146558
     346.0000000        2.5031543
     347.0000000        2.4959040
     348.0000000        2.4936860
     349.0000000        2.4897330
     350.0000000        2.4825904
     351.0000000        2.4684081
     352.0000000        2.4569526
     353.0000000        2.4509423
     354.0000000        2.4452217
     355.0000000        2.4367898
     356.0000000        2.4301455
     357.0000000        2.4273155
     358.0000000        2.4288437
     359.0000000        2.4332383
     360.0000000        2.4394042
     361.0000000        2.4327009
     362.0000000        2.4351261
     363.0000000        2.4304266
     364.0000000        2.4255693
     365.0000000        2.4289293
     366.0000000        2.4327824
     367.0000000        2.4359732
     368.0000000        2.4377930
     369.0000000        2.4392791
     370.0000000        2.4455094
     371.0000000        2.4421122
     372.0000000        2.4365799
     373.0000000        2.4268382
     374.0000000        2.4250796
     375.0000000        2.4240971
     376.0000000        2.4237862
     377.0000000        2.4271200
     378.0000000        2.4305217
     379.0000000        2.4203413
     380.0000000        2.4114830
     381.0000000        2.4003432
     382.0000000        2.3881438
     383.0000000        2.3774991
     384.0000000        2.3760536
     385.0000000        2.3809178
     386.0000000        2.3894792
     387.0000000        2.3972752
     388.0000000        2.4074967
     389.0000000        2.4110210
     390.0000000        2.4095552
     391.0000000        2.4156182
     392.0000000        2.4241803
     393.0000000        2.4361608
     394.0000000        2.4566715
     395.0000000        2.4769850
     396.0000000        2.4959517
     397.0000000        2.5074363
     398.0000000        2.5112383
     399.0000000        2.5078187
     400.0000000        2.5015211
     401.0000000        2.4913306
     402.0000000        2.4756858
     403.0000000        2.4489145
     404.0000000        2.4303057
     405.0000000        2.4131043
     406.0000000        2.4045253
     407.0000000        2.3926456
     408.0000000        2.3811235
     409.0000000        2.3735337
     410.0000000        2.3715606
     411.0000000        2.3724747
     412.0000000        2.3770220
     413.0000000        2.3842492
     414.0000000        2.3895750
     415.0000000        2.3955953
     416.0000000        2.4083817
     417.0000000        2.4168172
     418.0000000        2.4204760
     419.0000000        2.4341066
     420.0000000        2.4557271
     421.0000000        2.4684002
     422.0000000        2.4714475
     423.0000000        2.4813831
     424.0000000        2.4910097
     425.0000000        2.5042958
     426.0000000        2.5217636
     427.0000000        2.5376775
     428.0000000        2.5468352
     429.0000000        2.5562036
     430.0000000        2.5627115
     431.0000000        2.5573640
     432.0000000        2.5567241
     433.0000000        2.5504172
     434.0000000        2.5391700
     435.0000000        2.5398355
     436.0000000        2.5408332
     437.0000000        2.5462265
     438.0000000        2.5577421
     439.0000000        2.5520277
     440.0000000        2.5406749
     441.0000000        2.5329831
     442.0000000        2.5298138
     443.0000000        2.5265768
     444.0000000        2.5197701
     445.0000000        2.5089822
     446.0000000        2.5030990
     447.0000000        2.4985619
     448.0000000        2.4941604
     449.0000000        2.4931364
     450.0000000        2.4957173
     451.0000000        2.4965541
     452.0000000        2.5030866
     453.0000000        2.5092337
     454.0000000        2.5107746
     455.0000000        2.5183177
     456.0000000        2.5195656
     457.0000000        2.5213158
     458.0000000        2.5353568
     459.0000000        2.5406687
     460.0000000        2.5425344
     461.0000000        2.5350425
     462.0000000        2.5249364
     463.0000000        2.5171909
     464.0000000        2.5063312
     465.0000000        2.5034440
     466.0000000        2.5054798
     467.0000000        2.5029042
     468.0000000        2.5010407
     469.0000000        2.5047793
     470.0000000        2.5072541
     471.0000000        2.5232599
     472.0000000        2.5273705
     473.0000000        2.5226517
     474.0000000        2.5117416
     475.0000000        2.5044801
     476.0000000        2.4993849
     477.0000000        2.5089676
     478.0000000        2.5230720
     479.0000000        2.5225093
     480.0000000        2.5160747
     481.0000000        2.5124884
     482.0000000        2.5182173
     483.0000000        2.5197573
     484.0000000        2.5094087
     485.0000000        2.5085180
     486.0000000        2.5076239
     487.0000000        2.5106947
     488.0000000        2.5143859
     489.0000000        2.5099356
     490.0000000        2.4990025
     491.0000000        2.4899912
     492.0000000        2.4799354
     493.0000000        2.4564738
     494.0000000        2.4446607
     495.0000000        2.4409904
     496.0000000        2.4402556
     497.0000000        2.4302292
     498.0000000        2.4229448
     499.0000000        2.4156566
     500.0000000        2.4074540
     501.0000000        2.4066107
     502.0000000        2.4083383
     503.0000000        2.4133341
     504.0000000        2.4161651
     505.0000000        2.4213610
     506.0000000        2.4326134
     507.0000000        2.4337351
     508.0000000        2.4361744
     509.0000000        2.4415085
     510.0000000        2.4464011
     511.0000000        2.4400611
     512.0000000        2.4420621
     513.0000000        2.4521728
     514.0000000        2.4622636
     515.0000000        2.4630775
     516.0000000        2.4617295
     517.0000000        2.4631901
     518.0000000        2.4631894
     519.0000000        2.4574759
     520.0000000        2.4493051
     521.0000000        2.4271414
     522.0000000        2.4080136
     523.0000000        2.4015608
     524.0000000        2.4024675
     525.0000000        2.4166439
     526.0000000        2.4192612
     527.0000000        2.4214571
     528.0000000        2.4330397
     529.0000000        2.4530654
     530.0000000        2.4632690
     531.0000000        2.4684858
     532.0000000        2.4708815
     533.0000000        2.4679382
     534.0000000        2.4755645
     535.0000000        2.4829853
     536.0000000        2.4871244
     537.0000000        2.4978027
     538.0000000        2.5141542
     539.0000000        2.5209935
     540.0000000        2.5278585
     541.0000000        2.5263746
     542.0000000        2.5163040
     543.0000000        2.4956377
     544.0000000        2.4732344
     545.0000000        2.4487934
     546.0000000        2.4407873
     547.0000000        2.4347503
     548.0000000        2.4290667
     549.0000000        2.4255550
     550.0000000        2.4194605
     551.0000000        2.4148374
     552.0000000        2.4144514
     553.0000000        2.4127159
     554.0000000        2.4187498
     555.0000000        2.4329293
     556.0000000        2.4364576
     557.0000000        2.4236944
     558.0000000        2.4214122
     559.0000000        2.4204895
     560.0000000        2.4217081
     561.0000000        2.4291565
     562.0000000        2.4277418
     563.0000000        2.4237800
     564.0000000        2.4204929
     565.0000000        2.4262249
     566.0000000        2.4271960
     567.0000000        2.4259343
     568.0000000        2.4208224
     569.0000000        2.4134972
     570.0000000        2.4207206
     571.0000000        2.4403102
     572.0000000        2.4584160
     573.0000000        2.4707270
     574.0000000        2.4779391
     575.0000000        2.4760003
     576.0000000        2.4778585
     577.0000000        2.4791362
     578.0000000        2.4754848
     579.0000000        2.4664531
     580.0000000        2.4659283
     581.0000000        2.4646940
     582.0000000        2.4676812
     583.0000000        2.4750071
     584.0000000        2.4837074
     585.0000000        2.4920652
     586.0000000        2.4941037
     587.0000000        2.4939520
     588.0000000        2.4915659
     589.0000000        2.4903996
     590.0000000        2.4974515
     591.0000000        2.5010962
     592.0000000        2.5004776
     593.0000000        2.5007918
     594.0000000        2.5001779
     595.0000000        2.4935427
     596.0000000        2.4871902
     597.0000000        2.4827578
     598.0000000        2.4868691
     599.0000000        2.4889259
     600.0000000        2.4758160
