       1.0000000        6.6657453
       2.0000000        5.0140100
       3.0000000        4.2095532
       4.0000000        3.7874937
       5.0000000        3.5589526
       6.0000000        3.4349966
       7.0000000        3.3426266
       8.0000000        3.2554471
       9.0000000        3.1703634
      10.0000000        3.0941434
      11.0000000        3.0267754
      12.0000000        2.9682705
      13.0000000        2.9224129
      14.0000000        2.8888118
      15.0000000        2.8631141
      16.0000000        2.8423424
      17.0000000        2.8225768
      18.0000000        2.8046949
      19.0000000        2.7896178
      20.0000000        2.7741942
      21.0000000        2.7624557
      22.0000000        2.7519534
      23.0000000        2.7447188
      24.0000000        2.7407892
      25.0000000        2.7361755
      26.0000000        2.7266424
      27.0000000        2.7165537
      28.0000000        2.7052374
      29.0000000        2.6930158
      30.0000000        2.6805530
      31.0000000        2.6699440
      32.0000000        2.6596704
      33.0000000        2.6423120
      34.0000000        2.6187921
      35.0000000        2.6001558
      36.0000000        2.5914893
      37.0000000        2.5934744
      38.0000000        2.6018252
      39.0000000        2.6107919
      40.0000000        2.6226940
      41.0000000        2.6346061
      42.0000000        2.6461847
      43.0000000        2.6594846
      44.0000000        2.6712775
      45.0000000        2.6792877
      46.0000000        2.6798391
      47.0000000        2.6768723
      48.0000000        2.6697321
      49.0000000        2.6587093
      50.0000000        2.6455362
      51.0000000        2.6288354
      52.0000000        2.6066883
      53.0000000        2.5769067
      54.0000000        2.5452039
      55.0000000        2.5059431
      56.0000000        2.4638913
      57.0000000        2.4223335
      58.0000000        2.3778052
      59.0000000        2.3327861
      60.0000000        2.2879844
      61.0000000        2.2437594
      62.0000000        2.2046895
      63.0000000        2.1706669
      64.0000000        2.1408646
      65.0000000        2.1168530
      66.0000000        2.0991406
      67.0000000        2.0875340
      68.0000000        2.0798619
      69.0000000        2.0761819
      70.0000000        2.0764103
      71.0000000        2.0779166
      72.0000000        2.0791426
      73.0000000        2.0815423
      74.0000000        2.0857604
      75.0000000        2.0935006
      76.0000000        2.1043236
      77.0000000        2.1187615
      78.0000000        2.1376550
      79.0000000        2.1596558
      80.0000000        2.1834893
      81.0000000        2.2079403
      82.0000000        2.2340891
      83.0000000        2.2615364
      84.0000000        2.2866702
      85.0000000        2.3077385
      86.0000000        2.3267894
      87.0000000        2.3437583
      88.0000000        2.3567016
      89.0000000        2.3634689
      90.0000000        2.3673601
      91.0000000        2.3729010
      92.0000000        2.3802049
      93.0000000        2.3871222
      94.0000000        2.3949051
      95.0000000        2.4034038
      96.0000000        2.4140556
      97.0000000        2.4232860
      98.0000000        2.4287615
      99.0000000        2.4282846
     100.0000000        2.4242425
     101.0000000        2.4169495
     102.0000000        2.4022012
     103.0000000        2.3804324
     104.0000000        2.3512104
     105.0000000        2.3142900
     106.0000000        2.2706432
     107.0000000        2.2253785
     108.0000000        2.1785238
     109.0000000        2.1310644
     110.0000000        2.0867758
     111.0000000        2.0480859
     112.0000000        2.0163820
     113.0000000        1.9888200
     114.0000000        1.9641550
     115.0000000        1.9409199
     116.0000000        1.9203390
     117.0000000        1.9009316
     118.0000000        1.8803890
     119.0000000        1.8624909
     120.0000000        1.8475082
     121.0000000        1.8344840
     122.0000000        1.8247263
     123.0000000        1.8197875
     124.0000000        1.8158113
     125.0000000        1.8126379
     126.0000000        1.8121530
     127.0000000        1.8129892
     128.0000000        1.8121905
     129.0000000        1.8178897
     130.0000000        1.8267521
     131.0000000        1.8396410
     132.0000000        1.8577228
     133.0000000        1.8795514
     134.0000000        1.9023272
     135.0000000        1.9299942
     136.0000000        1.9570194
     137.0000000        1.9851619
     138.0000000        2.0143726
     139.0000000        2.0430720
     140.0000000        2.0721116
     141.0000000        2.0975318
     142.0000000        2.1163962
     143.0000000        2.1370595
     144.0000000        2.1637886
     145.0000000        2.1899512
     146.0000000        2.2117436
     147.0000000        2.2355280
     148.0000000        2.2566996
     149.0000000        2.2782116
     150.0000000        2.3017647
     151.0000000        2.3252115
     152.0000000        2.3474705
     153.0000000        2.3680189
     154.0000000        2.3882854
     155.0000000        2.4099922
     156.0000000        2.4310703
     157.0000000        2.4507012
     158.0000000        2.4700577
     159.0000000        2.4882936
     160.0000000        2.5001941
     161.0000000        2.5080256
     162.0000000        2.5130036
     163.0000000        2.5132110
     164.0000000        2.5078747
     165.0000000        2.5029900
     166.0000000        2.4984188
     167.0000000        2.4949930
     168.0000000        2.4924757
     169.0000000        2.4866374
     170.0000000        2.4817960
     171.0000000        2.4755991
     172.0000000        2.4681056
     173.0000000        2.4611702
     174.0000000        2.4512341
     175.0000000        2.4374967
     176.0000000        2.4175851
     177.0000000        2.3931897
     178.0000000        2.3672020
     179.0000000        2.3383439
     180.0000000        2.3086610
     181.0000000        2.2781096
     182.0000000        2.2500854
     183.0000000        2.2256746
     184.0000000        2.2035255
     185.0000000        2.1846766
     186.0000000        2.1687987
     187.0000000        2.1553228
     188.0000000        2.1447113
     189.0000000        2.1395128
     190.0000000        2.1369791
     191.0000000        2.1352749
     192.0000000        2.1349442
     193.0000000        2.1353154
     194.0000000        2.1357939
     195.0000000        2.1355007
     196.0000000        2.1372147
     197.0000000        2.1405556
     198.0000000        2.1462467
     199.0000000        2.1554568
     200.0000000        2.1671271
     201.0000000        2.1817410
     202.0000000        2.1983860
     203.0000000        2.2156963
     204.0000000        2.2324758
     205.0000000        2.2519062
     206.0000000        2.2730138
     207.0000000        2.2978206
     208.0000000        2.3281846
     209.0000000        2.3648367
     210.0000000        2.4061129
     211.0000000        2.4513047
     212.0000000        2.5009444
     213.0000000        2.5492740
     214.0000000        2.5962462
     215.0000000        2.6395593
     216.0000000        2.6788669
     217.0000000        2.7125328
     218.0000000        2.7358813
     219.0000000        2.7517262
     220.0000000        2.7615621
     221.0000000        2.7651076
     222.0000000        2.7624803
     223.0000000        2.7535326
     224.0000000        2.7387028
     225.0000000        2.7265897
     226.0000000        2.7118261
     227.0000000        2.6916664
     228.0000000        2.6682880
     229.0000000        2.6417017
     230.0000000        2.6159279
     231.0000000        2.5918915
     232.0000000        2.5685439
     233.0000000        2.5424042
     234.0000000        2.5221908
     235.0000000        2.5066454
     236.0000000        2.4910023
     237.0000000        2.4790323
     238.0000000        2.4720170
     239.0000000        2.4648602
     240.0000000        2.4567599
     241.0000000        2.4475858
     242.0000000        2.4425113
     243.0000000        2.4396641
     244.0000000        2.4414511
     245.0000000        2.4411240
     246.0000000        2.4394004
     247.0000000        2.4354610
     248.0000000        2.4305792
     249.0000000        2.4236276
     250.0000000        2.4181118
     251.0000000        2.4140592
     252.0000000        2.4131677
     253.0000000        2.4167411
     254.0000000        2.4189856
     255.0000000        2.4189849
     256.0000000        2.4200869
     257.0000000        2.4231606
     258.0000000        2.4294922
     259.0000000        2.4384260
     260.0000000        2.4485676
     261.0000000        2.4587085
     262.0000000        2.4674375
     263.0000000        2.4781373
     264.0000000        2.4928432
     265.0000000        2.5090022
     266.0000000        2.5279076
     267.0000000        2.5444233
     268.0000000        2.5593290
     269.0000000        2.5726156
     270.0000000        2.5819154
     271.0000000        2.5850267
     272.0000000        2.5845337
     273.0000000        2.5786133
     274.0000000        2.5676076
     275.0000000        2.5559173
     276.0000000        2.5399873
     277.0000000        2.5185716
     278.0000000        2.4937696
     279.0000000        2.4661047
     280.0000000        2.4352908
     281.0000000        2.3981516
     282.0000000        2.3609056
     283.0000000        2.3255734
     284.0000000        2.2915273
     285.0000000        2.2622020
     286.0000000        2.2353768
     287.0000000        2.2094560
     288.0000000        2.1843066
     289.0000000        2.1602209
     290.0000000        2.1371377
     291.0000000        2.1168962
     292.0000000        2.1001434
     293.0000000        2.0859244
     294.0000000        2.0735381
     295.0000000        2.0659828
     296.0000000        2.0608110
     297.0000000        2.0573461
     298.0000000        2.0587051
     299.0000000        2.0637059
     300.0000000        2.0716174
     301.0000000        2.0824516
     302.0000000        2.0950658
     303.0000000        2.1120698
     304.0000000        2.1311080
     305.0000000        2.1521659
     306.0000000        2.1733587
     307.0000000        2.1929095
     308.0000000        2.2108138
     309.0000000        2.2262340
     310.0000000        2.2375033
     311.0000000        2.2462535
     312.0000000        2.2533913
     313.0000000        2.2576292
     314.0000000        2.2621377
     315.0000000        2.2675850
     316.0000000        2.2743464
     317.0000000        2.2801621
     318.0000000        2.2837329
     319.0000000        2.2872009
     320.0000000        2.2886400
     321.0000000        2.2865582
     322.0000000        2.2803390
     323.0000000        2.2696230
     324.0000000        2.2564967
     325.0000000        2.2414019
     326.0000000        2.2230506
     327.0000000        2.2048533
     328.0000000        2.1863570
     329.0000000        2.1674387
     330.0000000        2.1483555
     331.0000000        2.1292133
     332.0000000        2.1126628
     333.0000000        2.1007724
     334.0000000        2.0930183
     335.0000000        2.0870221
     336.0000000        2.0824592
     337.0000000        2.0771966
     338.0000000        2.0725915
     339.0000000        2.0655675
     340.0000000        2.0532868
     341.0000000        2.0372391
     342.0000000        2.0208673
     343.0000000        2.0042710
     344.0000000        1.9854833
     345.0000000        1.9660835
     346.0000000        1.9477869
     347.0000000        1.9313610
     348.0000000        1.9191244
     349.0000000        1.9090636
     350.0000000        1.9008780
     351.0000000        1.8937298
     352.0000000        1.8869345
     353.0000000        1.8849435
     354.0000000        1.8854740
     355.0000000        1.8896850
     356.0000000        1.8983349
     357.0000000        1.9081903
     358.0000000        1.9188387
     359.0000000        1.9256884
     360.0000000        1.9333771
     361.0000000        1.9440255
     362.0000000        1.9618700
     363.0000000        1.9833674
     364.0000000        2.0064664
     365.0000000        2.0304821
     366.0000000        2.0541453
     367.0000000        2.0752060
     368.0000000        2.0944149
     369.0000000        2.1086926
     370.0000000        2.1184020
     371.0000000        2.1229329
     372.0000000        2.1206639
     373.0000000        2.1131747
     374.0000000        2.1017919
     375.0000000        2.0863698
     376.0000000        2.0686526
     377.0000000        2.0481434
     378.0000000        2.0242114
     379.0000000        1.9984003
     380.0000000        1.9741004
     381.0000000        1.9529508
     382.0000000        1.9322569
     383.0000000        1.9127823
     384.0000000        1.8928154
     385.0000000        1.8748479
     386.0000000        1.8612901
     387.0000000        1.8487532
     388.0000000        1.8363360
     389.0000000        1.8233124
     390.0000000        1.8096738
     391.0000000        1.7939767
     392.0000000        1.7767768
     393.0000000        1.7590621
     394.0000000        1.7410123
     395.0000000        1.7192563
     396.0000000        1.6986976
     397.0000000        1.6797967
     398.0000000        1.6645758
     399.0000000        1.6510019
     400.0000000        1.6360415
     401.0000000        1.6246270
     402.0000000        1.6172341
     403.0000000        1.6133676
     404.0000000        1.6133757
     405.0000000        1.6153085
     406.0000000        1.6228023
     407.0000000        1.6342548
     408.0000000        1.6451360
     409.0000000        1.6559786
     410.0000000        1.6630684
     411.0000000        1.6694387
     412.0000000        1.6784461
     413.0000000        1.6944505
     414.0000000        1.7101789
     415.0000000        1.7285445
     416.0000000        1.7466881
     417.0000000        1.7595364
     418.0000000        1.7678477
     419.0000000        1.7732546
     420.0000000        1.7860533
     421.0000000        1.8034611
     422.0000000        1.8249265
     423.0000000        1.8488104
     424.0000000        1.8735937
     425.0000000        1.9003499
     426.0000000        1.9273677
     427.0000000        1.9543707
     428.0000000        1.9795331
     429.0000000        2.0028830
     430.0000000        2.0251842
     431.0000000        2.0459175
     432.0000000        2.0666828
     433.0000000        2.0899842
     434.0000000        2.1095240
     435.0000000        2.1272862
     436.0000000        2.1445613
     437.0000000        2.1605742
     438.0000000        2.1734381
     439.0000000        2.1811597
     440.0000000        2.1846426
     441.0000000        2.1837111
     442.0000000        2.1804247
     443.0000000        2.1757979
     444.0000000        2.1659803
     445.0000000        2.1529167
     446.0000000        2.1386528
     447.0000000        2.1239061
     448.0000000        2.1099553
     449.0000000        2.0963566
     450.0000000        2.0824599
     451.0000000        2.0701737
     452.0000000        2.0584424
     453.0000000        2.0436385
     454.0000000        2.0254319
     455.0000000        2.0072508
     456.0000000        1.9894906
     457.0000000        1.9703553
     458.0000000        1.9491016
     459.0000000        1.9283879
     460.0000000        1.9075581
     461.0000000        1.8884989
     462.0000000        1.8720220
     463.0000000        1.8601638
     464.0000000        1.8532066
     465.0000000        1.8510294
     466.0000000        1.8532170
     467.0000000        1.8592361
     468.0000000        1.8665509
     469.0000000        1.8746116
     470.0000000        1.8824782
     471.0000000        1.8877510
     472.0000000        1.8916879
     473.0000000        1.8929621
     474.0000000        1.9020576
     475.0000000        1.9145119
     476.0000000        1.9309875
     477.0000000        1.9503706
     478.0000000        1.9695296
     479.0000000        1.9871345
     480.0000000        2.0023105
     481.0000000        2.0155468
     482.0000000        2.0263386
     483.0000000        2.0341034
     484.0000000        2.0396013
     485.0000000        2.0451417
     486.0000000        2.0506358
     487.0000000        2.0571709
     488.0000000        2.0655684
     489.0000000        2.0746443
     490.0000000        2.0839605
     491.0000000        2.0939903
     492.0000000        2.1052825
     493.0000000        2.1177237
     494.0000000        2.1280468
     495.0000000        2.1340299
     496.0000000        2.1355805
     497.0000000        2.1319566
     498.0000000        2.1230609
     499.0000000        2.1119518
     500.0000000        2.1019478
     501.0000000        2.0908175
     502.0000000        2.0808303
     503.0000000        2.0706112
     504.0000000        2.0597751
     505.0000000        2.0490410
     506.0000000        2.0363364
     507.0000000        2.0226927
     508.0000000        2.0093160
     509.0000000        1.9958304
     510.0000000        1.9829218
     511.0000000        1.9717100
     512.0000000        1.9603531
     513.0000000        1.9508420
     514.0000000        1.9457065
     515.0000000        1.9445807
     516.0000000        1.9470316
     517.0000000        1.9502673
     518.0000000        1.9553879
     519.0000000        1.9620780
     520.0000000        1.9685954
     521.0000000        1.9751915
     522.0000000        1.9790863
     523.0000000        1.9813216
     524.0000000        1.9817436
     525.0000000        1.9802879
     526.0000000        1.9783082
     527.0000000        1.9767443
     528.0000000        1.9742646
     529.0000000        1.9723934
     530.0000000        1.9730492
     531.0000000        1.9741971
     532.0000000        1.9773840
     533.0000000        1.9818648
     534.0000000        1.9894563
     535.0000000        2.0001349
     536.0000000        2.0109777
     537.0000000        2.0220134
     538.0000000        2.0430052
     539.0000000        2.0639269
     540.0000000        2.0853565
     541.0000000        2.1043422
     542.0000000        2.1243293
     543.0000000        2.1441095
     544.0000000        2.1641092
     545.0000000        2.1826003
     546.0000000        2.2009420
     547.0000000        2.2203093
     548.0000000        2.2396352
     549.0000000        2.2561431
     550.0000000        2.2685592
     551.0000000        2.2789617
     552.0000000        2.2864554
     553.0000000        2.2891376
     554.0000000        2.2897446
     555.0000000        2.2925949
     556.0000000        2.2942514
     557.0000000        2.2958925
     558.0000000        2.2955856
     559.0000000        2.2908373
     560.0000000        2.2833638
     561.0000000        2.2733026
     562.0000000        2.2616003
     563.0000000        2.2498255
     564.0000000        2.2393074
     565.0000000        2.2281458
     566.0000000        2.2137406
     567.0000000        2.1957965
     568.0000000        2.1753933
     569.0000000        2.1569717
     570.0000000        2.1404355
     571.0000000        2.1274078
     572.0000000        2.1151235
     573.0000000        2.1060531
     574.0000000        2.0992315
     575.0000000        2.0929437
     576.0000000        2.0860021
     577.0000000        2.0795054
     578.0000000        2.0731235
     579.0000000        2.0661769
     580.0000000        2.0604370
     581.0000000        2.0550294
     582.0000000        2.0511734
     583.0000000        2.0471077
     584.0000000        2.0461760
     585.0000000        2.0456975
     586.0000000        2.0460100
     587.0000000        2.0462961
     588.0000000        2.0474041
     589.0000000        2.0473530
     590.0000000        2.0456553
     591.0000000        2.0426552
     592.0000000        2.0404522
     593.0000000        2.0383568
     594.0000000        2.0330577
     595.0000000        2.0268643
     596.0000000        2.0210304
     597.0000000        2.0133710
     598.0000000        2.0051599
     599.0000000        1.9982060
     600.0000000        1.9923655
