       1.0000000        5.0144395
       2.0000000        4.9782763
       3.0000000        4.9812629
       4.0000000        4.9601025
       5.0000000        4.9371586
       6.0000000        4.9317714
       7.0000000        4.9427290
       8.0000000        4.9478946
       9.0000000        4.9657263
      10.0000000        4.9706303
      11.0000000        5.0009749
      12.0000000        5.0509803
      13.0000000        5.1134987
      14.0000000        5.1862916
      15.0000000        5.2688195
      16.0000000        5.3438525
      17.0000000        5.4081901
      18.0000000        5.4154589
      19.0000000        5.4102019
      20.0000000        5.3864365
      21.0000000        5.3081830
      22.0000000        5.2444553
      23.0000000        5.1846796
      24.0000000        5.1879420
      25.0000000        5.1798930
      26.0000000        5.1646887
      27.0000000        5.1505817
      28.0000000        5.1294113
      29.0000000        5.0762872
      30.0000000        5.0461773
      31.0000000        5.0176572
      32.0000000        4.9531863
      33.0000000        4.8705959
      34.0000000        4.8268668
      35.0000000        4.7298101
      36.0000000        4.6441549
      37.0000000        4.5392144
      38.0000000        4.4242461
      39.0000000        4.3038884
      40.0000000        4.1785515
      41.0000000        4.0516533
      42.0000000        3.9459257
      43.0000000        3.8518439
      44.0000000        3.7746862
      45.0000000        3.6991414
      46.0000000        3.6340467
      47.0000000        3.5760158
      48.0000000        3.5248511
      49.0000000        3.4864669
      50.0000000        3.4318485
      51.0000000        3.3742101
      52.0000000        3.3182431
      53.0000000        3.2566606
      54.0000000        3.1997096
      55.0000000        3.1547194
      56.0000000        3.1126138
      57.0000000        3.0568283
      58.0000000        3.0039968
      59.0000000        2.9382816
      60.0000000        2.8675928
      61.0000000        2.8027458
      62.0000000        2.7460894
      63.0000000        2.6896168
      64.0000000        2.6263574
      65.0000000        2.5609730
      66.0000000        2.5054546
      67.0000000        2.4597147
      68.0000000        2.4152848
      69.0000000        2.3714656
      70.0000000        2.3306070
      71.0000000        2.2886062
      72.0000000        2.2470837
      73.0000000        2.2075524
      74.0000000        2.1706750
      75.0000000        2.1350985
      76.0000000        2.1016213
      77.0000000        2.0697446
      78.0000000        2.0366211
      79.0000000        2.0041532
      80.0000000        1.9758024
      81.0000000        1.9544333
      82.0000000        1.9346574
      83.0000000        1.9144169
      84.0000000        1.8948317
      85.0000000        1.8764216
      86.0000000        1.8584511
      87.0000000        1.8380622
      88.0000000        1.8179342
      89.0000000        1.8027984
      90.0000000        1.7915164
      91.0000000        1.7816067
      92.0000000        1.7726194
      93.0000000        1.7638078
      94.0000000        1.7539434
      95.0000000        1.7424516
      96.0000000        1.7286788
      97.0000000        1.7138877
      98.0000000        1.6983886
      99.0000000        1.6827650
     100.0000000        1.6677317
     101.0000000        1.6530627
     102.0000000        1.6395483
     103.0000000        1.6276958
     104.0000000        1.6173979
     105.0000000        1.6087855
     106.0000000        1.6026240
     107.0000000        1.6009034
     108.0000000        1.6009830
     109.0000000        1.6002417
     110.0000000        1.5986022
     111.0000000        1.5958927
     112.0000000        1.5931459
     113.0000000        1.5904075
     114.0000000        1.5887799
     115.0000000        1.5888183
     116.0000000        1.5916640
     117.0000000        1.5954268
     118.0000000        1.5992411
     119.0000000        1.6021593
     120.0000000        1.6035952
     121.0000000        1.6047129
     122.0000000        1.6043126
     123.0000000        1.6024305
     124.0000000        1.6015602
     125.0000000        1.6008135
     126.0000000        1.6003778
     127.0000000        1.6004286
     128.0000000        1.6013885
     129.0000000        1.6037779
     130.0000000        1.6062222
     131.0000000        1.6100169
     132.0000000        1.6143378
     133.0000000        1.6196642
     134.0000000        1.6267239
     135.0000000        1.6373249
     136.0000000        1.6496565
     137.0000000        1.6637245
     138.0000000        1.6788063
     139.0000000        1.6943804
     140.0000000        1.7088459
     141.0000000        1.7210841
     142.0000000        1.7327710
     143.0000000        1.7437086
     144.0000000        1.7556521
     145.0000000        1.7689002
     146.0000000        1.7829453
     147.0000000        1.8000985
     148.0000000        1.8197243
     149.0000000        1.8391849
     150.0000000        1.8582252
     151.0000000        1.8784287
     152.0000000        1.8960228
     153.0000000        1.9099004
     154.0000000        1.9218371
     155.0000000        1.9326603
     156.0000000        1.9433754
     157.0000000        1.9573950
     158.0000000        1.9759993
     159.0000000        1.9986496
     160.0000000        2.0220385
     161.0000000        2.0458651
     162.0000000        2.0721398
     163.0000000        2.0995650
     164.0000000        2.1288419
     165.0000000        2.1605709
     166.0000000        2.1921420
     167.0000000        2.2230484
     168.0000000        2.2552849
     169.0000000        2.2861920
     170.0000000        2.3092816
     171.0000000        2.3289183
     172.0000000        2.3507225
     173.0000000        2.3779325
     174.0000000        2.4094865
     175.0000000        2.4470592
     176.0000000        2.4903045
     177.0000000        2.5319361
     178.0000000        2.5713689
     179.0000000        2.6074577
     180.0000000        2.6418342
     181.0000000        2.6746289
     182.0000000        2.7018986
     183.0000000        2.7138396
     184.0000000        2.7231840
     185.0000000        2.7420649
     186.0000000        2.7707308
     187.0000000        2.7972198
     188.0000000        2.8236268
     189.0000000        2.8433093
     190.0000000        2.8504049
     191.0000000        2.8556873
     192.0000000        2.8468518
     193.0000000        2.8431226
     194.0000000        2.8420508
     195.0000000        2.8394893
     196.0000000        2.8274025
     197.0000000        2.8063395
     198.0000000        2.7798686
     199.0000000        2.7587320
     200.0000000        2.7449294
     201.0000000        2.7357098
     202.0000000        2.7213584
     203.0000000        2.7052313
     204.0000000        2.6952304
     205.0000000        2.6880026
     206.0000000        2.6759422
     207.0000000        2.6576191
     208.0000000        2.6362476
     209.0000000        2.6214716
     210.0000000        2.6029766
     211.0000000        2.5873343
     212.0000000        2.5712067
     213.0000000        2.5622728
     214.0000000        2.5482329
     215.0000000        2.5332428
     216.0000000        2.5184292
     217.0000000        2.5067434
     218.0000000        2.4884778
     219.0000000        2.4659395
     220.0000000        2.4398692
     221.0000000        2.4171911
     222.0000000        2.3928648
     223.0000000        2.3690732
     224.0000000        2.3421852
     225.0000000        2.3113714
     226.0000000        2.2821109
     227.0000000        2.2536529
     228.0000000        2.2265338
     229.0000000        2.2036037
     230.0000000        2.1779805
     231.0000000        2.1529123
     232.0000000        2.1286099
     233.0000000        2.1041142
     234.0000000        2.0781509
     235.0000000        2.0472329
     236.0000000        2.0151669
     237.0000000        1.9862531
     238.0000000        1.9637544
     239.0000000        1.9468855
     240.0000000        1.9349358
     241.0000000        1.9266166
     242.0000000        1.9223118
     243.0000000        1.9216885
     244.0000000        1.9244038
     245.0000000        1.9298878
     246.0000000        1.9343357
     247.0000000        1.9386215
     248.0000000        1.9465081
     249.0000000        1.9602116
     250.0000000        1.9752951
     251.0000000        1.9895546
     252.0000000        2.0046850
     253.0000000        2.0201418
     254.0000000        2.0329214
     255.0000000        2.0438002
     256.0000000        2.0565715
     257.0000000        2.0702941
     258.0000000        2.0841613
     259.0000000        2.0989827
     260.0000000        2.1132368
     261.0000000        2.1264417
     262.0000000        2.1408581
     263.0000000        2.1548170
     264.0000000        2.1720617
     265.0000000        2.1971231
     266.0000000        2.2275788
     267.0000000        2.2580328
     268.0000000        2.2832106
     269.0000000        2.2990011
     270.0000000        2.3092434
     271.0000000        2.3221402
     272.0000000        2.3401447
     273.0000000        2.3627037
     274.0000000        2.3858970
     275.0000000        2.4110964
     276.0000000        2.4415440
     277.0000000        2.4722564
     278.0000000        2.5013605
     279.0000000        2.5383131
     280.0000000        2.5831710
     281.0000000        2.6315460
     282.0000000        2.6785269
     283.0000000        2.7108259
     284.0000000        2.7255749
     285.0000000        2.7353583
     286.0000000        2.7446504
     287.0000000        2.7572034
     288.0000000        2.7780131
     289.0000000        2.8039340
     290.0000000        2.8220351
     291.0000000        2.8383596
     292.0000000        2.8409571
     293.0000000        2.8340156
     294.0000000        2.8246727
     295.0000000        2.8160027
     296.0000000        2.8069778
     297.0000000        2.7853041
     298.0000000        2.7601202
     299.0000000        2.7343946
     300.0000000        2.7107934
     301.0000000        2.6958721
     302.0000000        2.6742791
     303.0000000        2.6512053
     304.0000000        2.6238261
     305.0000000        2.5865618
     306.0000000        2.5534165
     307.0000000        2.5350774
     308.0000000        2.5169979
     309.0000000        2.5097455
     310.0000000        2.5070931
     311.0000000        2.5025943
     312.0000000        2.4981919
     313.0000000        2.4990404
     314.0000000        2.4997823
     315.0000000        2.4985302
     316.0000000        2.5027124
     317.0000000        2.5120199
     318.0000000        2.5262529
     319.0000000        2.5413479
     320.0000000        2.5538124
     321.0000000        2.5652491
     322.0000000        2.5786370
     323.0000000        2.5941851
     324.0000000        2.6121544
     325.0000000        2.6226622
     326.0000000        2.6356036
     327.0000000        2.6657740
     328.0000000        2.6996020
     329.0000000        2.7327639
     330.0000000        2.7685894
     331.0000000        2.8075570
     332.0000000        2.8385626
     333.0000000        2.8697546
     334.0000000        2.8962635
     335.0000000        2.9258899
     336.0000000        2.9558130
     337.0000000        2.9831172
     338.0000000        2.9941642
     339.0000000        3.0009053
     340.0000000        3.0135618
     341.0000000        3.0166063
     342.0000000        3.0134176
     343.0000000        3.0182093
     344.0000000        3.0152428
     345.0000000        3.0191853
     346.0000000        3.0226495
     347.0000000        3.0301821
     348.0000000        3.0328217
     349.0000000        3.0278937
     350.0000000        3.0220059
     351.0000000        3.0115329
     352.0000000        2.9950000
     353.0000000        2.9844578
     354.0000000        2.9819771
     355.0000000        2.9773882
     356.0000000        2.9739643
     357.0000000        2.9630101
     358.0000000        2.9442702
     359.0000000        2.9330561
     360.0000000        2.9231810
     361.0000000        2.9189689
     362.0000000        2.9167875
     363.0000000        2.9239454
     364.0000000        2.9295807
     365.0000000        2.9198009
     366.0000000        2.9129666
     367.0000000        2.8951481
     368.0000000        2.8697460
     369.0000000        2.8344011
     370.0000000        2.7811694
     371.0000000        2.7269868
     372.0000000        2.6764370
     373.0000000        2.6209605
     374.0000000        2.5743952
     375.0000000        2.5337743
     376.0000000        2.5105516
     377.0000000        2.4886914
     378.0000000        2.4752419
     379.0000000        2.4643043
     380.0000000        2.4550997
     381.0000000        2.4502877
     382.0000000        2.4503620
     383.0000000        2.4452441
     384.0000000        2.4345409
     385.0000000        2.4197314
     386.0000000        2.4014878
     387.0000000        2.3782468
     388.0000000        2.3577756
     389.0000000        2.3447390
     390.0000000        2.3361849
     391.0000000        2.3297024
     392.0000000        2.3132976
     393.0000000        2.2913662
     394.0000000        2.2706543
     395.0000000        2.2491526
     396.0000000        2.2214875
     397.0000000        2.1907639
     398.0000000        2.1605864
     399.0000000        2.1282588
     400.0000000        2.0932450
     401.0000000        2.0586759
     402.0000000        2.0264810
     403.0000000        1.9952493
     404.0000000        1.9668362
     405.0000000        1.9419702
     406.0000000        1.9187156
     407.0000000        1.8968110
     408.0000000        1.8769020
     409.0000000        1.8609387
     410.0000000        1.8483326
     411.0000000        1.8365445
     412.0000000        1.8242570
     413.0000000        1.8106049
     414.0000000        1.7982190
     415.0000000        1.7876187
     416.0000000        1.7800548
     417.0000000        1.7757928
     418.0000000        1.7755598
     419.0000000        1.7773506
     420.0000000        1.7811373
     421.0000000        1.7900491
     422.0000000        1.8035782
     423.0000000        1.8172559
     424.0000000        1.8348481
     425.0000000        1.8580976
     426.0000000        1.8837048
     427.0000000        1.9132281
     428.0000000        1.9429914
     429.0000000        1.9690076
     430.0000000        1.9922994
     431.0000000        2.0190106
     432.0000000        2.0482740
     433.0000000        2.0820078
     434.0000000        2.1122144
     435.0000000        2.1382160
     436.0000000        2.1660213
     437.0000000        2.1931955
     438.0000000        2.2167920
     439.0000000        2.2372735
     440.0000000        2.2623092
     441.0000000        2.2890636
     442.0000000        2.3120946
     443.0000000        2.3308280
     444.0000000        2.3403015
     445.0000000        2.3497983
     446.0000000        2.3614789
     447.0000000        2.3740514
     448.0000000        2.3849860
     449.0000000        2.3946504
     450.0000000        2.4027189
     451.0000000        2.4064165
     452.0000000        2.4139845
     453.0000000        2.4275941
     454.0000000        2.4455300
     455.0000000        2.4671108
     456.0000000        2.4875030
     457.0000000        2.5075882
     458.0000000        2.5256959
     459.0000000        2.5401439
     460.0000000        2.5512790
     461.0000000        2.5637721
     462.0000000        2.5731086
     463.0000000        2.5773763
     464.0000000        2.5783123
     465.0000000        2.5801746
     466.0000000        2.5775763
     467.0000000        2.5681758
     468.0000000        2.5527899
     469.0000000        2.5347143
     470.0000000        2.5094413
     471.0000000        2.4835741
     472.0000000        2.4564321
     473.0000000        2.4284520
     474.0000000        2.4012742
     475.0000000        2.3733541
     476.0000000        2.3445842
     477.0000000        2.3165529
     478.0000000        2.2909533
     479.0000000        2.2704394
     480.0000000        2.2490878
     481.0000000        2.2233013
     482.0000000        2.1971021
     483.0000000        2.1704464
     484.0000000        2.1466667
     485.0000000        2.1318739
     486.0000000        2.1200349
     487.0000000        2.1091803
     488.0000000        2.1015417
     489.0000000        2.0914557
     490.0000000        2.0811255
     491.0000000        2.0752838
     492.0000000        2.0711587
     493.0000000        2.0638847
     494.0000000        2.0539378
     495.0000000        2.0374690
     496.0000000        2.0169216
     497.0000000        1.9971137
     498.0000000        1.9810827
     499.0000000        1.9658679
     500.0000000        1.9546994
     501.0000000        1.9472387
     502.0000000        1.9429622
     503.0000000        1.9406681
     504.0000000        1.9400453
     505.0000000        1.9379185
     506.0000000        1.9413410
     507.0000000        1.9483314
     508.0000000        1.9573514
     509.0000000        1.9656774
     510.0000000        1.9725778
     511.0000000        1.9782485
     512.0000000        1.9844702
     513.0000000        1.9882238
     514.0000000        1.9867763
     515.0000000        1.9774009
     516.0000000        1.9629906
     517.0000000        1.9490795
     518.0000000        1.9418403
     519.0000000        1.9392093
     520.0000000        1.9354332
     521.0000000        1.9319585
     522.0000000        1.9349255
     523.0000000        1.9377864
     524.0000000        1.9368849
     525.0000000        1.9359989
     526.0000000        1.9376111
     527.0000000        1.9453629
     528.0000000        1.9574326
     529.0000000        1.9720546
     530.0000000        1.9885905
     531.0000000        2.0028716
     532.0000000        2.0122648
     533.0000000        2.0199762
     534.0000000        2.0304932
     535.0000000        2.0428976
     536.0000000        2.0579755
     537.0000000        2.0727913
     538.0000000        2.0882517
     539.0000000        2.1015817
     540.0000000        2.1138282
     541.0000000        2.1278871
     542.0000000        2.1399617
     543.0000000        2.1509206
     544.0000000        2.1586965
     545.0000000        2.1612558
     546.0000000        2.1606291
     547.0000000        2.1528158
     548.0000000        2.1443255
     549.0000000        2.1378098
     550.0000000        2.1272853
     551.0000000        2.1177100
     552.0000000        2.1095157
     553.0000000        2.0973645
     554.0000000        2.0859485
     555.0000000        2.0797328
     556.0000000        2.0726447
     557.0000000        2.0662333
     558.0000000        2.0585952
     559.0000000        2.0505078
     560.0000000        2.0409274
     561.0000000        2.0352816
     562.0000000        2.0371758
     563.0000000        2.0412310
     564.0000000        2.0440123
     565.0000000        2.0464871
     566.0000000        2.0524866
     567.0000000        2.0614009
     568.0000000        2.0703367
     569.0000000        2.0785098
     570.0000000        2.0860041
     571.0000000        2.0992434
     572.0000000        2.1190668
     573.0000000        2.1424500
     574.0000000        2.1703817
     575.0000000        2.1995708
     576.0000000        2.2240698
     577.0000000        2.2391057
     578.0000000        2.2607896
     579.0000000        2.2869094
     580.0000000        2.3081700
     581.0000000        2.3304226
     582.0000000        2.3432099
     583.0000000        2.3412026
     584.0000000        2.3359420
     585.0000000        2.3302372
     586.0000000        2.3219533
     587.0000000        2.3099707
     588.0000000        2.2930533
     589.0000000        2.2795202
     590.0000000        2.2656624
     591.0000000        2.2523128
     592.0000000        2.2413532
     593.0000000        2.2342873
     594.0000000        2.2279679
     595.0000000        2.2280889
     596.0000000        2.2318743
     597.0000000        2.2284020
     598.0000000        2.2161197
     599.0000000        2.2002169
     600.0000000        2.1890760
