       1.0000000        2.3250292
       2.0000000        2.3295118
       3.0000000        2.3275675
       4.0000000        2.3179977
       5.0000000        2.3190543
       6.0000000        2.3295988
       7.0000000        2.3369253
       8.0000000        2.3392051
       9.0000000        2.3445591
      10.0000000        2.3546502
      11.0000000        2.3689702
      12.0000000        2.3809391
      13.0000000        2.3833038
      14.0000000        2.3783864
      15.0000000        2.3770698
      16.0000000        2.3739522
      17.0000000        2.3616764
      18.0000000        2.3507147
      19.0000000        2.3455059
      20.0000000        2.3400996
      21.0000000        2.3391116
      22.0000000        2.3353860
      23.0000000        2.3220606
      24.0000000        2.3172876
      25.0000000        2.3281318
      26.0000000        2.3464227
      27.0000000        2.3629243
      28.0000000        2.3700914
      29.0000000        2.3715433
      30.0000000        2.3790410
      31.0000000        2.3886441
      32.0000000        2.3880636
      33.0000000        2.3817468
      34.0000000        2.3766482
      35.0000000        2.3717006
      36.0000000        2.3623034
      37.0000000        2.3559394
      38.0000000        2.3502078
      39.0000000        2.3420840
      40.0000000        2.3348713
      41.0000000        2.3247379
      42.0000000        2.3121823
      43.0000000        2.3129108
      44.0000000        2.3257489
      45.0000000        2.3468311
      46.0000000        2.3703069
      47.0000000        2.3900543
      48.0000000        2.4136604
      49.0000000        2.4318430
      50.0000000        2.4343739
      51.0000000        2.4412258
      52.0000000        2.4487201
      53.0000000        2.4500962
      54.0000000        2.4430889
      55.0000000        2.4378171
      56.0000000        2.4358379
      57.0000000        2.4332198
      58.0000000        2.4221865
      59.0000000        2.4106861
      60.0000000        2.4005047
      61.0000000        2.3842202
      62.0000000        2.3803963
      63.0000000        2.3860575
      64.0000000        2.3979039
      65.0000000        2.4255417
      66.0000000        2.4532905
      67.0000000        2.4701974
      68.0000000        2.4633235
      69.0000000        2.4395982
      70.0000000        2.4182061
      71.0000000        2.3931132
      72.0000000        2.3690253
      73.0000000        2.3544167
      74.0000000        2.3514965
      75.0000000        2.3512863
      76.0000000        2.3644094
      77.0000000        2.3823139
      78.0000000        2.3969093
      79.0000000        2.4063568
      80.0000000        2.4093611
      81.0000000        2.4030230
      82.0000000        2.3819589
      83.0000000        2.3656748
      84.0000000        2.3556599
      85.0000000        2.3583913
      86.0000000        2.3663102
      87.0000000        2.3680648
      88.0000000        2.3729154
      89.0000000        2.3891555
      90.0000000        2.4111750
      91.0000000        2.4300648
      92.0000000        2.4285226
      93.0000000        2.4144990
      94.0000000        2.4155391
      95.0000000        2.4209454
      96.0000000        2.4239971
      97.0000000        2.4294089
      98.0000000        2.4341687
      99.0000000        2.4381646
     100.0000000        2.4349926
     101.0000000        2.4312661
     102.0000000        2.4312553
     103.0000000        2.4274822
     104.0000000        2.4209701
     105.0000000        2.4057008
     106.0000000        2.3885126
     107.0000000        2.3770590
     108.0000000        2.3732563
     109.0000000        2.3767194
     110.0000000        2.3788973
     111.0000000        2.3748065
     112.0000000        2.3694630
     113.0000000        2.3694335
     114.0000000        2.3662763
     115.0000000        2.3594251
     116.0000000        2.3541639
     117.0000000        2.3497797
     118.0000000        2.3475617
     119.0000000        2.3443186
     120.0000000        2.3507190
     121.0000000        2.3670136
     122.0000000        2.3820255
     123.0000000        2.3869889
     124.0000000        2.3868384
     125.0000000        2.3888714
     126.0000000        2.3852868
     127.0000000        2.3839519
     128.0000000        2.3888667
     129.0000000        2.3890152
     130.0000000        2.3816629
     131.0000000        2.3786817
     132.0000000        2.3793167
     133.0000000        2.3817449
     134.0000000        2.3827898
     135.0000000        2.3806971
     136.0000000        2.3803135
     137.0000000        2.3840893
     138.0000000        2.3936627
     139.0000000        2.3960974
     140.0000000        2.3880848
     141.0000000        2.3786712
     142.0000000        2.3820142
     143.0000000        2.3844718
     144.0000000        2.3751124
     145.0000000        2.3668296
     146.0000000        2.3623092
     147.0000000        2.3571945
     148.0000000        2.3521985
     149.0000000        2.3592846
     150.0000000        2.3732592
     151.0000000        2.3897123
     152.0000000        2.4071384
     153.0000000        2.4253382
     154.0000000        2.4360077
     155.0000000        2.4436484
     156.0000000        2.4437254
     157.0000000        2.4336503
     158.0000000        2.4394413
     159.0000000        2.4626530
     160.0000000        2.4803271
     161.0000000        2.4813216
     162.0000000        2.4762264
     163.0000000        2.4824758
     164.0000000        2.5034865
     165.0000000        2.5244734
     166.0000000        2.5335144
     167.0000000        2.5206245
     168.0000000        2.4890063
     169.0000000        2.4542747
     170.0000000        2.4333202
     171.0000000        2.4206068
     172.0000000        2.4138342
     173.0000000        2.4042296
     174.0000000        2.3903899
     175.0000000        2.3766658
     176.0000000        2.3744102
     177.0000000        2.3759180
     178.0000000        2.3686783
     179.0000000        2.3536275
     180.0000000        2.3429794
     181.0000000        2.3449239
     182.0000000        2.3518636
     183.0000000        2.3610689
     184.0000000        2.3722410
     185.0000000        2.3825828
     186.0000000        2.3979349
     187.0000000        2.4161694
     188.0000000        2.4432054
     189.0000000        2.4679777
     190.0000000        2.4862036
     191.0000000        2.4864159
     192.0000000        2.4765483
     193.0000000        2.4723812
     194.0000000        2.4660045
     195.0000000        2.4440139
     196.0000000        2.4142283
     197.0000000        2.3827183
     198.0000000        2.3569808
     199.0000000        2.3362706
     200.0000000        2.3307726
     201.0000000        2.3402193
     202.0000000        2.3516526
     203.0000000        2.3493474
     204.0000000        2.3434301
     205.0000000        2.3348599
     206.0000000        2.3246603
     207.0000000        2.3174578
     208.0000000        2.3291725
     209.0000000        2.3554018
     210.0000000        2.3808823
     211.0000000        2.4007965
     212.0000000        2.4121224
     213.0000000        2.4244108
     214.0000000        2.4416025
     215.0000000        2.4578731
     216.0000000        2.4511645
     217.0000000        2.4400311
     218.0000000        2.4339915
     219.0000000        2.4224557
     220.0000000        2.4050742
     221.0000000        2.3870174
     222.0000000        2.3740459
     223.0000000        2.3693139
     224.0000000        2.3768950
     225.0000000        2.3924341
     226.0000000        2.4101509
     227.0000000        2.4210146
     228.0000000        2.4193023
     229.0000000        2.4083551
     230.0000000        2.3979127
     231.0000000        2.3948566
     232.0000000        2.3992522
     233.0000000        2.4118277
     234.0000000        2.4280328
     235.0000000        2.4427373
     236.0000000        2.4410609
     237.0000000        2.4245191
     238.0000000        2.4166018
     239.0000000        2.4254964
     240.0000000        2.4328881
     241.0000000        2.4530212
     242.0000000        2.4884874
     243.0000000        2.5180228
     244.0000000        2.5466472
     245.0000000        2.5678462
     246.0000000        2.5723854
     247.0000000        2.5520156
     248.0000000        2.5199773
     249.0000000        2.4927601
     250.0000000        2.4739473
     251.0000000        2.4563039
     252.0000000        2.4421523
     253.0000000        2.4391864
     254.0000000        2.4492090
     255.0000000        2.4659963
     256.0000000        2.4678667
     257.0000000        2.4565723
     258.0000000        2.4482627
     259.0000000        2.4424730
     260.0000000        2.4387505
     261.0000000        2.4365351
     262.0000000        2.4273549
     263.0000000        2.4144300
     264.0000000        2.4061156
     265.0000000        2.3943605
     266.0000000        2.3862223
     267.0000000        2.3858465
     268.0000000        2.4011346
     269.0000000        2.4166207
     270.0000000        2.4241982
     271.0000000        2.4206448
     272.0000000        2.4179105
     273.0000000        2.4262681
     274.0000000        2.4390521
     275.0000000        2.4451919
     276.0000000        2.4458455
     277.0000000        2.4444266
     278.0000000        2.4523050
     279.0000000        2.4730377
     280.0000000        2.4905623
     281.0000000        2.4955907
     282.0000000        2.4809831
     283.0000000        2.4539503
     284.0000000        2.4328862
     285.0000000        2.4148610
     286.0000000        2.3954652
     287.0000000        2.3673023
     288.0000000        2.3399738
     289.0000000        2.3199839
     290.0000000        2.3133805
     291.0000000        2.3142874
     292.0000000        2.3215521
     293.0000000        2.3401884
     294.0000000        2.3618590
     295.0000000        2.3725973
     296.0000000        2.3747801
     297.0000000        2.3810253
     298.0000000        2.3916990
     299.0000000        2.3928599
     300.0000000        2.3819191
     301.0000000        2.3697794
     302.0000000        2.3615024
     303.0000000        2.3566386
     304.0000000        2.3555234
     305.0000000        2.3593252
     306.0000000        2.3679488
     307.0000000        2.3768755
     308.0000000        2.3803749
     309.0000000        2.3738335
     310.0000000        2.3583742
     311.0000000        2.3459990
     312.0000000        2.3327800
     313.0000000        2.3237604
     314.0000000        2.3234290
     315.0000000        2.3342595
     316.0000000        2.3500070
     317.0000000        2.3764517
     318.0000000        2.4049895
     319.0000000        2.4216628
     320.0000000        2.4396676
     321.0000000        2.4618611
     322.0000000        2.4850584
     323.0000000        2.5003797
     324.0000000        2.5060784
     325.0000000        2.5120378
     326.0000000        2.5203223
     327.0000000        2.5210510
     328.0000000        2.5172814
     329.0000000        2.5026487
     330.0000000        2.4765118
     331.0000000        2.4524781
     332.0000000        2.4451459
     333.0000000        2.4442129
     334.0000000        2.4370081
     335.0000000        2.4273297
     336.0000000        2.4148320
     337.0000000        2.4021017
     338.0000000        2.3859711
     339.0000000        2.3666127
     340.0000000        2.3453605
     341.0000000        2.3390285
     342.0000000        2.3493032
     343.0000000        2.3680165
     344.0000000        2.3758650
     345.0000000        2.3728110
     346.0000000        2.3633873
     347.0000000        2.3531054
     348.0000000        2.3555446
     349.0000000        2.3613564
     350.0000000        2.3531618
     351.0000000        2.3387020
     352.0000000        2.3358426
     353.0000000        2.3343751
     354.0000000        2.3293026
     355.0000000        2.3253843
     356.0000000        2.3330520
     357.0000000        2.3454850
     358.0000000        2.3578804
     359.0000000        2.3600763
     360.0000000        2.3623915
     361.0000000        2.3717785
     362.0000000        2.3912029
     363.0000000        2.4015327
     364.0000000        2.3988970
     365.0000000        2.3852299
     366.0000000        2.3755103
     367.0000000        2.3627720
     368.0000000        2.3522552
     369.0000000        2.3470796
     370.0000000        2.3427151
     371.0000000        2.3493320
     372.0000000        2.3633303
     373.0000000        2.3677689
     374.0000000        2.3719733
     375.0000000        2.3820442
     376.0000000        2.3992994
     377.0000000        2.4179388
     378.0000000        2.4342373
     379.0000000        2.4502999
     380.0000000        2.4553572
     381.0000000        2.4504293
     382.0000000        2.4387447
     383.0000000        2.4208271
     384.0000000        2.4039355
     385.0000000        2.3998910
     386.0000000        2.4087918
     387.0000000        2.4055822
     388.0000000        2.3963786
     389.0000000        2.3904628
     390.0000000        2.3995354
     391.0000000        2.4048363
     392.0000000        2.3967275
     393.0000000        2.3764828
     394.0000000        2.3524252
     395.0000000        2.3371017
     396.0000000        2.3342194
     397.0000000        2.3384285
     398.0000000        2.3452934
     399.0000000        2.3537890
     400.0000000        2.3603062
     401.0000000        2.3732559
     402.0000000        2.3899431
     403.0000000        2.3991997
     404.0000000        2.3965958
     405.0000000        2.3967102
     406.0000000        2.3965281
     407.0000000        2.3990106
     408.0000000        2.4107010
     409.0000000        2.4237867
     410.0000000        2.4296390
     411.0000000        2.4412903
     412.0000000        2.4625533
     413.0000000        2.4762143
     414.0000000        2.4744547
     415.0000000        2.4713201
     416.0000000        2.4660089
     417.0000000        2.4604131
     418.0000000        2.4495548
     419.0000000        2.4276925
     420.0000000        2.4025404
     421.0000000        2.3826500
     422.0000000        2.3747304
     423.0000000        2.3751752
     424.0000000        2.3813711
     425.0000000        2.3935301
     426.0000000        2.4102572
     427.0000000        2.4240158
     428.0000000        2.4443591
     429.0000000        2.4545374
     430.0000000        2.4399172
     431.0000000        2.4171359
     432.0000000        2.3999790
     433.0000000        2.3809828
     434.0000000        2.3743534
     435.0000000        2.3750730
     436.0000000        2.3732467
     437.0000000        2.3650224
     438.0000000        2.3586981
     439.0000000        2.3496959
     440.0000000        2.3374806
     441.0000000        2.3325519
     442.0000000        2.3354019
     443.0000000        2.3425196
     444.0000000        2.3521898
     445.0000000        2.3627131
     446.0000000        2.3673956
     447.0000000        2.3563485
     448.0000000        2.3386264
     449.0000000        2.3332041
     450.0000000        2.3517956
     451.0000000        2.3714992
     452.0000000        2.3877373
     453.0000000        2.3983332
     454.0000000        2.3942045
     455.0000000        2.3802245
     456.0000000        2.3684692
     457.0000000        2.3637132
     458.0000000        2.3629690
     459.0000000        2.3697833
     460.0000000        2.3831677
     461.0000000        2.4050545
     462.0000000        2.4380788
     463.0000000        2.4742331
     464.0000000        2.5016185
     465.0000000        2.5078895
     466.0000000        2.5043720
     467.0000000        2.4947213
     468.0000000        2.4750589
     469.0000000        2.4485382
     470.0000000        2.4262887
     471.0000000        2.4158855
     472.0000000        2.4087185
     473.0000000        2.3992363
     474.0000000        2.3894666
     475.0000000        2.3846071
     476.0000000        2.3895138
     477.0000000        2.4015808
     478.0000000        2.4063416
     479.0000000        2.3987627
     480.0000000        2.3856635
     481.0000000        2.3708936
     482.0000000        2.3591643
     483.0000000        2.3522509
     484.0000000        2.3441688
     485.0000000        2.3385877
     486.0000000        2.3337907
     487.0000000        2.3263744
     488.0000000        2.3194428
     489.0000000        2.3156878
     490.0000000        2.3213954
     491.0000000        2.3268506
     492.0000000        2.3279071
     493.0000000        2.3258014
     494.0000000        2.3259749
     495.0000000        2.3330564
     496.0000000        2.3433327
     497.0000000        2.3512569
     498.0000000        2.3617532
     499.0000000        2.3806198
     500.0000000        2.4119556
     501.0000000        2.4425490
     502.0000000        2.4568725
     503.0000000        2.4586000
     504.0000000        2.4581456
     505.0000000        2.4597467
     506.0000000        2.4567383
     507.0000000        2.4444432
     508.0000000        2.4291093
     509.0000000        2.4098832
     510.0000000        2.3873078
     511.0000000        2.3718996
     512.0000000        2.3741292
     513.0000000        2.3919401
     514.0000000        2.3993035
     515.0000000        2.3933046
     516.0000000        2.3826106
     517.0000000        2.3807820
     518.0000000        2.3865318
     519.0000000        2.3864042
     520.0000000        2.3936206
     521.0000000        2.4011826
     522.0000000        2.4024723
     523.0000000        2.4049499
     524.0000000        2.4082704
     525.0000000        2.4107604
     526.0000000        2.4095188
     527.0000000        2.4083073
     528.0000000        2.4165025
     529.0000000        2.4307704
     530.0000000        2.4409179
     531.0000000        2.4488021
     532.0000000        2.4545343
     533.0000000        2.4579491
     534.0000000        2.4500690
     535.0000000        2.4272482
     536.0000000        2.4055028
     537.0000000        2.3934821
     538.0000000        2.3840303
     539.0000000        2.3808126
     540.0000000        2.3746722
     541.0000000        2.3655663
     542.0000000        2.3646142
     543.0000000        2.3616300
     544.0000000        2.3529713
     545.0000000        2.3334698
     546.0000000        2.3207704
     547.0000000        2.3168496
     548.0000000        2.3168235
     549.0000000        2.3249121
     550.0000000        2.3381224
     551.0000000        2.3524328
     552.0000000        2.3626499
     553.0000000        2.3718518
     554.0000000        2.3840482
     555.0000000        2.3933417
     556.0000000        2.4016313
     557.0000000        2.4109081
     558.0000000        2.4172243
     559.0000000        2.4236346
     560.0000000        2.4324391
     561.0000000        2.4361155
     562.0000000        2.4332253
     563.0000000        2.4247749
     564.0000000        2.4260245
     565.0000000        2.4311739
     566.0000000        2.4472825
     567.0000000        2.4678059
     568.0000000        2.4884557
     569.0000000        2.5015988
     570.0000000        2.5048718
     571.0000000        2.5055677
     572.0000000        2.5007279
     573.0000000        2.4835151
     574.0000000        2.4734745
     575.0000000        2.4615115
     576.0000000        2.4551268
     577.0000000        2.4561925
     578.0000000        2.4708078
     579.0000000        2.4848126
     580.0000000        2.4975576
     581.0000000        2.5195091
     582.0000000        2.5329455
     583.0000000        2.5170165
     584.0000000        2.4875181
     585.0000000        2.4611457
     586.0000000        2.4322843
     587.0000000        2.4072930
     588.0000000        2.3927552
     589.0000000        2.3864770
     590.0000000        2.3798897
     591.0000000        2.3687313
     592.0000000        2.3569948
     593.0000000        2.3548029
     594.0000000        2.3693780
     595.0000000        2.3878526
     596.0000000        2.3924867
     597.0000000        2.3885572
     598.0000000        2.3807494
     599.0000000        2.3721083
     600.0000000        2.3649354
