       1.0000000        2.2261555
       2.0000000        2.2199543
       3.0000000        2.2127995
       4.0000000        2.2051489
       5.0000000        2.1944549
       6.0000000        2.1807244
       7.0000000        2.1766555
       8.0000000        2.1757903
       9.0000000        2.1693380
      10.0000000        2.1642787
      11.0000000        2.1639602
      12.0000000        2.1706495
      13.0000000        2.1807358
      14.0000000        2.1900558
      15.0000000        2.1953342
      16.0000000        2.1971316
      17.0000000        2.1948068
      18.0000000        2.1909418
      19.0000000        2.1864402
      20.0000000        2.1815689
      21.0000000        2.1733031
      22.0000000        2.1662130
      23.0000000        2.1675644
      24.0000000        2.1734421
      25.0000000        2.1754513
      26.0000000        2.1675060
      27.0000000        2.1567860
      28.0000000        2.1503139
      29.0000000        2.1484590
      30.0000000        2.1490171
      31.0000000        2.1500325
      32.0000000        2.1479681
      33.0000000        2.1436009
      34.0000000        2.1401751
      35.0000000        2.1383355
      36.0000000        2.1411183
      37.0000000        2.1462204
      38.0000000        2.1510744
      39.0000000        2.1508067
      40.0000000        2.1464388
      41.0000000        2.1425161
      42.0000000        2.1384792
      43.0000000        2.1369879
      44.0000000        2.1366150
      45.0000000        2.1364272
      46.0000000        2.1402092
      47.0000000        2.1481569
      48.0000000        2.1623111
      49.0000000        2.1782002
      50.0000000        2.1858025
      51.0000000        2.1829441
      52.0000000        2.1756425
      53.0000000        2.1686997
      54.0000000        2.1698153
      55.0000000        2.1781707
      56.0000000        2.1908560
      57.0000000        2.2011473
      58.0000000        2.2083411
      59.0000000        2.2123003
      60.0000000        2.2101462
      61.0000000        2.2050130
      62.0000000        2.2040861
      63.0000000        2.2064581
      64.0000000        2.2121408
      65.0000000        2.2186561
      66.0000000        2.2219799
      67.0000000        2.2225194
      68.0000000        2.2255080
      69.0000000        2.2317264
      70.0000000        2.2399001
      71.0000000        2.2502716
      72.0000000        2.2492335
      73.0000000        2.2377160
      74.0000000        2.2247882
      75.0000000        2.2201612
      76.0000000        2.2245038
      77.0000000        2.2273490
      78.0000000        2.2283695
      79.0000000        2.2277865
      80.0000000        2.2265792
      81.0000000        2.2248063
      82.0000000        2.2251890
      83.0000000        2.2226956
      84.0000000        2.2223353
      85.0000000        2.2275443
      86.0000000        2.2319779
      87.0000000        2.2337291
      88.0000000        2.2351360
      89.0000000        2.2313385
      90.0000000        2.2167675
      91.0000000        2.1973798
      92.0000000        2.1802835
      93.0000000        2.1664402
      94.0000000        2.1561601
      95.0000000        2.1488183
      96.0000000        2.1435163
      97.0000000        2.1457572
      98.0000000        2.1565137
      99.0000000        2.1688097
     100.0000000        2.1772945
     101.0000000        2.1812823
     102.0000000        2.1812871
     103.0000000        2.1752491
     104.0000000        2.1668127
     105.0000000        2.1668522
     106.0000000        2.1764362
     107.0000000        2.1877606
     108.0000000        2.1977386
     109.0000000        2.2055144
     110.0000000        2.2092843
     111.0000000        2.2065504
     112.0000000        2.2002180
     113.0000000        2.1957433
     114.0000000        2.1950924
     115.0000000        2.1931043
     116.0000000        2.1916642
     117.0000000        2.1890957
     118.0000000        2.1848497
     119.0000000        2.1819293
     120.0000000        2.1836452
     121.0000000        2.1857998
     122.0000000        2.1897907
     123.0000000        2.1980321
     124.0000000        2.2090070
     125.0000000        2.2172015
     126.0000000        2.2244432
     127.0000000        2.2286010
     128.0000000        2.2227693
     129.0000000        2.2045007
     130.0000000        2.1880872
     131.0000000        2.1759689
     132.0000000        2.1682005
     133.0000000        2.1645825
     134.0000000        2.1610811
     135.0000000        2.1503389
     136.0000000        2.1381440
     137.0000000        2.1323121
     138.0000000        2.1352284
     139.0000000        2.1430452
     140.0000000        2.1493506
     141.0000000        2.1505606
     142.0000000        2.1487415
     143.0000000        2.1492829
     144.0000000        2.1522472
     145.0000000        2.1519022
     146.0000000        2.1493454
     147.0000000        2.1507878
     148.0000000        2.1561356
     149.0000000        2.1585543
     150.0000000        2.1610539
     151.0000000        2.1666720
     152.0000000        2.1748996
     153.0000000        2.1850953
     154.0000000        2.1976697
     155.0000000        2.2085099
     156.0000000        2.2170007
     157.0000000        2.2262623
     158.0000000        2.2324209
     159.0000000        2.2349813
     160.0000000        2.2343719
     161.0000000        2.2303631
     162.0000000        2.2214112
     163.0000000        2.2080660
     164.0000000        2.1990302
     165.0000000        2.1926267
     166.0000000        2.1875689
     167.0000000        2.1816792
     168.0000000        2.1741700
     169.0000000        2.1652269
     170.0000000        2.1600921
     171.0000000        2.1601381
     172.0000000        2.1592655
     173.0000000        2.1561463
     174.0000000        2.1505444
     175.0000000        2.1444340
     176.0000000        2.1457229
     177.0000000        2.1546147
     178.0000000        2.1659987
     179.0000000        2.1729608
     180.0000000        2.1722608
     181.0000000        2.1693969
     182.0000000        2.1728919
     183.0000000        2.1789212
     184.0000000        2.1833024
     185.0000000        2.1859717
     186.0000000        2.1836340
     187.0000000        2.1816096
     188.0000000        2.1804473
     189.0000000        2.1844759
     190.0000000        2.1917055
     191.0000000        2.1984680
     192.0000000        2.2089868
     193.0000000        2.2233393
     194.0000000        2.2362807
     195.0000000        2.2392478
     196.0000000        2.2320855
     197.0000000        2.2236998
     198.0000000        2.2150960
     199.0000000        2.2101448
     200.0000000        2.2066488
     201.0000000        2.1993806
     202.0000000        2.1873500
     203.0000000        2.1729414
     204.0000000        2.1589129
     205.0000000        2.1495967
     206.0000000        2.1450648
     207.0000000        2.1413243
     208.0000000        2.1365921
     209.0000000        2.1298752
     210.0000000        2.1220551
     211.0000000        2.1191163
     212.0000000        2.1244843
     213.0000000        2.1346800
     214.0000000        2.1481433
     215.0000000        2.1601310
     216.0000000        2.1693933
     217.0000000        2.1738536
     218.0000000        2.1723640
     219.0000000        2.1667368
     220.0000000        2.1598539
     221.0000000        2.1538644
     222.0000000        2.1520140
     223.0000000        2.1543679
     224.0000000        2.1576550
     225.0000000        2.1621428
     226.0000000        2.1685648
     227.0000000        2.1749501
     228.0000000        2.1754408
     229.0000000        2.1725271
     230.0000000        2.1666927
     231.0000000        2.1646500
     232.0000000        2.1683843
     233.0000000        2.1747870
     234.0000000        2.1801999
     235.0000000        2.1848607
     236.0000000        2.1887290
     237.0000000        2.1873329
     238.0000000        2.1825974
     239.0000000        2.1806860
     240.0000000        2.1809855
     241.0000000        2.1844449
     242.0000000        2.1905208
     243.0000000        2.1926339
     244.0000000        2.1888936
     245.0000000        2.1858425
     246.0000000        2.1861084
     247.0000000        2.1882446
     248.0000000        2.1842813
     249.0000000        2.1750383
     250.0000000        2.1664174
     251.0000000        2.1603069
     252.0000000        2.1581194
     253.0000000        2.1557908
     254.0000000        2.1555672
     255.0000000        2.1576037
     256.0000000        2.1607871
     257.0000000        2.1659000
     258.0000000        2.1684966
     259.0000000        2.1661901
     260.0000000        2.1629143
     261.0000000        2.1620188
     262.0000000        2.1629109
     263.0000000        2.1651680
     264.0000000        2.1728106
     265.0000000        2.1877184
     266.0000000        2.2041667
     267.0000000        2.2148228
     268.0000000        2.2206593
     269.0000000        2.2217195
     270.0000000        2.2203491
     271.0000000        2.2189932
     272.0000000        2.2195399
     273.0000000        2.2194195
     274.0000000        2.2163947
     275.0000000        2.2141123
     276.0000000        2.2137725
     277.0000000        2.2108574
     278.0000000        2.2080803
     279.0000000        2.2114093
     280.0000000        2.2163873
     281.0000000        2.2167542
     282.0000000        2.2137423
     283.0000000        2.2085054
     284.0000000        2.1995361
     285.0000000        2.1954432
     286.0000000        2.1954117
     287.0000000        2.1983244
     288.0000000        2.2049654
     289.0000000        2.2093306
     290.0000000        2.2061939
     291.0000000        2.2036884
     292.0000000        2.2071280
     293.0000000        2.2138944
     294.0000000        2.2241433
     295.0000000        2.2363815
     296.0000000        2.2503507
     297.0000000        2.2620885
     298.0000000        2.2602103
     299.0000000        2.2488730
     300.0000000        2.2407839
     301.0000000        2.2360227
     302.0000000        2.2307425
     303.0000000        2.2246878
     304.0000000        2.2202811
     305.0000000        2.2148578
     306.0000000        2.2157552
     307.0000000        2.2193413
     308.0000000        2.2193305
     309.0000000        2.2179925
     310.0000000        2.2217617
     311.0000000        2.2252245
     312.0000000        2.2252998
     313.0000000        2.2216234
     314.0000000        2.2167759
     315.0000000        2.2148201
     316.0000000        2.2121582
     317.0000000        2.2022095
     318.0000000        2.1868951
     319.0000000        2.1721561
     320.0000000        2.1609333
     321.0000000        2.1541417
     322.0000000        2.1501579
     323.0000000        2.1494932
     324.0000000        2.1526766
     325.0000000        2.1577635
     326.0000000        2.1663234
     327.0000000        2.1734629
     328.0000000        2.1773877
     329.0000000        2.1821568
     330.0000000        2.1927109
     331.0000000        2.2025697
     332.0000000        2.2090416
     333.0000000        2.2131164
     334.0000000        2.2129135
     335.0000000        2.2083321
     336.0000000        2.2002902
     337.0000000        2.1922705
     338.0000000        2.1862268
     339.0000000        2.1813004
     340.0000000        2.1758304
     341.0000000        2.1725016
     342.0000000        2.1731334
     343.0000000        2.1774247
     344.0000000        2.1794381
     345.0000000        2.1784050
     346.0000000        2.1806023
     347.0000000        2.1901290
     348.0000000        2.2019937
     349.0000000        2.2080729
     350.0000000        2.2083244
     351.0000000        2.2057259
     352.0000000        2.2040360
     353.0000000        2.2036014
     354.0000000        2.2006156
     355.0000000        2.1935799
     356.0000000        2.1866462
     357.0000000        2.1837964
     358.0000000        2.1838427
     359.0000000        2.1871893
     360.0000000        2.1909029
     361.0000000        2.1907556
     362.0000000        2.1855013
     363.0000000        2.1770904
     364.0000000        2.1735873
     365.0000000        2.1777163
     366.0000000        2.1849394
     367.0000000        2.1953590
     368.0000000        2.2076247
     369.0000000        2.2137821
     370.0000000        2.2164347
     371.0000000        2.2220376
     372.0000000        2.2261114
     373.0000000        2.2277348
     374.0000000        2.2238913
     375.0000000        2.2121718
     376.0000000        2.2000659
     377.0000000        2.1926551
     378.0000000        2.1906109
     379.0000000        2.1906319
     380.0000000        2.1896510
     381.0000000        2.1892800
     382.0000000        2.1924584
     383.0000000        2.1977651
     384.0000000        2.2036440
     385.0000000        2.2075121
     386.0000000        2.2071264
     387.0000000        2.2043095
     388.0000000        2.2000754
     389.0000000        2.1965425
     390.0000000        2.1909006
     391.0000000        2.1835096
     392.0000000        2.1747491
     393.0000000        2.1676569
     394.0000000        2.1646850
     395.0000000        2.1636519
     396.0000000        2.1678648
     397.0000000        2.1805518
     398.0000000        2.1927488
     399.0000000        2.1964746
     400.0000000        2.1874037
     401.0000000        2.1769054
     402.0000000        2.1750882
     403.0000000        2.1779006
     404.0000000        2.1827502
     405.0000000        2.1844838
     406.0000000        2.1822431
     407.0000000        2.1765749
     408.0000000        2.1691260
     409.0000000        2.1638689
     410.0000000        2.1652985
     411.0000000        2.1678498
     412.0000000        2.1721501
     413.0000000        2.1803362
     414.0000000        2.1810637
     415.0000000        2.1761796
     416.0000000        2.1710353
     417.0000000        2.1716030
     418.0000000        2.1790867
     419.0000000        2.1873748
     420.0000000        2.1904213
     421.0000000        2.1888499
     422.0000000        2.1840675
     423.0000000        2.1797185
     424.0000000        2.1752501
     425.0000000        2.1726477
     426.0000000        2.1731725
     427.0000000        2.1746731
     428.0000000        2.1704333
     429.0000000        2.1580627
     430.0000000        2.1483717
     431.0000000        2.1486862
     432.0000000        2.1560123
     433.0000000        2.1639433
     434.0000000        2.1650805
     435.0000000        2.1594820
     436.0000000        2.1523852
     437.0000000        2.1463616
     438.0000000        2.1473861
     439.0000000        2.1533573
     440.0000000        2.1606512
     441.0000000        2.1632872
     442.0000000        2.1626394
     443.0000000        2.1657493
     444.0000000        2.1696451
     445.0000000        2.1730101
     446.0000000        2.1741884
     447.0000000        2.1752472
     448.0000000        2.1812699
     449.0000000        2.1891317
     450.0000000        2.1946328
     451.0000000        2.1912527
     452.0000000        2.1843455
     453.0000000        2.1796188
     454.0000000        2.1808619
     455.0000000        2.1852536
     456.0000000        2.1896338
     457.0000000        2.1941943
     458.0000000        2.1982055
     459.0000000        2.1987448
     460.0000000        2.1971521
     461.0000000        2.1946738
     462.0000000        2.1968358
     463.0000000        2.2034910
     464.0000000        2.2091901
     465.0000000        2.2132397
     466.0000000        2.2127659
     467.0000000        2.2093394
     468.0000000        2.2076046
     469.0000000        2.2082813
     470.0000000        2.2036493
     471.0000000        2.1920009
     472.0000000        2.1793513
     473.0000000        2.1785476
     474.0000000        2.1839390
     475.0000000        2.1842957
     476.0000000        2.1827636
     477.0000000        2.1885386
     478.0000000        2.1978283
     479.0000000        2.2030232
     480.0000000        2.2064419
     481.0000000        2.2075846
     482.0000000        2.2036083
     483.0000000        2.2004094
     484.0000000        2.2034328
     485.0000000        2.2076950
     486.0000000        2.2091925
     487.0000000        2.2036328
     488.0000000        2.1944180
     489.0000000        2.1857908
     490.0000000        2.1856952
     491.0000000        2.1883817
     492.0000000        2.1857753
     493.0000000        2.1783907
     494.0000000        2.1698682
     495.0000000        2.1700139
     496.0000000        2.1854041
     497.0000000        2.2079847
     498.0000000        2.2267430
     499.0000000        2.2405260
     500.0000000        2.2485430
     501.0000000        2.2483075
     502.0000000        2.2402220
     503.0000000        2.2318335
     504.0000000        2.2256062
     505.0000000        2.2202735
     506.0000000        2.2178578
     507.0000000        2.2150316
     508.0000000        2.2103636
     509.0000000        2.2097895
     510.0000000        2.2124779
     511.0000000        2.2162371
     512.0000000        2.2180829
     513.0000000        2.2145603
     514.0000000        2.2116344
     515.0000000        2.2101517
     516.0000000        2.2033353
     517.0000000        2.1958160
     518.0000000        2.1944518
     519.0000000        2.1974297
     520.0000000        2.1988223
     521.0000000        2.1949816
     522.0000000        2.1884389
     523.0000000        2.1812963
     524.0000000        2.1744950
     525.0000000        2.1680653
     526.0000000        2.1630480
     527.0000000        2.1608765
     528.0000000        2.1598604
     529.0000000        2.1593082
     530.0000000        2.1547570
     531.0000000        2.1535516
     532.0000000        2.1596379
     533.0000000        2.1698785
     534.0000000        2.1811945
     535.0000000        2.1892371
     536.0000000        2.1900513
     537.0000000        2.1859615
     538.0000000        2.1773090
     539.0000000        2.1714582
     540.0000000        2.1692169
     541.0000000        2.1677146
     542.0000000        2.1655743
     543.0000000        2.1669934
     544.0000000        2.1740232
     545.0000000        2.1811590
     546.0000000        2.1850572
     547.0000000        2.1845355
     548.0000000        2.1842184
     549.0000000        2.1838474
     550.0000000        2.1818633
     551.0000000        2.1772046
     552.0000000        2.1684558
     553.0000000        2.1613288
     554.0000000        2.1597464
     555.0000000        2.1632063
     556.0000000        2.1664729
     557.0000000        2.1698539
     558.0000000        2.1769419
     559.0000000        2.1837780
     560.0000000        2.1863923
     561.0000000        2.1836243
     562.0000000        2.1797378
     563.0000000        2.1769152
     564.0000000        2.1741610
     565.0000000        2.1735759
     566.0000000        2.1751969
     567.0000000        2.1787765
     568.0000000        2.1808074
     569.0000000        2.1749938
     570.0000000        2.1676683
     571.0000000        2.1665461
     572.0000000        2.1689665
     573.0000000        2.1697652
     574.0000000        2.1722891
     575.0000000        2.1746213
     576.0000000        2.1730723
     577.0000000        2.1711788
     578.0000000        2.1699171
     579.0000000        2.1696734
     580.0000000        2.1689987
     581.0000000        2.1668587
     582.0000000        2.1658335
     583.0000000        2.1663713
     584.0000000        2.1665008
     585.0000000        2.1614106
     586.0000000        2.1585150
     587.0000000        2.1652060
     588.0000000        2.1733997
     589.0000000        2.1765730
     590.0000000        2.1792662
     591.0000000        2.1787298
     592.0000000        2.1736269
     593.0000000        2.1707256
     594.0000000        2.1721017
     595.0000000        2.1717863
     596.0000000        2.1635551
     597.0000000        2.1549013
     598.0000000        2.1508496
     599.0000000        2.1483400
     600.0000000        2.1438103
