       1.0000000        2.1972158
       2.0000000        2.1883898
       3.0000000        2.1870973
       4.0000000        2.1825337
       5.0000000        2.1765425
       6.0000000        2.1774058
       7.0000000        2.1821792
       8.0000000        2.1821122
       9.0000000        2.1793642
      10.0000000        2.1771338
      11.0000000        2.1785030
      12.0000000        2.1845124
      13.0000000        2.1908267
      14.0000000        2.1923046
      15.0000000        2.1889451
      16.0000000        2.1845851
      17.0000000        2.1837051
      18.0000000        2.1878285
      19.0000000        2.1925168
      20.0000000        2.1964476
      21.0000000        2.2001407
      22.0000000        2.2028716
      23.0000000        2.2014825
      24.0000000        2.1945841
      25.0000000        2.1889801
      26.0000000        2.1857784
      27.0000000        2.1817963
      28.0000000        2.1779666
      29.0000000        2.1748974
      30.0000000        2.1728873
      31.0000000        2.1722665
      32.0000000        2.1689949
      33.0000000        2.1672628
      34.0000000        2.1719191
      35.0000000        2.1800308
      36.0000000        2.1904213
      37.0000000        2.2064006
      38.0000000        2.2250099
      39.0000000        2.2385144
      40.0000000        2.2431171
      41.0000000        2.2405455
      42.0000000        2.2388096
      43.0000000        2.2369530
      44.0000000        2.2307937
      45.0000000        2.2232096
      46.0000000        2.2194533
      47.0000000        2.2158716
      48.0000000        2.2102628
      49.0000000        2.2045927
      50.0000000        2.1967566
      51.0000000        2.1858664
      52.0000000        2.1778157
      53.0000000        2.1763334
      54.0000000        2.1749086
      55.0000000        2.1749291
      56.0000000        2.1710768
      57.0000000        2.1640859
      58.0000000        2.1620100
      59.0000000        2.1676204
      60.0000000        2.1782715
      61.0000000        2.1881065
      62.0000000        2.1939375
      63.0000000        2.1977582
      64.0000000        2.2011032
      65.0000000        2.2027426
      66.0000000        2.2003272
      67.0000000        2.1975799
      68.0000000        2.1995671
      69.0000000        2.2109694
      70.0000000        2.2247791
      71.0000000        2.2341473
      72.0000000        2.2397354
      73.0000000        2.2397759
      74.0000000        2.2345781
      75.0000000        2.2237911
      76.0000000        2.2117057
      77.0000000        2.2041757
      78.0000000        2.1942732
      79.0000000        2.1825492
      80.0000000        2.1744964
      81.0000000        2.1731601
      82.0000000        2.1707952
      83.0000000        2.1630383
      84.0000000        2.1508424
      85.0000000        2.1409864
      86.0000000        2.1403172
      87.0000000        2.1490815
      88.0000000        2.1623769
      89.0000000        2.1766260
      90.0000000        2.1861484
      91.0000000        2.1886666
      92.0000000        2.1891584
      93.0000000        2.1917989
      94.0000000        2.1948273
      95.0000000        2.1955068
      96.0000000        2.1976893
      97.0000000        2.2047501
      98.0000000        2.2122195
      99.0000000        2.2221558
     100.0000000        2.2314475
     101.0000000        2.2361474
     102.0000000        2.2366948
     103.0000000        2.2379043
     104.0000000        2.2350261
     105.0000000        2.2204924
     106.0000000        2.2059720
     107.0000000        2.2018065
     108.0000000        2.2036741
     109.0000000        2.2024229
     110.0000000        2.1968145
     111.0000000        2.1977918
     112.0000000        2.2005873
     113.0000000        2.1981802
     114.0000000        2.1917393
     115.0000000        2.1888695
     116.0000000        2.1855800
     117.0000000        2.1799145
     118.0000000        2.1716378
     119.0000000        2.1620054
     120.0000000        2.1569409
     121.0000000        2.1602981
     122.0000000        2.1711404
     123.0000000        2.1841872
     124.0000000        2.1920679
     125.0000000        2.1959531
     126.0000000        2.1951642
     127.0000000        2.1914420
     128.0000000        2.1879070
     129.0000000        2.1854053
     130.0000000        2.1801367
     131.0000000        2.1738296
     132.0000000        2.1679683
     133.0000000        2.1619372
     134.0000000        2.1573837
     135.0000000        2.1593451
     136.0000000        2.1664703
     137.0000000        2.1748869
     138.0000000        2.1841791
     139.0000000        2.1926265
     140.0000000        2.1945834
     141.0000000        2.1937580
     142.0000000        2.1911845
     143.0000000        2.1882737
     144.0000000        2.1867836
     145.0000000        2.1899483
     146.0000000        2.1939869
     147.0000000        2.1924713
     148.0000000        2.1852870
     149.0000000        2.1764033
     150.0000000        2.1689489
     151.0000000        2.1666839
     152.0000000        2.1698318
     153.0000000        2.1774004
     154.0000000        2.1846111
     155.0000000        2.1895235
     156.0000000        2.1930380
     157.0000000        2.1973298
     158.0000000        2.2046626
     159.0000000        2.2105076
     160.0000000        2.2143762
     161.0000000        2.2216105
     162.0000000        2.2280540
     163.0000000        2.2322206
     164.0000000        2.2349510
     165.0000000        2.2295847
     166.0000000        2.2158933
     167.0000000        2.2043660
     168.0000000        2.1910119
     169.0000000        2.1768937
     170.0000000        2.1653779
     171.0000000        2.1610963
     172.0000000        2.1632957
     173.0000000        2.1655173
     174.0000000        2.1672392
     175.0000000        2.1717768
     176.0000000        2.1761968
     177.0000000        2.1756022
     178.0000000        2.1688726
     179.0000000        2.1635227
     180.0000000        2.1645036
     181.0000000        2.1707857
     182.0000000        2.1792440
     183.0000000        2.1876838
     184.0000000        2.1926401
     185.0000000        2.1940799
     186.0000000        2.1929593
     187.0000000        2.1879923
     188.0000000        2.1836913
     189.0000000        2.1830630
     190.0000000        2.1796918
     191.0000000        2.1664870
     192.0000000        2.1455970
     193.0000000        2.1259375
     194.0000000        2.1172893
     195.0000000        2.1162236
     196.0000000        2.1187842
     197.0000000        2.1211300
     198.0000000        2.1214733
     199.0000000        2.1216817
     200.0000000        2.1223447
     201.0000000        2.1234353
     202.0000000        2.1252751
     203.0000000        2.1253769
     204.0000000        2.1273758
     205.0000000        2.1335039
     206.0000000        2.1426213
     207.0000000        2.1526892
     208.0000000        2.1613104
     209.0000000        2.1669014
     210.0000000        2.1702492
     211.0000000        2.1719193
     212.0000000        2.1745358
     213.0000000        2.1734767
     214.0000000        2.1703689
     215.0000000        2.1652820
     216.0000000        2.1600959
     217.0000000        2.1561432
     218.0000000        2.1576624
     219.0000000        2.1638203
     220.0000000        2.1713402
     221.0000000        2.1771710
     222.0000000        2.1864626
     223.0000000        2.1973784
     224.0000000        2.2051699
     225.0000000        2.2100379
     226.0000000        2.2104783
     227.0000000        2.2090368
     228.0000000        2.2081728
     229.0000000        2.2091646
     230.0000000        2.2092445
     231.0000000        2.2077627
     232.0000000        2.2041180
     233.0000000        2.1965952
     234.0000000        2.1903155
     235.0000000        2.1902056
     236.0000000        2.1951764
     237.0000000        2.2015710
     238.0000000        2.2077928
     239.0000000        2.2127852
     240.0000000        2.2153847
     241.0000000        2.2121277
     242.0000000        2.2060168
     243.0000000        2.1963453
     244.0000000        2.1809053
     245.0000000        2.1678309
     246.0000000        2.1610692
     247.0000000        2.1583982
     248.0000000        2.1578863
     249.0000000        2.1596665
     250.0000000        2.1624134
     251.0000000        2.1686573
     252.0000000        2.1791618
     253.0000000        2.1908038
     254.0000000        2.1972995
     255.0000000        2.1935813
     256.0000000        2.1828415
     257.0000000        2.1707962
     258.0000000        2.1616445
     259.0000000        2.1553106
     260.0000000        2.1472094
     261.0000000        2.1408708
     262.0000000        2.1369390
     263.0000000        2.1330161
     264.0000000        2.1322005
     265.0000000        2.1348088
     266.0000000        2.1352260
     267.0000000        2.1346617
     268.0000000        2.1358917
     269.0000000        2.1429412
     270.0000000        2.1492836
     271.0000000        2.1507533
     272.0000000        2.1484790
     273.0000000        2.1491473
     274.0000000        2.1514282
     275.0000000        2.1543388
     276.0000000        2.1614799
     277.0000000        2.1695457
     278.0000000        2.1782715
     279.0000000        2.1827447
     280.0000000        2.1821775
     281.0000000        2.1788313
     282.0000000        2.1779504
     283.0000000        2.1841638
     284.0000000        2.1913278
     285.0000000        2.1946199
     286.0000000        2.1937773
     287.0000000        2.1922092
     288.0000000        2.1907425
     289.0000000        2.1863666
     290.0000000        2.1788149
     291.0000000        2.1736844
     292.0000000        2.1720097
     293.0000000        2.1738737
     294.0000000        2.1772707
     295.0000000        2.1793439
     296.0000000        2.1788876
     297.0000000        2.1769309
     298.0000000        2.1745219
     299.0000000        2.1771224
     300.0000000        2.1795697
     301.0000000        2.1814644
     302.0000000        2.1885593
     303.0000000        2.2006090
     304.0000000        2.2147770
     305.0000000        2.2269106
     306.0000000        2.2346778
     307.0000000        2.2347648
     308.0000000        2.2270682
     309.0000000        2.2191732
     310.0000000        2.2136421
     311.0000000        2.2095826
     312.0000000        2.2058392
     313.0000000        2.2013769
     314.0000000        2.1967137
     315.0000000        2.1965928
     316.0000000        2.1990426
     317.0000000        2.1955996
     318.0000000        2.1884031
     319.0000000        2.1818826
     320.0000000        2.1811469
     321.0000000        2.1845906
     322.0000000        2.1869183
     323.0000000        2.1874166
     324.0000000        2.1899500
     325.0000000        2.1949065
     326.0000000        2.2000780
     327.0000000        2.2038553
     328.0000000        2.2100971
     329.0000000        2.2145627
     330.0000000        2.2169037
     331.0000000        2.2156284
     332.0000000        2.2122369
     333.0000000        2.2085636
     334.0000000        2.2066138
     335.0000000        2.2040248
     336.0000000        2.2077787
     337.0000000        2.2186825
     338.0000000        2.2266738
     339.0000000        2.2266288
     340.0000000        2.2276020
     341.0000000        2.2385447
     342.0000000        2.2513499
     343.0000000        2.2561684
     344.0000000        2.2605217
     345.0000000        2.2670143
     346.0000000        2.2685368
     347.0000000        2.2634642
     348.0000000        2.2545357
     349.0000000        2.2416341
     350.0000000        2.2247529
     351.0000000        2.2102728
     352.0000000        2.2019727
     353.0000000        2.1984854
     354.0000000        2.1954951
     355.0000000        2.1915250
     356.0000000        2.1922197
     357.0000000        2.1969070
     358.0000000        2.1993532
     359.0000000        2.1992571
     360.0000000        2.1982062
     361.0000000        2.1907735
     362.0000000        2.1762688
     363.0000000        2.1578960
     364.0000000        2.1440375
     365.0000000        2.1388116
     366.0000000        2.1438472
     367.0000000        2.1493800
     368.0000000        2.1514585
     369.0000000        2.1520724
     370.0000000        2.1554203
     371.0000000        2.1587398
     372.0000000        2.1594870
     373.0000000        2.1592476
     374.0000000        2.1611793
     375.0000000        2.1651440
     376.0000000        2.1710932
     377.0000000        2.1777210
     378.0000000        2.1821308
     379.0000000        2.1827953
     380.0000000        2.1802168
     381.0000000        2.1769009
     382.0000000        2.1777432
     383.0000000        2.1805439
     384.0000000        2.1821511
     385.0000000        2.1876354
     386.0000000        2.1985455
     387.0000000        2.2085257
     388.0000000        2.2178462
     389.0000000        2.2229142
     390.0000000        2.2238419
     391.0000000        2.2205036
     392.0000000        2.2129970
     393.0000000        2.2028058
     394.0000000        2.1954610
     395.0000000        2.1898475
     396.0000000        2.1842358
     397.0000000        2.1830394
     398.0000000        2.1850057
     399.0000000        2.1881487
     400.0000000        2.1931167
     401.0000000        2.2028136
     402.0000000        2.2123446
     403.0000000        2.2189412
     404.0000000        2.2244151
     405.0000000        2.2284505
     406.0000000        2.2284160
     407.0000000        2.2289932
     408.0000000        2.2308826
     409.0000000        2.2357490
     410.0000000        2.2398832
     411.0000000        2.2363706
     412.0000000        2.2238932
     413.0000000        2.2071335
     414.0000000        2.1934533
     415.0000000        2.1872230
     416.0000000        2.1890974
     417.0000000        2.1984794
     418.0000000        2.2092342
     419.0000000        2.2152455
     420.0000000        2.2184095
     421.0000000        2.2182822
     422.0000000        2.2161372
     423.0000000        2.2120233
     424.0000000        2.2129846
     425.0000000        2.2181664
     426.0000000        2.2265713
     427.0000000        2.2358365
     428.0000000        2.2414896
     429.0000000        2.2427490
     430.0000000        2.2443445
     431.0000000        2.2462404
     432.0000000        2.2459688
     433.0000000        2.2478082
     434.0000000        2.2466402
     435.0000000        2.2416630
     436.0000000        2.2389119
     437.0000000        2.2332177
     438.0000000        2.2220390
     439.0000000        2.2149825
     440.0000000        2.2170353
     441.0000000        2.2198770
     442.0000000        2.2161450
     443.0000000        2.2082591
     444.0000000        2.2033710
     445.0000000        2.1992707
     446.0000000        2.1966496
     447.0000000        2.1980584
     448.0000000        2.2015686
     449.0000000        2.2057538
     450.0000000        2.2098091
     451.0000000        2.2105799
     452.0000000        2.2084601
     453.0000000        2.2042711
     454.0000000        2.1972380
     455.0000000        2.1913106
     456.0000000        2.1889217
     457.0000000        2.1863205
     458.0000000        2.1858788
     459.0000000        2.1857803
     460.0000000        2.1849005
     461.0000000        2.1820412
     462.0000000        2.1808500
     463.0000000        2.1799672
     464.0000000        2.1757400
     465.0000000        2.1685040
     466.0000000        2.1612391
     467.0000000        2.1563678
     468.0000000        2.1531157
     469.0000000        2.1509058
     470.0000000        2.1490090
     471.0000000        2.1456180
     472.0000000        2.1428604
     473.0000000        2.1454401
     474.0000000        2.1517556
     475.0000000        2.1593533
     476.0000000        2.1660566
     477.0000000        2.1695673
     478.0000000        2.1679809
     479.0000000        2.1622109
     480.0000000        2.1588392
     481.0000000        2.1567833
     482.0000000        2.1575515
     483.0000000        2.1602564
     484.0000000        2.1627793
     485.0000000        2.1644228
     486.0000000        2.1649776
     487.0000000        2.1644707
     488.0000000        2.1649678
     489.0000000        2.1665342
     490.0000000        2.1707642
     491.0000000        2.1725531
     492.0000000        2.1717451
     493.0000000        2.1723959
     494.0000000        2.1753535
     495.0000000        2.1773024
     496.0000000        2.1797657
     497.0000000        2.1789696
     498.0000000        2.1715817
     499.0000000        2.1678026
     500.0000000        2.1718392
     501.0000000        2.1788163
     502.0000000        2.1809316
     503.0000000        2.1813593
     504.0000000        2.1789572
     505.0000000        2.1711156
     506.0000000        2.1597853
     507.0000000        2.1514616
     508.0000000        2.1472125
     509.0000000        2.1441691
     510.0000000        2.1400623
     511.0000000        2.1336262
     512.0000000        2.1252866
     513.0000000        2.1227674
     514.0000000        2.1297781
     515.0000000        2.1355059
     516.0000000        2.1336091
     517.0000000        2.1285758
     518.0000000        2.1248145
     519.0000000        2.1260583
     520.0000000        2.1298890
     521.0000000        2.1366172
     522.0000000        2.1461320
     523.0000000        2.1567652
     524.0000000        2.1648641
     525.0000000        2.1688962
     526.0000000        2.1711133
     527.0000000        2.1720667
     528.0000000        2.1712203
     529.0000000        2.1714470
     530.0000000        2.1746018
     531.0000000        2.1775432
     532.0000000        2.1789589
     533.0000000        2.1750650
     534.0000000        2.1695514
     535.0000000        2.1673224
     536.0000000        2.1712489
     537.0000000        2.1778939
     538.0000000        2.1863813
     539.0000000        2.1927228
     540.0000000        2.1941152
     541.0000000        2.1942096
     542.0000000        2.1939974
     543.0000000        2.1936386
     544.0000000        2.1858439
     545.0000000        2.1735873
     546.0000000        2.1664536
     547.0000000        2.1604743
     548.0000000        2.1541872
     549.0000000        2.1526794
     550.0000000        2.1562402
     551.0000000        2.1577456
     552.0000000        2.1600683
     553.0000000        2.1601374
     554.0000000        2.1579161
     555.0000000        2.1561081
     556.0000000        2.1578169
     557.0000000        2.1588943
     558.0000000        2.1577873
     559.0000000        2.1539850
     560.0000000        2.1492872
     561.0000000        2.1478167
     562.0000000        2.1525273
     563.0000000        2.1595836
     564.0000000        2.1611249
     565.0000000        2.1597881
     566.0000000        2.1584964
     567.0000000        2.1575353
     568.0000000        2.1565387
     569.0000000        2.1570773
     570.0000000        2.1570489
     571.0000000        2.1574256
     572.0000000        2.1594245
     573.0000000        2.1662993
     574.0000000        2.1788383
     575.0000000        2.1861384
     576.0000000        2.1837480
     577.0000000        2.1833944
     578.0000000        2.1892216
     579.0000000        2.1946840
     580.0000000        2.1947312
     581.0000000        2.1890478
     582.0000000        2.1800478
     583.0000000        2.1768360
     584.0000000        2.1792922
     585.0000000        2.1824119
     586.0000000        2.1813440
     587.0000000        2.1772790
     588.0000000        2.1784055
     589.0000000        2.1838923
     590.0000000        2.1868699
     591.0000000        2.1823735
     592.0000000        2.1738782
     593.0000000        2.1683419
     594.0000000        2.1662810
     595.0000000        2.1647871
     596.0000000        2.1618500
     597.0000000        2.1590154
     598.0000000        2.1574991
     599.0000000        2.1568158
     600.0000000        2.1561730
