       1.0000000        6.8096734
       2.0000000        6.7605737
       3.0000000        6.7371625
       4.0000000        6.7082312
       5.0000000        6.6716785
       6.0000000        6.6480149
       7.0000000        6.6924863
       8.0000000        6.6931138
       9.0000000        6.7027002
      10.0000000        6.7459121
      11.0000000        6.7618519
      12.0000000        6.7758851
      13.0000000        6.8710344
      14.0000000        6.9534715
      15.0000000        7.0747161
      16.0000000        7.1312100
      17.0000000        7.1962441
      18.0000000        7.2156206
      19.0000000        7.2200079
      20.0000000        7.1997864
      21.0000000        7.1342099
      22.0000000        7.1190060
      23.0000000        7.0722045
      24.0000000        7.0506828
      25.0000000        6.9785609
      26.0000000        6.8384918
      27.0000000        6.7433459
      28.0000000        6.6605847
      29.0000000        6.6546539
      30.0000000        6.6704557
      31.0000000        6.7004898
      32.0000000        6.7277448
      33.0000000        6.6994624
      34.0000000        6.5890060
      35.0000000        6.4715283
      36.0000000        6.3768352
      37.0000000        6.3388255
      38.0000000        6.2849144
      39.0000000        6.2285551
      40.0000000        6.1758954
      41.0000000        6.1377366
      42.0000000        6.1112572
      43.0000000        6.1112937
      44.0000000        6.1204863
      45.0000000        6.1250857
      46.0000000        6.1232760
      47.0000000        6.1274422
      48.0000000        6.1068797
      49.0000000        6.0458647
      50.0000000        5.9703411
      51.0000000        5.8748358
      52.0000000        5.7978134
      53.0000000        5.7595662
      54.0000000        5.7186342
      55.0000000        5.6999484
      56.0000000        5.6649738
      57.0000000        5.6282828
      58.0000000        5.5955083
      59.0000000        5.5505404
      60.0000000        5.5037524
      61.0000000        5.4802190
      62.0000000        5.4770537
      63.0000000        5.4942806
      64.0000000        5.4826361
      65.0000000        5.4651571
      66.0000000        5.4621141
      67.0000000        5.5012748
      68.0000000        5.5096900
      69.0000000        5.5176698
      70.0000000        5.5327843
      71.0000000        5.5426946
      72.0000000        5.5505951
      73.0000000        5.5477151
      74.0000000        5.5776859
      75.0000000        5.5777120
      76.0000000        5.5559916
      77.0000000        5.5131036
      78.0000000        5.4985496
      79.0000000        5.4840935
      80.0000000        5.4643488
      81.0000000        5.4285825
      82.0000000        5.3984013
      83.0000000        5.4147349
      84.0000000        5.4703003
      85.0000000        5.5596643
      86.0000000        5.6357855
      87.0000000        5.7161073
      88.0000000        5.7809157
      89.0000000        5.8565462
      90.0000000        5.9413825
      91.0000000        6.0382122
      92.0000000        6.1274190
      93.0000000        6.1877726
      94.0000000        6.2363688
      95.0000000        6.3088512
      96.0000000        6.3563188
      97.0000000        6.3840245
      98.0000000        6.3901450
      99.0000000        6.3998250
     100.0000000        6.4414051
     101.0000000        6.5151047
     102.0000000        6.5552961
     103.0000000        6.5636206
     104.0000000        6.5657109
     105.0000000        6.6010289
     106.0000000        6.5841782
     107.0000000        6.5560831
     108.0000000        6.4575660
     109.0000000        6.3304852
     110.0000000        6.2404681
     111.0000000        6.1655163
     112.0000000        6.0915833
     113.0000000        6.0430297
     114.0000000        5.9984051
     115.0000000        5.9674698
     116.0000000        5.9415431
     117.0000000        5.9208038
     118.0000000        5.8743320
     119.0000000        5.8309248
     120.0000000        5.7844459
     121.0000000        5.7404270
     122.0000000        5.6991556
     123.0000000        5.6712073
     124.0000000        5.6293586
     125.0000000        5.5420346
     126.0000000        5.4393370
     127.0000000        5.3388305
     128.0000000        5.2108396
     129.0000000        5.0886733
     130.0000000        4.9704729
     131.0000000        4.8944093
     132.0000000        4.8160402
     133.0000000        4.7117254
     134.0000000        4.6209994
     135.0000000        4.5384524
     136.0000000        4.4638389
     137.0000000        4.4102921
     138.0000000        4.3559672
     139.0000000        4.2884049
     140.0000000        4.2244852
     141.0000000        4.1822034
     142.0000000        4.1615976
     143.0000000        4.1535903
     144.0000000        4.1424444
     145.0000000        4.1313890
     146.0000000        4.1316610
     147.0000000        4.1526176
     148.0000000        4.1923371
     149.0000000        4.2260738
     150.0000000        4.2486172
     151.0000000        4.2872116
     152.0000000        4.3452555
     153.0000000        4.4069876
     154.0000000        4.4733587
     155.0000000        4.5402268
     156.0000000        4.6063366
     157.0000000        4.6877048
     158.0000000        4.7700150
     159.0000000        4.8538300
     160.0000000        4.9323063
     161.0000000        5.0087242
     162.0000000        5.0794787
     163.0000000        5.1127290
     164.0000000        5.1392203
     165.0000000        5.1627082
     166.0000000        5.1755013
     167.0000000        5.1819082
     168.0000000        5.1964965
     169.0000000        5.1943936
     170.0000000        5.2030145
     171.0000000        5.2431380
     172.0000000        5.2758455
     173.0000000        5.2854283
     174.0000000        5.3037925
     175.0000000        5.3130992
     176.0000000        5.3107314
     177.0000000        5.2927646
     178.0000000        5.2915404
     179.0000000        5.2825834
     180.0000000        5.2903031
     181.0000000        5.2885905
     182.0000000        5.3035052
     183.0000000        5.3350072
     184.0000000        5.3565350
     185.0000000        5.3894482
     186.0000000        5.4255026
     187.0000000        5.4712906
     188.0000000        5.5625107
     189.0000000        5.6201638
     190.0000000        5.6398017
     191.0000000        5.6982543
     192.0000000        5.7610349
     193.0000000        5.7470554
     194.0000000        5.7202194
     195.0000000        5.7170169
     196.0000000        5.7009864
     197.0000000        5.6889001
     198.0000000        5.7034084
     199.0000000        5.7711797
     200.0000000        5.8364266
     201.0000000        5.9247958
     202.0000000        6.0341526
     203.0000000        6.1572418
     204.0000000        6.2935942
     205.0000000        6.3414672
     206.0000000        6.4042464
     207.0000000        6.5159194
     208.0000000        6.6497182
     209.0000000        6.7412425
     210.0000000        6.8118105
     211.0000000        6.9332007
     212.0000000        7.0959039
     213.0000000        7.1836666
     214.0000000        7.2572953
     215.0000000        7.3266418
     216.0000000        7.3621234
     217.0000000        7.3567747
     218.0000000        7.3082822
     219.0000000        7.2252047
     220.0000000        7.1307805
     221.0000000        7.0567995
     222.0000000        7.0180040
     223.0000000        6.9916757
     224.0000000        6.9573138
     225.0000000        6.9189922
     226.0000000        6.8677949
     227.0000000        6.8254750
     228.0000000        6.7912376
     229.0000000        6.7105984
     230.0000000        6.6222265
     231.0000000        6.5672953
     232.0000000        6.5124307
     233.0000000        6.4529457
     234.0000000        6.4351713
     235.0000000        6.4283190
     236.0000000        6.4143061
     237.0000000        6.3932743
     238.0000000        6.3384502
     239.0000000        6.2810397
     240.0000000        6.2288934
     241.0000000        6.1465294
     242.0000000        6.1075833
     243.0000000        6.0445602
     244.0000000        5.9734219
     245.0000000        5.9112724
     246.0000000        5.8630101
     247.0000000        5.8003899
     248.0000000        5.7255452
     249.0000000        5.6837720
     250.0000000        5.6504084
     251.0000000        5.6242555
     252.0000000        5.5869956
     253.0000000        5.5850846
     254.0000000        5.5915581
     255.0000000        5.6129242
     256.0000000        5.6446700
     257.0000000        5.6808212
     258.0000000        5.7084765
     259.0000000        5.7171192
     260.0000000        5.8002408
     261.0000000        5.9142660
     262.0000000        5.9985662
     263.0000000        6.0765593
     264.0000000        6.1445386
     265.0000000        6.1999638
     266.0000000        6.2737724
     267.0000000        6.3474166
     268.0000000        6.3865420
     269.0000000        6.4328400
     270.0000000        6.4812050
     271.0000000        6.5001094
     272.0000000        6.5169097
     273.0000000        6.5804768
     274.0000000        6.6964622
     275.0000000        6.8103520
     276.0000000        6.8418494
     277.0000000        6.8764695
     278.0000000        6.9157573
     279.0000000        6.9649374
     280.0000000        6.9694453
     281.0000000        7.0240758
     282.0000000        7.0424971
     283.0000000        7.0444939
     284.0000000        7.0301167
     285.0000000        7.0005322
     286.0000000        6.9627375
     287.0000000        6.9292404
     288.0000000        6.9149809
     289.0000000        6.9266454
     290.0000000        6.9753180
     291.0000000        7.0731167
     292.0000000        7.1234294
     293.0000000        7.1778148
     294.0000000        7.2302481
     295.0000000        7.2489474
     296.0000000        7.2783104
     297.0000000        7.2705426
     298.0000000        7.2322637
     299.0000000        7.2695009
     300.0000000        7.3134300
     301.0000000        7.3745148
     302.0000000        7.4677255
     303.0000000        7.5442653
     304.0000000        7.5574353
     305.0000000        7.4765349
     306.0000000        7.3833592
     307.0000000        7.2836834
     308.0000000        7.1690708
     309.0000000        7.0457325
     310.0000000        6.9198494
     311.0000000        6.8250897
     312.0000000        6.7006273
     313.0000000        6.6028964
     314.0000000        6.5141357
     315.0000000        6.4493863
     316.0000000        6.4420969
     317.0000000        6.4140458
     318.0000000        6.3543042
     319.0000000        6.2639785
     320.0000000        6.2108616
     321.0000000        6.1764046
     322.0000000        6.1391675
     323.0000000        6.0766704
     324.0000000        5.9932958
     325.0000000        5.9032090
     326.0000000        5.8651001
     327.0000000        5.8476522
     328.0000000        5.8186953
     329.0000000        5.8439558
     330.0000000        5.8762620
     331.0000000        5.9482220
     332.0000000        5.9959312
     333.0000000        6.0260650
     334.0000000        6.0480705
     335.0000000        6.0707336
     336.0000000        6.1018096
     337.0000000        6.1270211
     338.0000000        6.1518351
     339.0000000        6.1814577
     340.0000000        6.1940435
     341.0000000        6.1948791
     342.0000000        6.1944402
     343.0000000        6.2165756
     344.0000000        6.1918263
     345.0000000        6.1414894
     346.0000000        6.1065542
     347.0000000        6.0711184
     348.0000000        6.0017222
     349.0000000        5.9420197
     350.0000000        5.8413108
     351.0000000        5.7675806
     352.0000000        5.7551520
     353.0000000        5.7727005
     354.0000000        5.7949082
     355.0000000        5.8645294
     356.0000000        5.9772681
     357.0000000        6.0413085
     358.0000000        6.1065521
     359.0000000        6.1787932
     360.0000000        6.2905567
     361.0000000        6.3523155
     362.0000000        6.3739370
     363.0000000        6.4098237
     364.0000000        6.4678665
     365.0000000        6.5187168
     366.0000000        6.5439144
     367.0000000        6.5554528
     368.0000000        6.5985841
     369.0000000        6.5849065
     370.0000000        6.5877006
     371.0000000        6.5428600
     372.0000000        6.5342286
     373.0000000        6.5664406
     374.0000000        6.6058672
     375.0000000        6.5948646
     376.0000000        6.5590539
     377.0000000        6.4897278
     378.0000000        6.4548516
     379.0000000        6.4250801
     380.0000000        6.3781153
     381.0000000        6.3381226
     382.0000000        6.3246475
     383.0000000        6.3022741
     384.0000000        6.2820239
     385.0000000        6.3276609
     386.0000000        6.3391979
     387.0000000        6.4158035
     388.0000000        6.5232994
     389.0000000        6.5995329
     390.0000000        6.7056272
     391.0000000        6.7664641
     392.0000000        6.7849930
     393.0000000        6.7851869
     394.0000000        6.7493317
     395.0000000        6.7468429
     396.0000000        6.7790946
     397.0000000        6.7603932
     398.0000000        6.6911330
     399.0000000        6.6478870
     400.0000000        6.5984094
     401.0000000        6.5354779
     402.0000000        6.4991737
     403.0000000        6.4389295
     404.0000000        6.3714729
     405.0000000        6.3252178
     406.0000000        6.2979077
     407.0000000        6.2602839
     408.0000000        6.2474891
     409.0000000        6.2570830
     410.0000000        6.2684585
     411.0000000        6.2819173
     412.0000000        6.3227195
     413.0000000        6.3208232
     414.0000000        6.3159365
     415.0000000        6.3232527
     416.0000000        6.3606811
     417.0000000        6.3401838
     418.0000000        6.2839248
     419.0000000        6.2348122
     420.0000000        6.1802022
     421.0000000        6.1028372
     422.0000000        6.0741139
     423.0000000        6.1058426
     424.0000000        6.1172894
     425.0000000        6.1690823
     426.0000000        6.2095705
     427.0000000        6.2723936
     428.0000000        6.3133869
     429.0000000        6.3537575
     430.0000000        6.3929454
     431.0000000        6.4517486
     432.0000000        6.4790597
     433.0000000        6.4727631
     434.0000000        6.5199267
     435.0000000        6.5643334
     436.0000000        6.5396076
     437.0000000        6.5434618
     438.0000000        6.5409314
     439.0000000        6.4696793
     440.0000000        6.3723364
     441.0000000        6.2683936
     442.0000000        6.1893107
     443.0000000        6.1588444
     444.0000000        6.1722566
     445.0000000        6.2256077
     446.0000000        6.2827058
     447.0000000        6.3701827
     448.0000000        6.5086936
     449.0000000        6.6274023
     450.0000000        6.7394174
     451.0000000        6.8393210
     452.0000000        6.9248294
     453.0000000        6.9698182
     454.0000000        6.9555803
     455.0000000        6.9123824
     456.0000000        6.8302159
     457.0000000        6.7817473
     458.0000000        6.7501970
     459.0000000        6.7429154
     460.0000000        6.6836628
     461.0000000        6.6297092
     462.0000000        6.6093901
     463.0000000        6.6116630
     464.0000000        6.5333583
     465.0000000        6.4883768
     466.0000000        6.4595407
     467.0000000        6.3844189
     468.0000000        6.3262645
     469.0000000        6.2661497
     470.0000000        6.2075304
     471.0000000        6.2022440
     472.0000000        6.1788881
     473.0000000        6.1622444
     474.0000000        6.1413862
     475.0000000        6.1018726
     476.0000000        6.0693121
     477.0000000        6.0453873
     478.0000000        5.9986119
     479.0000000        5.9471687
     480.0000000        5.8834822
     481.0000000        5.8295401
     482.0000000        5.7547811
     483.0000000        5.6643892
     484.0000000        5.5827706
     485.0000000        5.5312000
     486.0000000        5.4751059
     487.0000000        5.4554519
     488.0000000        5.4259866
     489.0000000        5.3997424
     490.0000000        5.3704245
     491.0000000        5.3417729
     492.0000000        5.3261151
     493.0000000        5.2929088
     494.0000000        5.2456840
     495.0000000        5.2323570
     496.0000000        5.2057687
     497.0000000        5.1629260
     498.0000000        5.1234832
     499.0000000        5.1021100
     500.0000000        5.1309680
     501.0000000        5.1426371
     502.0000000        5.1451155
     503.0000000        5.1947197
     504.0000000        5.2588001
     505.0000000        5.2785052
     506.0000000        5.3016566
     507.0000000        5.3343535
     508.0000000        5.3899193
     509.0000000        5.4731368
     510.0000000        5.5072420
     511.0000000        5.5265550
     512.0000000        5.5392889
     513.0000000        5.5319928
     514.0000000        5.5264115
     515.0000000        5.5406109
     516.0000000        5.5742319
     517.0000000        5.5786578
     518.0000000        5.5591464
     519.0000000        5.5337473
     520.0000000        5.5155408
     521.0000000        5.4965405
     522.0000000        5.4618847
     523.0000000        5.4284348
     524.0000000        5.4145738
     525.0000000        5.4187280
     526.0000000        5.4130433
     527.0000000        5.4181773
     528.0000000        5.4412281
     529.0000000        5.4762514
     530.0000000        5.5455502
     531.0000000        5.6228795
     532.0000000        5.6911940
     533.0000000        5.7576763
     534.0000000        5.8304679
     535.0000000        5.8755798
     536.0000000        5.9129343
     537.0000000        5.9302440
     538.0000000        5.9240032
     539.0000000        5.9286644
     540.0000000        5.9407063
     541.0000000        5.9659264
     542.0000000        6.0056138
     543.0000000        6.0643813
     544.0000000        6.0757835
     545.0000000        6.0539193
     546.0000000        6.0763831
     547.0000000        6.0912009
     548.0000000        6.0926474
     549.0000000        6.0997534
     550.0000000        6.1398354
     551.0000000        6.1579631
     552.0000000        6.1725096
     553.0000000        6.2179543
     554.0000000        6.2512114
     555.0000000        6.2346253
     556.0000000        6.2230649
     557.0000000        6.1937660
     558.0000000        6.1176263
     559.0000000        6.0961883
     560.0000000        6.0784439
     561.0000000        6.1042761
     562.0000000        6.1423738
     563.0000000        6.1823161
     564.0000000        6.2078151
     565.0000000        6.2571193
     566.0000000        6.2991790
     567.0000000        6.3456830
     568.0000000        6.3822124
     569.0000000        6.3621645
     570.0000000        6.3098910
     571.0000000        6.2345109
     572.0000000        6.1527199
     573.0000000        6.0869770
     574.0000000        6.0351361
     575.0000000        5.9598842
     576.0000000        5.8802528
     577.0000000        5.8252582
     578.0000000        5.7594589
     579.0000000        5.6638116
     580.0000000        5.6065291
     581.0000000        5.5646417
     582.0000000        5.5230098
     583.0000000        5.5030714
     584.0000000        5.4801191
     585.0000000        5.4499321
     586.0000000        5.4354112
     587.0000000        5.4166309
     588.0000000        5.4357270
     589.0000000        5.4543064
     590.0000000        5.4427083
     591.0000000        5.4388533
     592.0000000        5.4377608
     593.0000000        5.4288368
     594.0000000        5.4342421
     595.0000000        5.4412604
     596.0000000        5.4529364
     597.0000000        5.4980468
     598.0000000        5.5613499
     599.0000000        5.6121541
     600.0000000        5.6197796
